45 1177.305068 289.311092 336.400130 260.968300
46 1120.837049 269.054711 353.269579 276.131862
47 1059.506782 266.008288 349.058831 279.332318
48 1016.630115 270.537044 346.606085 280.594169
49 998.622740 285.473689 347.818924 276.203623
50 987.388998 282.118810 353.558354 267.524290
51 991.359940 284.708670 352.983805 278.425748
52 999.300300 286.771940 372.240708 263.586257
53 1003.974792 286.364920 374.189361 263.292023
54 1024.320216 268.422741 376.962092 265.708364
55 1023.097677 272.851039 406.525338 254.174677
56 1075.447959 264.317033 411.754937 250.130927
57 1132.031067 270.133541 402.273222 247.169882
58 1140.057298 270.237137 400.624682 244.885187
59 1176.668453 273.014874 396.873804 239.396239
60 1276.407410 283.024962 377.449101 252.026370
61 1282.546458 273.695935 367.160472 263.364515
62 1280.529011 275.576419 369.355662 253.427654
63 1287.610688 284.142738 365.223361 250.280493
64 1208.114622 223.388640 385.286940 259.281067
65 1207.683458 217.674517 384.296544 268.553679
66 1214.105911 208.756471 377.545235 278.439151
67 1223.639008 199.668588 371.099936 283.662965
68 1239.057302 191.362046 360.939660 284.145294
69 1255.616837 195.445177 356.287475 285.006786
70 1257.600462 199.078914 354.518942 283.487473
71 1266.179010 206.785991 350.112967 281.239234
72 1271.068050 213.414297 346.700568 276.592510
73 1271.173935 213.519204 346.763471 276.970876
74 1273.462058 210.672697 347.896062 290.539022
75 1274.647393 211.069170 346.865738 293.193623
76 1268.212344 220.650779 346.474061 286.831007
77 1269.753834 223.126304 345.675499 287.059476
78 1275.295772 231.813204 346.164161 283.666451
79 1272.331308 219.515747 349.746488 276.890372
80 1284.654238 227.488924 340.441103 277.992386
81 1287.480097 228.106687 337.418966 278.214178
82 1288.739260 226.507113 336.034935 278.489774
83 1291.170758 229.396464 334.543644 275.623730
84 1296.291914 224.559065 329.715946 274.350871
85 1297.150604 223.781197 328.367586 272.632580
86 1300.339214 220.883290 326.333859 271.656135
87 1300.890421 216.923262 324.511764 270.240507
88 1294.393983 212.743006 326.958925 266.769370
89 1292.382730 209.774599 325.520499 267.160278
90 1279.087917 204.797174 336.921934 264.826087
91 1266.403141 206.047051 341.434692 263.004405
92 1256.208831 205.012110 348.793240 259.291782
93 1259.331849 201.038430 348.237132 262.091384
94 1257.200939 192.516591 349.003087 263.276566
95 1278.402061 195.883610 341.031964 264.441872
96 1281.104959 181.065739 340.335467 268.263687
97 1283.422884 180.896505 339.124639 268.610068
98 1298.856814 165.157846 330.418637 276.570730
99 1319.440782 174.256272 323.862459 283.732118
100 1311.395154 164.024328 339.362914 280.001266
101 1294.987144 172.269532 343.665850 274.411772
102 1281.518733 173.818404 348.202237 269.175086
103 1255.196446 173.543832 355.783820 265.815712
104 1235.112413 182.413835 360.613320 266.189231
105 1232.232604 171.145890 362.302294 267.130442
106 1226.897168 167.671912 363.540561 266.240481
107 1232.831710 158.607223 359.045758 265.866940
108 1230.797608 155.795200 367.368400 270.410283
109 1243.911183 145.987194 355.625546 272.356809
110 1246.956576 145.699589 352.757613 272.312993
111 1249.816359 145.958244 349.463792 272.328326
112 1270.044948 144.784994 335.152190 271.971425
113 1303.075873 143.207451 309.320498 275.530322
114 1315.461003 142.406674 304.288041 276.817964
115 1325.822270 146.041133 299.322394 276.947880
116 1342.278669 149.770125 284.933673 280.161071
117 1354.341480 143.020248 273.715348 280.010665
118 1378.593275 140.601295 256.248622 280.405878
119 1385.353075 137.196544 244.042623 288.358246
120 1389.902070 140.396463 235.789133 294.283682
121 1392.368064 147.372378 228.843079 301.429517
122 1401.207372 135.706127 219.714554 310.176676
123 1405.814440 134.913511 211.434910 328.714398
124 1416.508858 136.542885 200.661537 346.187412
125 1424.493222 134.724570 193.145073 359.134834
126 1430.336106 132.778800 186.980621 370.766774
127 1433.331007 131.559255 184.495853 373.798255
128 1435.161653 125.564869 181.965205 384.005799
129 1434.779869 121.607656 181.271471 387.360843
130 1437.131398 112.481622 179.350995 395.209619
131 1436.599000 108.123965 179.067160 399.698050
132 1435.862915 100.764201 179.884172 414.396572
133 1436.145473 88.830697 178.691468 423.602586
134 1436.349697 87.262724 178.841472 424.849596
135 1436.434867 86.823970 178.940713 425.104266
