2 867.357326 405.227423 91.465407 269.957081
3 868.320800 400.548043 92.185555 271.111735
4 869.051102 397.404172 93.027719 271.925798
5 869.366776 396.716381 93.912739 271.963943
6 869.413042 396.012047 94.419460 271.993736
7 869.394764 395.676598 94.703627 271.991479
8 869.544750 395.600976 95.078518 271.976693
9 869.761165 395.535251 95.578079 271.972633
10 869.995274 395.400752 96.139595 271.990078
11 870.199556 395.294133 96.626030 271.974047
12 870.395038 395.236189 97.071817 271.981479
13 870.623779 395.019941 97.647206 272.034176
14 870.839770 394.419326 98.402500 272.705822
15 870.773062 393.472437 98.865246 273.308544
16 870.725618 392.907261 99.342481 273.693471
17 870.758564 392.042658 99.845876 274.277743
18 870.836594 391.642431 100.264125 274.639622
19 870.963450 391.247181 100.802595 275.112156
20 870.816043 390.560119 101.530797 275.778370
21 870.507773 389.854984 102.647811 276.193318
22 870.449161 389.287961 103.681548 276.683911
23 870.485658 388.934761 104.518435 277.114437
24 870.691959 389.046244 105.042182 277.465755
25 870.809123 388.848408 105.620680 277.499431
26 870.992753 388.778562 106.040421 277.469063
27 871.194485 388.572086 106.623713 277.489083
28 871.349612 388.460400 107.073854 277.492233
29 871.391498 388.288149 107.652888 277.513404
30 871.056208 388.070348 108.448984 278.031735
31 870.837927 387.746140 108.883230 278.588471
32 870.463051 387.158029 109.597627 279.158355
33 870.177425 386.248623 110.575174 279.854674
34 869.454605 384.709807 111.987294 280.514471
35 868.823603 383.444728 112.904768 281.450117
36 868.517797 382.843918 113.517634 281.737640
37 868.597218 382.487853 114.327135 282.170492
38 868.324969 382.155244 115.006073 282.636592
39 868.222187 381.969870 115.936335 283.113786
40 867.557113 381.532131 116.726864 283.563293
41 867.301176 381.378007 117.586319 284.082837
42 867.347471 381.261709 118.358718 284.545853
43 867.355402 381.305659 118.789228 284.993817
44 867.511274 380.704981 119.463499 285.180283
45 867.553947 380.459355 119.890726 285.590599
46 867.586748 380.453383 120.389099 286.018847
47 867.553907 380.361837 121.226027 286.591299
48 867.657268 380.509859 121.769888 286.975859
49 867.790858 380.403060 122.217571 286.971891
50 869.127345 379.681985 124.520572 287.008334
51 877.193417 376.975406 128.642136 287.983601
52 886.280283 379.462601 132.053418 287.974443
53 906.011985 380.093073 132.518790 288.977467
54 914.145254 380.626665 132.343242 290.093531
55 919.419120 381.246100 131.829442 291.084393
56 930.029324 380.985772 130.922796 291.882342
57 930.516961 380.936052 130.926909 291.962406
58 930.764684 380.924746 130.924523 291.968672
59 930.944332 380.918090 130.946617 291.960721
60 931.140356 380.912653 130.941370 291.963980
61 931.198411 380.922532 130.984627 291.957282
62 931.213300 380.940786 130.992360 291.955375
63 931.236896 380.956986 130.988231 291.957018
64 931.274632 380.969316 130.984665 291.958257
65 931.296592 380.985314 130.991067 291.956809
66 931.308810 381.003582 130.992423 291.955820
67 931.324554 381.021035 130.991755 291.956823
68 931.332637 381.040869 130.992004 291.952660
69 931.349491 381.060098 130.990005 291.953676
70 931.407309 381.068598 130.977900 291.959329
71 931.468875 381.074968 130.979767 291.959942
72 931.519963 381.083775 130.983665 291.958452
73 931.528155 381.104438 130.991567 291.949346
74 931.532396 381.129653 130.991567 291.949346
75 931.536638 381.154869 130.991567 291.949346
76 931.577840 381.163251 130.979605 291.952952
77 931.709958 381.136747 130.959310 291.948803
78 931.853104 381.118194 130.957580 291.947410
79 931.971343 381.081763 130.961840 291.950696
80 932.062296 381.067470 130.963145 291.951755
81 932.148861 381.051173 130.965207 291.946157
82 932.385387 380.960954 130.949315 291.963311
83 932.632845 380.903290 130.947454 291.965316
84 932.659143 380.920520 130.991567 291.949346
85 932.663384 380.945736 130.991567 291.949346
86 932.667626 380.970952 130.991567 291.949346
87 932.741054 381.004201 130.976151 292.104163
88 933.038684 381.373730 130.916246 293.212661
89 933.459297 381.471901 130.996021 295.391909
90 933.865039 380.783911 131.574572 300.069505
91 934.387009 379.190213 133.219719 306.671080
92 934.542790 378.981030 133.852428 308.671323
93 934.660268 378.971106 134.348017 310.156537
94 934.782212 378.446314 135.016110 312.567303
95 935.019725 377.990082 135.804178 314.089764
96 935.124542 377.529444 136.433839 315.643215
97 935.179623 377.083250 136.935909 317.134157
98 935.216855 376.777542 137.297628 318.321549
99 935.322381 376.370447 137.790794 319.298729
100 935.428800 375.944076 138.292878 320.321986
101 935.533814 375.295665 138.868897 321.550650
102 935.554686 374.862905 139.207915 322.324403
103 935.697815 374.674054 139.601654 322.608476
104 935.834817 373.830854 140.226314 323.434008
105 935.865124 372.681934 141.069047 323.955798
106 936.016960 372.339797 141.951769 324.317611
107 935.932251 371.729475 142.380332 324.795959
108 935.904349 371.451225 142.746357 325.107427
109 936.006486 371.518811 143.083666 325.518594
110 936.154000 371.619781 143.541877 325.980864
111 936.160307 371.184765 144.080770 326.093984
112 935.114365 368.765765 144.522276 327.343000
113 935.256560 368.587484 145.085258 327.562231
114 935.364614 368.581055 145.571565 328.048047
115 934.850360 366.432933 146.087705 329.431779
116 934.873232 366.054059 146.607607 329.751593
117 934.479200 364.854141 147.013837 330.540330
118 934.549430 364.767537 147.587059 331.100271
119 933.523461 361.600984 148.028525 332.798969
120 933.592277 361.459461 148.610669 333.064039
