2 180.469441 378.552188 61.264212 62.890695
3 185.117002 377.306996 61.764440 61.962579
4 190.726638 374.095702 61.937011 61.673307
5 198.285238 370.947927 61.539696 61.796878
6 204.871863 366.230080 61.600470 62.033478
7 218.377738 358.093445 60.554916 62.269375
8 222.501879 357.437063 61.337858 61.595809
9 230.371359 353.654721 60.524769 61.703382
10 235.702760 352.415643 60.546381 61.410602
11 243.760040 349.275430 59.978358 61.236206
12 260.338433 341.799795 58.619848 61.749006
13 263.972216 341.257878 58.966752 61.266008
14 271.403306 337.933414 58.264030 61.156678
15 278.956704 335.132562 57.746939 61.307660
16 286.209455 332.536676 57.417597 61.371930
17 301.998833 325.202337 56.952942 62.229090
18 306.549519 324.299482 56.679252 62.180874
19 313.406149 322.691443 56.288033 61.951134
20 319.969038 321.058198 55.920565 61.541091
21 326.675955 315.530005 54.844884 61.605972
22 336.714044 309.209017 54.327496 60.925697
23 338.736602 308.983102 54.606445 60.640161
24 342.834291 307.628847 54.450111 61.064550
25 347.810658 305.156496 53.826998 61.131030
26 350.138839 304.131668 53.605270 61.396346
27 359.471239 297.212291 52.761741 61.016643
28 361.867733 296.078003 52.695124 61.389305
29 365.902755 294.399103 52.517146 61.385088
30 370.482181 292.998328 52.476036 61.310689
31 374.702351 291.483032 52.010286 61.348323
32 385.882949 287.685681 51.758414 60.808567
33 387.591422 286.742809 51.642942 61.001635
34 394.098284 284.283126 50.540498 60.761045
35 396.909061 282.923943 50.415096 60.798197
36 402.199289 279.716231 49.171448 60.508574
37 409.847056 275.203573 47.910495 60.333167
38 411.310432 273.958668 47.666364 60.365828
39 415.590179 271.436092 47.351692 59.841847
40 421.243369 267.844153 45.997483 59.328321
41 424.173405 265.718901 45.247434 58.580467
42 436.926422 261.303889 44.696863 58.311770
43 443.409721 261.006113 44.188986 57.728101
44 445.141353 260.435548 44.160248 57.928724
45 453.600894 259.166939 43.534645 57.831569
46 456.065596 257.956712 43.422318 57.839100
47 464.944905 249.897669 42.322304 57.169847
48 467.357946 248.961211 42.105184 57.335365
49 469.198710 248.039147 42.055633 57.437081
50 472.956854 246.043792 41.439812 57.028627
51 476.396257 244.439609 40.873459 57.078696
52 486.319041 241.285036 40.880919 55.769005
53 492.986443 241.277489 40.231539 54.614155
54 495.902624 241.221710 39.867610 54.442146
55 501.201113 241.653526 39.308760 53.242305
56 502.733740 241.155030 39.039599 53.257334
57 508.389641 237.279879 38.428966 53.410697
58 510.191884 236.504907 38.121762 53.366938
59 513.815386 235.502979 37.916853 53.071633
60 520.230807 234.579014 37.330886 52.723936
61 525.462583 234.623996 36.825260 51.879491
62 535.064962 232.503307 35.830754 51.479569
63 541.191626 229.911171 34.802284 51.148529
64 546.462204 228.041962 33.860655 50.418863
65 550.278055 227.178682 32.931223 49.892050
66 553.634576 224.732533 32.431247 49.432020
67 560.552483 222.106108 31.632658 49.576744
68 564.141919 221.918717 30.976288 49.395640
69 567.177488 222.181340 30.261387 48.614087
70 569.313737 222.203702 29.868937 48.365105
71 572.811135 220.319895 29.175955 47.731524
72 578.174282 217.657934 29.036803 47.896042
73 581.143928 217.372361 28.742780 47.332565
74 583.313403 216.855570 28.567120 46.815375
75 585.553353 215.748329 28.643035 46.602539
76 587.799528 214.559868 28.683451 46.759163
77 593.848027 212.381618 28.426926 46.640934
78 598.370949 210.169409 27.754447 46.877143
79 600.945560 208.930393 27.315936 46.479707
80 604.041486 208.285870 27.171860 45.575855
81 608.065998 207.355525 26.710449 45.075331
82 615.135698 205.243577 26.113846 45.094021
83 617.987507 203.653795 25.761829 45.152452
84 620.283258 203.047022 25.422383 44.128868
85 623.092681 203.476272 25.071653 44.171087
86 624.789322 203.428712 25.399449 43.299603
87 628.437981 201.921309 25.138503 42.361339
88 629.979666 201.342625 25.204242 41.844816
89 631.884953 200.255446 24.922442 40.332467
90 632.576331 198.554640 24.922494 39.833320
91 633.152056 198.067959 25.179778 39.630484
92 634.537748 196.392675 25.221528 40.344513
93 635.524969 195.528874 25.370649 40.887768
94 637.443082 192.091034 25.598821 41.778842
95 639.180286 190.454720 26.233240 42.128751
96 639.344381 188.626182 26.655472 42.697885
97 641.608016 184.874750 26.883493 42.930483
98 641.837028 184.722292 27.031576 42.954545
99 643.426623 183.140685 27.291041 42.844465
100 644.833422 182.209971 27.417574 42.567686
101 645.362672 182.183868 27.293149 42.944153
102 647.992030 179.683909 26.801204 42.164911
103 648.670366 178.745003 26.697440 41.886575
104 649.336757 178.567618 26.761387 41.459972
105 651.766130 177.377705 26.527705 40.881728
106 651.112252 175.798899 26.941579 40.900051
107 653.051787 171.622389 26.631620 40.875459
108 654.746097 171.438249 26.645545 40.782121
109 653.864553 170.379643 26.662567 40.392548
110 652.908227 168.910432 26.566934 40.243306
111 651.765456 168.174126 26.551867 40.125494
112 651.074353 163.617274 26.621511 40.727467
113 650.747384 161.699875 26.757879 41.147818
114 650.375477 159.885181 26.775471 41.536204
115 650.269489 157.117705 26.957514 41.600340
116 649.739301 155.699915 26.814952 41.765945
117 647.889131 154.311908 27.128508 40.866785
118 646.750269 153.456772 27.276786 39.967950
119 645.636210 151.687321 27.195345 39.870308
120 645.275435 151.582485 27.162696 39.253799
121 645.675907 150.057956 27.258760 39.365629
122 643.986464 147.869439 27.262690 38.728553
123 644.201620 147.224558 27.243574 38.893707
124 644.780518 146.008113 27.105160 38.567790
125 643.941554 144.383745 27.046839 38.588724
126 642.851670 142.299630 27.098239 38.405394
127 641.637397 140.213675 26.893047 37.998448
128 640.766536 138.509132 25.985839 37.805964
129 639.693199 137.235466 25.278172 37.713979
130 638.355596 135.420439 24.797270 37.727695
131 637.822766 134.717340 24.754699 37.962612
132 633.374675 130.688456 24.481149 37.956621
133 630.918294 127.888454 24.071175 37.920488
134 628.332701 125.349494 24.239045 38.005931
135 625.013511 122.002178 23.985114 38.794022
136 622.186679 119.932405 23.708112 38.876727
137 616.262630 117.109776 23.441852 38.954111
138 613.164324 116.636226 23.284078 37.574412
139 610.734527 115.575111 23.133859 36.829774
140 608.120464 114.541850 23.210665 36.181535
141 605.561435 114.663860 23.220727 35.467518
142 601.433990 111.313682 23.041494 35.756777
143 598.740162 110.839306 23.188635 35.337737
144 595.888828 108.955779 22.901206 35.090884
145 594.343975 108.720998 22.808387 35.171226
146 593.620901 107.200288 22.662615 35.467495
147 590.265267 105.629761 22.498666 35.483707
148 587.939935 105.690692 22.017812 34.486720
149 587.321676 104.320735 22.343246 34.088537
150 585.335210 103.763249 22.026510 33.481426
151 584.257424 102.320149 22.201790 33.730900
152 582.405341 102.591159 22.168069 33.513023
153 580.873968 102.805360 22.113260 33.205688
154 580.261866 101.529850 22.384402 33.238586
155 578.260717 100.545711 22.201434 32.953948
156 576.554223 97.382834 22.059480 32.894047
157 574.569183 93.323863 22.244946 32.534485
158 573.592818 91.777389 22.266434 32.766406
159 574.155729 92.086102 21.939667 32.571782
160 574.124783 92.274612 21.956233 33.017706
161 573.639973 91.959594 22.013670 33.172436
162 573.642313 91.465322 22.460731 33.543219
163 572.013885 89.612718 22.393356 34.130019
164 573.018054 88.716364 22.285198 33.866126
165 573.110759 88.466422 22.463580 33.904168
166 572.988642 88.232004 22.490372 33.910825
167 573.012645 86.577023 22.489654 33.748833
168 572.944306 86.721368 22.487355 33.860939
169 572.541591 85.109259 22.624980 33.751215
170 572.790497 83.583119 23.109051 33.622289
171 572.980777 83.792136 23.497736 33.975610
172 573.347924 83.932995 23.234701 33.709361
173 574.094040 83.680769 23.258582 33.899693
174 574.499146 84.167327 23.260370 33.549616
175 575.086745 84.498982 23.249099 33.818558
176 575.448032 85.165193 23.101134 33.478578
177 575.929798 83.749906 23.163959 33.224146
178 575.803192 81.877885 23.101504 33.410531
179 575.765092 81.590297 23.282651 33.516349
180 575.582605 81.414085 23.038918 33.977499
181 575.307631 80.287947 23.121694 34.011475
182 576.046180 77.824149 22.557372 34.239410
183 576.371653 77.925465 22.566560 33.991085
184 575.378422 77.527541 22.262639 33.672748
185 576.068523 76.697771 21.535984 33.548840
186 575.599145 75.774867 21.334762 33.669181
187 573.463681 71.996202 20.598455 33.654438
188 569.543273 69.439113 20.076374 34.306701
189 567.899559 67.885184 19.787090 33.914610
190 565.387779 68.257159 19.397049 33.138828
191 564.078329 68.476867 18.552246 32.374288
192 562.343535 68.812271 18.294992 31.666952
193 560.335929 69.405248 17.995291 31.465555
194 557.700152 67.772962 17.460816 31.242384
195 556.556946 65.674173 17.021015 31.074764
196 554.134268 66.315925 17.296308 30.654676
197 551.148425 68.235649 17.018957 30.460540
198 549.592084 67.640669 17.196261 29.714005
199 548.895879 68.262393 17.358207 29.405634
200 546.886433 67.852381 17.276067 28.604295
