2 540.148921 107.674538 59.410220 137.259100
3 540.232777 107.708901 59.466726 137.489680
4 540.140691 101.070945 59.039625 137.614864
5 536.783751 98.424190 59.039815 136.552934
6 536.761627 98.762057 59.411647 136.776034
7 540.991936 94.694732 58.186530 137.444463
8 542.094157 90.794757 56.485841 139.460869
9 545.874880 82.058362 54.889193 138.762453
10 553.190269 68.412202 52.676029 137.884899
11 553.413866 68.432073 52.966021 137.988195
12 553.509367 68.392841 52.965185 137.992979
13 553.526784 68.396299 52.996588 137.976061
14 553.528500 68.408216 52.996588 137.976061
15 553.530216 68.420133 52.996588 137.976061
16 553.531932 68.432050 52.996588 137.976061
17 553.704853 68.346881 52.947782 138.018820
18 553.833887 68.523555 52.972974 138.501730
19 553.966276 68.685638 52.977108 139.003712
20 553.978136 68.932990 52.996735 139.475967
21 553.979779 68.944954 52.996588 139.475800
22 554.518439 68.324001 52.887187 139.457621
23 554.574856 68.345137 52.996588 139.475800
24 554.576572 68.357184 52.996588 139.475800
25 554.578288 68.369230 52.996588 139.475800
26 554.580004 68.381277 52.996588 139.475800
27 554.581720 68.393323 52.996588 139.475800
28 554.583436 68.405370 52.996588 139.475800
29 554.585152 68.417417 52.996588 139.475800
30 554.586868 68.429463 52.996588 139.475800
31 554.588584 68.441510 52.996588 139.475800
32 554.590300 68.453556 52.996588 139.475800
33 554.592016 68.465603 52.996588 139.475800
34 554.593732 68.477649 52.996588 139.475800
35 554.595448 68.489696 52.996588 139.475800
36 554.597164 68.501742 52.996588 139.475800
37 554.598880 68.513789 52.996588 139.475800
38 554.600596 68.525835 52.996588 139.475800
39 554.603007 68.536618 52.996843 139.476080
40 554.604595 68.548525 52.996588 139.475800
41 554.606311 68.560572 52.996588 139.475800
42 554.608027 68.572618 52.996588 139.475800
43 554.609743 68.584665 52.996588 139.475800
44 554.611459 68.596711 52.996588 139.475800
45 554.613175 68.608758 52.996588 139.475800
46 554.614891 68.620804 52.996588 139.475800
47 554.616607 68.632851 52.996588 139.475800
48 554.618323 68.644897 52.996588 139.475800
49 554.625695 68.647605 52.998251 139.478049
50 554.626580 68.658527 52.996588 139.475800
51 554.628296 68.670574 52.996588 139.475800
52 554.630012 68.682620 52.996588 139.475800
53 554.631728 68.694667 52.996588 139.475800
54 554.633444 68.706713 52.996588 139.475800
55 554.635160 68.718760 52.996588 139.475800
56 554.636876 68.730806 52.996588 139.475800
57 554.638592 68.742853 52.996588 139.475800
58 554.641518 68.752691 52.997036 139.476306
59 554.646331 68.760474 52.996922 139.476965
60 554.647880 68.771938 52.996588 139.475800
61 554.649596 68.783985 52.996588 139.475800
62 554.654661 68.785555 52.996808 139.477271
63 554.657409 68.794784 52.997013 139.476273
64 554.658913 68.806595 52.996588 139.475800
65 554.660629 68.818641 52.996588 139.475800
66 554.662345 68.830688 52.996588 139.475800
67 554.674385 68.805377 52.993967 139.474883
68 554.683868 68.793517 52.995196 139.476113
69 554.687961 68.802341 52.997207 139.476499
70 554.690429 68.812102 52.996977 139.476246
71 554.692858 68.822270 52.996924 139.476180
72 554.695508 68.832118 52.996998 139.476253
73 554.697767 68.842575 52.996866 139.476113
74 554.699344 68.854465 52.996588 139.475800
75 554.702197 68.864436 52.997008 139.476266
76 554.704732 68.874374 52.996970 139.476226
77 554.706257 68.886208 52.996588 139.475800
78 554.707973 68.898254 52.996588 139.475800
79 554.709689 68.910301 52.996588 139.475800
80 554.716823 68.904194 52.995587 139.475062
81 554.724241 68.899275 52.995592 139.474936
82 554.726455 68.911754 52.996588 139.475800
83 554.728171 68.923801 52.996588 139.475800
84 554.729887 68.935847 52.996588 139.475800
85 554.731603 68.947894 52.996588 139.475800
86 554.733319 68.959940 52.996588 139.475800
87 554.739233 68.953082 52.995196 139.476519
88 554.746747 68.941275 52.995049 139.477290
89 554.754424 68.928497 52.995021 139.477424
90 554.756923 68.939732 52.996588 139.475800
91 554.758639 68.951779 52.996588 139.475800
92 554.760787 68.961876 52.996358 139.475594
93 554.763682 68.969230 52.996025 139.475288
94 554.766443 68.978100 52.996184 139.475428
95 554.768897 68.987918 52.996305 139.475541
96 554.771869 68.995079 52.995999 139.475268
97 554.779740 68.995997 52.997586 139.477710
98 554.784624 68.999965 52.997703 139.477124
99 554.786415 69.010199 52.996821 139.476060
100 554.788014 69.022115 52.996588 139.475800
101 554.789730 69.034162 52.996588 139.475800
102 554.874886 68.878295 52.989108 139.519563
103 554.953900 68.975533 52.992686 140.011642
104 555.005526 69.130286 52.995944 140.500456
105 555.288998 68.720761 52.897379 141.022254
106 555.602092 68.267353 52.904685 141.526125
107 555.649759 68.504236 52.996588 141.975367
108 555.651475 68.516499 52.996588 141.975367
109 555.653191 68.528761 52.996588 141.975367
110 555.654907 68.541024 52.996588 141.975367
111 555.656623 68.553286 52.996588 141.975367
112 555.658339 68.565549 52.996588 141.975367
113 555.660055 68.577811 52.996588 141.975367
114 555.661771 68.590073 52.996588 141.975367
115 555.663487 68.602336 52.996588 141.975367
116 555.665203 68.614598 52.996588 141.975367
117 555.668193 68.618194 52.995845 141.976843
118 555.671761 68.619534 52.995689 141.976992
119 555.675375 68.621132 52.995742 141.977039
120 555.678073 68.628760 52.996262 141.976010
121 555.680569 68.636510 52.996229 141.976078
122 555.682464 68.648416 52.996588 141.975367
123 555.684180 68.660679 52.996588 141.975367
124 555.685896 68.672941 52.996588 141.975367
125 555.687612 68.685204 52.996588 141.975367
126 555.689328 68.697466 52.996588 141.975367
127 555.691044 68.709729 52.996588 141.975367
128 555.692760 68.721991 52.996588 141.975367
129 555.694476 68.734254 52.996588 141.975367
130 555.696192 68.746516 52.996588 141.975367
131 555.697908 68.758778 52.996588 141.975367
132 555.698618 68.768156 52.997331 141.969598
133 555.698740 68.778056 52.997544 141.968765
134 555.699073 68.790694 52.997266 141.970140
135 555.700451 68.805570 52.996588 141.975367
136 555.702167 68.817832 52.996588 141.975367
137 555.703883 68.830095 52.996588 141.975367
138 555.705599 68.842357 52.996588 141.975367
139 555.707315 68.854620 52.996588 141.975367
140 555.709031 68.866882 52.996588 141.975367
141 555.710747 68.879145 52.996588 141.975367
142 555.712463 68.891407 52.996588 141.975367
143 555.714179 68.903670 52.996588 141.975367
144 555.715895 68.915932 52.996588 141.975367
145 555.717611 68.928194 52.996588 141.975367
146 555.719327 68.940457 52.996588 141.975367
147 555.721043 68.952719 52.996588 141.975367
148 555.722759 68.964982 52.996588 141.975367
149 555.724475 68.977244 52.996588 141.975367
150 555.726191 68.989507 52.996588 141.975367
151 555.727907 69.001769 52.996588 141.975367
152 555.729623 69.014032 52.996588 141.975367
153 555.731339 69.026294 52.996588 141.975367
154 555.733055 69.038556 52.996588 141.975367
155 555.734771 69.050819 52.996588 141.975367
156 555.736487 69.063081 52.996588 141.975367
157 555.739716 69.036363 52.993310 141.973396
158 555.744486 69.014956 52.993480 141.973999
159 555.747757 69.027902 52.996588 141.975367
160 555.749473 69.040165 52.996588 141.975367
161 555.751189 69.052427 52.996588 141.975367
162 555.754782 69.049008 52.994498 141.974649
163 555.759573 69.043658 52.994104 141.974243
164 555.764631 69.038025 52.994043 141.974229
165 555.767620 69.050856 52.996588 141.975367
166 555.769336 69.063119 52.996588 141.975367
167 555.771052 69.075381 52.996588 141.975367
168 555.772768 69.087643 52.996588 141.975367
169 555.774484 69.099906 52.996588 141.975367
170 555.776200 69.112168 52.996588 141.975367
171 555.777916 69.124431 52.996588 141.975367
172 555.779632 69.136693 52.996588 141.975367
173 555.781348 69.148956 52.996588 141.975367
174 555.783063 69.161218 52.996588 141.975367
175 555.784779 69.173480 52.996588 141.975367
176 555.786495 69.185743 52.996588 141.975367
177 555.788211 69.198005 52.996588 141.975367
178 555.789927 69.210268 52.996588 141.975367
179 555.791643 69.222530 52.996588 141.975367
180 555.793359 69.234793 52.996588 141.975367
181 555.795075 69.247055 52.996588 141.975367
182 555.795796 69.229836 52.993717 141.974338
183 555.798207 69.216240 52.993735 141.974155
184 555.800609 69.202735 52.993735 141.974155
185 555.803751 69.215603 52.996588 141.975367
186 555.805467 69.227866 52.996588 141.975367
187 555.807183 69.240128 52.996588 141.975367
188 555.808899 69.252391 52.996588 141.975367
189 555.810615 69.264653 52.996588 141.975367
190 555.812331 69.276916 52.996588 141.975367
191 555.814047 69.289178 52.996588 141.975367
192 555.815763 69.301440 52.996588 141.975367
193 555.817479 69.313703 52.996588 141.975367
194 555.819195 69.325965 52.996588 141.975367
195 555.820980 69.336698 52.996247 141.974717
196 555.822912 69.348310 52.996371 141.974947
197 555.824736 69.360782 52.996588 141.975367
198 555.826452 69.373045 52.996588 141.975367
199 555.828168 69.385307 52.996588 141.975367
200 555.829139 69.394123 52.996055 141.975211
201 555.829514 69.398291 52.995325 141.974940
202 555.831862 69.410766 52.996588 141.975367
203 555.833578 69.423029 52.996588 141.975367
204 555.835294 69.435291 52.996588 141.975367
205 555.837010 69.447554 52.996588 141.975367
206 555.838726 69.459816 52.996588 141.975367
207 555.840442 69.472079 52.996588 141.975367
208 555.842158 69.484341 52.996588 141.975367
209 555.843874 69.496604 52.996588 141.975367
210 555.845590 69.508866 52.996588 141.975367
211 555.847306 69.521128 52.996588 141.975367
212 555.846702 69.493563 52.992898 141.973877
213 555.848082 69.469282 52.992785 141.973640
214 555.849607 69.445695 52.992858 141.973769
215 555.852986 69.458316 52.996472 141.975130
216 555.854520 69.470169 52.996449 141.975096
217 555.856305 69.482567 52.996588 141.975367
218 555.858021 69.494830 52.996588 141.975367
219 555.859737 69.507092 52.996588 141.975367
220 555.861453 69.519354 52.996588 141.975367
221 555.863169 69.531617 52.996588 141.975367
222 555.864885 69.543879 52.996588 141.975367
223 555.866601 69.556142 52.996588 141.975367
224 555.868317 69.568404 52.996588 141.975367
225 555.870033 69.580667 52.996588 141.975367
226 555.872068 69.590769 52.996401 141.975739
227 555.873877 69.602845 52.996588 141.975367
228 555.875593 69.615108 52.996588 141.975367
229 555.877309 69.627370 52.996588 141.975367
230 555.879025 69.639633 52.996588 141.975367
231 555.880741 69.651895 52.996588 141.975367
232 555.882457 69.664157 52.996588 141.975367
233 555.884173 69.676420 52.996588 141.975367
234 555.885889 69.688682 52.996588 141.975367
235 555.887605 69.700945 52.996588 141.975367
236 555.889321 69.713207 52.996588 141.975367
237 555.891037 69.725470 52.996588 141.975367
238 555.892753 69.737732 52.996588 141.975367
239 555.894469 69.749995 52.996588 141.975367
240 555.895255 69.758777 52.995941 141.974757
241 555.896931 69.770538 52.996371 141.974954
242 555.898755 69.783007 52.996588 141.975367
243 555.900471 69.795269 52.996588 141.975367
244 555.902187 69.807532 52.996588 141.975367
245 555.904315 69.816991 52.996348 141.975841
246 555.906477 69.826809 52.996399 141.975746
247 555.908288 69.838882 52.996588 141.975367
248 555.910004 69.851144 52.996588 141.975367
249 555.911720 69.863407 52.996588 141.975367
250 555.913436 69.875669 52.996588 141.975367
251 555.915152 69.887932 52.996588 141.975367
252 555.916868 69.900194 52.996588 141.975367
253 555.918584 69.912457 52.996588 141.975367
254 555.920300 69.924719 52.996588 141.975367
255 555.922016 69.936982 52.996588 141.975367
256 555.923732 69.949244 52.996588 141.975367
257 555.925448 69.961506 52.996588 141.975367
258 555.927164 69.973769 52.996588 141.975367
259 555.928880 69.986031 52.996588 141.975367
260 555.930596 69.998294 52.996588 141.975367
261 555.932312 70.010556 52.996588 141.975367
262 555.934028 70.022819 52.996588 141.975367
263 555.935744 70.035081 52.996588 141.975367
264 555.938061 70.043254 52.996239 141.976057
265 555.939952 70.055171 52.996588 141.975367
266 555.941668 70.067433 52.996588 141.975367
267 555.943384 70.079696 52.996588 141.975367
268 555.945100 70.091958 52.996588 141.975367
269 555.946806 70.104194 52.996583 141.975353
270 555.946212 70.110159 52.995221 141.973505
271 555.947075 70.119337 52.995683 141.974019
272 555.951166 70.117147 52.994882 141.976166
273 555.955161 70.119313 52.995759 141.977019
274 555.958029 70.125732 52.996159 141.976213
275 555.960028 70.137111 52.996550 141.975448
276 555.963593 70.134856 52.994844 141.975556
277 555.967111 70.140693 52.996047 141.976443
278 555.970022 70.146134 52.996047 141.976437
279 555.973457 70.143121 52.994554 141.975089
280 555.974398 70.098469 52.982625 141.989857
281 555.983096 70.103486 52.996588 141.975367
282 555.984812 70.115748 52.996588 141.975367
283 555.986528 70.128011 52.996588 141.975367
284 555.990106 70.112552 52.992810 141.978278
285 555.997633 70.081697 52.992241 141.971771
286 556.005695 70.057283 52.992623 141.973024
287 556.009864 70.067515 52.996315 141.975915
288 556.011717 70.079503 52.996588 141.975367
289 556.013433 70.091765 52.996588 141.975367
290 556.016101 70.076950 52.993088 141.976511
291 556.019941 70.059789 52.993171 141.976470
292 556.023366 70.071499 52.996588 141.975367
293 556.025082 70.083762 52.996588 141.975367
294 556.026798 70.096024 52.996588 141.975367
295 556.028514 70.108287 52.996588 141.975367
296 556.030230 70.120549 52.996588 141.975367
297 556.031946 70.132812 52.996588 141.975367
298 556.033662 70.145074 52.996588 141.975367
299 556.035378 70.157336 52.996588 141.975367
300 556.037094 70.169599 52.996588 141.975367
301 556.038810 70.181861 52.996588 141.975367
302 556.040220 70.163627 52.996707 141.974514
303 556.041791 70.155082 52.997048 141.974961
304 556.047664 70.087615 52.994010 141.966097
305 556.054947 70.038629 52.999810 141.991441
306 556.059242 69.975915 52.999186 141.991130
307 556.059659 69.980296 52.996588 141.975367
308 556.061375 69.992559 52.996588 141.975367
309 556.062225 69.952819 52.996207 141.978156
310 556.064131 69.963687 52.996588 141.975367
311 556.065847 69.975949 52.996588 141.975367
312 556.067563 69.988212 52.996588 141.975367
313 556.069380 69.973925 52.992772 141.975482
314 556.073005 69.986129 52.996588 141.975367
315 556.074721 69.998392 52.996588 141.975367
316 556.075539 70.004161 52.997116 141.976051
317 556.075576 69.955907 52.994293 141.977310
318 556.078851 69.960325 52.996459 141.975861
319 556.080632 69.972340 52.996588 141.975367
320 556.082348 69.984603 52.996588 141.975367
321 556.084064 69.996865 52.996588 141.975367
322 556.087453 69.998429 52.995734 141.977168
323 556.092378 69.993777 52.995782 141.978217
324 556.097510 69.964239 52.991327 141.976768
325 556.103136 69.966977 52.995805 141.976755
326 556.106701 69.967536 52.995423 141.976274
327 556.109000 69.979345 52.996588 141.975367
328 556.110716 69.991607 52.996588 141.975367
329 556.110817 69.967800 52.992188 141.977188
330 556.114733 69.979152 52.996588 141.975367
331 556.116449 69.991414 52.996588 141.975367
332 556.109896 69.758123 52.974429 141.959556
333 556.122775 69.776442 52.996176 141.974575
334 556.124697 69.789101 52.996588 141.975367
335 556.126413 69.801363 52.996588 141.975367
336 556.128129 69.813626 52.996588 141.975367
337 556.129845 69.825888 52.996588 141.975367
338 556.131561 69.838151 52.996588 141.975367
339 556.133277 69.850413 52.996588 141.975367
340 556.134993 69.862676 52.996588 141.975367
341 556.136709 69.874938 52.996588 141.975367
342 556.138581 69.886137 52.996497 141.975550
343 556.140631 69.896352 52.996421 141.975699
344 556.142430 69.908448 52.996588 141.975367
345 556.144146 69.920711 52.996588 141.975367
346 556.145862 69.932973 52.996588 141.975367
347 556.146545 69.929026 52.993356 141.975502
348 556.148934 69.928775 52.994352 141.974717
349 556.150891 69.929425 52.994564 141.974358
350 556.153809 69.940912 52.996480 141.975577
351 556.155991 69.950266 52.996348 141.975841
352 556.157827 69.962292 52.996588 141.975367
353 556.159543 69.974554 52.996588 141.975367
354 556.161259 69.986817 52.996588 141.975367
355 556.162975 69.999079 52.996588 141.975367
356 556.165141 70.007191 52.996012 141.975130
357 556.168851 69.927736 52.988984 141.968562
358 556.174369 69.943401 52.996588 141.975367
359 556.176085 69.955663 52.996588 141.975367
360 556.178216 69.958615 52.995643 141.974520
361 556.181097 69.964767 52.995850 141.975766
362 556.183182 69.976829 52.996588 141.975367
363 556.184898 69.989092 52.996588 141.975367
364 556.188113 69.850982 52.996838 142.009060
365 556.187977 70.043649 52.991314 142.473629
366 556.189434 69.990991 52.989871 142.477563
367 556.193402 69.999709 52.995936 142.474030
368 556.194266 70.010038 52.995891 142.473941
369 556.195143 70.020390 52.995886 142.473935
370 556.195510 70.011291 52.995838 142.476931
371 556.196097 70.000939 52.995772 142.477026
372 556.198919 70.007608 52.996184 142.476089
373 556.201608 70.014250 52.996141 142.476177
374 556.203103 70.023294 52.996154 142.475090
375 556.204806 70.035172 52.996454 142.475029
376 556.205786 70.040924 52.995628 142.475110
377 556.204530 70.042918 52.994314 142.473405
378 556.204300 70.046411 52.994683 142.473724
379 556.205351 70.020417 52.994000 142.476496
380 556.212576 69.989313 52.994491 142.475980
381 556.218910 69.963659 52.994384 142.473724
382 556.221828 69.937644 52.995127 142.478080
383 556.224773 69.911749 52.995307 142.478446
384 556.227627 69.885670 52.995307 142.478446
385 556.229984 69.896392 52.996588 142.475280
386 556.231700 69.908698 52.996588 142.475280
387 556.233765 69.916172 52.996068 142.475695
388 556.236345 69.922142 52.996166 142.476123
389 556.238714 69.928155 52.995959 142.475796
390 556.241159 69.936302 52.997811 142.475212
391 556.242446 69.946515 52.997533 142.475097
392 556.243692 69.958736 52.996778 142.475212
393 556.245384 69.969866 52.997402 142.475049
394 556.246915 69.979787 52.997614 142.475103
395 556.248118 69.992181 52.996588 142.475280
396 556.249834 70.004486 52.996588 142.475280
397 556.252488 70.009739 52.996060 142.476367
398 556.255153 70.016833 52.996186 142.476075
399 556.257681 70.024575 52.996229 142.475994
400 556.260251 70.031917 52.996197 142.476068
401 556.262926 70.038624 52.996143 142.476163
402 556.264865 70.050488 52.996588 142.475280
403 556.266199 70.061842 52.996363 142.474913
404 556.268028 70.074331 52.996588 142.475280
405 556.269744 70.086637 52.996588 142.475280
406 556.271460 70.098942 52.996588 142.475280
407 556.273176 70.111248 52.996588 142.475280
408 556.274892 70.123554 52.996588 142.475280
409 556.276608 70.135859 52.996588 142.475280
410 556.278324 70.148165 52.996588 142.475280
411 556.280040 70.160471 52.996588 142.475280
412 556.281756 70.172776 52.996588 142.475280
413 556.283472 70.185082 52.996588 142.475280
414 556.285559 70.194309 52.996217 142.475328
415 556.287461 70.206591 52.996588 142.475280
416 556.289177 70.218897 52.996588 142.475280
417 556.290893 70.231202 52.996588 142.475280
418 556.292609 70.243508 52.996588 142.475280
419 556.294325 70.255814 52.996588 142.475280
420 556.296079 70.267854 52.996565 142.475328
421 556.297806 70.280136 52.996588 142.475280
422 556.299120 70.279327 52.997248 142.474872
423 556.300153 70.284831 52.997048 142.474906
424 556.301639 70.297324 52.996588 142.475280
425 556.302768 70.189305 52.993894 142.457640
426 556.305831 70.210430 52.996588 142.475280
427 556.307547 70.222736 52.996588 142.475280
428 556.309263 70.235041 52.996588 142.475280
429 556.310979 70.247347 52.996588 142.475280
430 556.310919 70.195842 52.987043 142.475110
431 556.317407 70.208232 52.996588 142.475280
432 556.319123 70.220538 52.996588 142.475280
433 556.320839 70.232843 52.996588 142.475280
434 556.322555 70.245149 52.996588 142.475280
435 556.323690 70.127135 52.991554 142.486906
436 556.327923 70.133627 52.996588 142.475280
437 556.330605 70.110749 52.994258 142.475905
438 556.334891 70.093306 52.994440 142.475892
439 556.337681 70.105306 52.996588 142.475280
440 556.340122 70.107813 52.996293 142.476136
441 556.342565 70.112957 52.996323 142.475966
442 556.344560 70.123921 52.996502 142.475450
443 556.346501 70.134905 52.996482 142.475484
444 556.348540 70.145260 52.996429 142.475593
445 556.350728 70.154739 52.996358 142.475735
446 556.352857 70.164772 52.996416 142.475627
447 556.354944 70.174961 52.996419 142.475606
448 556.357043 70.185065 52.996416 142.475620
449 556.359146 70.195148 52.996414 142.475633
450 556.361007 70.181728 52.996859 142.474628
451 556.362621 70.170265 52.996904 142.474723
452 556.364179 70.182850 52.996588 142.475280
453 556.365895 70.195155 52.996588 142.475280
454 556.367611 70.207461 52.996588 142.475280
455 556.369327 70.219766 52.996588 142.475280
456 556.371043 70.232072 52.996588 142.475280
457 556.372392 70.232018 52.997197 142.474906
458 556.373511 70.232327 52.997094 142.474893
459 556.373609 70.236183 52.995395 142.475185
460 556.315301 69.768447 52.965875 142.504376
461 556.242257 69.090638 52.987889 142.929208
462 556.248323 69.125980 52.996588 142.975193
463 556.250039 69.138329 52.996588 142.975193
464 556.251755 69.150678 52.996588 142.975193
465 556.253471 69.163026 52.996588 142.975193
466 556.255187 69.175375 52.996588 142.975193
467 556.256903 69.187724 52.996588 142.975193
468 556.258619 69.200073 52.996588 142.975193
469 556.260335 69.212422 52.996588 142.975193
470 556.262051 69.224770 52.996588 142.975193
471 556.263148 69.235749 52.996222 142.974491
472 556.265047 69.248449 52.996588 142.975193
473 556.266763 69.260797 52.996588 142.975193
474 556.268479 69.273146 52.996588 142.975193
475 556.270195 69.285495 52.996588 142.975193
476 556.271911 69.297844 52.996588 142.975193
477 556.273627 69.310193 52.996588 142.975193
478 556.275343 69.322541 52.996588 142.975193
479 556.277059 69.334890 52.996588 142.975193
480 556.278775 69.347239 52.996588 142.975193
481 556.280491 69.359588 52.996588 142.975193
482 556.282207 69.371937 52.996588 142.975193
483 556.283923 69.384285 52.996588 142.975193
484 556.285639 69.396634 52.996588 142.975193
485 556.287355 69.408983 52.996588 142.975193
486 556.289071 69.421332 52.996588 142.975193
487 556.286945 69.444822 52.998736 142.975507
488 556.269833 69.492792 53.006589 142.984883
489 556.513475 69.505636 53.498375 142.974914
490 555.003348 70.275587 53.437705 142.787698
491 553.305723 71.575133 53.485803 142.626031
492 553.265091 71.741443 53.474372 142.947632
493 553.229126 71.738388 53.476461 142.952596
494 553.201456 71.728139 53.478683 142.959912
495 553.170562 71.714321 53.478515 142.958774
496 553.122836 71.708729 53.475931 142.947966
497 553.797185 74.353966 52.819094 144.209043
498 554.312312 78.533748 52.062160 146.336119
499 554.422973 89.662489 50.711632 150.268899
500 554.558027 90.097512 50.966362 150.582292
501 554.561593 90.481922 50.978940 151.071239
502 554.572132 90.696245 50.996717 151.473719
503 554.573783 90.709328 50.996717 151.473719
504 554.575435 90.722411 50.996717 151.473719
505 555.749806 89.097628 51.432741 153.841882
506 555.761575 89.361701 51.547199 154.367466
507 556.111812 89.640849 52.303768 156.651262
508 556.288440 89.477307 52.797338 158.628272
509 556.418591 89.656734 53.220704 160.814250
510 556.517861 89.734500 53.687060 162.579666
511 556.630444 89.903753 54.079235 163.531402
512 556.840888 90.137465 54.496559 163.971808
513 556.842824 90.149371 54.496765 163.972630
514 556.843384 89.491347 54.520548 164.271413
515 557.104327 87.825262 55.020058 165.451380
516 557.307835 83.189890 55.431399 167.174617
517 557.295350 82.541020 55.501998 167.781479
518 557.392683 79.243813 55.952469 168.801511
519 557.369529 77.449983 56.024174 169.400389
520 557.605979 77.471816 56.495315 169.487076
521 557.606684 77.445205 56.495194 169.489703
522 557.601422 77.355547 56.493213 169.514225
523 557.590103 77.404484 56.491990 170.047178
524 557.588943 77.527733 56.495153 170.507293
525 557.587253 77.695638 56.495051 170.994039
526 557.584579 77.606283 56.494825 170.998728
527 557.586215 77.532824 56.494593 170.998508
528 557.588609 77.498044 56.495239 170.983717
529 557.590688 77.362725 56.495000 171.023483
530 557.581786 77.249406 56.495172 171.633804
531 557.578319 77.194149 56.492723 172.067040
532 557.508359 76.633382 56.483065 172.689638
533 557.438624 76.002316 56.479371 173.201967
534 557.426968 75.820523 56.493364 173.591881
535 557.403827 75.604822 56.490546 174.119078
536 557.389633 75.499886 56.490703 174.581735
537 557.394610 75.691787 56.495345 174.977478
538 557.397062 75.683355 56.495204 174.978638
539 557.399624 75.675202 56.495245 174.978279
540 557.402012 75.685996 56.496363 174.969642
541 557.403842 75.701108 56.496363 174.969642
542 557.381820 75.427262 56.493332 175.092742
543 557.348425 75.247463 56.489630 175.640323
544 557.346737 75.376142 56.494808 175.996710
545 557.319290 74.938481 56.492901 176.126288
546 557.297248 74.740062 56.489302 176.622439
547 557.302608 74.928775 56.496363 176.969295
548 557.304438 74.944060 56.496363 176.969295
549 557.272846 74.738984 56.482324 177.048910
550 557.228367 74.614583 56.477305 177.583708
551 557.239726 74.822661 56.496363 177.969122
552 557.241555 74.838032 56.496363 177.969122
553 557.243385 74.853403 56.496363 177.969122
554 557.245214 74.868775 56.496363 177.969122
555 557.247043 74.884146 56.496363 177.969122
556 557.248873 74.899517 56.496363 177.969122
557 557.250702 74.914888 56.496363 177.969122
558 557.252531 74.930260 56.496363 177.969122
559 557.254360 74.945631 56.496363 177.969122
560 557.256190 74.961002 56.496363 177.969122
561 557.258019 74.976373 56.496363 177.969122
562 557.259848 74.991744 56.496363 177.969122
563 557.261678 75.007116 56.496363 177.969122
564 557.263507 75.022487 56.496363 177.969122
565 557.259210 75.034548 56.498012 178.009676
566 557.253946 75.274535 56.498144 178.510878
567 557.241126 75.505952 56.502277 179.047320
568 557.480075 75.720257 57.000688 179.525267
569 557.715290 75.942071 57.502756 180.050314
570 557.963923 76.166845 57.996266 180.468688
571 557.965801 76.182433 57.996266 180.468688
572 557.967679 76.198020 57.996266 180.468688
573 557.969557 76.213607 57.996266 180.468688
574 557.971435 76.229194 57.996266 180.468688
575 557.973313 76.244781 57.996266 180.468688
576 557.975190 76.260368 57.996266 180.468688
577 557.727150 76.798489 57.963845 180.651146
578 557.618793 77.195504 57.971469 181.106400
579 557.136565 77.321630 57.783634 181.504293
580 556.898327 77.329864 57.818053 182.045258
581 556.983885 77.549759 57.989640 182.466331
582 556.926595 77.480050 57.980541 182.452703
583 556.877452 77.421287 57.981583 182.454539
584 556.833405 77.369056 57.983688 182.455410
585 554.972193 76.943097 58.132763 182.355438
586 553.088847 77.261627 58.357208 182.584839
587 552.618185 77.164422 58.407263 183.052810
588 552.064290 76.981546 58.418059 183.560777
589 552.097130 77.184452 58.491551 183.973608
590 552.093273 77.181942 58.491724 183.972819
591 552.086223 77.173142 58.490814 183.975153
592 550.370139 76.758536 58.510145 183.936100
593 549.236992 76.360236 58.960951 183.977223
594 547.252442 76.750311 58.852077 183.878878
595 546.277512 77.363455 58.900357 184.047405
596 543.122996 79.904589 58.782698 184.464792
597 543.018382 80.064134 58.979955 184.476035
598 542.845411 80.205073 58.984034 184.477460
599 542.674646 80.339808 58.984240 184.478129
600 540.364959 81.093309 58.779215 184.348214
601 539.965167 81.712817 58.839609 184.429258
602 538.828447 82.930099 58.737960 184.318557
603 538.657626 83.347380 58.899043 184.431282
604 538.363724 83.709364 58.858922 184.393126
605 538.238831 84.066082 58.937246 184.344396
606 538.123479 84.382617 58.949942 184.374915
607 537.919001 84.811810 58.916494 184.350387
608 537.713537 85.281727 58.911557 184.337622
609 537.752785 85.361940 58.992196 184.468302
610 537.750692 85.373900 58.990871 184.469103
611 537.750519 85.385848 58.991464 184.469085
612 537.754798 85.401235 58.996202 184.467994
613 537.756708 85.417167 58.996202 184.467994
614 537.758618 85.433100 58.996202 184.467994
615 537.760528 85.449032 58.996202 184.467994
616 537.762439 85.464965 58.996202 184.467994
617 537.623190 85.515059 58.930795 184.486109
618 537.527282 85.555312 58.934455 184.484375
619 537.500788 85.600611 58.978990 184.464836
620 537.306173 85.876862 58.950013 184.420839
621 537.311245 85.953463 58.987849 184.459918
622 537.280176 85.987827 58.984743 184.467589
623 537.232207 86.040401 58.980233 184.470334
624 537.229504 86.079516 58.989276 184.461959
625 537.171841 86.217137 58.966628 184.456144
626 537.137192 86.317312 58.969951 184.458405
627 537.152228 86.338039 58.996202 184.467994
628 537.154139 86.353971 58.996202 184.467994
629 537.156049 86.369904 58.996202 184.467994
630 537.157959 86.385836 58.996202 184.467994
631 537.159869 86.401769 58.996202 184.467994
632 537.163687 86.440382 58.995060 184.479695
633 537.163186 86.480789 58.997023 184.485000
634 537.176794 86.484691 58.987469 184.467598
635 537.568003 86.385370 58.876506 184.556736
636 537.810367 86.527662 58.932649 184.991373
637 543.165392 84.449425 58.688184 185.385667
638 545.009855 81.996225 58.877198 185.968051
639 545.251071 81.852990 58.963435 186.071494
640 547.080114 81.906501 58.864532 187.640680
641 547.491920 81.845114 59.070643 188.377452
642 549.178752 81.409124 59.581924 189.788421
643 549.594556 81.406366 59.958138 190.159554
644 549.617742 81.575526 59.995079 190.468888
645 549.623864 81.589656 59.993443 190.469560
646 549.638733 81.599480 59.991591 190.475746
647 549.819854 81.634816 59.927625 190.569027
648 549.975441 81.841240 59.950009 191.030574
649 550.000448 82.075880 59.996138 191.466780
650 550.079667 82.042012 59.987211 191.507743
651 550.159332 82.238454 59.986198 192.006454
652 550.270629 82.427279 59.976531 192.509188
653 550.506064 82.484319 59.965831 193.056911
654 550.908208 82.273127 59.974319 193.600978
655 551.274911 81.981327 59.955111 194.103154
656 551.297367 82.179676 59.996138 194.466259
657 551.299309 82.196472 59.996138 194.466259
658 551.301252 82.213268 59.996138 194.466259
659 551.303195 82.230064 59.996138 194.466259
660 551.305137 82.246860 59.996138 194.466259
661 551.307080 82.263656 59.996138 194.466259
662 551.881347 80.656731 59.999668 194.958122
663 552.166185 80.052014 60.021429 195.187557
664 552.405482 80.208161 60.496105 195.466086
665 552.407441 80.225043 60.496105 195.466086
666 552.409400 80.241926 60.496105 195.466086
667 552.411359 80.258808 60.496105 195.466086
668 552.413317 80.275691 60.496105 195.466086
669 552.415276 80.292573 60.496105 195.466086
670 552.445657 80.171963 60.494767 195.530810
671 552.519899 80.007624 60.490757 196.135153
672 552.563477 79.998996 60.525577 196.520276
673 552.810253 80.136871 61.003729 197.003466
674 553.085749 80.081865 61.513191 197.588610
675 553.406357 78.638945 61.975687 198.650303
676 553.464258 77.924972 61.990755 199.379145
677 553.495136 77.472711 61.992340 199.716894
678 553.528234 77.039113 61.986613 200.267324
679 553.534939 77.155374 61.996009 200.465219
680 553.536946 77.172688 61.996009 200.465219
681 553.538954 77.190002 61.996009 200.465219
682 553.540961 77.207317 61.996009 200.465219
683 553.542969 77.224631 61.996009 200.465219
684 553.544976 77.241945 61.996009 200.465219
685 553.546983 77.259259 61.996009 200.465219
686 553.548991 77.276573 61.996009 200.465219
687 553.550998 77.293888 61.996009 200.465219
688 553.553006 77.311202 61.996009 200.465219
689 553.555013 77.328516 61.996009 200.465219
690 553.558472 77.333755 61.995166 200.467351
691 553.562737 77.334879 61.994942 200.467819
692 553.567028 77.332374 61.995092 200.470506
693 553.570930 77.332933 61.995228 200.468813
694 553.574587 77.336748 61.995311 200.467915
695 553.582392 77.255129 61.990968 200.482762
696 553.592191 77.111639 61.989395 200.495143
697 553.579521 76.368189 61.968257 200.640560
698 553.571724 75.347105 61.961118 201.142012
699 553.589102 75.324556 61.986519 201.544429
700 553.596927 75.537248 61.994924 201.969283
701 553.599805 75.547636 61.995657 201.966422
702 553.602287 75.561872 61.995834 201.965373
703 553.604858 75.575179 61.995728 201.965633
704 553.606734 75.590773 61.995849 201.965084
705 553.610175 75.587147 61.994448 201.970112
706 553.613341 75.567714 61.993307 201.974985
707 553.613669 75.552799 61.993599 201.976661
708 553.613207 75.526498 61.992718 201.980813
709 553.614521 75.518475 61.994398 201.971807
710 553.617334 75.532494 61.996009 201.964958
711 553.619341 75.549938 61.996009 201.964958
712 553.619731 75.555419 61.994965 201.971296
713 553.620584 75.557393 61.994930 201.971344
714 553.621035 75.531006 61.992837 201.981420
715 553.624629 75.540219 61.996009 201.964958
716 553.626636 75.557663 61.996009 201.964958
717 553.628643 75.575107 61.996009 201.964958
718 553.630651 75.592550 61.996009 201.964958
719 553.632658 75.609994 61.996009 201.964958
720 553.632948 75.615446 61.994918 201.970323
721 553.633325 75.614632 61.994613 201.972481
722 553.636030 75.628315 61.996009 201.964958
723 553.638037 75.645758 61.996009 201.964958
724 553.640707 75.616226 61.992993 201.981824
725 553.642915 75.543566 61.989599 201.997794
726 553.648302 75.470608 61.991010 201.995020
727 553.654127 75.453545 61.994513 201.967944
728 553.657510 75.437989 61.993484 201.971788
729 553.662240 75.426358 61.994010 201.969042
730 553.664865 75.412758 61.993611 201.972327
731 553.667078 75.392063 61.993135 201.974793
732 553.670522 75.404589 61.996009 201.964958
733 553.672529 75.422033 61.996009 201.964958
734 553.674537 75.439477 61.996009 201.964958
735 553.676544 75.456921 61.996009 201.964958
736 553.678552 75.474364 61.996009 201.964958
737 553.681204 75.486491 61.995630 201.965864
738 553.683498 75.502664 61.995953 201.965103
739 553.686166 75.514795 61.995642 201.965845
740 553.689081 75.522376 61.995296 201.966422
741 553.693588 75.492709 61.993783 201.980071
742 553.696708 75.502596 61.996009 201.964958
743 553.698716 75.520040 61.996009 201.964958
744 553.694958 75.267582 61.981735 202.063793
745 553.691248 75.106448 61.975704 202.581100
746 553.695733 74.946798 61.977035 203.094446
747 553.709167 75.021797 61.989765 203.516302
748 553.714760 75.069427 61.987426 204.039941
749 553.712739 74.686859 61.974262 204.652121
750 553.727637 74.836439 61.994276 204.970264
751 553.730883 74.848101 61.995790 204.964966
752 553.732999 74.865540 61.996009 204.964438
753 553.735007 74.883243 61.996009 204.964438
754 553.737014 74.900946 61.996009 204.964438
755 553.739022 74.918649 61.996009 204.964438
756 553.741029 74.936351 61.996009 204.964438
757 553.745786 74.900956 61.993413 204.980117
758 553.751832 74.855833 61.993327 204.980733
759 553.756534 74.760667 61.990971 205.001065
760 553.761953 74.872165 61.989848 205.511661
761 553.767703 74.688638 61.979855 206.088514
762 553.789140 73.575703 61.956074 206.756418
763 553.831224 72.685873 61.965984 207.234336
764 553.848413 72.664501 61.989123 207.523816
765 553.856331 72.877907 61.994658 207.969938
766 553.861533 72.868123 61.994619 207.969809
767 553.867789 72.842097 61.994123 207.976038
768 553.873769 72.821924 61.994392 207.972586
769 553.876585 72.835551 61.996009 207.963918
770 553.878593 72.853513 61.996009 207.963918
771 553.880600 72.871475 61.996009 207.963918
772 553.882608 72.889437 61.996009 207.963918
773 553.884615 72.907399 61.996009 207.963918
774 553.886622 72.925361 61.996009 207.963918
775 553.888630 72.943323 61.996009 207.963918
776 553.890637 72.961284 61.996009 207.963918
777 553.893821 72.944027 61.993673 207.973449
778 553.898241 72.935472 61.994386 207.967696
779 553.901746 72.934158 61.994655 207.966447
780 553.905160 72.935234 61.994806 207.966228
781 553.908500 72.936400 61.994806 207.966228
782 553.910071 72.869457 61.990613 207.991867
783 553.913395 72.785995 61.990430 207.992889
784 553.919239 72.761542 61.993827 207.967964
785 553.917814 72.656121 61.988417 207.998135
786 553.918982 72.531528 61.988281 208.000099
787 553.913601 72.522488 61.982930 208.536487
788 553.891416 72.208014 61.977008 209.106436
789 553.881614 72.013008 61.979057 209.566242
790 553.853396 71.624907 61.976151 210.109889
791 553.827328 71.162672 61.975636 210.611696
792 553.824798 71.052299 61.981262 211.035667
793 553.799858 70.753253 61.977404 211.582849
794 553.778521 70.302230 61.976056 212.091415
795 553.782451 70.074936 61.981126 212.605006
796 553.792364 70.115665 61.988166 213.016830
797 553.801332 70.285346 61.992615 213.479710
798 553.807812 70.209680 61.992245 213.482968
799 553.814478 70.133331 61.992263 213.482693
800 553.821060 70.060184 61.991740 213.480362
801 553.828117 70.000685 61.992065 213.477348
802 553.831839 69.852920 61.989656 213.506098
803 553.828748 69.672504 61.986203 214.066073
804 553.834180 69.708859 61.989398 214.512110
805 553.845299 69.858209 61.992875 214.993962
806 553.853131 69.810060 61.993839 214.978379
807 553.858887 68.323054 61.969653 215.147731
808 553.874002 68.166898 61.985354 215.543600
809 553.880993 68.223989 61.988464 216.019786
810 553.890971 68.422080 61.993667 216.472003
811 553.896988 68.410848 61.994353 216.466717
812 553.905200 68.370369 61.993091 216.476948
813 553.914231 68.321844 61.993011 216.478104
814 553.923242 68.273628 61.993035 216.477773
815 553.934077 68.162056 61.992594 216.501941
816 553.944124 68.324996 61.993017 216.991826
817 553.947228 67.805992 61.982690 217.120992
818 553.967928 66.837800 61.982238 217.675564
819 553.982260 66.917648 61.992916 217.987422
820 553.992200 66.767283 61.992000 218.011642
821 554.004531 66.798250 61.996695 218.508002
822 554.006473 67.038568 61.995601 218.962845
823 554.009119 67.041785 61.994865 218.964171
824 554.012210 67.053590 61.995598 218.962981
825 554.014423 67.072016 61.996009 218.962009
826 554.016430 67.090928 61.996009 218.962009
827 554.017361 67.052937 61.992047 218.974823
828 554.020052 67.003413 61.991731 218.976462
829 554.022980 67.007757 61.995288 218.962584
830 554.025348 67.026382 61.996009 218.962009
831 554.027355 67.045293 61.996009 218.962009
832 554.029363 67.064205 61.996009 218.962009
833 554.031370 67.083117 61.996009 218.962009
834 554.032745 67.098217 61.995636 218.962312
835 554.026359 67.032684 61.991279 218.979741
836 554.004819 66.874654 61.988367 218.993056
837 554.011564 66.861762 61.994844 218.964484
838 554.015242 66.857549 61.994424 218.965288
839 554.015274 66.804771 61.991054 218.980869
840 554.018769 66.768691 61.992848 218.970833
841 554.021511 66.743049 61.993100 218.969131
842 554.024798 66.742945 61.994776 218.964014
843 554.027262 66.745305 61.994767 218.964025
844 554.029891 66.763209 61.996009 218.962009
845 554.031898 66.782121 61.996009 218.962009
846 554.033905 66.801033 61.996009 218.962009
847 554.034615 66.812123 61.995243 218.962625
848 554.035684 66.822759 61.995225 218.962625
849 554.038083 66.841362 61.996009 218.962009
850 554.040090 66.860274 61.996009 218.962009
851 554.042097 66.879186 61.996009 218.962009
852 554.042816 66.848599 61.992148 218.974186
853 554.045252 66.810462 61.992059 218.974833
854 554.046893 66.781745 61.992751 218.970959
855 554.051002 66.769720 61.993987 218.965685
856 554.055141 66.759173 61.993978 218.966051
857 554.058575 66.760995 61.994877 218.964150
858 554.061675 66.764885 61.994980 218.964035
859 554.063653 66.758619 61.994046 218.965038
860 554.061317 66.757638 61.995669 218.961487
861 554.058528 66.762389 61.996352 218.959305
862 554.057871 66.762770 61.994155 218.964077
863 554.058242 66.762697 61.994291 218.963544
864 554.058380 66.758536 61.993954 218.964892
865 554.061415 66.776007 61.996009 218.962009
866 554.063422 66.794918 61.996009 218.962009
867 554.063768 66.790073 61.993987 218.965988
868 554.065267 66.786935 61.994253 218.964213
869 554.068235 66.780622 61.994200 218.967815
870 554.071147 66.796631 61.996009 218.962009
871 554.073154 66.815543 61.996009 218.962009
872 554.074837 66.832502 61.995820 218.962166
873 554.076466 66.848484 61.995725 218.962229
874 554.078121 66.864321 61.995716 218.962239
875 554.080674 66.818947 61.991761 218.972170
876 554.084406 66.758896 61.991152 218.974551
877 554.088032 66.766650 61.995530 218.962385
878 554.089416 66.780163 61.995494 218.962417
879 554.085608 66.735223 61.992248 218.976556
880 554.082593 66.653085 61.990696 218.992857
881 554.078541 66.540982 61.989310 218.998528
882 554.075859 66.514630 61.994664 218.960986
883 554.070424 66.506662 61.994640 218.961017
884 554.064995 66.498742 61.994670 218.961059
885 554.066868 66.490445 61.993738 218.965424
886 554.069150 66.481469 61.993848 218.965194
887 554.071895 66.496710 61.995802 218.962166
888 554.073036 66.494366 61.994229 218.964495
889 554.073944 66.490450 61.994072 218.964213
890 554.076919 66.508260 61.996009 218.962009
891 554.078927 66.527172 61.996009 218.962009
892 554.080934 66.546084 61.996009 218.962009
893 554.082942 66.564996 61.996009 218.962009
894 554.084949 66.583907 61.996009 218.962009
895 554.086693 66.601232 61.995852 218.962135
896 554.088661 66.619371 61.995938 218.962072
897 554.089964 66.633792 61.995571 218.962354
898 554.091351 66.647467 61.995512 218.962396
899 554.092755 66.661048 61.995506 218.962406
900 554.095014 66.679761 61.996009 218.962009
901 554.097021 66.698673 61.996009 218.962009
902 554.096941 66.688596 61.993484 218.965163
903 554.098680 66.678581 61.993679 218.965132
904 554.102999 66.663956 61.993638 218.966646
905 554.106434 66.628137 61.992183 218.975407
906 554.111339 66.622420 61.994717 218.964714
907 554.112940 66.630592 61.995146 218.962918
908 554.114315 66.642627 61.995376 218.962521
909 554.115539 66.654652 61.995358 218.962521
910 554.117871 66.673308 61.996009 218.962009
911 554.119879 66.692219 61.996009 218.962009
912 554.117927 66.581109 61.988928 218.997003
913 554.120637 66.472603 61.989528 218.990309
914 554.126556 66.449723 61.993919 218.965904
915 554.129608 66.466688 61.996009 218.962009
916 554.131616 66.485599 61.996009 218.962009
917 554.133623 66.504511 61.996009 218.962009
918 554.135630 66.523423 61.996009 218.962009
919 554.137638 66.542335 61.996009 218.962009
920 554.139645 66.561247 61.996009 218.962009
921 554.141652 66.580158 61.996009 218.962009
922 554.143660 66.599070 61.996009 218.962009
923 554.145667 66.617982 61.996009 218.962009
924 554.147675 66.636894 61.996009 218.962009
925 554.150291 66.650354 61.995654 218.962928
926 554.154040 66.648600 61.994611 218.965215
927 554.156758 66.663570 61.995826 218.962323
928 554.159020 66.677897 61.995681 218.962657
929 554.161351 66.691755 61.995660 218.962688
930 554.165073 66.668514 61.993316 218.972076
931 554.169988 66.630315 61.992869 218.976452
932 554.173615 66.618739 61.994191 218.965121
933 554.176588 66.606960 61.993795 218.965873
934 554.179188 66.600151 61.994081 218.964996
935 554.181157 66.558380 61.991737 218.975167
936 554.184100 66.508391 61.991622 218.975439
937 554.188301 66.520588 61.996009 218.962009
938 554.190309 66.539500 61.996009 218.962009
939 554.188644 66.484059 61.990469 218.975794
940 554.191675 66.485552 61.994971 218.962824
941 554.191218 66.481845 61.993907 218.963962
942 554.193960 66.495917 61.995669 218.962406
943 554.195647 66.464442 61.992177 218.972306
944 554.199055 66.458323 61.994389 218.964474
945 554.202269 66.461111 61.994885 218.964119
946 554.204797 66.473120 61.995542 218.962782
947 554.208238 66.480890 61.995311 218.963826
948 554.211927 66.483135 61.994930 218.964547
949 554.212588 66.479454 61.994111 218.964202
950 554.215544 66.497269 61.996009 218.962009
951 554.218167 66.500036 61.994820 218.964369
952 554.220671 66.489406 61.993771 218.965748
953 554.222733 66.459957 61.992645 218.971178
954 554.227327 66.466160 61.995483 218.963388
955 554.229024 66.462933 61.994259 218.964662
956 554.231073 66.459832 61.994282 218.964484
957 554.233722 66.461017 61.994687 218.964129
958 554.236216 66.461524 61.994628 218.964255
959 554.238730 66.463043 61.994708 218.964098
960 554.242245 66.473214 61.995512 218.963315
961 554.245196 66.485229 61.995604 218.963074
962 554.233218 66.269628 61.982667 219.038367
963 554.232318 66.279820 61.983373 219.536937
964 554.223522 66.207559 61.980509 220.056764
965 554.231154 66.354316 61.990537 220.477499
966 554.234186 66.294217 61.990744 220.476217
967 554.237114 66.234758 61.990744 220.476217
968 554.241707 66.226883 61.994466 220.464336
969 554.244802 66.228618 61.994800 220.463989
970 554.247210 66.188133 61.992263 220.470003
971 554.251966 66.163030 61.993319 220.467259
972 554.255626 66.168960 61.995240 220.463232
973 554.258417 66.180847 61.995557 220.462737
974 554.260650 66.199394 61.996009 220.461749
975 554.262658 66.218435 61.996009 220.461749
976 554.264665 66.237476 61.996009 220.461749
977 554.264464 66.183538 61.990856 220.474881
978 554.269332 66.169644 61.993987 220.465345
979 554.272652 66.161474 61.994064 220.465229
980 554.275632 66.178775 61.996009 220.461749
981 554.277639 66.197817 61.996009 220.461749
982 554.281799 66.197428 61.994755 220.465051
983 554.286251 66.198405 61.994948 220.464535
984 554.290835 66.197580 61.994814 220.464893
985 554.292819 66.203663 61.995045 220.463063
986 554.294649 66.212952 61.995220 220.462727
987 554.297541 66.227078 61.995725 220.462496
988 554.300566 66.237850 61.995500 220.463084
989 554.304980 66.199825 61.992408 220.471738
990 554.309476 66.207668 61.995604 220.462801
991 554.312351 66.220191 61.995622 220.462758
992 554.314553 66.238728 61.996009 220.461749
993 554.316084 66.234059 61.994126 220.465587
994 554.318696 66.231962 61.994472 220.464188
995 554.321472 66.249783 61.996009 220.461749
996 554.323293 66.233760 61.993251 220.466344
997 554.323241 66.157936 61.989845 220.480107
998 554.329502 66.150734 61.994820 220.464409
999 554.332629 66.148678 61.994531 220.464546
1000 554.335565 66.147259 61.994548 220.464346
1001 554.339479 66.140461 61.994235 220.465408
1002 554.342374 66.157673 61.996009 220.461749
1003 554.344381 66.176715 61.996009 220.461749
1004 554.346388 66.195756 61.996009 220.461749
1005 554.348396 66.214797 61.996009 220.461749
1006 554.350403 66.233838 61.996009 220.461749
1007 554.352411 66.252880 61.996009 220.461749
1008 554.354418 66.271921 61.996009 220.461749
1009 554.356425 66.290962 61.996009 220.461749
1010 554.358433 66.310004 61.996009 220.461749
1011 554.360440 66.329045 61.996009 220.461749
1012 554.363512 66.329644 61.994702 220.464567
1013 554.367269 66.333871 61.995095 220.463905
1014 554.370857 66.336673 61.994962 220.464146
1015 554.371561 66.296940 61.991675 220.467995
1016 554.373645 66.251466 61.991406 220.468468
1017 554.377972 66.180878 61.991580 220.478919
1018 554.383086 66.183270 61.995489 220.463126
1019 554.386303 66.192938 61.995444 220.463221
1020 554.388592 66.211243 61.996009 220.461749
1021 554.390600 66.230285 61.996009 220.461749
1022 554.392607 66.249326 61.996009 220.461749
1023 554.394739 66.242197 61.993987 220.465271
1024 554.397258 66.216264 61.993085 220.467153
1025 554.400727 66.232603 61.996009 220.461749
1026 554.402734 66.251644 61.996009 220.461749
1027 554.397235 66.110143 61.990058 220.482893
1028 554.402863 66.100549 61.994678 220.464357
1029 554.406121 66.104103 61.994974 220.463841
1030 554.409595 66.113519 61.995456 220.463200
1031 554.413040 66.121341 61.995332 220.463537
1032 554.415386 66.139489 61.996009 220.461749
1033 554.417394 66.158530 61.996009 220.461749
1034 554.419401 66.177571 61.996009 220.461749
1035 554.421447 66.169150 61.993871 220.465408
1036 554.424511 66.155449 61.993602 220.465934
1037 554.427113 66.168697 61.995648 220.462044
1038 554.428827 66.184711 61.995725 220.461980
1039 554.430977 66.203636 61.996009 220.461749
1040 554.432984 66.222678 61.996009 220.461749
1041 554.434879 66.241046 61.995944 220.461791
1042 554.432458 66.134484 61.989549 220.485995
1043 554.438532 66.133853 61.995521 220.463032
1044 554.440783 66.152253 61.996009 220.461749
1045 554.442790 66.171294 61.996009 220.461749
1046 554.444798 66.190336 61.996009 220.461749
1047 554.447680 66.201470 61.995500 220.463095
1048 554.451098 66.209398 61.995338 220.463526
1049 554.437145 66.072203 61.989576 220.486552
1050 554.423525 65.905000 61.989653 220.490663
1051 554.408489 65.722399 61.989168 220.491872
1052 554.413917 65.726378 61.996009 220.461749
1053 554.415924 65.745420 61.996009 220.461749
1054 554.417932 65.764461 61.996009 220.461749
1055 554.420196 65.771432 61.995101 220.463452
1056 554.422983 65.779496 61.995258 220.463211
1057 554.425365 65.797807 61.996009 220.461749
1058 554.427373 65.816848 61.996009 220.461749
1059 554.429380 65.835890 61.996009 220.461749
1060 554.431441 65.854447 61.995979 220.461833
1061 554.433463 65.873446 61.996009 220.461749
1062 554.435470 65.892488 61.996009 220.461749
1063 554.437478 65.911529 61.996009 220.461749
1064 554.439485 65.930570 61.996009 220.461749
1065 554.441493 65.949612 61.996009 220.461749
1066 554.443500 65.968653 61.996009 220.461749
1067 554.445271 65.976329 61.995092 220.463190
1068 554.447524 65.981864 61.994986 220.463368
1069 554.449824 65.987269 61.994986 220.463389
1070 554.452342 66.005490 61.996009 220.461749
1071 554.454598 66.022281 61.995867 220.462128
1072 554.446793 65.965483 61.993777 220.476059
1073 554.446020 65.939487 61.994472 220.465965
1074 554.448796 65.956420 61.996009 220.461749
1075 554.450136 65.969889 61.995494 220.462275
1076 554.451883 65.982190 61.995438 220.462443
1077 554.456085 65.983641 61.994897 220.464672
1078 554.460248 65.986774 61.995078 220.464209
1079 554.464359 65.989792 61.995057 220.464262
1080 554.466842 66.007577 61.996009 220.461749
1081 554.468849 66.026618 61.996009 220.461749
1082 554.471992 66.015336 61.993780 220.466165
1083 554.476034 65.994360 61.993174 220.467069
1084 554.480647 65.976139 61.993455 220.466743
1085 554.484334 65.989046 61.995772 220.462380
1086 554.487009 66.002809 61.995690 220.462590
1087 554.434045 65.517334 61.987494 220.580855
1088 554.364038 65.059961 61.990519 221.079910
1089 554.366591 65.208736 61.991693 221.474430
1090 554.369444 65.170528 61.992278 221.471821
1091 554.372554 65.143394 61.992828 221.468494
1092 554.376152 65.159063 61.996009 221.461576
1093 554.378210 65.177747 61.995976 221.461660
1094 554.380369 65.195586 61.995932 221.461787
1095 554.382415 65.214608 61.996009 221.461576
1096 554.384422 65.233736 61.996009 221.461576
1097 554.385232 65.112411 61.992163 221.495564
1098 554.386700 64.951415 61.991843 221.503010
1099 554.386040 65.054165 61.989638 221.999725
1100 554.331572 64.308110 61.972038 222.135858
1101 554.308773 63.943266 61.976322 222.611879
1102 554.321256 64.131478 61.995642 222.962294
1103 554.323949 64.145663 61.995713 222.962092
1104 554.326752 64.158631 61.995633 222.962326
1105 554.310177 63.706990 61.985576 223.044459
1106 554.284928 62.957880 61.981570 223.581880
1107 554.294663 63.162197 61.995713 223.961932
1108 554.297324 63.176521 61.995716 223.961922
1109 554.299978 63.190881 61.995716 223.961911
1110 554.302131 63.209840 61.996009 223.961142
1111 554.304139 63.229184 61.996009 223.961142
1112 554.306146 63.248528 61.996009 223.961142
1113 554.308153 63.267871 61.996009 223.961142
1114 554.311808 63.272122 61.995048 223.963716
1115 554.314762 63.285906 61.995737 223.961868
1116 554.317438 63.300016 61.995695 223.961975
1117 554.320019 63.315119 61.995763 223.961783
1118 554.323278 63.323782 61.995353 223.962915
1119 554.326575 63.333437 61.995450 223.962637
1120 554.329592 63.345326 61.995586 223.962296
1121 554.332671 63.356210 61.995509 223.962488
1122 554.334928 63.374880 61.996009 223.961142
1123 554.336935 63.394224 61.996009 223.961142
1124 554.338943 63.413567 61.996009 223.961142
1125 554.340950 63.432911 61.996009 223.961142
1126 554.342958 63.452255 61.996009 223.961142
1127 554.344965 63.471598 61.996009 223.961142
1128 554.346972 63.490942 61.996009 223.961142
1129 554.348980 63.510285 61.996009 223.961142
1130 554.350987 63.529629 61.996009 223.961142
1131 554.352994 63.548972 61.996009 223.961142
1132 554.355002 63.568316 61.996009 223.961142
1133 554.357009 63.587660 61.996009 223.961142
1134 554.359017 63.607003 61.996009 223.961142
1135 554.361024 63.626347 61.996009 223.961142
1136 554.363031 63.645690 61.996009 223.961142
1137 554.365039 63.665034 61.996009 223.961142
1138 554.367046 63.684377 61.996009 223.961142
1139 554.369054 63.703721 61.996009 223.961142
1140 554.371061 63.723065 61.996009 223.961142
1141 554.373068 63.742408 61.996009 223.961142
1142 554.375076 63.761752 61.996009 223.961142
1143 554.377388 63.773640 61.996319 223.964304
1144 554.379240 63.791403 61.996009 223.961142
1145 554.381247 63.810746 61.996009 223.961142
1146 554.383255 63.830090 61.996009 223.961142
1147 554.385262 63.849433 61.996009 223.961142
1148 554.387269 63.868777 61.996009 223.961142
1149 554.389277 63.888120 61.996009 223.961142
1150 554.391284 63.907464 61.996009 223.961142
1151 554.393292 63.926807 61.996009 223.961142
1152 554.395299 63.946151 61.996009 223.961142
1153 554.397306 63.965495 61.996009 223.961142
1154 554.399314 63.984838 61.996009 223.961142
1155 554.401321 64.004182 61.996009 223.961142
1156 554.403328 64.023525 61.996009 223.961142
1157 554.405336 64.042869 61.996009 223.961142
1158 554.407343 64.062212 61.996009 223.961142
1159 554.409351 64.081556 61.996009 223.961142
1160 554.411358 64.100900 61.996009 223.961142
1161 554.413365 64.120243 61.996009 223.961142
1162 554.415373 64.139587 61.996009 223.961142
1163 554.417380 64.158930 61.996009 223.961142
1164 554.419388 64.178274 61.996009 223.961142
1165 554.421395 64.197617 61.996009 223.961142
1166 554.423402 64.216961 61.996009 223.961142
1167 554.425410 64.236305 61.996009 223.961142
1168 554.427417 64.255648 61.996009 223.961142
1169 554.429425 64.274992 61.996009 223.961142
1170 554.431432 64.294335 61.996009 223.961142
1171 554.433439 64.313679 61.996009 223.961142
1172 554.435447 64.333022 61.996009 223.961142
1173 554.437454 64.352366 61.996009 223.961142
1174 554.439461 64.371710 61.996009 223.961142
1175 554.441469 64.391053 61.996009 223.961142
1176 554.443476 64.410397 61.996009 223.961142
1177 554.445484 64.429740 61.996009 223.961142
1178 554.447491 64.449084 61.996009 223.961142
1179 554.449498 64.468427 61.996009 223.961142
1180 554.451506 64.487771 61.996009 223.961142
1181 554.453513 64.507114 61.996009 223.961142
1182 554.455521 64.526458 61.996009 223.961142
1183 554.457528 64.545802 61.996009 223.961142
1184 554.459535 64.565145 61.996009 223.961142
1185 554.461543 64.584489 61.996009 223.961142
1186 554.463550 64.603832 61.996009 223.961142
1187 554.465558 64.623176 61.996009 223.961142
1188 554.467565 64.642519 61.996009 223.961142
1189 554.469572 64.661863 61.996009 223.961142
1190 554.471580 64.681207 61.996009 223.961142
1191 554.473587 64.700550 61.996009 223.961142
1192 554.475594 64.719894 61.996009 223.961142
1193 554.477602 64.739237 61.996009 223.961142
1194 554.479609 64.758581 61.996009 223.961142
1195 554.481617 64.777924 61.996009 223.961142
1196 554.483624 64.797268 61.996009 223.961142
1197 554.485631 64.816612 61.996009 223.961142
1198 554.487639 64.835955 61.996009 223.961142
1199 554.489646 64.855299 61.996009 223.961142
1200 554.491654 64.874642 61.996009 223.961142
1201 554.493661 64.893986 61.996009 223.961142
1202 554.495668 64.913329 61.996009 223.961142
1203 554.497676 64.932673 61.996009 223.961142
1204 554.499683 64.952017 61.996009 223.961142
1205 554.501691 64.971360 61.996009 223.961142
1206 554.503698 64.990704 61.996009 223.961142
1207 554.505705 65.010047 61.996009 223.961142
1208 554.507713 65.029391 61.996009 223.961142
1209 554.474362 64.971381 62.004180 223.923587
1210 554.259707 64.127848 62.498561 223.912852
1211 554.071882 63.850624 62.491515 223.909872
1212 554.063509 63.883864 62.489638 223.949702
1213 554.052937 63.898684 62.488943 223.946754
1214 554.046824 63.914476 62.489927 223.950311
1215 553.872597 63.868099 62.520978 223.845828
1216 553.721308 63.788278 63.027499 223.767130
1217 552.717581 63.786270 63.517220 223.367494
1218 552.946224 63.842708 63.997983 223.450944
1219 552.933082 63.857463 63.998520 223.449474
1220 552.933834 63.882641 63.995880 223.461229
1221 552.935906 63.901941 63.995880 223.461229
1222 552.937978 63.921241 63.995880 223.461229
1223 552.940051 63.940542 63.995880 223.461229
1224 552.942123 63.959842 63.995880 223.461229
1225 552.944195 63.979143 63.995880 223.461229
1226 552.946267 63.998443 63.995880 223.461229
1227 552.948339 64.017743 63.995880 223.461229
1228 552.950411 64.037044 63.995880 223.461229
1229 552.952483 64.056344 63.995880 223.461229
1230 552.954556 64.075645 63.995880 223.461229
1231 552.956628 64.094945 63.995880 223.461229
1232 552.958700 64.114245 63.995880 223.461229
1233 552.960772 64.133546 63.995880 223.461229
1234 552.962844 64.152846 63.995880 223.461229
1235 552.964916 64.172147 63.995880 223.461229
1236 552.966988 64.191447 63.995880 223.461229
1237 552.969061 64.210747 63.995880 223.461229
1238 552.971133 64.230048 63.995880 223.461229
1239 552.973205 64.249348 63.995880 223.461229
1240 552.975277 64.268648 63.995880 223.461229
1241 552.977349 64.287949 63.995880 223.461229
1242 552.979421 64.307249 63.995880 223.461229
1243 552.981493 64.326550 63.995880 223.461229
1244 552.983566 64.345850 63.995880 223.461229
1245 552.985638 64.365150 63.995880 223.461229
1246 552.987710 64.384451 63.995880 223.461229
1247 552.990719 64.385996 63.995566 223.469541
1248 552.993641 64.386476 63.995670 223.468092
1249 552.996520 64.387541 63.995667 223.468145
1250 552.998699 64.403384 63.995880 223.461229
1251 553.002395 64.408297 63.994934 223.463680
1252 553.006533 64.412240 63.994952 223.463637
1253 553.010656 64.416268 63.994952 223.463616
1254 553.011123 64.347475 63.988440 223.469691
1255 553.003060 64.061838 63.972424 223.537258
1256 552.993078 63.607159 63.954489 224.138364
1257 552.991315 63.085558 63.943866 224.633384
1258 552.979987 61.888462 63.898727 225.318378
1259 553.000893 61.357940 63.945679 225.622107
1260 553.013912 61.347973 63.969897 225.988361
1261 553.021792 61.262364 63.984753 225.969718
1262 553.017522 60.949069 63.964011 226.067192
1263 553.032642 61.029432 63.980988 226.504471
1264 553.031025 60.908589 63.962143 227.070531
1265 553.045986 60.976463 63.977142 227.497679
1266 553.054421 60.834820 63.977823 227.496659
1267 553.064933 60.715253 63.987143 227.471144
1268 553.071770 60.710480 63.994434 227.463203
1269 553.069595 60.485546 63.971078 227.511944
1270 553.082349 60.088698 63.938290 228.122918
1271 553.112893 59.225975 63.917975 228.712794
1272 553.150140 59.231785 63.978656 228.990489
1273 553.158624 59.102328 63.979410 228.990948
1274 553.167695 58.800527 63.956931 229.013813
1275 553.188805 58.980017 63.987088 229.470650
1276 553.194502 58.911566 63.984329 229.473780
1277 553.225924 57.868987 63.921756 229.669360
1278 553.283497 57.080814 63.923602 230.170958
1279 553.315632 57.096483 63.977121 230.497549
1280 553.311639 56.803949 63.954117 230.524235
1281 553.308399 56.535067 63.937137 231.061673
1282 553.323989 56.402977 63.952597 231.532057
1283 553.335773 56.370483 63.961313 232.013330
1284 553.350698 56.567466 63.990741 232.462317
1285 553.313354 55.940121 63.931647 232.539069
1286 553.329482 55.865487 63.957513 232.984812
1287 553.349865 55.862082 63.994946 232.960736
1288 553.352120 55.879858 63.995712 232.959725
1289 553.353635 55.895929 63.995502 232.959892
1290 553.355399 55.912795 63.995584 232.959814
1291 553.357323 55.930954 63.995706 232.959714
1292 553.358949 55.899457 63.990384 232.966780
1293 553.363326 55.854238 63.989841 232.969880
1294 553.370252 55.781504 63.988962 232.971180
1295 553.377587 55.718764 63.989871 232.969424
1296 553.384473 55.654402 63.989572 232.969680
1297 553.388183 55.592423 63.985428 232.972080
1298 553.394224 55.531633 63.986243 232.970647
1299 553.398997 55.469149 63.983820 232.976902
1300 553.413654 53.906635 63.878882 233.302223
1301 553.466038 53.626138 63.959402 233.544804
1302 553.484704 53.839577 63.994351 233.961204
1303 553.485917 53.843867 63.994196 233.961483
1304 553.487766 53.856386 63.995248 233.959921
1305 553.487594 53.715171 63.980356 233.988708
1306 553.491218 53.486209 63.976498 234.003660
1307 553.503246 53.711501 63.994186 234.462429
1308 553.506409 53.709634 63.994354 234.462127
1309 553.504234 53.592644 63.978564 234.471397
1310 553.508366 53.373703 63.971240 234.490887
1311 553.516297 53.136822 63.971347 234.493470
1312 553.524029 53.032719 63.981937 234.481147
1313 553.524754 52.904799 63.978876 234.483820
1314 553.511292 52.464554 63.955017 234.557106
1315 553.514860 52.349763 63.958578 235.033281
1316 553.524047 52.353738 63.966187 235.512903
1317 553.539364 52.566036 63.993112 235.963078
1318 553.541358 52.556723 63.993625 235.962234
1319 553.515743 51.364171 63.922192 236.246370
1320 553.552908 51.401863 63.988159 236.476397
1321 553.556768 51.318575 63.987839 236.477085
1322 553.562104 51.315575 63.994714 236.460620
1323 553.563938 51.321586 63.994766 236.460496
1324 553.565710 51.322900 63.994400 236.461105
1325 553.544575 50.480409 63.939816 236.661444
1326 553.571612 50.497122 63.981131 236.978234
1327 553.581059 50.507915 63.995880 236.958887
1328 553.583131 50.528381 63.995880 236.958887
1329 553.584464 50.540179 63.995142 236.959780
1330 553.586103 50.555125 63.995401 236.959282
1331 553.587585 50.570150 63.995386 236.959294
1332 553.590456 50.570647 63.994467 236.961701
1333 553.593842 50.566833 63.994241 236.962142
1334 553.596734 50.585672 63.995880 236.958887
1335 553.598806 50.606138 63.995880 236.958887
1336 553.600878 50.626604 63.995880 236.958887
1337 553.602950 50.647070 63.995880 236.958887
1338 553.605022 50.667536 63.995880 236.958887
1339 553.607095 50.688003 63.995880 236.958887
1340 553.608504 50.704287 63.995486 236.959203
1341 553.610236 50.721194 63.995557 236.959147
1342 553.612470 50.741530 63.995880 236.958887
1343 553.614542 50.761996 63.995880 236.958887
1344 553.616615 50.782462 63.995880 236.958887
1345 553.618687 50.802929 63.995880 236.958887
1346 553.620759 50.823395 63.995880 236.958887
1347 553.622297 50.840482 63.995566 236.959147
1348 553.624200 50.858761 63.995688 236.959045
1349 553.626368 50.879148 63.995880 236.958887
1350 553.627735 50.857643 63.990414 236.968447
1351 553.629513 50.758171 63.980994 236.993084
1352 553.639028 50.761538 63.995880 236.958887
1353 553.641100 50.782005 63.995880 236.958887
1354 553.643172 50.802471 63.995880 236.958887
1355 553.644268 50.815377 63.995197 236.959554
1356 553.646172 50.832289 63.995578 236.959147
1357 553.647929 50.849675 63.995602 236.959124
1358 553.649432 50.865536 63.995459 236.959237
1359 553.651952 50.836182 63.988715 236.971872
1360 553.657607 50.850156 63.995880 236.958887
1361 553.659679 50.870622 63.995880 236.958887
1362 553.660741 50.863084 63.993661 236.962255
1363 553.662830 50.864677 63.994464 236.960797
1364 553.665281 50.882098 63.995685 236.959056
1365 553.667451 50.902479 63.995880 236.958887
1366 553.667945 50.912978 63.994943 236.959655
1367 553.670422 50.932664 63.995847 236.958921
1368 553.672044 50.950164 63.995602 236.959124
1369 553.673595 50.921465 63.991742 236.966097
1370 553.676177 50.865423 63.988193 236.970199
1371 553.681809 50.802109 63.988535 236.971736
1372 553.687554 50.816151 63.995880 236.958887
1373 553.689626 50.836617 63.995880 236.958887
1374 553.691698 50.857083 63.995880 236.958887
1375 553.692532 50.845601 63.993341 236.962695
1376 553.694524 50.827039 63.992938 236.963351
1377 553.698067 50.845274 63.995880 236.958887
1378 553.700140 50.865740 63.995880 236.958887
1379 553.702212 50.886206 63.995880 236.958887
1380 553.704284 50.906672 63.995880 236.958887
1381 553.706356 50.927138 63.995880 236.958887
1382 553.708428 50.947604 63.995880 236.958887
1383 553.710500 50.968071 63.995880 236.958887
1384 553.713641 50.938225 63.991980 236.964311
1385 553.718118 50.948192 63.995352 236.960073
1386 553.720454 50.968065 63.995880 236.958887
1387 553.722526 50.988531 63.995880 236.958887
1388 553.724598 51.008997 63.995880 236.958887
1389 553.726670 51.029464 63.995880 236.958887
1390 553.728742 51.049930 63.995880 236.958887
1391 553.730814 51.070396 63.995880 236.958887
1392 553.730857 51.059434 63.992197 236.964390
1393 553.732296 51.032012 63.989639 236.968470
1394 553.737537 51.033752 63.994843 236.960751
1395 553.739732 51.001584 63.989520 236.967464
1396 553.744541 50.976626 63.991452 236.965441
1397 553.748537 50.949865 63.991647 236.964029
1398 553.753211 50.918273 63.991733 236.962469
1399 553.757357 50.936948 63.995880 236.958887
1400 553.759429 50.957414 63.995880 236.958887
1401 553.761501 50.977880 63.995880 236.958887
1402 553.761425 50.914944 63.987067 236.968199
1403 553.765496 50.819247 63.984744 236.974629
1404 553.772926 50.805985 63.993924 236.962255
1405 553.775521 50.821897 63.995609 236.959113
1406 553.777345 50.835470 63.995325 236.959655
1407 553.778733 50.841267 63.994693 236.960446
1408 553.780340 50.844533 63.994522 236.960684
1409 553.782017 50.848777 63.994604 236.960559
1410 553.784727 50.868407 63.995880 236.958887
1411 553.786799 50.888873 63.995880 236.958887
1412 553.788871 50.909339 63.995880 236.958887
1413 553.790943 50.929805 63.995880 236.958887
1414 553.793015 50.950272 63.995880 236.958887
1415 553.796833 50.949763 63.994519 236.962277
1416 553.801597 50.945875 63.994424 236.962605
1417 553.803667 50.950243 63.994730 236.960514
1418 553.805576 50.965228 63.995441 236.959237
1419 553.807868 50.985519 63.995880 236.958887
1420 553.810160 50.993792 63.994995 236.960571
1421 553.812928 51.011032 63.995731 236.959305
1422 553.815075 51.031289 63.995880 236.958887
1423 553.817147 51.051755 63.995880 236.958887
1424 553.819219 51.072221 63.995880 236.958887
1425 553.821291 51.092687 63.995880 236.958887
1426 553.823364 51.113153 63.995880 236.958887
1427 553.823922 51.124048 63.994977 236.959621
1428 553.825292 51.136846 63.995190 236.959452
1429 553.827493 51.113826 63.991360 236.966402
1430 553.831345 51.127506 63.995596 236.959113
1431 553.832922 51.143824 63.995499 236.959192
1432 553.833402 51.148893 63.994525 236.960299
1433 553.834391 51.147396 63.994077 236.961091
1434 553.837017 51.155459 63.994989 236.960266
1435 553.838961 51.171619 63.995544 236.959158
1436 553.840652 51.180773 63.994977 236.960186
1437 553.842660 51.182892 63.994492 236.961057
1438 553.844962 51.179976 63.994153 236.961701
1439 553.847898 51.199036 63.995880 236.958887
1440 553.849970 51.219502 63.995880 236.958887
1441 553.852042 51.239968 63.995880 236.958887
1442 553.854115 51.260434 63.995880 236.958887
1443 553.856187 51.280900 63.995880 236.958887
1444 553.856382 51.289512 63.994766 236.959802
1445 553.859011 51.309520 63.995880 236.958887
1446 553.861083 51.329986 63.995880 236.958887
1447 553.863155 51.350453 63.995880 236.958887
1448 553.865228 51.370919 63.995880 236.958887
1449 553.862933 51.248449 63.975546 236.988111
1450 553.874784 51.194284 63.989114 236.970403
1451 553.879775 51.178716 63.993555 236.962740
1452 553.883010 51.197256 63.995880 236.958887
1453 553.885049 51.217519 63.995865 236.958909
1454 553.887128 51.237973 63.995880 236.958887
1455 553.889753 51.234029 63.993515 236.963452
1456 553.893697 51.231419 63.994122 236.962413
1457 553.896648 51.250122 63.995880 236.958887
1458 553.898721 51.270588 63.995880 236.958887
1459 553.900793 51.291054 63.995880 236.958887
1460 553.894482 51.046240 63.971164 237.006306
1461 553.888447 50.417175 63.940680 237.658345
1462 553.918635 50.583032 63.995578 237.959530
1463 553.921337 50.598557 63.995590 237.959496
1464 553.923804 50.612397 63.995441 237.959633
1465 553.926112 50.591566 63.992831 237.964161
1466 553.929610 50.570526 63.992975 237.963832
1467 553.932070 50.497378 63.983231 237.967781
1468 553.939982 50.443954 63.986746 237.964898
1469 553.945037 50.410730 63.991476 237.963162
1470 553.947761 50.338507 63.987457 237.967985
1471 553.953190 50.317574 63.993030 237.963310
1472 553.956687 50.335829 63.995880 237.958713
1473 553.958759 50.356381 63.995880 237.958713
1474 553.960764 50.367707 63.995184 237.959905
1475 553.962830 50.337400 63.991772 237.962629
1476 553.966303 50.341026 63.994684 237.960472
1477 553.958329 50.177383 63.973419 237.977132
1478 553.962727 50.038379 63.976300 237.970630
1479 553.966642 49.910887 63.976959 237.969154
1480 553.976884 49.918411 63.995114 237.959122
1481 553.978634 49.934288 63.995462 237.959054
1482 553.980915 49.954670 63.995880 237.958713
1483 553.982987 49.975223 63.995880 237.958713
1484 553.983982 49.988944 63.995242 237.959235
1485 553.985223 50.001926 63.995193 237.959281
1486 553.986463 50.014751 63.995187 237.959281
1487 553.988882 50.035019 63.995880 237.958713
1488 553.990954 50.055572 63.995880 237.958713
1489 553.993026 50.076124 63.995880 237.958713
1490 553.994109 50.090401 63.995294 237.959201
1491 553.995721 50.105921 63.995432 237.959099
1492 553.998017 50.126280 63.995880 237.958713
1493 553.999439 50.142713 63.995493 237.959020
1494 553.975008 50.061791 63.986725 237.911321
1495 553.973708 49.947589 63.982095 237.949589
1496 553.969755 49.795879 63.977078 237.948511
1497 553.973495 49.715967 63.980609 237.959644
1498 553.975536 49.625881 63.981354 237.957987
1499 553.981698 49.627674 63.994000 237.959633
1500 553.977764 49.612075 63.991797 237.955661
1501 553.967687 49.496278 63.974792 237.946241
1502 553.979119 49.515554 63.995178 237.959281
1503 553.980297 49.527924 63.995142 237.959326
1504 553.982739 49.548170 63.995880 237.958713
1505 553.984811 49.568723 63.995880 237.958713
1506 553.986883 49.589276 63.995880 237.958713
1507 553.988955 49.609828 63.995880 237.958713
1508 553.991027 49.630381 63.995880 237.958713
1509 553.993029 49.650502 63.995840 237.958736
1510 553.995121 49.671043 63.995880 237.958713
1511 553.997193 49.691596 63.995880 237.958713
1512 553.998960 49.710208 63.995697 237.958861
1513 553.993464 49.697798 63.990265 237.954492
1514 553.998344 49.720461 63.995880 237.958713
1515 554.000416 49.741014 63.995880 237.958713
1516 554.002488 49.761566 63.995880 237.958713
1517 554.004560 49.782119 63.995880 237.958713
1518 554.006632 49.802671 63.995880 237.958713
1519 554.008704 49.823224 63.995880 237.958713
1520 554.010777 49.843776 63.995880 237.958713
1521 554.012849 49.864329 63.995880 237.958713
1522 554.014799 49.884110 63.995807 237.958781
1523 554.016273 49.900599 63.995502 237.959020
1524 554.018534 49.920999 63.995880 237.958713
1525 554.020606 49.941551 63.995880 237.958713
1526 554.022678 49.962104 63.995880 237.958713
1527 554.024751 49.982656 63.995880 237.958713
1528 554.026823 50.003209 63.995880 237.958713
1529 554.028895 50.023761 63.995880 237.958713
1530 554.030967 50.044314 63.995880 237.958713
1531 554.033039 50.064867 63.995880 237.958713
1532 554.035111 50.085419 63.995880 237.958713
1533 554.037183 50.105972 63.995880 237.958713
1534 554.039256 50.126524 63.995880 237.958713
1535 554.041328 50.147077 63.995880 237.958713
1536 554.043400 50.167629 63.995880 237.958713
1537 554.041474 50.166903 63.993512 237.958112
1538 554.042182 50.173150 63.994370 237.958974
1539 554.041848 50.176129 63.994006 237.958611
1540 554.044857 50.196733 63.995880 237.958713
1541 554.046929 50.217286 63.995880 237.958713
1542 554.049001 50.237838 63.995880 237.958713
1543 554.051073 50.258391 63.995880 237.958713
1544 554.053146 50.278943 63.995880 237.958713
1545 554.055218 50.299496 63.995880 237.958713
1546 554.057290 50.320048 63.995880 237.958713
1547 554.059066 50.338728 63.995706 237.958861
1548 554.061182 50.358935 63.995856 237.958736
1549 554.063245 50.379340 63.995865 237.958736
1550 554.065325 50.399881 63.995880 237.958713
1551 554.067397 50.420433 63.995880 237.958713
1552 554.069469 50.440986 63.995880 237.958713
1553 554.071542 50.461538 63.995880 237.958713
1554 554.073614 50.482091 63.995880 237.958713
1555 554.075686 50.502644 63.995880 237.958713
1556 554.077758 50.523196 63.995880 237.958713
1557 554.074484 50.511609 63.988745 237.961868
1558 554.073763 50.492804 63.986859 237.962515
1559 554.078472 50.499835 63.994769 237.959462
1560 554.081100 50.520013 63.995880 237.958713
1561 554.082442 50.535935 63.995450 237.959076
1562 554.084730 50.556306 63.995880 237.958713
1563 554.086802 50.576859 63.995880 237.958713
1564 554.088874 50.597411 63.995880 237.958713
1565 554.090946 50.617964 63.995880 237.958713
1566 554.093018 50.638516 63.995880 237.958713
1567 554.094599 50.655959 63.995590 237.958963
1568 554.096804 50.676307 63.995874 237.958725
1569 554.092858 50.666417 63.991879 237.956761
1570 554.090922 50.657701 63.991769 237.956818
1571 554.089059 50.649025 63.991788 237.956818
1572 554.090888 50.656589 63.994525 237.959462
1573 554.091914 50.665827 63.994858 237.959576
1574 554.094497 50.685948 63.995880 237.958713
1575 554.096560 50.706433 63.995871 237.958713
1576 554.097526 50.719938 63.995221 237.959269
1577 554.098188 50.729170 63.994849 237.959564
1578 554.099067 50.738447 63.994867 237.959553
1579 554.100617 50.752191 63.995273 237.959133
1580 554.101470 50.762875 63.994980 237.959451
1581 554.098826 50.756356 63.992819 237.957431
1582 554.102428 50.777549 63.995880 237.958713
1583 554.104501 50.798102 63.995880 237.958713
1584 554.064599 50.480338 63.955688 237.975067
1585 554.062490 50.308660 63.972324 237.967066
1586 554.038908 50.005785 63.961652 237.986779
1587 554.054725 49.990345 63.993152 237.961085
1588 554.054926 49.989182 63.993439 237.960563
1589 554.053440 49.979700 63.992249 237.960677
1590 554.044947 49.945535 63.985715 237.950281
1591 554.047027 49.942476 63.992874 237.958464
1592 554.047627 49.947470 63.994119 237.958169
1593 554.047179 49.950545 63.993866 237.957987
1594 554.041534 49.934158 63.992227 237.947353
1595 554.045136 49.958518 63.995706 237.958861
1596 554.046404 49.973345 63.995349 237.959145
1597 554.048129 49.989993 63.995517 237.958884
1598 554.048298 49.999101 63.994644 237.958566
1599 554.049212 50.008492 63.994830 237.959576
1600 554.051049 50.023790 63.995425 237.959088
1601 554.053349 50.044155 63.995880 237.958713
1602 554.055421 50.064708 63.995880 237.958713
1603 554.057493 50.085260 63.995880 237.958713
1604 554.059565 50.105813 63.995880 237.958713
1605 554.061637 50.126365 63.995880 237.958713
1606 554.063709 50.146918 63.995880 237.958713
1607 554.063078 50.151798 63.994281 237.959111
1608 554.062672 50.153721 63.993939 237.958850
1609 554.062357 50.155424 63.993890 237.958793
1610 554.062586 50.158210 63.994196 237.959916
1611 554.063029 50.162466 63.994415 237.959928
1612 554.065833 50.182411 63.995880 237.958713
1613 554.067905 50.202963 63.995880 237.958713
1614 554.069978 50.223516 63.995880 237.958713
1615 554.072050 50.244069 63.995880 237.958713
1616 554.074122 50.264621 63.995880 237.958713
1617 554.074607 50.275107 63.994940 237.959496
1618 554.075330 50.283727 63.994800 237.959610
1619 554.076075 50.291972 63.994769 237.959633
1620 554.078703 50.312064 63.995880 237.958713
1621 554.080775 50.332617 63.995880 237.958713
1622 554.082847 50.353170 63.995880 237.958713
1623 554.084919 50.373722 63.995880 237.958713
1624 554.086991 50.394275 63.995880 237.958713
1625 554.088932 50.413987 63.995804 237.958781
1626 554.091042 50.434506 63.995880 237.958713
1627 554.090463 50.439511 63.994308 237.959213
1628 554.091062 50.445877 63.994543 237.959576
1629 554.077793 50.394899 63.979559 237.947830
1630 554.082291 50.392045 63.991971 237.956966
1631 554.083471 50.397288 63.994193 237.958940
1632 554.086387 50.417727 63.995880 237.958713
1633 554.088459 50.438279 63.995880 237.958713
1634 554.090385 50.457901 63.995795 237.958781
1635 554.092054 50.475583 63.995612 237.958940
1636 554.094041 50.494637 63.995752 237.958827
1637 554.096177 50.515133 63.995880 237.958713
1638 554.098249 50.535685 63.995880 237.958713
1639 554.100321 50.556238 63.995880 237.958713
1640 554.102393 50.576790 63.995880 237.958713
1641 554.104465 50.597343 63.995880 237.958713
1642 554.106538 50.617896 63.995880 237.958713
1643 554.108610 50.638448 63.995880 237.958713
1644 554.110682 50.659001 63.995880 237.958713
1645 554.112333 50.676886 63.995630 237.958929
1646 554.113273 50.689341 63.995129 237.959326
1647 554.115720 50.709588 63.995880 237.958713
1648 554.117793 50.730140 63.995880 237.958713
1649 554.119865 50.750693 63.995880 237.958713
1650 554.121937 50.771245 63.995880 237.958713
1651 554.124009 50.791798 63.995880 237.958713
1652 554.120216 50.782719 63.991766 237.957022
1653 554.117768 50.771671 63.990842 237.956455
1654 554.107919 50.737120 63.984302 237.950985
1655 554.099783 50.688995 63.983789 237.954469
1656 554.086657 50.629846 63.979446 237.950542
1657 554.096946 50.654484 63.995880 237.958713
1658 554.099018 50.675036 63.995880 237.958713
1659 554.101090 50.695589 63.995880 237.958713
1660 554.103162 50.716130 63.995880 237.958725
1661 554.105061 50.735576 63.995779 237.958793
1662 554.089889 50.702444 63.979385 237.943495
1663 554.085117 50.686334 63.980704 237.944857
1664 554.090929 50.693308 63.993600 237.958157
1665 554.092008 50.705877 63.993686 237.956829
1666 554.088949 50.701473 63.989914 237.954287
1667 554.092133 50.712357 63.994766 237.959633
1668 554.092782 50.719887 63.994705 237.959701
1669 554.094358 50.733079 63.995236 237.959247
1670 554.096752 50.753365 63.995880 237.958713
1671 554.098824 50.773918 63.995880 237.958713
1672 554.100896 50.794470 63.995880 237.958713
1673 554.102969 50.815023 63.995880 237.958713
1674 554.101904 50.817939 63.994019 237.958827
1675 554.104906 50.838435 63.995880 237.958713
1676 554.105001 50.846436 63.994708 237.959689
1677 554.105505 50.854312 63.994604 237.958850
1678 554.106884 50.866376 63.995093 237.959349
1679 554.109350 50.886611 63.995880 237.958713
1680 554.109026 50.893511 63.994461 237.958929
1681 554.108988 50.898079 63.994208 237.958838
1682 554.111503 50.916072 63.995645 237.958918
1683 554.112130 50.926615 63.994952 237.959474
1684 554.113726 50.940829 63.995325 237.959179
1685 554.089141 50.822490 63.972034 237.980639
1686 554.070916 50.660090 63.968353 237.988163
1687 554.084704 50.652935 63.994669 237.959712
1688 554.083656 50.648747 63.992844 237.961324
1689 554.084380 50.649814 63.994180 237.960121
1690 554.083118 50.640440 63.992984 237.959678
1691 554.075033 50.519661 63.987509 237.965988
1692 554.081290 50.536576 63.995880 237.958713
1693 554.083363 50.557129 63.995880 237.958713
1694 554.085435 50.577681 63.995880 237.958713
1695 554.083344 50.573766 63.993414 237.959530
1696 554.083646 50.574901 63.994098 237.960155
1697 554.086610 50.594733 63.995880 237.958713
1698 554.088682 50.615285 63.995880 237.958713
1699 554.090754 50.635838 63.995880 237.958713
1700 554.090659 50.642647 63.994598 237.959769
1701 554.091105 50.648270 63.994534 237.959837
1702 554.093850 50.668261 63.995880 237.958713
1703 554.095922 50.688814 63.995880 237.958713
1704 554.096572 50.700344 63.995038 237.959406
1705 554.096926 50.706966 63.994608 237.959769
1706 554.097517 50.713543 63.994623 237.959746
1707 554.093195 50.702926 63.988821 237.954775
1708 554.091027 50.692071 63.987952 237.954185
1709 554.096593 50.711914 63.995605 237.958940
1710 554.097482 50.723966 63.995096 237.959360
1711 554.095341 50.719909 63.992825 237.957964
1712 554.093707 50.713429 63.992142 237.957839
1713 554.089472 50.698477 63.989224 237.955025
1714 554.094872 50.720874 63.995880 237.958713
1715 554.091195 50.714382 63.991095 237.956024
1716 554.086599 50.698409 63.986575 237.952891
1717 554.093324 50.721873 63.995880 237.958713
1718 554.095396 50.742425 63.995880 237.958713
1719 554.097468 50.762978 63.995880 237.958713
1720 554.099540 50.783530 63.995880 237.958713
1721 554.101612 50.804083 63.995880 237.958713
1722 554.103483 50.823364 63.995764 237.958804
1723 554.105613 50.843871 63.995880 237.958713
1724 554.107154 50.861042 63.995563 237.958986
1725 554.107966 50.872447 63.995041 237.959417
1726 554.109438 50.886191 63.995276 237.959201
1727 554.111813 50.906499 63.995880 237.958713
1728 554.113885 50.927052 63.995880 237.958713
1729 554.115957 50.947604 63.995880 237.958713
1730 554.112917 50.924249 63.992014 237.960722
1731 554.111796 50.902238 63.992084 237.960393
1732 554.115766 50.921951 63.995880 237.958713
1733 554.117838 50.942503 63.995880 237.958713
1734 554.119910 50.963056 63.995880 237.958713
1735 554.121983 50.983608 63.995880 237.958713
1736 554.122547 50.994582 63.994983 237.959462
1737 554.124308 51.009926 63.995425 237.959099
1738 554.125958 51.026166 63.995499 237.959042
1739 554.126179 51.035262 63.994669 237.958679
1740 554.119402 50.995876 63.983893 237.965239
1741 554.118545 50.963810 63.986670 237.957590
1742 554.125222 50.984925 63.995880 237.958713
1743 554.126641 51.001335 63.995496 237.959042
1744 554.081158 50.768544 63.953979 237.957090
1745 554.099914 50.769412 63.992511 237.956920
1746 554.097973 50.764067 63.991074 237.956069
1747 554.102012 50.783173 63.995621 237.958918
1748 554.103405 50.798493 63.995401 237.959122
1749 554.105717 50.818842 63.995880 237.958713
1750 554.107789 50.839394 63.995880 237.958713
1751 554.105949 50.839406 63.993561 237.957942
1752 554.108768 50.857734 63.995639 237.958918
1753 554.110549 50.875574 63.995639 237.958918
1754 554.109223 50.876482 63.993796 237.958691
1755 554.112338 50.897046 63.995880 237.958713
1756 554.114294 50.916861 63.995813 237.958770
1757 554.115624 50.932471 63.995422 237.959088
1758 554.117281 50.948739 63.995499 237.959042
1759 554.119544 50.969127 63.995880 237.958713
1760 554.121616 50.989680 63.995880 237.958713
1761 554.121806 50.999916 63.994766 237.958611
1762 554.120296 50.996222 63.993292 237.959564
1763 554.119973 50.994344 63.993692 237.959633
1764 554.097794 50.793080 63.968320 237.981990
1765 554.109560 50.779978 63.993460 237.958282
1766 554.105009 50.762115 63.991122 237.954696
1767 554.106216 50.765576 63.993954 237.959383
1768 554.106052 50.766944 63.993982 237.959383
1769 554.106797 50.773055 63.994531 237.959610
1770 554.103864 50.764561 63.991873 237.957034
1771 554.101113 50.752100 63.990994 237.955933
1772 554.078367 50.692116 63.978391 237.935641
1773 554.068908 50.662570 63.981805 237.940907
1774 554.078017 50.692025 63.995880 237.958713
1775 554.080090 50.712578 63.995880 237.958713
1776 554.082162 50.733130 63.995880 237.958713
1777 554.080236 50.735900 63.992310 237.956523
1778 554.080697 50.742011 63.993033 237.956977
1779 554.077064 50.730906 63.989331 237.955309
1780 554.045228 50.556351 63.965381 237.960665
1781 554.051817 50.529126 63.986423 237.950247
1782 554.052541 50.521885 63.992282 237.957601
1783 554.050098 50.510037 63.992142 237.957351
1784 554.037930 50.458480 63.979764 237.954106
1785 554.036436 50.433218 63.984335 237.950883
1786 554.036629 50.421358 63.989432 237.955365
1787 554.039271 50.428014 63.994305 237.959213
1788 554.040638 50.438841 63.994992 237.959451
1789 554.039849 50.440492 63.993924 237.958815
1790 554.042899 50.460994 63.995880 237.958713
1791 554.044971 50.481546 63.995880 237.958713
1792 554.046177 50.496595 63.995367 237.959133
1793 554.047193 50.508607 63.995099 237.959349
1794 554.048396 50.520841 63.995132 237.959338
1795 554.046548 50.520484 63.989713 237.958135
1796 554.047846 50.522544 63.990649 237.958066
1797 554.051496 50.537121 63.995264 237.959042
1798 554.052613 50.550132 63.995129 237.958918
1799 554.053535 50.562014 63.994977 237.958770
1800 554.050443 50.549264 63.991180 237.960665
1801 554.050108 50.541604 63.992459 237.959485
1802 554.050433 50.542114 63.993826 237.958963
1803 554.050535 50.544986 63.994104 237.959269
1804 554.050675 50.548498 63.994208 237.959383
1805 554.052567 50.562258 63.995279 237.959224
1806 554.053414 50.572875 63.994977 237.959474
1807 554.053811 50.579554 63.994620 237.959746
1808 554.054404 50.586199 63.994626 237.959757
1809 554.054961 50.592622 63.994604 237.959769
1810 554.056878 50.607608 63.995410 237.959099
1811 554.058331 50.622531 63.995374 237.959133
1812 554.060656 50.642874 63.995880 237.958713
1813 554.062728 50.663427 63.995880 237.958713
1814 554.063201 50.673833 63.994934 237.959508
1815 554.062749 50.676557 63.994104 237.959190
1816 554.064605 50.689869 63.995227 237.959247
1817 554.045458 50.559342 63.979547 237.959224
1818 554.034701 50.426340 63.979767 237.959485
1819 554.040630 50.401067 63.992499 237.960302
1820 554.042855 50.411065 63.994971 237.959485
1821 554.042834 50.415298 63.994370 237.959826
1822 554.042121 50.416751 63.993787 237.958010
1823 554.042249 50.421563 63.994110 237.958373
1824 554.044743 50.439335 63.995605 237.958940
1825 554.045152 50.448334 63.994812 237.959599
1826 554.047556 50.467173 63.995764 237.958804
1827 554.048728 50.481609 63.995312 237.959179
1828 554.050221 50.496459 63.995370 237.959145
1829 554.051821 50.512199 63.995453 237.959065
1830 554.054107 50.532576 63.995880 237.958713
1831 554.056179 50.553128 63.995880 237.958713
1832 554.058251 50.573681 63.995880 237.958713
1833 554.060323 50.594233 63.995880 237.958713
1834 554.062395 50.614786 63.995880 237.958713
1835 554.064468 50.635339 63.995880 237.958713
1836 554.066540 50.655891 63.995880 237.958713
1837 554.068426 50.675263 63.995767 237.958804
1838 554.070258 50.693898 63.995706 237.958861
1839 554.072417 50.714377 63.995880 237.958713
1840 554.072485 50.722934 63.994693 237.959247
1841 554.071937 50.725175 63.993973 237.958827
1842 554.070437 50.702580 63.990622 237.963468
1843 554.071186 50.684257 63.991891 237.962186
1844 554.075253 50.703073 63.995880 237.958713
1845 554.074435 50.705718 63.994168 237.959871
1846 554.076209 50.718360 63.995197 237.959281
1847 554.071702 50.692133 63.991443 237.955797
1848 554.069425 50.674435 63.991833 237.955819
1849 554.070203 50.675995 63.993912 237.959973
1850 554.073260 50.695918 63.995880 237.958713
1851 554.075332 50.716471 63.995880 237.958713
1852 554.076354 50.730361 63.995258 237.959224
1853 554.077303 50.741557 63.995032 237.959417
1854 554.075115 50.738470 63.992416 237.957193
1855 554.065720 50.708748 63.982962 237.944630
1856 554.059594 50.688757 63.981094 237.942087
1857 554.069059 50.717622 63.995880 237.958713
1858 554.071131 50.738175 63.995880 237.958713
1859 554.072712 50.755618 63.995590 237.958940
1860 554.074261 50.771813 63.995486 237.959054
1861 554.075840 50.787814 63.995471 237.959054
1862 554.074274 50.789619 63.992435 237.957295
1863 554.073562 50.790078 63.991397 237.956568
1864 554.077876 50.811703 63.995880 237.958713
1865 554.079948 50.832256 63.995880 237.958713
1866 554.082020 50.852808 63.995880 237.958713
1867 554.084092 50.873361 63.995880 237.958713
1868 554.086164 50.893914 63.995880 237.958713
1869 554.088236 50.914466 63.995880 237.958713
1870 554.089515 50.929968 63.995404 237.959111
1871 554.091111 50.945794 63.995459 237.959065
1872 554.092854 50.962744 63.995560 237.958986
1873 554.094054 50.976612 63.995270 237.959224
1874 554.092522 50.977718 63.992984 237.957272
1875 554.096043 50.998991 63.995880 237.958713
1876 554.090406 50.981117 63.989374 237.956580
1877 554.084757 50.957342 63.985937 237.949475
1878 554.091138 50.978314 63.995486 237.959031
1879 554.079375 50.936006 63.980804 237.951575
1880 554.072781 50.902487 63.978717 237.946740
1881 554.061425 50.836988 63.972784 237.942053
1882 554.072356 50.851288 63.994290 237.958475
1883 554.074058 50.864571 63.995190 237.959292
1884 554.076475 50.884835 63.995880 237.958713
1885 554.078547 50.905387 63.995880 237.958713
1886 554.080619 50.925940 63.995880 237.958713
1887 554.070603 50.900882 63.984988 237.950349
1888 554.065401 50.876953 63.984741 237.950202
1889 554.059341 50.854403 63.982574 237.948125
1890 554.068066 50.880250 63.995880 237.958713
1891 554.070138 50.900802 63.995880 237.958713
1892 554.072210 50.921355 63.995880 237.958713
1893 554.074282 50.941907 63.995880 237.958713
1894 554.072289 50.944574 63.991693 237.956285
1895 554.071285 50.943110 63.990369 237.956001
1896 554.071944 50.946543 63.991730 237.956239
1897 554.071566 50.951128 63.991537 237.955218
1898 554.071104 50.956314 63.991199 237.954900
1899 554.074567 50.972759 63.995322 237.959190
1900 554.072378 50.971420 63.991791 237.956966
1901 554.069463 50.962704 63.990045 237.955082
1902 554.074453 50.985072 63.995880 237.958713
1903 554.072845 50.986025 63.993701 237.958180
1904 554.071465 50.983160 63.993195 237.957726
1905 554.029931 50.762546 63.965018 237.917971
1906 554.039600 50.766530 63.989883 237.954503
1907 554.043822 50.783797 63.995374 237.959133
1908 554.045095 50.797466 63.995255 237.959235
1909 554.040086 50.770854 63.989719 237.958339
1910 554.044366 50.786055 63.995361 237.959145
1911 554.043276 50.786543 63.993832 237.959111
1912 554.044880 50.797421 63.994992 237.959451
1913 554.045773 50.807311 63.994922 237.959519
1914 554.048260 50.827041 63.995840 237.958747
1915 554.050352 50.847577 63.995880 237.958713
1916 554.052424 50.868129 63.995880 237.958713
1917 554.034977 50.796780 63.979059 237.950088
1918 554.019071 50.637807 63.968112 237.970437
1919 554.034258 50.647629 63.995428 237.959088
1920 554.035897 50.663807 63.995490 237.959042
1921 554.036190 50.671881 63.994711 237.959542
1922 554.038847 50.692020 63.995880 237.958713
1923 554.040919 50.712572 63.995880 237.958713
1924 554.041908 50.726497 63.995236 237.959099
1925 554.040218 50.725884 63.993396 237.957647
1926 554.040051 50.727825 63.993814 237.958566
1927 554.043156 50.748451 63.995880 237.958713
1928 554.045228 50.769004 63.995880 237.958713
1929 554.043256 50.769639 63.992197 237.957476
1930 554.039922 50.763744 63.987247 237.953595
1931 554.033070 50.747838 63.981717 237.946843
1932 553.995968 50.472893 63.959897 237.982398
1933 553.971378 50.190474 63.960632 237.982920
1934 553.988969 50.185566 63.994629 237.959746
1935 553.991666 50.205602 63.995880 237.958713
1936 553.993739 50.226155 63.995880 237.958713
1937 553.995811 50.246707 63.995880 237.958713
1938 553.997883 50.267260 63.995880 237.958713
1939 553.998237 50.251383 63.992905 237.962617
1940 553.982452 50.175358 63.978775 237.946684
1941 553.991734 50.189782 63.994812 237.959848
1942 553.993525 50.204603 63.995401 237.959111
1943 553.994598 50.217104 63.995148 237.959326
1944 553.996670 50.235035 63.995667 237.958895
1945 553.998849 50.255497 63.995880 237.958713
1946 553.992501 50.242219 63.987363 237.953141
1947 553.996610 50.241430 63.993817 237.961142
1948 553.997587 50.225746 63.992996 237.962504
1949 553.991158 50.201505 63.986725 237.953198
1950 553.995177 50.198157 63.993542 237.961085
1951 553.995214 50.189424 63.993286 237.960552
1952 553.983144 50.025606 63.971225 237.976883
1953 553.983668 49.882685 63.974557 237.971310
1954 553.985711 49.845507 63.986343 237.956262
1955 553.987589 49.840593 63.992938 237.958146
1956 553.981229 49.809690 63.984634 237.959950
1957 553.987618 49.821329 63.995105 237.959360
1958 553.988668 49.832615 63.995044 237.959417
1959 553.991158 49.852816 63.995880 237.958713
1960 553.993230 49.873368 63.995880 237.958713
1961 553.995303 49.893921 63.995880 237.958713
1962 553.997375 49.914473 63.995880 237.958713
1963 553.999447 49.935026 63.995880 237.958713
1964 553.993230 49.920760 63.989734 237.953879
1965 553.997512 49.938249 63.995370 237.959133
1966 553.998646 49.951022 63.995175 237.959292
1967 554.000460 49.967415 63.995520 237.959020
1968 554.002288 49.985125 63.995627 237.958929
1969 554.004487 50.005569 63.995880 237.958713
1970 554.006559 50.026122 63.995880 237.958713
1971 554.008631 50.046675 63.995880 237.958713
1972 554.010703 50.067227 63.995880 237.958713
1973 554.012775 50.087780 63.995880 237.958713
1974 554.014848 50.108332 63.995880 237.958713
1975 554.010523 50.081084 63.991101 237.958078
1976 554.009711 50.065343 63.992139 237.959190
1977 554.008744 50.058988 63.992972 237.958305
1978 554.007870 50.055538 63.993274 237.958543
1979 554.006817 50.051742 63.993259 237.958589
1980 554.005293 50.050635 63.991638 237.956376
1981 554.005351 50.053506 63.992581 237.956932
1982 554.004653 50.055169 63.992218 237.956682
1983 554.004095 50.056718 63.992200 237.956671
1984 554.008007 50.078292 63.995880 237.958713
1985 554.010079 50.098845 63.995880 237.958713
1986 554.012151 50.119397 63.995880 237.958713
1987 554.012084 50.128260 63.994614 237.958577
1988 554.012644 50.137249 63.994608 237.958520
1989 554.013372 50.147060 63.994705 237.958611
1990 554.012690 50.149800 63.993906 237.958259
1991 554.012225 50.152240 63.993790 237.957919
1992 554.015070 50.171465 63.995718 237.958850
1993 554.016198 50.185447 63.995270 237.959201
1994 554.017425 50.198458 63.995200 237.959269
1995 554.016328 50.199701 63.993805 237.958407
1996 554.014188 50.192806 63.992773 237.957715
1997 554.013166 50.188675 63.993124 237.958293
1998 554.011739 50.183268 63.992987 237.958101
