2 783.993157 320.187428 198.490798 334.599156
3 791.541622 329.936703 196.584912 330.360994
4 797.890921 341.558180 193.955796 325.658691
5 801.057631 345.541017 190.865735 320.587937
6 806.081751 348.966734 187.719282 315.709073
7 809.524512 352.878804 184.517734 309.805146
8 813.152549 356.408689 181.851788 305.016974
9 818.419875 359.050629 178.665077 301.579060
10 827.536858 363.288395 174.339133 296.941543
11 838.839391 371.781567 168.170669 290.128128
12 846.837317 376.568775 162.050413 285.566166
13 854.763572 382.825283 156.054293 280.122751
14 858.690005 387.777688 151.249085 274.452674
15 862.770706 391.925673 146.726470 269.107389
16 867.301954 395.679082 142.370628 265.689402
17 870.401025 400.416543 138.254080 262.847006
18 871.809967 402.724528 135.242428 259.522582
19 872.851803 405.092528 132.635465 256.806608
20 874.256199 408.021914 130.426519 254.282480
21 876.339420 412.109761 127.790825 251.277271
22 880.812745 414.254278 125.037573 248.512032
23 882.483836 415.856395 123.539463 245.704676
24 883.701787 417.165815 122.232421 242.715123
25 884.432699 418.624182 120.965485 240.448048
26 884.854207 419.446056 119.647622 238.403364
27 885.097996 419.906971 118.521927 236.451573
28 885.771303 421.182581 117.684138 234.990423
29 886.449218 422.187936 116.841197 233.438075
30 886.947312 422.772711 115.883654 231.930553
31 887.632879 423.732458 114.930233 230.411950
32 888.484209 425.045207 113.975626 228.798886
33 889.363886 425.965049 112.923205 227.501169
34 890.326472 426.636870 111.921825 226.535220
35 890.996015 426.869963 111.018338 225.620336
36 891.839928 427.024761 110.525214 224.655683
37 892.795164 427.296891 110.026552 223.816502
38 893.744912 427.504573 109.583496 222.873587
39 894.749324 427.735682 109.112804 221.987332
40 895.622300 427.806282 108.626115 221.169471
41 896.471313 427.889797 108.134051 220.688737
42 897.477390 428.267540 107.728956 220.338871
43 898.347398 428.322975 107.236212 219.855413
44 899.105345 428.207721 106.742516 219.470423
45 899.744380 427.996651 106.262529 219.125077
46 900.302014 427.806720 105.786344 219.057609
47 900.751510 427.454724 105.316478 218.936354
48 901.195425 427.138323 104.811528 218.464747
49 902.031963 427.078944 104.321945 218.021721
50 902.557137 426.823123 103.887596 217.821918
51 902.883284 426.093367 103.378654 217.270330
52 903.043886 424.941276 102.855790 216.858624
53 903.457929 423.748520 102.422235 216.252517
54 903.642071 422.458465 101.974644 215.660666
55 904.121415 421.376030 101.760821 215.086737
56 904.662880 420.607063 101.800358 214.672723
57 905.916074 419.805097 101.879151 214.321635
58 906.934849 419.274033 101.606173 213.913630
59 907.805580 418.809615 101.336494 213.232901
60 908.895203 418.870679 100.799318 213.119026
61 911.298929 419.784794 100.243976 213.783485
62 917.788748 417.273441 98.360353 217.908743
63 921.364814 411.981918 96.153005 221.606292
64 922.851371 410.134011 94.696975 222.647691
65 922.851569 409.053332 94.141279 222.522004
66 921.637383 407.439150 93.781226 221.266170
67 923.951455 405.362561 94.164365 220.085185
68 928.458468 404.489155 95.367706 218.305222
69 933.460260 408.165464 96.336109 217.937849
70 936.687592 412.049756 97.454282 216.503341
71 938.284783 414.597819 98.289637 215.489916
72 950.067902 420.539800 99.987754 213.803818
73 953.766747 427.761176 102.933731 211.756602
74 962.529881 431.901546 104.123100 213.985883
75 961.766608 434.577227 104.742988 213.710963
76 960.247494 438.958118 105.262000 214.497838
77 955.361544 444.177554 105.006349 212.625946
78 952.498136 446.156505 105.203952 209.500888
79 952.813227 446.763466 104.770981 209.332294
80 953.618573 446.820776 104.096014 209.653912
81 954.373290 446.973412 103.879738 209.890331
82 956.427116 447.274831 103.774366 211.049994
83 956.823068 446.906376 103.310506 211.635756
84 958.352457 446.267621 102.903287 213.605331
85 963.455399 444.176883 101.820615 217.996153
86 965.983041 443.390612 100.097296 220.590883
87 967.875858 444.337959 98.430075 221.719668
88 969.119248 444.881327 96.441123 223.950801
89 970.103663 444.106912 94.513445 226.619510
90 972.570187 442.833692 93.168658 229.799236
91 973.288231 442.680610 92.532557 229.243797
92 975.578265 444.285777 92.154320 228.307179
93 976.151892 447.158931 91.538158 226.643945
94 975.383582 450.215212 90.987205 224.224209
95 974.613694 452.548049 89.673327 221.153116
96 974.950112 455.742523 89.013758 218.099308
97 975.069444 457.250690 88.780373 215.416425
98 975.662908 459.082540 88.464515 212.603456
99 975.955770 460.608994 88.397496 210.380259
100 976.370090 462.664605 88.827730 207.761791
101 976.741709 463.745389 89.522257 206.224650
102 977.101670 465.778700 90.818293 203.643998
103 978.335986 462.575838 91.931344 202.352554
104 979.260158 460.967513 92.559203 200.448883
105 983.437972 461.360170 95.046588 196.060303
106 985.214949 460.382167 95.609259 194.259753
107 989.928525 460.566498 96.558101 192.988454
108 992.765578 466.235715 97.002169 194.345288
109 997.955707 473.121997 96.882284 198.102274
110 1018.126615 470.150230 96.857087 208.943684
111 1034.406138 454.631878 97.446029 216.927143
112 1034.965745 453.880769 97.275106 218.610236
113 1042.614280 453.470745 97.950206 225.355865
114 1045.516854 456.206573 98.551447 226.469354
115 1045.863774 457.740805 98.762351 224.448763
116 1045.408445 460.079922 98.016081 221.513885
117 1044.558407 461.868187 97.216953 219.111118
118 1043.480097 463.819882 96.297406 216.786017
119 1042.008811 465.600146 95.289250 214.391470
120 1041.217922 465.482292 94.484517 212.682661
121 1041.109689 466.243727 93.715671 212.068870
122 1041.131052 466.218567 93.209888 211.469627
123 1041.985230 466.478136 92.862525 210.931321
124 1044.257739 467.635232 92.510267 211.033645
125 1047.069530 468.024749 93.231583 211.700028
126 1053.534973 469.421946 96.299857 212.496016
127 1053.604850 469.238032 97.063792 212.053357
128 1053.066103 469.128218 97.281950 211.956913
129 1052.008719 469.167715 96.950804 211.521362
130 1049.744579 469.593575 96.172040 211.241475
131 1048.102612 469.380609 95.552974 210.926601
132 1047.745767 469.227533 95.347517 211.294493
133 1045.368620 470.457710 94.594564 212.952528
134 1043.194276 468.761543 94.260879 217.029258
135 1039.448661 468.806488 93.169530 220.523757
136 1036.683122 468.963604 91.504221 222.547910
137 1037.048844 470.104435 90.491204 221.919990
138 1037.989925 472.962069 88.692932 219.952720
139 1039.471979 477.970367 87.375904 216.894217
140 1040.745224 481.183055 86.181132 213.511572
141 1042.866383 484.362846 85.369531 210.105135
142 1047.228658 489.178165 84.888432 204.917457
143 1049.991161 491.278389 84.698732 201.006758
144 1051.314029 492.434423 84.457628 198.585841
145 1052.237212 493.855371 84.045333 195.403030
146 1052.790035 494.344599 83.836197 193.589860
147 1053.795669 495.606999 83.567533 192.074701
148 1053.024828 497.922106 83.617842 189.797026
149 1052.695056 499.130659 83.773437 188.715015
150 1052.527381 503.734409 84.432659 186.304814
151 1051.851488 511.308091 86.233732 180.921253
152 1062.473082 515.768464 90.483026 173.563157
153 1102.082707 506.934472 96.130047 171.968629
154 1131.481496 513.787913 100.117075 166.875149
155 1134.435525 516.997499 104.899683 163.242191
156 1137.250328 522.339727 105.579621 160.273031
157 1141.800658 538.809761 105.747564 154.037523
158 1139.669335 545.346353 106.615888 151.562326
159 1146.888476 552.652777 106.096872 152.799895
160 1146.921023 552.453738 107.413101 153.392693
161 1145.295755 551.939724 109.799944 153.911265
162 1141.084100 549.992914 114.059902 154.105861
163 1134.365407 545.356856 119.937837 154.912508
164 1121.284437 531.503091 128.273661 157.626228
165 1107.657614 522.153828 138.527071 158.359479
166 1090.735345 514.113210 148.785587 156.145724
167 1073.354303 508.514894 159.773177 156.023325
168 1040.667864 503.729408 175.588486 155.317201
169 1017.875772 492.120500 192.532361 163.697815
170 1012.407596 489.026669 209.981435 175.216451
171 1009.032229 486.175076 221.389727 180.584520
172 993.918239 492.167750 223.635815 183.357835
173 985.963366 485.180011 223.405679 191.042030
174 984.903605 485.762437 223.412685 194.312773
175 984.229333 485.183066 222.868544 197.585240
176 971.014582 495.905297 221.614991 193.928756
177 961.446125 499.496939 223.268283 190.299984
178 934.930542 497.183059 235.427358 186.049390
179 916.131844 495.166044 243.127244 181.326934
180 913.449752 494.059074 241.108834 180.051030
181 904.894433 489.915086 235.091973 182.397652
182 899.587494 487.668851 228.361734 181.993728
183 891.764469 486.071518 221.539776 180.742868
184 881.839405 487.025469 215.985580 178.607288
185 873.387475 486.792325 210.547029 177.047531
186 866.415670 482.989280 205.709184 179.135582
187 864.806040 480.968292 203.041369 180.243694
188 861.005474 478.172566 200.348259 183.629636
189 859.356654 475.943092 198.337243 184.777324
190 855.807648 474.196801 196.141381 184.833133
191 850.034544 472.790647 194.329877 185.288683
192 846.597936 471.098598 192.860587 186.689060
193 840.136682 470.323461 190.968585 187.861448
194 839.189835 469.921713 189.813217 187.447704
195 839.230534 470.051654 189.063912 186.922082
196 840.390371 470.987291 188.639441 186.682453
197 840.560124 472.626432 188.375291 186.460771
198 840.087688 473.417507 188.002907 185.499723
199 839.484244 473.521604 187.831732 184.733826
200 839.154727 473.430643 187.336185 184.049097
201 838.475576 473.524561 186.614826 183.524227
202 837.159957 473.658680 186.041055 183.021010
203 836.023943 473.765526 185.705392 182.473244
204 835.512543 474.121582 185.501136 181.303646
205 836.384209 474.123433 185.316018 180.141073
206 838.238022 474.212421 184.979196 179.032694
207 841.034338 474.557549 184.757938 177.970843
208 844.396162 474.024654 184.894751 177.261281
209 847.811123 472.684133 185.052126 177.197180
210 852.873579 470.574491 185.480257 177.462183
211 856.357613 469.478379 185.181020 177.166448
212 858.937433 467.923767 185.362950 177.440254
213 861.496457 465.805487 185.928247 177.734068
214 862.188839 464.114242 186.965365 178.243190
215 862.067000 461.695134 188.199638 178.295425
216 861.586161 459.724452 189.615368 177.647007
217 860.766069 458.425421 191.111397 177.208615
218 859.205090 456.874507 193.028949 176.865574
219 857.009317 454.047748 194.787581 176.607092
220 852.834680 451.823065 196.111680 175.712070
221 847.829510 448.491495 196.982285 174.742929
222 845.758116 446.921085 197.473085 174.138540
223 844.215119 445.941021 197.660870 173.664183
224 844.484215 444.956290 198.596733 173.123334
225 845.233557 443.083134 200.403451 173.268030
226 842.420071 440.315538 200.880330 173.423689
227 841.915872 440.331902 201.067541 172.593927
228 842.716928 441.335209 202.312408 171.605104
229 840.444552 442.170922 204.243672 169.505861
230 833.583731 443.087307 208.531956 166.805561
231 799.030056 449.473759 220.521174 160.013400
232 753.651083 457.757580 225.859161 153.360709
233 739.261708 465.307806 227.519672 148.914042
234 730.629727 475.216740 228.780134 144.290108
235 728.638571 476.318443 230.273320 142.439712
236 728.669544 476.216936 231.923853 140.856422
237 730.536888 475.965369 233.508920 141.129399
238 719.635240 474.264565 229.322593 142.716022
239 712.500197 470.414811 227.449007 146.443023
240 711.786550 467.249091 226.924750 149.918491
241 708.265870 458.139786 227.924625 158.828652
242 706.343889 456.151726 231.231157 163.506523
243 704.613507 454.994125 234.462301 166.588963
244 703.550347 453.236202 235.114699 168.624401
245 703.030911 450.122737 235.551611 170.510252
246 702.284425 451.282357 234.587850 168.646625
247 702.018248 453.113570 234.011234 166.824136
248 704.312138 456.737457 230.677927 163.565002
249 707.648109 464.425220 225.025134 161.504245
250 713.087763 473.220114 219.748274 159.616849
251 717.274813 476.218528 215.302674 160.420181
252 719.432148 475.465310 211.896910 161.402875
253 722.591295 473.350476 207.695196 164.531059
254 724.911183 470.585634 204.644450 168.234843
255 725.856416 467.778522 201.629730 171.374946
256 725.138416 460.871236 197.753000 179.482497
257 723.816337 457.906735 195.152264 183.561524
258 720.038418 449.060580 192.853260 192.186433
259 715.189982 440.821916 191.499412 195.350987
260 708.134236 431.116733 189.264078 195.537895
261 704.157758 429.007564 186.948071 193.094719
262 697.871499 426.615786 184.867427 192.080503
263 683.342017 420.827762 181.443194 194.610269
264 682.228351 414.366180 176.866997 199.174204
265 684.897619 413.259363 172.453768 200.060129
266 686.739898 412.095098 168.562128 201.247504
267 687.132536 411.167732 165.346295 203.513403
268 686.585483 411.784896 162.948099 203.926013
269 685.536869 412.530138 160.556771 204.138159
270 683.077272 414.020582 158.683910 204.408201
271 681.095030 415.664840 156.688731 204.142244
272 679.941880 416.100851 155.362984 203.817203
273 678.797858 416.985263 154.114942 203.534842
274 678.169843 417.972169 153.464115 204.003171
275 678.476040 418.888958 153.202069 205.271095
276 679.178005 420.631897 153.546771 205.507869
277 678.708380 423.280758 154.321100 204.631943
278 672.906421 434.354356 158.279546 197.044230
279 669.935630 440.005931 165.697865 191.759354
280 662.499084 446.370983 176.128915 183.333170
281 655.583167 451.195898 184.157971 177.055373
282 638.407511 460.782659 192.892866 168.164329
283 597.870847 471.871942 200.875872 162.355330
284 597.134058 471.591344 200.128229 161.999704
285 588.245275 473.203202 196.676062 159.982354
286 582.819435 475.625279 192.430279 158.061417
287 566.370165 481.055003 186.304336 154.916263
288 555.420287 480.576015 184.488356 156.854514
289 558.913601 481.176088 181.988571 156.898103
290 561.715126 481.195669 179.455465 155.493134
291 562.083982 482.138671 179.866600 152.146226
292 558.159349 481.618253 180.450525 149.349303
293 556.486158 481.776395 179.972457 147.656642
294 509.929734 482.596326 185.264846 146.931831
295 473.089420 480.702446 183.981434 147.408360
296 465.485025 478.280151 179.700152 153.964800
297 465.179566 476.978991 179.311140 153.893236
298 465.693167 474.688945 181.597995 154.569098
299 467.800040 470.264903 186.439471 154.750333
300 470.050454 465.924427 192.718537 154.440230
301 471.022691 465.369082 194.969046 154.559409
302 471.965630 465.083295 195.424441 155.568920
303 472.445746 463.506520 195.167870 157.338379
304 473.919189 458.984428 193.847926 161.050410
305 475.200742 451.996911 191.767330 166.871145
306 476.281255 441.970245 189.785687 175.430118
307 476.923834 435.102159 187.616031 181.554529
308 477.239556 427.944223 185.327572 187.254021
309 477.172401 422.528853 182.649938 191.954818
310 477.675011 420.091624 180.710947 193.591168
311 477.077992 416.585792 178.614296 196.625221
312 475.952195 413.706339 176.473202 198.679996
313 474.642942 411.720001 174.142579 199.355792
314 473.453786 410.574986 172.197391 198.558071
315 471.448503 409.891074 170.222746 198.127348
316 469.635149 409.273017 168.468636 197.561722
317 466.859044 408.482571 166.314319 197.869954
318 462.883950 407.230409 164.018504 199.016761
319 455.903232 405.030143 160.914905 201.986844
320 453.603518 400.651144 158.331601 204.954881
321 452.236780 397.500598 156.618521 206.618542
322 451.787707 391.673936 155.265369 210.845479
323 450.750098 380.180230 154.774349 217.150984
324 449.939605 374.916502 154.720806 221.547001
325 449.966158 365.673180 154.510400 231.313829
326 451.015857 355.058638 153.997348 242.675319
327 451.853217 347.298617 151.719115 252.947446
328 446.828876 334.728241 146.520322 269.877098
329 439.600254 314.709662 139.815761 293.291162
330 436.848744 301.739681 137.761818 306.052716
331 435.079254 297.943320 138.088223 307.126182
332 438.193174 286.657644 138.914314 312.316638
333 437.669870 274.754472 140.785785 317.703113
334 433.468284 263.284141 142.212579 325.708432
335 420.942046 236.217225 144.223874 333.254583
336 419.314305 202.154709 145.218107 344.203087
337 426.529613 149.127974 144.579836 355.342118
338 424.467895 137.402170 143.524267 353.673046
339 423.601704 138.301938 145.268811 346.143812
340 416.318657 148.748444 147.653001 338.332908
341 411.382384 158.885728 148.494060 333.719635
342 406.280475 160.553662 148.911061 330.838554
343 404.900574 162.216615 148.648835 328.862861
344 403.557241 170.752877 148.957463 328.152004
345 403.074121 177.892575 148.656977 327.566294
346 405.325286 200.582150 149.072498 327.176994
347 409.292690 226.062643 148.914205 330.423955
348 411.049347 252.792776 147.251682 335.290138
349 413.082174 252.999310 145.700827 338.397009
350 415.218400 252.418532 144.369653 339.827721
351 418.093871 250.776131 142.656425 340.480375
352 425.905184 246.281262 140.954321 340.468972
353 433.440372 248.309282 138.721660 340.741288
354 439.371710 255.623948 135.455041 342.240405
355 440.385452 259.792585 133.332241 339.465559
356 461.003625 266.829807 132.643186 336.916490
357 475.848770 286.201763 132.186584 325.068349
358 472.352465 306.654383 132.025555 309.082439
359 468.230753 320.017568 133.466548 290.459204
360 465.019559 347.742635 135.929766 270.745118
361 460.756383 365.269314 135.830489 250.058969
362 460.595682 378.528599 136.247389 234.215790
363 460.661839 384.102502 136.115205 223.513113
364 461.009895 386.087401 135.632393 218.715372
365 461.295649 386.353106 135.553437 216.648672
366 461.886584 385.580724 135.712929 216.039206
367 460.803063 374.325291 135.143742 218.962429
368 462.138654 370.130497 133.336124 222.793323
369 463.727492 361.236730 130.310867 230.230142
370 464.183935 351.695944 127.006251 239.410075
371 459.722892 340.547748 123.894535 249.499377
372 440.668988 317.297618 121.108597 257.153194
373 439.419391 316.440592 121.063072 257.693571
374 433.454399 290.628357 122.224498 260.382169
375 431.529270 292.306144 121.237582 262.193599
376 431.535981 292.874420 119.936854 267.788535
377 433.721853 291.902607 117.617048 277.167210
378 433.758595 293.049921 116.339466 278.669716
379 434.038731 293.978113 114.487751 284.164093
380 433.737207 287.352232 113.041265 287.526009
381 433.381250 284.986347 112.359589 289.762619
382 432.200677 280.910534 111.373429 294.058904
383 432.381138 277.846767 110.886858 297.354407
384 434.652149 273.503860 110.292711 300.955573
385 438.625785 269.835108 110.021950 304.912171
386 443.305666 267.418897 110.584163 308.401180
387 450.407159 259.019991 111.593667 312.582055
388 464.190653 250.804919 111.913301 315.841168
389 473.723469 228.817034 111.096150 317.702585
390 489.988498 211.819809 110.075121 317.604917
391 508.870491 205.689412 109.249106 315.710475
392 527.681016 209.460121 108.581290 318.435510
393 543.288705 212.446197 107.355919 321.851951
394 551.428105 236.588308 105.558374 322.284344
395 554.564682 256.335731 103.118788 321.183443
396 555.678947 228.102635 100.276902 334.109429
397 558.399027 231.476668 98.998671 334.157549
398 560.017580 234.325821 98.010728 331.621515
399 560.567596 234.952901 97.894980 329.288357
400 561.971314 235.208818 97.794939 326.482756
401 563.498615 238.463489 97.943859 322.798783
402 564.693937 241.614787 98.290324 320.041507
403 565.696948 244.667453 99.151673 319.456456
404 566.524120 245.755397 99.417018 319.165197
405 567.934194 246.312570 98.875017 319.207672
406 568.368378 245.666486 98.280562 319.005717
407 568.503460 244.470512 97.655263 318.465242
408 569.114857 243.403095 97.364359 316.733873
409 574.171694 249.942314 98.087766 316.049386
410 574.055090 255.824411 98.801049 316.839311
411 571.742309 274.441820 99.740190 314.930776
412 571.424931 279.050720 99.810658 311.124038
413 571.990908 280.599205 99.439278 311.012375
414 567.716221 286.895112 98.949592 309.832356
415 562.327244 296.529819 98.426951 305.837432
416 560.388421 297.081407 97.935998 304.466463
417 558.100130 295.580882 97.534826 303.796042
418 556.201103 296.748596 97.324410 302.139632
419 556.050024 297.552993 97.079539 301.479493
420 556.252375 298.595518 97.081831 300.738096
421 556.005237 299.055020 97.214244 300.335480
422 555.362704 302.111513 97.149593 298.779751
423 553.302893 306.320563 97.088266 296.837461
424 551.083687 310.846072 97.014288 295.220551
425 549.632955 316.919999 96.825267 291.260298
426 549.183979 322.784513 96.524730 287.240920
427 549.462613 322.289317 96.448847 285.562127
428 548.829787 326.764776 95.844257 282.923998
429 547.262675 324.435803 95.213113 284.298993
430 545.219573 325.662218 93.884136 284.959088
431 540.918292 324.761486 92.438458 284.005018
432 538.841160 333.403058 91.118185 280.488040
433 537.448054 334.411168 90.011040 278.024637
434 536.635474 322.453877 89.426818 279.850806
435 536.603415 307.059615 88.962774 281.073977
436 536.297636 306.767722 88.458570 281.085861
437 535.615573 306.127399 87.952568 280.757898
438 535.291821 305.483294 87.426233 280.129767
439 535.250532 304.723687 86.904167 279.509748
440 536.011440 298.890250 86.810954 280.039814
441 535.776806 291.889799 86.432944 279.630874
442 535.036856 287.465164 87.684680 279.874269
443 533.223531 290.157956 88.701310 278.097513
444 532.925332 280.726095 90.136686 276.555754
445 523.413718 302.509883 93.062993 269.736944
446 519.935053 308.691342 93.145956 268.029671
447 516.850164 310.196674 92.881625 266.140802
448 515.132116 310.227771 92.961929 264.297525
449 516.694631 307.637130 93.586443 260.169174
450 514.859337 307.083196 95.658785 251.343722
451 514.966618 297.048218 98.165323 244.876304
452 516.365272 294.813296 99.795550 240.766527
453 521.115806 288.743240 102.596097 237.936810
454 519.753553 287.837760 106.670036 232.072890
455 517.276132 288.593121 109.414601 227.289151
456 512.397224 290.585693 110.979746 223.469192
457 505.264010 294.949994 111.696111 220.721351
458 502.728844 294.661018 112.428485 220.543816
459 500.211616 293.939574 112.497302 220.717463
460 499.315412 293.972480 112.244310 220.107813
461 498.803003 294.352825 112.346041 219.669416
462 498.192993 294.824920 112.653165 219.251802
463 498.034710 295.100041 112.934037 218.670702
464 498.012386 294.593598 112.714972 218.166315
465 498.256458 293.864645 113.072774 218.307876
