5 148.007257 87.830271 36.443043 65.101224
6 151.686164 93.300612 34.874213 61.867540
7 153.789478 98.353105 34.163652 55.774596
8 157.597188 99.053649 33.687940 53.526651
9 160.668556 98.577400 33.616708 54.045725
10 161.356543 100.476184 33.382808 53.279561
11 161.781459 102.165715 33.073675 52.814622
12 162.261803 102.974254 32.967045 53.089050
13 162.866488 102.791536 32.756041 53.437876
14 165.863023 99.647633 32.282279 54.523197
15 165.876966 98.391504 32.447709 54.570572
16 159.832979 92.231973 32.351679 52.479200
17 157.409118 89.145378 30.743003 56.605538
18 156.445414 83.582903 30.752787 58.122030
19 155.727541 53.338287 31.114489 60.768358
20 151.928059 48.702887 31.734195 60.471313
21 146.202659 46.972124 34.393776 60.096927
22 140.527509 44.135024 35.729505 60.178369
23 134.505253 41.795556 35.119497 59.146116
24 129.526988 40.724620 33.195517 61.706277
25 129.661546 40.907411 33.474630 62.005354
26 128.947281 41.263584 33.339429 63.765508
27 128.619570 39.011796 33.254853 65.737692
28 130.666783 34.634920 32.700937 66.114958
29 139.609855 38.601814 34.146032 66.542925
30 145.414862 43.563851 34.290082 68.839942
31 150.952672 49.172975 34.428965 72.625070
32 157.545279 59.455741 34.614197 74.363094
33 159.578303 70.750580 35.153932 75.446337
34 161.874939 90.088811 35.861823 77.250947
35 164.695176 101.314066 36.183561 77.211515
36 164.097844 92.747799 35.883473 79.165224
37 163.870796 79.537184 35.628333 81.496187
38 161.229898 67.149280 39.048993 77.413679
39 159.624667 41.829338 40.064091 75.570342
40 158.912857 37.218992 40.640575 73.473504
41 159.066257 37.082559 41.018997 73.282320
42 159.182799 36.881228 41.491251 73.121424
43 159.014792 35.524247 41.237821 71.400295
44 155.859187 51.424306 41.941813 67.804226
45 157.910457 63.635588 41.817999 69.104808
46 157.915162 76.155297 40.157860 71.322621
47 158.228210 86.413210 38.740705 77.474819
48 158.935947 90.644373 38.061005 79.077038
49 157.530420 74.493449 37.061656 79.019263
50 157.412592 76.142921 37.143728 71.086026
51 157.315215 75.509972 37.758436 69.287595
52 154.507000 70.614485 37.508897 64.081361
53 153.869524 73.051495 37.854601 62.813756
54 154.613699 94.253975 37.270766 63.437135
55 153.704330 105.586462 37.285413 60.282815
56 154.455188 120.682799 36.869933 59.726816
57 155.410364 134.134569 35.621044 62.872719
58 156.362151 142.106038 35.098192 66.684136
59 155.771731 129.668352 34.843309 70.584314
60 155.395837 118.813738 34.685707 70.172495
61 153.775166 105.078182 35.908108 66.199343
62 152.290646 93.261663 36.652713 63.310963
63 150.491803 91.225147 36.727241 56.119098
64 146.896571 88.942950 35.956152 53.615004
65 146.816511 92.276315 35.220898 54.057034
66 146.122711 101.968608 34.107319 53.666842
67 144.546626 111.734121 33.738423 53.396490
68 145.057943 124.168378 33.485405 54.716788
69 140.332259 126.227237 34.271865 55.889637
70 135.037532 114.898410 36.195574 57.115885
71 130.878855 88.312344 36.441837 59.754135
72 131.058298 64.957949 36.208832 61.806543
73 126.197542 57.758846 36.702083 59.527031
74 121.095865 55.628666 35.443097 55.602811
75 119.653229 59.393011 35.521705 54.424730
76 118.663754 72.065442 35.848380 56.149874
77 117.823421 87.505683 36.932485 53.343687
78 119.150996 105.388329 37.309311 51.443392
79 120.428751 130.308735 36.446085 52.272311
80 120.661002 125.948857 35.876847 55.045332
81 121.795944 122.919665 35.632090 55.107077
82 128.740597 84.536315 36.617033 55.619347
83 134.542723 75.448626 37.097784 55.271416
84 139.894922 54.185218 38.122961 57.204120
85 144.913962 55.079337 38.929384 57.574501
86 149.544755 58.658733 38.868068 58.031758
87 152.216232 63.503006 38.048984 61.493873
88 154.861335 72.160839 39.140175 61.608284
89 167.484310 93.172937 39.240159 62.623254
90 169.455404 101.491311 37.935921 58.277556
91 171.658373 95.549868 36.494383 57.821618
92 173.717603 76.531194 34.302090 60.256450
93 174.020272 67.740225 34.475281 56.604365
94 178.697245 53.144720 35.144534 56.140534
95 178.752712 54.459719 35.244615 55.082298
96 177.945534 59.927816 34.853706 55.507077
97 178.446303 68.849702 35.662760 56.562309
98 177.403328 86.539371 36.931570 56.710498
99 176.828857 121.420465 37.455228 57.359305
100 172.276524 127.628219 36.442072 53.387263
101 170.949964 117.088852 34.631619 58.322191
102 168.024847 99.638570 33.641568 61.414337
103 163.580451 91.308879 34.472172 58.516369
104 158.884184 76.212629 34.689846 58.419843
105 158.808507 76.274900 34.773484 58.104968
106 155.326066 77.804005 34.699614 58.144696
107 154.580311 86.890360 34.746596 56.393129
108 153.690821 98.150768 34.722671 54.653675
109 150.694492 118.230095 35.183414 54.421726
110 143.348623 110.369558 37.118537 58.244398
111 137.244555 90.884286 39.232233 66.012479
112 133.360729 77.753674 38.487420 64.494236
113 131.621353 68.467768 36.965443 61.575489
114 126.393901 62.400689 36.480541 59.348884
115 123.100146 62.949100 35.887354 59.318083
116 120.194014 70.459299 36.142481 53.526060
117 119.677636 82.896418 35.988762 55.628349
118 119.505834 95.096196 35.867932 59.899502
119 121.539343 110.140153 36.006010 58.783135
120 120.966058 107.846284 35.511080 57.750993
121 119.913166 90.987682 34.800986 61.053062
122 121.451022 79.687388 34.142886 61.037657
123 124.723465 74.106427 34.540750 58.979196
124 129.138501 71.589966 34.786515 56.065079
125 130.212320 76.779228 34.676253 57.336527
126 132.404492 87.075366 36.115374 56.651568
127 137.971842 98.537768 37.643930 57.413923
128 145.004447 115.266440 37.333968 59.330942
129 156.115251 127.365018 37.864577 57.886750
130 160.431769 118.620441 36.597461 57.267804
131 165.063704 100.206876 36.065247 59.760032
132 169.537400 89.068101 34.635948 60.348877
133 170.666718 78.858005 34.269279 59.122063
134 173.223675 68.496904 33.886540 58.760256
135 173.185750 68.970227 33.928963 58.979840
136 169.968841 79.015859 34.415568 55.410168
137 167.552576 90.405275 34.345054 56.985503
138 165.175089 103.833458 34.076875 57.745069
139 161.328379 115.145876 33.547453 57.882095
140 161.133341 103.815807 33.810938 61.020314
141 160.127475 84.695379 32.997206 63.550457
142 160.840141 76.639447 33.631823 60.635440
143 159.739941 69.809958 33.625753 59.187166
144 159.261657 65.840838 33.280676 56.614612
145 158.443435 66.900954 33.442158 56.965783
146 155.453742 77.472531 33.927333 53.640753
147 153.529783 89.901552 33.776857 53.800593
148 151.900097 98.999303 33.993376 55.829607
149 151.750359 106.127800 33.892322 55.042018
150 149.886482 88.273786 34.608131 62.000267
151 147.143835 70.715219 35.204274 63.422044
152 143.953845 66.438384 35.017040 58.267480
153 136.886569 62.432682 35.731357 56.112653
154 125.212958 74.572042 35.838483 56.056783
155 121.092683 82.823235 35.749851 57.031918
156 118.940230 99.044221 35.801549 55.507579
157 117.064426 114.359022 35.588260 52.922274
158 116.336717 131.005269 35.154092 54.231694
159 117.427646 138.455312 36.091971 53.750714
160 117.712381 132.903190 35.216736 61.451874
161 118.765552 109.306379 34.703515 61.011600
162 121.664790 105.707395 35.755313 57.897883
163 127.763255 103.807367 36.421032 53.052491
164 137.496515 103.022922 35.958543 55.229547
165 141.611340 109.074559 35.898528 56.651072
166 147.691643 116.733078 37.525175 58.642188
167 154.482873 130.952618 37.299280 59.255136
168 158.882858 146.121359 37.596302 61.007701
169 167.632380 144.105505 37.149985 58.568220
170 171.524555 124.818329 35.437376 62.917876
171 175.012008 115.774555 35.549827 59.145213
172 179.784597 100.463475 37.851025 57.228946
173 186.284192 97.910169 36.744851 57.662324
174 190.540939 95.107501 35.377390 57.925313
175 191.605711 100.638092 35.265834 57.106818
176 191.395033 109.601297 34.349954 56.849220
177 185.205860 124.621515 35.065169 52.577952
178 178.813150 138.302510 36.072739 52.089841
179 163.333102 138.644725 36.663940 58.556123
180 152.546517 117.239857 37.725558 59.495321
181 146.307352 81.253641 37.883676 60.997830
182 143.721312 72.309740 36.681929 59.395671
183 140.285902 63.121181 36.292220 57.499132
184 135.814407 58.287367 35.087719 54.259815
185 135.331599 64.359717 34.582873 54.427141
186 135.701281 73.753225 34.722510 54.350587
187 137.652815 90.981531 34.659558 54.174282
188 137.950388 104.813899 34.333446 55.622814
189 140.219033 96.974074 33.768472 54.595952
190 139.547098 86.383674 33.330730 53.933804
191 142.412725 80.706626 33.134463 53.464800
192 143.093488 75.325554 33.365735 53.239655
193 146.597839 75.596102 33.303775 54.346606
194 155.074919 84.822319 32.833991 58.651632
195 155.705053 96.907467 32.653261 55.828191
196 155.495205 112.716925 34.490729 53.544916
197 156.340999 133.555280 34.033290 53.692642
198 156.928013 147.184425 33.166184 52.765439
199 157.577068 140.990440 33.344680 52.823596
200 158.407369 123.153044 32.408463 54.401320
201 157.356973 119.372091 32.114467 51.140463
202 157.499597 119.292175 32.445196 51.381171
203 157.363645 119.197234 32.430373 51.517637
204 156.862506 131.679558 31.975317 52.577513
205 156.250748 141.246259 33.976825 54.749010
206 154.269499 156.209301 33.988590 51.969418
207 156.330045 175.366028 34.400715 51.274602
208 158.098017 195.597143 33.646026 52.054205
209 159.474364 187.408190 33.468350 53.937802
210 160.881704 164.538163 32.058812 56.028494
211 160.134588 157.107767 32.213354 56.704099
212 159.000861 138.799332 31.419945 59.867555
213 158.298648 129.333736 31.654845 59.720043
214 159.068186 119.082198 30.802176 57.123357
215 158.476060 121.361319 31.297593 55.784741
216 157.608798 125.670530 32.298267 56.273742
217 158.771618 136.676287 32.204346 56.583278
218 159.721802 147.912232 32.501458 55.650505
219 161.374188 147.122735 36.150291 58.626146
220 155.161251 106.621086 36.588274 59.103424
221 158.099776 78.416683 35.471312 63.258715
222 158.632457 65.878115 35.046198 61.689782
223 158.007620 61.412303 34.388519 56.900434
224 157.428086 63.470792 33.538535 56.294909
225 155.651353 72.343566 33.266493 55.619348
226 153.538190 85.109742 34.579877 51.750407
227 152.485217 109.117952 36.068724 51.459814
228 155.390724 121.114365 34.376221 51.935690
229 148.403969 102.879682 36.017670 55.069825
230 147.726240 93.051006 33.358317 56.290099
231 144.633430 82.478845 32.230273 56.220339
232 141.851129 75.513650 32.653253 54.609051
233 138.487374 75.032215 33.356196 53.930282
234 135.852785 83.272852 33.660106 53.387869
235 133.794329 95.308400 34.172514 52.181393
236 133.357878 108.748740 34.649068 53.215555
237 133.522388 118.954180 34.529093 52.771761
238 137.356854 119.270650 34.698506 52.276073
239 143.730614 89.617997 33.714149 54.526278
240 144.850765 82.419300 33.114216 52.841667
241 145.753716 77.451926 33.104917 53.005466
242 151.032147 70.407962 32.845141 54.411258
243 158.199770 69.892182 32.767506 55.290271
244 161.859384 82.350341 34.475888 57.457386
245 165.656202 95.899419 35.085250 57.560767
246 172.159021 108.250545 37.828931 55.891348
247 177.334978 114.163793 35.774052 51.581042
248 178.090994 104.881445 35.425382 56.795399
249 182.617327 73.953124 35.214683 57.402619
250 182.629373 69.453170 34.022967 53.470321
251 183.033022 65.861639 34.005176 53.295773
252 183.316266 65.937831 34.471236 53.473635
253 186.336037 65.530399 33.155275 54.424656
254 190.292147 77.604378 34.255053 55.480542
255 193.019591 93.961531 35.005101 54.462098
256 195.886803 104.736224 35.679669 55.149467
257 198.475631 106.074927 35.188811 55.032786
258 199.337986 105.361789 35.407123 55.985099
259 202.201160 70.619982 34.665951 56.794077
260 200.733075 66.851622 34.247441 53.116247
261 195.726326 64.053928 34.103210 53.357188
262 189.325767 64.168554 34.315867 53.185197
263 183.570125 69.247846 34.703537 51.877838
264 177.551146 88.353503 35.553510 51.972993
265 173.964155 97.942950 35.443380 53.439314
266 173.107071 106.687135 34.478189 52.640450
267 169.342767 108.429213 33.549049 53.026410
268 166.278595 95.201770 32.882478 58.866384
269 163.715464 68.179629 32.453555 60.335439
270 161.210078 66.454986 32.666858 52.877760
271 159.192635 65.649190 32.776752 52.476005
272 156.875489 66.402801 32.844282 53.520326
273 157.139783 73.231917 32.488545 53.917783
274 152.738319 96.881561 33.670529 52.861355
275 151.022506 111.541699 33.553713 53.562710
276 148.593913 118.996374 33.730627 52.257616
277 145.153982 120.349234 34.169722 51.352972
278 134.958725 106.973088 37.007949 54.977866
279 114.882005 91.251776 37.559357 55.013050
280 115.263348 82.064388 35.125120 55.884478
281 114.394698 78.122573 33.874912 55.775282
282 112.168243 78.866565 33.706593 55.989391
283 111.456352 87.869982 33.333527 54.365837
284 116.580331 107.647138 34.726847 53.287750
285 118.682308 120.164807 34.741154 54.276288
286 123.372897 123.572305 35.507174 52.302518
287 130.579008 116.767058 35.927995 53.193841
288 138.255861 93.449529 34.942405 55.153140
289 144.142221 69.395620 33.869916 56.487079
290 148.151083 61.535674 33.473891 53.566441
291 152.697268 56.385868 32.405628 53.572741
292 157.252564 56.889898 31.775007 53.623104
293 162.580711 62.817416 32.022050 54.247033
294 165.190791 85.532229 34.102540 52.684265
295 164.322042 99.884998 34.331653 52.093291
296 164.972198 106.540633 32.361645 51.859431
297 165.027459 106.575011 32.505932 52.086028
298 162.513888 90.851599 33.221800 54.978230
299 163.704422 61.586645 32.152810 56.044672
300 162.130423 61.007864 32.031574 51.565071
301 159.788722 60.210450 31.716622 52.298714
302 159.698002 61.507876 31.708452 52.626767
303 155.807692 68.083620 33.586768 52.726027
304 146.711411 93.578599 34.242335 52.910131
305 146.203694 104.587417 33.906396 52.932086
306 144.474715 110.071775 32.705581 51.209488
307 143.000773 106.193167 32.773676 51.604957
308 141.079551 89.642163 32.462084 52.387129
309 142.450625 82.491827 31.551379 51.136338
310 142.671042 81.531882 32.088611 55.265006
311 145.292830 86.695679 31.634132 57.409768
