74 471.465275 461.744967 56.993800 227.465167
75 471.468649 461.762351 56.993800 227.465167
76 471.480139 461.816174 56.995235 227.461381
77 471.597598 462.114734 57.003324 227.457476
78 471.992502 462.311908 57.425521 227.474485
79 472.458117 462.934651 57.332234 227.446042
80 472.898575 463.440224 57.347311 227.599976
81 473.333097 464.228699 57.305564 228.019754
82 474.581353 465.182612 57.342908 228.286346
83 474.694805 465.324992 57.485191 228.468762
84 474.763160 465.345525 57.480506 228.475496
85 474.782051 465.412964 57.495632 228.457583
86 474.787999 465.461248 57.495342 228.461113
87 474.807385 465.591643 57.492753 228.455970
88 475.315006 466.755846 57.447184 228.185734
89 475.366101 467.085121 57.494708 228.402821
90 475.479815 467.670913 57.488701 228.227759
91 475.742232 468.495142 57.460800 228.021808
92 475.881175 468.929141 57.481989 228.326322
93 476.015070 469.231781 57.481367 228.314162
94 477.229077 470.177563 57.446252 227.536175
95 477.256228 470.409443 57.493746 227.965090
96 477.475662 470.610872 57.435178 227.825224
97 477.636513 470.836648 57.455355 227.893075
98 478.972828 471.565059 57.437130 227.461972
99 479.011586 471.588521 57.491651 227.466089
100 479.048813 471.625361 57.486063 227.463909
101 483.075892 474.140876 57.129924 225.971977
102 483.271242 474.161310 57.487632 225.961140
103 485.491608 474.761627 57.024315 225.282790
104 485.729727 474.870200 57.493746 225.465473
105 485.737581 474.887065 57.491232 225.463839
106 486.246667 474.971641 57.280282 225.422129
107 487.019538 475.373404 57.359940 225.186785
108 487.111473 475.535484 57.492770 225.474548
109 489.326078 476.434424 57.505037 224.497012
110 490.640549 476.587137 57.749133 223.951390
111 490.772673 476.610886 57.990069 223.963385
112 491.115826 476.752540 57.873026 223.654016
113 491.179592 476.925500 57.993692 223.965703
114 491.340892 476.862347 57.951385 223.891501
115 491.595225 476.777016 57.939172 223.966888
116 493.317448 475.866212 57.872462 223.955460
117 493.460290 475.785613 57.969553 224.001570
118 493.874930 475.726095 57.983340 224.550570
119 495.239825 475.046809 57.817611 225.037798
120 495.573186 475.221599 57.947746 225.412247
121 495.749734 475.193281 57.924456 225.458237
122 496.435101 475.213228 57.848055 225.279280
123 496.511353 475.323556 57.993692 225.465473
124 497.093276 475.415217 57.930466 225.271366
125 497.360917 475.584717 58.007335 225.302000
126 497.888777 475.791179 58.447167 225.309635
127 499.933556 475.872136 58.331871 225.184205
128 500.024282 476.037775 58.499241 225.453548
129 500.025150 476.061270 58.493866 225.464828
130 501.179576 476.848339 58.923150 224.632517
131 501.765938 477.167242 59.148235 224.603312
132 502.210922 477.383911 59.815290 224.726844
133 502.276809 477.554167 60.221772 224.643406
134 502.471792 477.758653 60.521129 224.760607
135 504.277732 477.655576 61.094164 224.524498
136 505.491391 478.040495 61.611686 224.253885
137 508.027976 478.925941 61.926761 222.932254
138 509.363917 479.673532 61.788943 222.225841
139 510.068853 480.054994 61.873762 222.112791
140 510.265619 480.289085 61.927752 222.407081
141 511.233026 480.410862 61.714510 221.989200
142 513.794406 480.705868 61.589588 221.063836
143 513.999911 480.923919 61.993256 221.466086
144 514.030978 480.930451 61.979731 221.439807
145 514.556760 480.615774 61.869061 221.307361
146 517.323545 478.986473 61.351134 221.331759
147 518.089060 478.482367 61.147235 221.322929
148 519.268028 478.454922 61.115578 221.213275
149 521.764676 477.722372 60.975115 221.486343
150 523.295825 476.631424 60.678192 221.546948
151 525.006432 475.710853 60.913923 221.909132
152 525.052112 475.754561 60.992205 221.966369
153 525.056303 475.771345 60.993365 221.966009
154 525.059914 475.788309 60.993365 221.966009
155 525.063526 475.805273 60.993365 221.966009
156 525.643276 475.708323 60.864440 221.947770
157 526.292032 476.215477 60.836772 221.806831
158 528.086264 477.035907 60.848951 221.565697
159 528.162082 477.253027 60.993365 221.966009
160 528.183081 477.283657 60.998996 221.971291
161 528.120549 477.259839 60.975622 222.000318
162 528.133031 477.509648 60.993365 222.465932
163 528.136642 477.526650 60.993365 222.465932
164 528.140254 477.543652 60.993365 222.465932
165 528.143865 477.560654 60.993365 222.465932
166 528.147476 477.577656 60.993365 222.465932
167 528.153839 477.606594 60.981428 222.482579
168 528.763249 477.520942 60.795698 222.681128
169 533.784922 477.285866 60.218887 224.143555
170 533.950297 477.294736 60.293089 224.682285
171 534.272203 477.329654 60.290642 225.150225
172 535.076294 476.876122 60.162557 225.542376
173 542.682999 472.944379 59.672327 227.360234
174 542.847125 473.014229 59.993474 227.465167
175 542.850677 473.031613 59.993474 227.465167
176 542.862525 473.045537 59.989223 227.464983
177 542.885092 473.056352 59.984911 227.465167
178 543.614547 472.527808 59.670753 227.377244
