21 230.000660 316.999983 136.985099 117.981933
22 233.202951 309.240352 138.074872 118.410826
23 233.340558 305.147763 137.888412 119.640026
24 233.387725 305.326142 137.990031 119.981421
25 225.626643 306.590368 138.944425 119.040710
26 206.052059 303.004444 141.355955 115.846329
27 206.124762 303.081263 141.484610 115.982239
28 180.718234 300.329588 143.714318 112.220378
29 180.832889 300.464941 144.000007 112.482195
30 160.237215 300.521651 146.382333 111.213087
31 151.421510 299.037895 147.630525 111.417319
32 137.611529 294.517759 151.451206 110.558656
33 130.619478 294.478026 152.061008 110.564316
34 116.682793 291.742900 150.853308 109.859837
35 112.755116 292.934659 150.262832 109.864758
36 105.458843 294.463826 149.994609 110.440430
37 90.504554 294.664982 153.838406 109.256283
38 93.625599 293.104391 155.616325 109.568400
39 107.115365 276.190587 154.774540 110.288560
40 107.182056 276.200137 155.080776 110.500474
41 104.383106 270.815700 159.851579 111.478763
42 88.850749 254.934429 158.617706 112.684101
43 87.582766 253.865004 159.019106 114.813273
44 81.354097 239.057460 157.144226 115.951766
45 64.845201 242.649649 157.377561 115.840919
46 52.999037 220.468931 154.844383 118.733524
47 48.696199 194.239258 153.966195 120.684996
48 7.934952 184.561644 154.799813 125.762116
49 25.634252 195.567675 152.934348 136.169620
50 30.210170 182.584729 152.790280 137.082989
51 57.675072 138.148374 149.833742 143.134000
52 30.095596 133.510965 152.216009 143.644728
53 35.614925 75.434056 147.696933 149.616836
54 54.975043 76.960363 152.239325 149.882154
55 22.007709 83.584203 154.926567 157.025599
56 49.680512 126.999306 161.776062 151.990813
57 84.619076 126.699102 159.058225 154.612261
58 81.702855 81.004265 157.530055 157.878371
59 46.319777 72.495967 165.159258 159.233275
60 45.193470 63.082703 167.725636 159.071001
61 90.324440 49.320037 163.785068 161.536356
62 87.897652 51.415133 163.290480 162.325120
63 88.003200 51.502550 163.482217 162.475119
64 88.012879 51.514967 163.482217 162.475119
65 74.198173 31.755683 161.406416 163.537585
66 123.617504 22.522383 160.088853 163.182507
67 145.379000 8.671014 156.090328 165.153281
68 204.172070 35.707354 176.787542 155.676555
69 201.713521 60.231900 178.177104 154.694850
70 193.996157 107.303868 180.407624 158.125171
71 203.800430 130.961262 167.930743 171.329951
72 184.430262 42.100346 164.322292 179.974438
73 168.283813 38.734427 162.297891 179.333001
74 147.930146 37.910050 160.587958 179.700354
75 139.068316 39.064443 159.389403 180.409610
76 137.297545 39.250017 158.377671 182.678977
77 99.564633 25.990611 160.315627 185.577207
78 89.907790 24.843809 159.781208 186.887902
79 0.000000 36.073926 129.677816 192.082786
80 3.085434 32.706937 129.258062 192.326405
81 10.777065 51.922644 129.892165 193.030259
82 14.296580 78.614493 131.818331 191.304668
83 42.432291 48.950532 138.695710 188.540603
84 46.863801 103.241776 146.255022 178.384215
85 90.713769 58.809883 150.001592 178.414272
86 80.847027 77.456478 150.459159 181.085381
87 49.216319 84.803620 152.084671 184.263256
88 38.415932 107.581824 152.820678 185.885823
89 29.742926 106.650869 153.799526 184.798653
90 10.866568 101.710310 154.313955 185.740723
91 10.189946 103.619814 152.904308 187.375041
92 10.009636 117.138918 150.120766 188.654727
93 11.592594 118.343625 150.146404 187.356360
94 11.146538 132.663992 150.105442 185.256198
95 8.664128 141.666560 150.332711 184.532135
96 8.335202 150.076035 150.833143 183.591932
97 7.148227 160.104255 150.801698 182.540215
98 6.921804 182.038608 150.750029 182.523816
99 4.229451 213.622843 150.760650 182.354860
100 3.144864 221.309367 150.532352 182.626949
101 3.303302 220.917778 150.828303 183.093396
102 6.735693 215.071208 149.308966 183.897240
103 25.948571 211.636124 148.627103 183.862216
104 107.495258 236.034467 151.600355 187.388048
105 185.385790 237.203917 162.678078 189.145607
106 167.054533 244.543595 178.449586 195.212573
107 167.980414 253.210855 202.299313 202.380402
108 196.057721 247.931327 243.711103 205.444110
109 189.273747 236.152718 258.719312 205.522802
110 183.558719 230.964135 269.817981 212.695330
111 167.787728 234.514950 283.319421 215.287284
112 156.812924 236.602419 295.522084 216.807899
113 144.794418 235.679999 306.943951 219.151611
114 135.474860 236.101330 313.849688 222.035277
115 119.952010 232.035668 323.436446 226.035658
116 113.787213 230.520082 326.746690 229.479820
117 97.091601 236.060994 328.878625 230.265776
118 136.931969 229.481066 341.952765 234.011600
119 136.397712 214.054690 352.959270 239.704762
120 195.949964 159.893353 377.128873 255.499249
121 208.864923 149.226798 388.679940 254.660298
122 208.787434 149.381960 389.230693 255.010433
123 208.137646 149.907286 390.339194 255.548087
124 203.382401 151.447488 393.649861 256.147937
125 194.583376 153.947202 396.578644 257.168625
126 181.648665 156.030346 399.519319 257.624983
127 163.279386 158.992439 403.751030 258.427828
128 150.533060 161.750528 408.398792 258.617099
129 140.236896 163.022574 411.209910 258.726063
130 130.495159 164.715949 414.447712 258.440665
131 120.267826 165.683989 416.364858 258.724387
132 105.572704 168.953888 419.721097 260.139777
133 86.257491 171.743195 422.395329 261.917020
134 75.295424 174.374712 423.089986 263.429689
135 61.252334 176.055536 423.860121 264.625492
136 49.715665 176.625338 424.510138 266.008191
137 38.291960 177.282705 425.805111 267.720360
138 32.952641 177.431765 426.535254 268.969369
139 32.622909 178.163195 426.853584 269.844896
140 29.956022 181.014412 427.734134 272.291924
141 27.290707 183.218965 429.154169 274.331595
142 30.052765 189.951921 436.221792 279.193780
143 29.171548 190.967780 441.280400 287.920910
144 37.148447 194.261132 457.155630 305.608461
