5 300.496327 215.974881 26.560246 56.982945
6 299.902825 216.056636 26.956533 56.939819
7 299.121571 215.806553 27.012029 56.839091
8 296.096562 215.595111 27.604209 56.435051
9 291.965662 216.388820 28.686898 55.683046
10 291.737129 216.892723 29.037856 55.974384
11 289.328366 219.012501 29.429261 55.875698
12 289.294588 219.344538 29.514518 56.054207
13 289.503500 219.763349 29.890620 56.592977
14 289.557642 219.965901 29.997003 56.996665
15 289.887553 219.858716 29.787862 57.149007
16 290.888824 219.384885 29.374483 57.799982
17 292.133579 217.534994 27.980296 59.031653
18 292.788359 217.128906 26.849894 59.969962
19 293.425540 217.314891 25.902847 59.955760
20 294.044906 217.448005 25.227038 59.812646
21 295.005524 217.741822 24.622474 59.597185
22 295.525114 218.056214 24.551740 59.859046
23 295.856861 218.168625 24.774942 59.933175
24 296.128639 218.325419 24.802618 59.907557
25 296.634170 218.651465 24.610574 59.402916
26 297.312807 219.191263 24.476742 58.644530
27 297.813077 219.653339 23.985078 58.352997
28 298.984598 220.104575 23.474237 57.739039
29 298.996734 220.234267 23.498111 57.996236
30 299.001283 220.235764 23.488439 57.998017
31 299.008545 220.236598 23.492676 57.996678
32 299.011520 220.240071 23.495030 57.993365
33 299.049949 220.263234 23.403527 57.959760
34 299.140149 220.305093 23.396213 57.956635
35 299.289889 220.359806 23.268647 57.908465
36 299.527704 220.426078 23.223669 57.900575
37 299.845518 220.489760 23.151538 57.947903
38 300.177008 220.554483 22.860099 57.943083
39 300.452116 220.630630 22.564146 57.865077
40 300.709595 220.503989 21.893076 57.894211
41 301.032201 220.352100 21.417389 57.954126
42 301.176961 220.328868 21.159527 57.885303
43 301.554976 218.085285 20.446128 57.771479
44 301.588475 218.183540 20.472278 58.001872
45 301.265588 216.145124 19.843130 58.412357
46 301.268727 216.210609 19.884520 58.473371
47 300.444974 216.370087 19.729314 58.189256
48 300.579514 216.523884 19.998085 58.496109
49 300.579866 216.524803 19.998551 58.496480
50 300.579985 216.525536 19.998551 58.496480
51 300.580103 216.526270 19.998551 58.496480
52 302.356064 215.781421 20.081388 58.779898
53 302.564749 215.890437 20.498515 58.996450
54 302.574031 215.856719 20.502553 58.974770
55 302.822118 215.868299 20.998479 58.996450
56 302.822243 215.869038 20.998479 58.996450
57 302.860853 215.288306 20.982851 58.886983
58 302.843788 215.032169 21.051897 58.981483
59 302.291161 212.510139 21.973084 58.288892
60 301.868147 212.505232 22.384727 58.267214
61 301.282030 212.499579 22.733245 58.267975
62 300.397257 211.464592 23.303303 58.400964
63 299.650769 210.068023 23.726900 58.431178
64 299.761692 209.480574 23.995394 58.411453
65 300.266969 204.846504 24.108333 57.110144
66 300.462060 205.040423 24.498225 57.496540
67 300.462206 205.041144 24.498225 57.496540
68 300.462351 205.041865 24.498225 57.496540
69 300.445258 204.805926 24.484517 57.461639
70 300.376795 203.488519 24.419044 57.323408
71 300.285529 203.506444 24.455009 57.433813
72 300.297621 203.538274 24.497195 57.495237
73 300.289434 203.533762 24.498079 57.495953
74 300.289653 203.534776 24.498225 57.496540
75 300.289798 203.535497 24.498225 57.496540
76 300.289943 203.536219 24.498225 57.496540
77 300.277244 203.527623 24.493409 57.471101
78 300.272185 203.537688 24.485840 57.476335
79 300.255849 203.547656 24.475429 57.462432
80 300.267393 203.565431 24.498225 57.496540
81 300.267538 203.566152 24.498225 57.496540
82 300.267684 203.566873 24.498225 57.496540
83 300.298208 203.749031 24.466986 57.471288
84 300.459285 204.104883 24.384073 57.576466
85 300.575796 204.387138 24.386346 57.954292
86 300.906089 205.157599 24.082992 57.907251
87 301.486414 205.755802 24.067022 58.061699
88 301.829980 206.156414 24.217809 58.496508
89 302.056823 206.194999 24.324190 58.486610
90 302.334171 206.475382 24.111719 58.468769
91 302.689632 206.554537 23.653933 58.530088
92 302.902217 206.807836 23.896894 58.954874
93 303.030717 207.983097 23.841322 59.248446
94 303.185042 208.480171 23.461613 59.442303
95 303.325464 208.715512 23.177172 59.437920
96 303.722245 210.368642 23.068731 59.596714
97 303.985803 211.020628 22.906087 60.296791
98 304.059649 211.676608 22.892220 60.848593
99 304.125828 211.756483 22.967977 61.018034
100 304.141143 211.996387 22.998334 61.496299
101 304.144197 212.252732 22.973048 61.375698
102 304.155976 212.335625 22.997601 61.483827
103 304.102585 213.060896 22.982970 61.236159
104 302.417974 213.409925 22.853821 60.994440
105 301.721834 214.426761 22.973643 60.658675
106 301.032932 214.748019 23.176759 60.774348
107 301.055572 214.933292 23.555332 60.942864
108 300.685702 214.885428 24.042749 60.866790
109 300.734165 214.480601 24.595745 60.926869
110 300.867834 214.046489 25.080956 61.003325
111 301.225909 206.640467 25.359003 61.647973
112 303.171324 203.143218 26.362201 61.719575
113 306.068096 201.973091 26.917555 62.057091
114 306.193633 202.058525 27.050606 62.516984
115 306.930223 200.374986 27.442397 63.043853
116 306.957673 200.584020 27.497574 63.496039
117 306.992668 199.194230 27.376858 63.331490
118 310.356462 195.412905 27.338188 62.322386
119 315.267406 193.886945 27.728835 62.143975
120 316.483507 193.796468 27.905843 62.748134
121 318.489469 193.118403 27.501374 63.650094
122 318.938536 192.997744 27.916798 64.127643
123 321.705237 192.677129 28.163938 64.686538
124 321.872405 192.832719 28.497936 64.996089
125 321.877946 192.822289 28.534448 65.026971
126 323.842272 193.579580 28.850729 65.779665
127 324.011876 193.719969 28.945562 66.060648
128 325.389458 196.821870 28.549672 66.846587
129 325.060455 197.088083 28.788744 68.009256
130 321.116984 198.638833 28.750041 70.407670
131 320.176582 199.262064 28.478150 71.762995
132 317.151370 200.923185 28.220557 71.869503
133 314.461065 202.938894 27.962130 71.851063
134 314.482077 202.995750 27.980730 71.999787
135 314.486820 203.523365 27.712770 71.867512
136 314.804429 204.981248 27.029928 72.075050
137 315.149841 205.292985 27.146175 72.389847
138 315.325921 205.346789 27.498008 72.495637
139 315.878714 205.660276 27.320521 72.523076
140 317.112080 205.869868 27.332631 72.986501
141 318.694731 205.423883 27.384098 72.806677
142 318.751849 205.519263 27.498008 72.995607
143 320.219058 202.093984 27.663953 71.307090
144 320.695959 201.802417 28.155227 71.422280
145 324.337025 198.356810 28.819820 70.834011
146 326.320565 197.339655 29.122683 70.520204
147 326.759045 195.266181 29.488659 70.893900
148 325.487911 194.504178 29.660834 70.079901
149 322.709066 192.960242 30.084126 69.601078
150 320.814577 190.416460 30.472924 69.326043
151 319.645967 190.308107 30.322057 69.163339
152 317.271477 190.128506 30.095163 69.087325
153 314.293952 190.112718 30.111280 69.153970
154 311.873615 189.266576 29.979660 70.146807
155 311.931609 188.486190 29.425328 71.169422
156 310.314165 189.156409 28.997019 71.280613
157 309.549211 190.884978 28.595275 72.026160
158 306.358637 194.470771 28.437189 71.230976
159 304.949384 196.875058 27.421718 71.726564
160 303.772106 197.980729 26.930378 71.730959
161 303.250259 198.289627 26.607867 71.917805
162 303.227856 198.822369 26.715480 72.065822
163 303.143043 199.597443 26.678346 72.623860
164 303.089323 201.291125 26.860970 73.097305
165 303.006564 202.513761 26.938716 73.409630
166 303.036388 202.557657 26.998044 73.495577
167 303.035489 202.566170 26.992458 73.486507
168 303.038442 202.571627 26.998044 73.495577
169 305.537397 203.718799 27.085016 72.195124
170 305.744056 203.869964 27.498008 72.495637
171 305.744220 203.870874 27.498008 72.495637
172 305.744383 203.871783 27.498008 72.495637
173 305.744728 203.865225 27.499179 72.490396
174 305.719380 203.315115 27.743467 72.323147
175 305.416919 200.415493 28.566241 72.243188
176 303.550065 197.428568 29.571299 72.447708
177 303.763508 197.453441 29.997827 72.495637
178 303.763451 197.452384 29.998039 72.497604
179 303.763438 197.452192 29.998076 72.495907
180 303.661622 194.981072 30.317203 73.084079
181 305.049035 192.436911 30.971321 73.228788
182 305.104545 192.440528 31.027329 73.534837
183 303.731137 187.283219 31.748486 70.135105
184 293.075902 186.858741 32.341844 69.430202
185 285.919045 184.927009 32.487752 68.813899
186 279.544251 183.112725 32.977643 68.824008
187 273.757743 181.078981 32.991448 69.968960
188 271.076116 178.111803 32.678730 70.689382
189 271.235751 178.265866 32.997610 70.995727
190 270.886081 178.023522 32.943832 71.021102
191 268.422376 176.901855 32.518855 71.758050
192 266.992788 175.398100 31.813307 72.270446
193 264.593029 174.300165 30.818456 73.413745
194 263.148080 172.934154 30.325560 73.439133
195 262.752347 171.648027 29.594389 73.493579
196 261.754141 171.973177 29.306334 74.129671
197 261.693932 171.976155 29.257959 74.422710
198 261.777179 170.559719 29.228506 73.497414
199 261.912051 170.559557 29.497713 73.495616
