2 606.989347 265.521453 77.011426 68.349266
3 607.238398 265.882673 77.492302 67.888369
4 606.394284 268.028988 77.715377 65.759671
5 606.538447 268.173807 77.994495 65.971688
6 609.719460 271.239425 78.037026 63.870067
7 609.948570 271.303269 78.494314 63.996149
8 610.142854 271.329343 78.395955 63.991745
9 615.612103 272.293331 77.772563 63.660855
10 620.051941 274.567881 78.088412 63.325668
11 621.933770 274.657206 77.897514 63.483259
12 622.312961 274.660338 77.842345 63.493896
13 623.563995 275.156768 77.707408 63.419273
14 628.383741 276.388689 77.480417 63.226616
15 634.852336 276.856962 76.827259 63.267832
16 636.974701 277.004022 76.512839 63.475807
17 637.215950 277.015004 76.994423 63.496179
18 640.610495 278.925362 76.530103 63.078357
19 640.843112 279.135069 76.994423 63.496179
20 642.479717 279.323657 76.368984 63.462266
21 647.393088 282.603583 76.229607 62.932962
22 647.525969 282.635997 76.494459 62.996209
23 648.214384 282.633383 76.268434 62.989381
24 655.423425 283.108783 76.377266 62.712168
25 661.159152 283.715095 75.661147 62.720095
26 665.444062 284.378083 75.523380 62.645450
27 665.680071 284.554253 75.994495 62.996209
28 668.716018 284.343709 75.277625 62.899811
29 671.645805 284.123203 74.868272 62.874484
30 676.892745 284.298445 74.654896 62.494378
31 677.063026 284.300160 74.994568 62.496239
32 677.063472 284.300943 74.994568 62.496239
33 677.584576 284.144964 74.864810 62.455466
34 680.089685 283.822093 74.711137 62.349734
35 686.847786 283.853733 75.002375 61.971927
36 687.064449 283.860402 75.485333 61.989729
37 689.474820 283.632077 74.900890 61.994868
38 691.121849 283.125884 74.806910 61.958090
39 694.391905 280.941661 74.593005 62.133321
40 696.828728 280.921236 74.582494 62.509418
41 697.035209 281.165422 74.994568 62.996209
42 702.737080 281.233978 74.724716 62.778444
43 709.416115 281.527725 74.897339 62.837056
44 715.399372 281.075367 74.949971 62.678606
45 715.422115 281.234959 74.994568 62.996209
46 715.422893 281.235785 74.994435 62.996203
47 716.398888 281.054029 74.712231 63.050411
48 721.524228 277.684908 74.409342 63.504018
49 727.021901 278.077483 74.425854 63.328165
50 733.617327 278.151113 74.767214 63.114019
51 733.627426 278.329139 75.040598 63.466015
52 735.330178 275.971132 75.458091 63.579737
53 742.245118 272.127229 76.188473 63.788373
54 746.740014 271.443333 76.298514 63.529016
55 751.454737 267.829981 75.612252 64.000784
56 751.646310 268.078457 75.994495 64.496119
57 753.546682 267.783224 75.623713 64.379144
58 759.321228 267.551486 75.312708 63.753364
59 763.901841 267.734319 74.688828 63.582458
60 766.740219 267.904540 74.869019 63.863800
61 766.803439 267.971517 74.994568 63.996149
62 773.203349 268.233858 74.406112 63.355600
63 773.520455 268.226872 74.415658 63.484879
64 779.247641 268.242584 74.367693 63.034422
65 779.311538 268.474259 74.494604 63.496179
66 779.311981 268.475055 74.494604 63.496179
67 785.678201 268.007993 74.827691 62.895419
68 789.426233 265.581117 74.519209 63.078502
69 792.538616 261.766306 74.298334 63.887713
70 796.896150 261.638099 74.309895 63.647821
71 796.988946 261.813066 74.494604 63.996149
72 804.055825 261.885057 74.530540 63.246964
73 807.618758 261.363129 74.626991 63.411246
74 811.001107 259.034031 74.894718 63.509017
75 813.939072 255.762280 74.697894 64.114545
76 814.087854 255.953876 74.994568 64.496119
77 816.294159 255.429763 75.125399 64.340792
78 820.960600 251.926595 75.163353 64.489697
79 825.272990 253.005645 75.198918 63.984705
80 827.935752 253.062475 75.242044 63.840558
81 828.062444 253.141073 75.494531 63.996149
82 831.859173 253.159206 75.154900 63.742282
83 837.325916 253.299369 75.226283 63.571783
84 840.815661 252.809299 75.412891 63.775162
85 841.475340 252.764400 75.462134 63.961121
86 842.245344 252.606411 75.457583 63.954962
87 846.936287 249.587197 75.216876 64.029672
88 851.196819 249.765281 75.258886 64.238036
89 858.375690 249.921892 75.523440 64.072169
90 861.457620 250.015361 75.813018 64.387593
91 861.548810 250.070432 75.994495 64.496119
92 868.632734 249.964054 75.929768 64.155893
93 868.665549 250.134975 75.994495 64.496119
94 868.645703 250.119204 76.002457 64.481414
95 868.572497 249.603304 76.618072 64.465772
96 868.174485 249.065150 77.105751 64.432288
97 873.708049 248.835790 77.885875 64.192280
98 880.520039 250.231709 78.037982 64.350584
99 885.105761 251.769600 78.255664 64.198250
100 885.225709 252.157152 78.468546 64.554349
101 885.239059 252.378836 78.494314 64.996089
102 884.800694 252.421410 78.373556 64.966480
103 881.276682 252.712195 78.387589 64.861068
104 881.330510 252.780521 78.494314 64.996089
105 886.936118 252.818127 77.608541 64.552032
106 887.129485 253.040970 77.994350 64.996089
107 888.739194 253.947541 77.953873 64.653991
108 896.094909 254.240814 77.984535 64.626229
109 896.100280 254.426558 77.994350 64.996089
110 896.100743 254.427374 77.994350 64.996089
111 896.101206 254.428189 77.994350 64.996089
112 896.101669 254.429004 77.994350 64.996089
113 896.995984 254.507348 77.885225 64.927312
114 904.404895 253.429877 78.132706 64.497258
115 912.392546 253.537064 78.604974 64.175835
116 912.587667 253.698015 78.994278 64.496119
117 914.461472 253.772592 78.747953 64.431823
118 914.592573 253.806305 78.991336 64.496051
119 914.600201 253.807745 78.992048 64.495971
120 914.761763 253.816618 78.921123 64.504909
121 914.843328 254.058938 78.973642 64.997087
122 919.822181 253.853014 78.433339 64.754162
123 922.970148 253.801283 78.041525 64.844045
124 923.197008 253.878119 78.494314 64.996089
125 923.197474 253.878935 78.494314 64.996089
126 923.197940 253.879750 78.494314 64.996089
127 923.149644 253.877955 78.502755 64.982327
128 923.396161 253.884297 78.994090 64.996835
129 929.620493 251.389979 79.905760 65.516169
130 936.348674 251.888068 80.751953 65.838587
131 936.470245 251.967616 80.994133 65.996028
132 939.882410 252.564034 80.385209 65.934449
133 939.943409 252.621228 80.495636 65.992211
134 944.864645 253.784631 80.316568 65.739985
135 951.101617 254.178374 80.343695 65.745933
136 951.177332 254.304250 80.494169 65.996028
137 951.667884 254.290339 80.305221 65.991701
138 957.574864 254.345831 79.698820 65.561259
139 958.379232 254.574599 79.806961 65.970650
140 964.200963 254.661994 79.743309 65.663859
141 964.326886 254.828907 79.994205 65.996028
142 964.694133 254.850247 79.910469 65.990930
143 972.574737 254.476643 79.436928 65.812230
144 972.603866 254.569370 79.494242 65.996028
145 978.539456 255.222102 79.346819 65.110877
146 978.613640 255.415514 79.494242 65.496058
147 984.769850 256.151991 79.358101 64.699075
148 987.008771 256.470837 79.840506 64.768810
149 994.824972 256.548904 79.733944 64.657227
150 999.708164 257.095819 80.026600 64.734316
151 999.941494 257.227428 80.494795 64.996027
152 1007.689674 257.484920 80.981226 64.830268
153 1013.000464 257.966582 80.537349 64.864381
154 1015.640506 257.967587 80.596084 64.947979
155 1015.845527 257.993024 80.991970 64.995949
156 1015.853447 257.994547 80.991638 64.995927
157 1022.088826 258.981521 80.674938 64.860144
158 1025.507205 259.150535 80.433767 64.912084
159 1025.537884 259.193352 80.494169 64.996089
160 1031.897355 258.420795 80.096965 64.914970
161 1032.096435 258.462169 80.494169 64.996089
162 1040.343731 258.365984 80.212728 64.847495
163 1042.238439 258.283815 80.445186 64.965649
164 1050.907150 257.779230 80.855157 64.828111
165 1056.763727 254.192563 85.224402 64.843965
166 1056.898937 254.269440 85.493807 64.996089
167 1069.279224 253.108423 87.231300 65.111685
168 1078.355172 252.238543 86.005060 65.595538
169 1078.600022 252.439616 86.493735 65.996028
170 1079.809699 252.189832 85.970507 66.018631
171 1080.452782 252.068735 85.705788 66.530999
172 1087.842552 250.180163 84.188927 66.911766
173 1092.456078 247.074131 88.846039 66.501562
174 1102.945778 246.306583 88.116795 67.210263
175 1110.359158 245.385734 87.786101 67.434813
176 1110.463443 245.417143 87.993626 67.495938
177 1118.069980 243.623077 87.213961 67.610471
178 1119.780646 243.499153 86.777191 67.997896
179 1126.333923 240.462554 85.104790 67.938295
180 1132.965917 240.056224 85.496343 67.706875
181 1132.965157 240.201593 85.493807 67.995908
182 1140.811782 239.729918 84.776650 67.416267
183 1146.834813 239.512004 84.467153 67.155672
184 1148.602435 239.394846 84.148514 67.432019
185 1150.204368 239.192417 84.198018 67.439377
186 1150.352800 239.221544 84.493880 67.495938
187 1154.008849 238.933585 83.723027 67.348913
188 1160.816079 238.305003 85.065225 67.022693
189 1168.394406 238.764630 85.364849 67.044728
190 1176.413720 238.151329 85.537549 67.478776
191 1176.642342 238.160756 85.993771 67.495938
192 1177.123663 238.141753 85.889110 67.487637
193 1184.541839 238.431144 85.276414 67.244870
194 1184.671600 238.586427 85.489135 67.495719
195 1191.281247 240.504833 84.568342 67.641386
196 1191.494502 240.682947 84.993843 67.995908
197 1197.270138 240.487571 82.729862 68.011965
198 1199.620097 240.883787 80.379903 68.657849
199 1204.840286 239.352025 75.159714 70.526583
200 1209.173501 238.920986 70.826499 71.708428
201 1214.662688 239.934396 65.337312 71.722726
202 1220.057862 242.390448 59.942138 70.711420
203 1225.042875 245.439521 54.957125 69.166809
204 1230.055317 248.238232 49.944683 67.715656
205 1233.297757 249.842830 46.702243 66.218656
206 1233.849353 250.525462 46.150647 65.468779
207 1236.941160 251.736606 43.058840 64.253370
208 1239.192688 251.457635 40.807312 64.324466
209 1239.574510 251.295685 40.425490 64.894184
210 1240.018376 246.998208 39.981624 66.892702
211 1240.294270 243.637210 39.705730 69.067818
212 1242.159381 238.380866 37.840619 71.550353
213 1244.241735 255.615433 35.758265 77.655230
214 1228.436359 272.848652 37.519775 82.802116
215 1222.415314 280.248409 40.298145 76.471049
216 1208.069505 292.936859 42.841896 68.697062
217 1214.645614 298.136110 50.334752 63.682897
218 1212.173915 300.839364 54.069123 60.891797
219 1208.463749 302.602348 62.818137 59.067676
220 1206.035085 302.466674 66.919470 58.688592
221 1205.705430 302.537871 67.733285 58.954553
222 1206.258077 302.400828 68.360821 58.615059
223 1209.775374 301.026662 67.306200 59.306390
224 1210.073655 300.469732 67.210428 59.645953
225 1210.554784 300.256077 67.240313 60.087936
226 1211.048374 299.864827 67.202893 60.607582
227 1211.443878 299.563109 67.266445 61.033540
228 1212.601941 297.664663 66.873136 61.214722
229 1200.958248 295.169425 73.206718 59.399102
230 1189.047911 295.294486 86.877275 56.438693
231 1180.261683 296.699399 97.000006 52.997874
232 1177.405760 297.645002 101.168468 51.951909
233 1177.309044 298.112917 101.729213 51.764542
234 1177.441349 298.229734 101.992612 51.996871
235 1177.441955 298.230386 101.992612 51.996871
236 1177.442560 298.231038 101.992612 51.996871
237 1177.875085 298.238204 101.421959 51.974086
238 1184.289126 297.955824 95.710874 52.133214
239 1187.443792 299.383555 92.556208 52.586082
240 1189.532889 300.116556 90.467111 52.772910
241 1190.103824 300.294242 89.774050 52.975486
242 1191.222701 300.726078 88.777299 52.952779
243 1193.145670 301.679978 86.854330 52.976666
244 1194.709354 302.041278 85.290646 53.009932
245 1196.729056 302.149673 83.219623 53.552662
246 1198.346239 302.188937 81.583963 54.039520
247 1203.440282 299.244734 76.491172 55.524424
248 1213.196510 281.999987 66.803490 59.794377
249 1221.118621 269.724342 58.881379 67.171085
250 1225.627746 264.734095 53.873021 71.676254
251 1227.225041 265.467367 52.240364 73.659306
252 1229.065752 264.509315 50.384939 76.344106
253 1231.473753 263.879552 48.301355 77.946216
254 1232.243530 285.974775 45.862027 81.874262
255 1190.375720 278.461018 46.899523 86.815065
256 1185.131145 270.013948 45.903415 92.392589
257 1181.416112 237.874194 45.517099 95.846861
258 1178.884143 236.165700 45.895190 95.935487
259 1161.298147 228.834141 47.081553 94.726208
260 1167.163182 255.454746 50.112458 93.313181
261 1153.040377 256.064285 52.176474 89.944328
262 1162.605380 269.409194 55.872546 89.421454
263 1163.100996 285.143568 60.138314 89.526737
264 1156.639049 291.805395 65.234054 87.936832
265 1162.966486 289.408636 68.296694 87.136416
266 1163.749467 295.352701 70.237850 86.017314
267 1166.720501 299.170842 72.922806 84.968372
268 1169.008954 305.248159 76.444414 84.529697
269 1161.606279 313.908535 82.502922 85.109357
270 1158.788913 315.103147 83.896347 84.080285
271 1157.951265 315.926297 84.162448 84.242243
272 1157.979101 315.895805 84.454296 84.344023
273 1157.766248 316.045906 84.511419 84.411424
274 1142.234422 322.054571 92.265093 82.075590
275 1139.309684 327.594674 98.789584 80.369463
276 1139.585097 328.014884 102.274935 79.359562
277 1140.758014 327.738763 105.145760 79.048418
278 1140.920098 327.930304 105.481422 79.496948
279 1140.929538 327.906525 105.491367 79.501255
280 1141.017448 328.095031 105.482358 79.997536
281 1141.142125 328.022792 105.479636 79.996567
282 1141.144927 328.017779 105.491825 79.996307
283 1141.512462 327.897223 105.700506 79.894726
284 1160.092727 335.922772 114.355404 80.352695
285 1161.101836 336.341720 113.917059 80.806734
286 1161.210718 336.444703 113.924131 81.023074
287 1169.638717 340.539609 109.066968 83.076108
288 1173.685304 342.300919 106.039999 83.831523
289 1174.253987 341.933605 105.715593 84.218220
290 1169.396391 338.981266 105.995133 84.601147
291 1148.959536 325.187411 106.827223 87.136134
292 1109.396877 300.849507 108.108972 92.119623
293 1111.031057 297.408935 108.947575 93.680540
294 1126.826706 295.036707 109.022245 94.626115
295 1127.920546 296.438094 109.827656 94.787301
296 1131.469169 298.494493 111.444829 94.763514
297 1131.642236 298.672618 111.532937 94.962560
298 1131.886043 298.703478 111.992523 94.988267
299 1138.602843 297.295342 111.410881 95.106694
300 1151.127532 296.861440 109.806737 95.596668
