5 254.680110 114.013140 108.209585 212.563414
6 251.587782 114.098472 113.417793 214.051323
7 250.677470 114.077938 115.068773 215.118118
8 249.752189 113.989633 117.023983 216.052481
9 249.369090 114.068378 118.151005 216.718972
10 249.022304 114.130946 118.969298 217.111472
11 248.341808 114.175242 119.540404 217.646089
12 247.447316 114.214993 120.738670 218.095707
13 247.513654 114.398031 121.027804 218.490060
14 247.735610 114.407012 121.499542 218.487820
15 247.732160 114.409268 121.491200 218.486851
16 247.732800 114.412383 121.491373 218.486831
17 247.733434 114.415134 121.491200 218.486851
18 247.723409 114.402131 121.557924 218.528850
19 247.924080 114.609062 122.098041 219.053394
20 248.061086 114.684985 123.031239 219.791442
21 248.362171 114.617578 124.152712 220.347023
22 248.865368 114.153476 125.215565 220.980155
23 249.375345 113.507454 126.103864 221.357484
24 250.276351 112.515431 126.973107 221.645934
25 251.165725 109.613419 127.261224 222.054729
26 251.372581 108.892328 127.561046 222.628992
27 251.567687 108.954463 128.006659 222.957636
28 250.507607 105.145757 128.795234 222.391181
29 244.977447 100.235529 128.436513 223.022216
30 244.976960 100.458243 128.497672 223.474103
31 240.551801 98.926287 128.704206 223.385136
32 238.699758 98.583803 129.100375 223.118671
33 230.197894 97.924441 129.976398 223.334044
34 230.205759 98.003497 129.990584 223.486550
35 224.170312 98.477055 130.912327 222.745420
36 223.332159 98.538077 131.244291 223.016843
37 222.513639 98.812703 131.643498 223.437346
38 222.009512 98.862212 132.165482 223.465428
39 222.156654 98.874500 132.496967 223.487883
40 222.154158 98.876637 132.490403 223.486550
41 222.154945 98.879440 132.490403 223.486550
42 222.155731 98.882242 132.490403 223.486550
43 222.156518 98.885045 132.490403 223.486550
44 222.157304 98.887848 132.490403 223.486550
45 222.173918 98.892100 132.549420 223.533613
46 224.304097 99.048710 132.872235 224.186877
47 225.140496 99.201503 132.903241 224.650405
48 229.136387 99.268422 132.307917 225.330781
49 231.104682 99.115656 132.059983 225.647505
50 235.633958 98.237291 131.598067 226.678641
51 238.464328 97.652367 131.287724 227.545702
52 242.238624 96.458060 130.487034 228.791125
53 245.088556 95.129140 129.578539 229.684624
54 246.683665 94.718088 129.443198 230.102303
55 249.944292 93.965317 128.713991 230.415775
56 250.087272 93.999373 128.988522 230.486624
57 250.113975 93.978858 128.979553 230.484250
58 250.433019 93.812755 128.899090 230.465653
59 250.619643 93.751210 128.939134 230.490438
60 251.322255 93.405441 128.853011 230.386374
61 254.329139 92.362408 128.593990 230.211890
62 254.528238 92.502418 128.990656 230.486129
63 254.530714 92.503539 128.989721 230.486360
64 254.620119 92.470000 128.942985 230.491405
65 256.436356 92.194354 128.341323 230.452321
66 260.492214 92.249365 127.310594 230.429767
67 262.025447 92.100260 127.044201 230.539337
68 263.706832 91.936917 127.051253 230.914370
69 264.279054 91.656972 127.348294 230.987267
70 265.746964 89.823723 126.958222 231.497798
71 266.104473 89.382920 126.894592 231.546164
72 266.248922 89.429085 126.964573 232.008043
73 266.470820 87.755310 126.914958 233.181574
74 265.931037 77.393188 126.102259 234.018974
75 264.330522 75.634311 125.948381 233.246863
76 256.109794 73.749919 124.267400 228.903668
77 256.216494 73.789786 124.492953 228.974339
78 250.738817 74.030246 123.885085 227.086738
79 246.267085 76.368659 123.473999 225.946462
80 246.191875 76.566397 123.428903 225.827910
81 241.877859 80.571324 122.261904 223.160775
82 241.991422 80.745540 122.481769 223.476362
83 241.751297 80.825608 122.155605 223.357853
84 241.178699 81.349021 121.004136 223.217198
85 241.307289 81.838852 120.144971 223.250832
86 240.943162 82.460504 118.780532 223.228143
87 240.952267 82.688586 118.621475 223.497154
88 240.405446 82.918374 117.686118 223.493734
89 237.996329 80.287734 115.669047 221.843183
90 237.896883 79.616870 115.660095 221.864703
91 236.321889 79.282693 115.137342 221.102802
92 235.337122 79.540956 115.197287 220.712808
93 232.276335 77.643796 114.557430 219.394721
94 232.494138 77.692585 114.991670 219.486791
95 230.070015 77.665602 114.149166 219.147726
96 230.241965 77.837887 114.491707 219.486791
97 230.242645 77.840639 114.491707 219.486791
98 233.866935 77.796366 113.758441 219.112329
99 241.493138 78.438454 111.609745 218.367988
100 243.145923 78.994492 111.919667 218.129119
101 246.803940 80.797747 111.752673 217.919991
102 249.574345 80.914040 112.136147 217.914376
103 249.752736 80.950553 112.505381 217.990873
104 249.996624 80.951291 112.991815 217.986881
105 249.997295 80.954025 112.991815 217.986881
106 249.997966 80.956759 112.991815 217.986881
107 249.998637 80.959493 112.991815 217.986881
108 249.999308 80.962227 112.991815 217.986881
109 249.999979 80.964961 112.991815 217.986881
