2 1164.077023 1.740759 43.268090 128.205556
3 1164.067588 2.019578 43.403048 128.361724
4 1163.954908 2.213978 43.345975 128.390326
5 1160.059621 5.407964 44.216354 125.974420
6 1159.543317 6.186571 44.690243 125.431827
7 1153.132387 11.356293 45.883816 123.631556
8 1151.019540 12.053242 46.217636 123.333848
9 1150.561252 11.316707 46.251581 123.646293
10 1147.662948 11.177759 45.816451 124.029883
11 1147.653122 11.354412 45.905195 124.510876
12 1145.958368 11.284769 45.840843 125.258166
13 1144.167191 10.741416 45.942782 126.311544
14 1142.823016 10.548684 46.575934 126.900144
15 1141.422021 8.127978 47.975048 129.695523
16 1138.811085 6.178448 49.143040 133.498067
17 1138.188750 6.363252 49.647231 134.313603
18 1137.183942 6.982116 50.134597 134.680071
19 1135.328761 7.657059 50.454062 135.668997
20 1134.182060 8.506947 50.489169 135.617217
21 1133.526036 9.220269 50.464590 135.550454
22 1131.601823 10.654641 50.494339 135.199720
23 1130.088345 11.058284 50.325873 135.197069
24 1128.379470 11.815843 50.190176 135.433993
25 1125.497737 11.722279 49.806197 137.277157
26 1125.500842 11.492093 49.709742 137.938854
27 1123.373143 11.216832 48.419387 138.309704
28 1121.442143 11.821896 46.883247 137.996265
29 1121.517187 11.881789 46.877107 137.931183
30 1120.310967 13.286003 46.318305 137.429891
31 1117.326194 18.231176 46.150834 135.129743
32 1116.004069 24.322953 46.741419 132.089589
33 1112.992474 28.989162 47.236182 128.957484
34 1110.958128 30.334945 47.802433 127.654499
35 1108.826137 35.003783 48.279492 125.244806
36 1108.587492 36.887625 48.540733 123.542803
37 1106.191981 38.911107 49.112587 121.843337
38 1103.770590 41.396457 49.678421 120.713369
39 1100.483775 43.417232 50.577874 118.936929
40 1093.572246 34.163178 51.984368 116.739873
41 1092.812908 39.512363 52.512112 118.387781
42 1094.790703 31.734027 53.296379 121.717067
43 1093.951183 40.057999 53.937645 126.675746
44 1093.062978 39.234757 54.138183 127.223848
45 1092.525105 33.406023 54.317146 131.234890
46 1092.308370 33.693990 54.272400 132.492624
47 1092.116454 37.778357 53.535721 131.740148
48 1091.311189 37.939351 52.779065 132.055553
49 1090.384233 30.917686 51.859708 135.279853
50 1088.561560 29.346906 51.590241 137.176214
51 1087.872699 29.591968 51.709342 139.041455
52 1086.465238 30.034047 51.641506 139.876576
53 1085.107650 30.641052 51.646998 139.604510
54 1080.387515 31.542184 51.171819 138.970597
55 1079.756738 31.309766 51.070612 139.151848
56 1075.760278 35.377119 50.924153 138.175012
57 1075.795383 36.076045 50.996778 138.075667
58 1074.503069 36.626201 51.120883 137.469151
59 1072.126190 39.471829 51.692579 135.823585
60 1070.625691 39.336025 51.838715 135.524813
61 1068.787524 39.705167 51.663874 136.040071
62 1068.328332 39.437714 51.854339 137.592949
63 1066.266196 38.754096 52.073377 137.600961
64 1063.425325 34.890445 52.538532 137.947502
65 1061.335797 35.195458 52.585973 137.312860
66 1058.778656 37.395674 52.640849 132.384951
67 1056.439101 39.555354 52.599620 130.594779
68 1055.392156 49.134342 53.772895 129.296255
69 1055.172192 54.041237 54.278918 129.544868
70 1054.854537 56.683987 54.516120 129.806570
71 1054.705575 57.407248 54.872922 130.023159
72 1051.481654 57.547523 55.693773 128.986733
73 1050.602038 61.948789 55.603414 127.251392
74 1047.932720 62.176216 56.060119 126.532955
75 1045.736500 62.287205 55.776885 128.868503
76 1043.133734 67.051030 54.682696 129.360596
77 1043.025349 64.017929 54.115818 130.907150
78 1042.918209 44.782058 51.910713 136.612659
79 1040.872795 64.234716 49.547010 135.847219
80 1039.693164 63.830809 48.004222 135.582166
81 1039.814906 64.240502 48.375139 135.854853
82 1037.564278 68.134839 48.246417 132.745530
83 1036.789429 68.876069 48.306481 132.565723
84 1033.275841 69.256721 48.240411 132.523372
85 1031.614929 70.370615 48.280519 132.800838
86 1029.110496 71.954145 48.582231 132.871830
87 1026.033303 73.660360 49.178577 132.631559
88 1021.974886 74.581197 50.110257 133.422119
89 1020.776597 75.371916 51.169446 134.190731
90 1017.629652 76.136765 52.640528 134.471717
91 1016.416668 76.106577 53.959466 134.637056
92 1014.378045 76.505624 54.708170 134.618738
93 1011.273058 77.774953 55.164490 134.311363
94 1009.725866 78.380303 55.051885 134.533126
95 1006.533276 79.761176 54.942701 134.699520
96 1006.263856 80.212882 54.840362 134.920004
97 1005.572915 81.134623 54.923333 134.660213
98 1003.934361 82.209240 54.606982 134.522172
99 1003.620590 82.866695 54.507197 134.776278
100 1000.993149 84.393346 54.109272 134.448272
101 998.673260 85.823110 54.281184 133.574814
102 996.596711 87.184767 53.946820 133.008989
103 995.684245 88.084311 53.379205 133.073016
104 992.609502 89.978356 52.996445 132.748367
105 991.045368 91.477156 51.783494 131.896256
106 990.848678 92.241575 50.932634 131.732708
107 989.976213 92.866859 50.260313 131.749671
108 988.595354 94.027220 49.669524 131.549023
109 987.092501 94.637941 49.499822 131.395450
110 984.621745 95.963335 49.219643 130.884045
111 981.622347 96.252598 49.338725 130.757034
112 980.551016 96.413972 49.418802 130.866536
113 977.735347 98.525105 49.238457 132.147794
114 974.560553 98.281295 49.014470 134.601789
115 971.555995 96.395680 49.259656 137.639281
116 970.968585 96.449776 49.445219 138.599628
117 966.934457 96.673505 49.344326 139.401301
118 965.541504 96.838138 49.001956 139.326313
119 963.092446 98.017280 48.487757 139.244388
120 962.749816 98.001412 48.245161 139.757794
121 959.883922 97.069554 48.151792 141.002560
122 959.749096 97.269120 48.342212 141.570070
123 956.760020 99.379150 48.231482 142.605349
124 955.758793 100.086001 48.415983 143.064465
125 952.352856 101.366810 48.481309 144.478111
126 948.864689 102.615411 48.536875 144.242448
127 945.632649 102.902884 48.403262 145.231129
128 941.139168 102.167762 48.051846 146.646605
129 937.331839 102.036482 47.888468 147.132599
130 933.582809 102.859613 46.836413 146.945885
131 932.033310 102.515510 46.310584 146.691435
132 930.615484 103.961925 46.198202 146.903381
133 927.250362 106.093193 46.696649 145.372281
134 926.330829 107.264632 47.253728 144.458873
135 918.419298 105.330205 49.742116 141.427761
136 910.252006 60.792787 52.114351 140.001764
137 891.335827 40.397674 54.058416 132.532010
138 894.430900 53.640359 55.064043 133.410412
139 893.447170 59.403103 53.138587 132.147610
140 894.478743 74.239180 50.760325 129.203523
141 893.417591 72.284867 49.808150 118.978360
142 871.149989 85.325418 53.453157 113.826525
143 885.217095 108.335889 55.528715 105.250055
144 883.338526 108.695364 54.695762 98.045383
145 873.057373 107.650818 55.348509 86.914257
146 880.969211 111.540935 54.270464 80.083350
147 873.112343 118.301470 54.240612 75.895580
148 861.636750 123.903869 52.004199 73.677812
149 866.319359 128.520569 50.239760 70.590523
150 859.183032 131.530220 48.084886 66.847884
151 856.333620 132.377735 44.161678 65.808502
152 859.189947 137.731911 40.831074 64.514938
153 859.243307 137.999325 40.945973 64.942214
154 855.014768 139.182750 40.431378 64.732720
155 851.667539 140.561204 39.540216 64.430766
156 847.782613 141.900961 39.282204 64.061853
157 843.703352 143.073999 39.117438 64.714375
158 840.185825 143.622519 39.458184 66.679243
159 837.231661 145.065003 39.339919 68.183130
160 832.607922 147.161442 40.167251 69.251600
161 827.549353 148.346466 41.671027 70.709723
162 822.359950 146.933710 42.376279 72.672658
163 817.154993 145.991996 42.770193 74.071243
164 813.019760 146.815955 43.127754 74.819247
165 808.395445 146.684563 42.987129 74.379176
166 804.930783 148.363465 42.479764 72.765445
167 802.330184 149.429670 42.496997 71.200811
168 796.785162 149.505810 43.487490 69.843308
169 795.444400 149.564276 43.438889 69.591820
170 792.643188 149.584456 43.704699 69.475956
171 787.494525 141.694248 44.292381 72.421042
172 784.408103 113.029324 45.048252 76.008811
173 784.382495 121.030934 46.615667 76.214308
174 780.708911 120.464242 47.431992 75.900166
175 777.202337 118.075983 47.865175 73.405000
176 776.291506 112.166769 48.178329 70.540650
177 778.775737 97.467427 48.171625 71.456400
178 778.137827 78.479856 48.439411 79.085133
179 778.000572 72.461932 48.341548 82.938958
180 777.863460 70.316601 48.456908 83.554860
181 776.263362 69.724695 48.458481 84.999864
182 773.230369 68.312219 48.618519 85.673028
183 778.293934 58.657561 49.220984 86.745298
184 788.535279 55.178913 49.810347 84.483526
185 788.816983 60.670759 49.314098 82.747145
186 789.116117 62.402575 48.688181 83.827589
187 778.903635 66.228088 47.328780 87.980042
188 774.380953 69.083215 46.885564 90.677797
189 758.322161 76.488976 47.461954 90.922662
190 749.474265 79.455385 49.927219 82.001303
191 741.632533 83.710292 49.646177 80.934628
192 741.296544 83.766670 49.883680 81.011942
193 738.991015 84.863507 50.148103 80.893151
194 733.642592 86.081795 49.820589 80.247338
195 732.315151 86.840529 49.610333 80.349909
196 728.437824 88.681279 49.610901 79.730227
197 723.558774 90.976856 48.001876 79.612129
198 722.830994 91.471519 47.719558 79.768379
199 719.703260 91.991134 46.325837 79.865932
200 718.897631 92.527139 45.482287 80.028305
201 717.423117 91.637938 43.796744 81.731714
202 716.741663 91.241372 43.303426 82.520082
203 715.765885 91.040062 42.800941 83.321270
204 712.839071 90.996039 42.077749 83.669062
205 709.922328 91.719893 42.129985 83.768490
206 705.402675 93.897873 42.138144 84.153212
207 703.329319 94.815486 42.502989 84.265589
208 697.255530 102.021607 42.841186 84.704699
209 695.280819 102.907050 42.906336 84.848361
210 689.536646 108.474039 42.842533 84.677891
211 688.124113 110.221159 42.773425 84.753076
212 684.046359 111.697397 42.754235 84.977635
213 681.894444 107.295243 42.374753 88.131117
214 680.937903 104.912750 42.213210 89.455119
215 679.535541 102.157977 41.931405 90.220331
216 673.647722 97.977460 41.050634 92.242855
217 671.031731 98.881353 40.908237 93.005074
218 669.945580 99.703993 40.710102 93.484400
219 667.422795 100.621103 40.917382 93.164436
220 666.282021 101.746184 40.969634 93.278269
221 662.771997 104.991797 40.834149 92.881705
222 660.976543 106.388061 40.905216 92.583495
223 659.033245 108.862604 40.804890 93.028812
224 655.678047 110.241308 40.676679 95.004956
225 652.963081 111.151603 40.496133 95.595999
226 651.094517 111.843049 40.332407 95.655070
227 648.575688 111.749292 40.540565 95.294682
228 645.763036 111.787524 41.074115 95.666423
229 642.715316 112.882245 41.554672 95.304749
230 642.060227 112.883326 41.957492 95.351132
231 637.262323 114.308780 41.740943 95.955398
232 636.349865 115.080207 42.013220 95.662184
233 632.706931 117.957611 42.249795 94.550922
234 629.776116 121.581975 42.495560 93.339260
235 625.728657 124.476107 43.149873 91.893481
236 622.649849 125.465500 43.917093 91.750407
237 620.379236 125.908948 44.271186 92.270378
238 615.418076 125.603786 44.404953 95.046649
239 613.372987 123.740220 44.262616 95.122559
240 611.404742 123.706105 44.281932 95.302056
241 609.213125 122.882219 44.050631 95.549231
242 606.691839 121.334620 44.323757 95.302615
243 604.614223 122.425940 44.190137 95.197537
244 603.808697 125.197930 44.366584 94.960271
245 601.123824 130.968634 44.629382 93.274215
246 596.656644 130.858083 44.807982 92.574051
247 593.923364 135.519772 44.149688 92.975424
248 590.926344 136.173008 43.656480 92.839051
249 589.094187 137.513012 43.091203 92.950838
250 587.438148 138.197601 43.270278 92.525677
251 586.969110 138.802159 43.407866 92.676985
252 581.835682 140.823106 43.176968 91.835034
253 579.968268 140.793832 43.342244 92.021588
254 575.679482 139.431171 43.108715 92.574145
255 570.071935 138.554415 43.373002 92.092320
256 566.615652 138.589663 43.141333 92.245055
257 564.358353 138.925349 43.056162 92.435083
258 563.534912 138.751658 43.258073 92.502488
259 560.953784 138.953381 43.082283 92.811512
260 560.556875 139.335314 43.336216 93.000373
261 558.323847 143.214119 43.006102 94.958922
262 556.419778 143.618865 43.313941 94.937355
263 551.369751 147.494297 43.095489 95.540623
264 544.524215 151.545653 43.309228 95.721524
265 544.002154 152.286003 43.412479 96.068797
266 540.528158 153.933092 43.104737 96.422939
267 536.258064 157.602507 43.045571 96.132521
268 531.400683 157.417015 43.252968 95.046890
269 529.657351 158.667372 43.717470 94.688669
270 525.634109 160.552003 44.177187 93.569386
271 522.083421 163.941379 44.596316 93.289314
272 520.882324 164.948649 45.006272 93.329719
273 515.870515 169.472564 45.188956 95.090196
274 513.793898 173.902873 45.496947 94.263249
275 512.628637 175.681647 45.534282 93.608876
276 511.106079 176.417089 45.660022 93.580944
277 507.132278 177.576419 44.905672 92.364357
278 504.137608 177.720406 44.398758 91.605819
279 502.686921 178.918157 44.297135 91.147178
280 499.336954 181.605719 44.197874 88.761299
281 499.374660 181.643847 44.463558 88.977987
282 497.050277 182.252489 44.479920 88.552053
283 489.135009 186.754879 44.879390 87.235360
284 478.912722 184.752016 45.206815 86.450606
285 467.995340 180.098128 46.300287 86.271598
286 468.093436 180.208147 46.498075 86.497113
287 468.085635 180.176635 46.479809 86.502508
288 473.529442 177.745767 46.455490 94.998715
289 475.928406 175.921446 46.301275 108.763891
290 479.551273 177.355851 46.218173 109.866329
291 475.519505 177.065336 46.440255 110.663608
292 473.723947 174.205913 45.466396 109.565203
293 476.205534 175.178596 45.900497 108.552884
294 475.358469 174.873571 46.591150 107.499054
295 475.196504 170.901820 48.217707 107.590192
296 480.491858 168.247614 48.612136 106.766922
297 483.423128 167.531190 48.286530 106.474891
298 484.496481 165.036057 48.406148 105.259393
299 487.246594 165.099600 48.457357 104.977805
300 487.266503 165.107598 48.496589 104.992265
301 490.512316 165.384762 49.530864 104.194262
302 494.060297 165.757399 50.782275 102.579651
303 495.250568 166.587832 51.187405 101.288571
304 498.332875 165.102096 51.447934 100.517622
305 500.246849 164.018933 51.468542 99.106293
306 501.475016 162.019073 51.384680 98.643646
307 505.054336 155.669970 50.150668 97.814952
308 508.722044 153.215151 49.511986 95.655979
309 509.929815 153.585473 49.560657 95.239545
310 510.549491 154.329808 50.072899 93.095287
311 513.710645 156.438588 50.472635 87.925940
312 515.931456 157.876017 50.339777 82.773838
313 516.626159 158.807873 50.346522 80.739045
314 516.776764 159.229261 50.286507 80.673772
315 519.473675 162.565851 50.477810 80.592422
316 523.103980 164.233254 50.931704 80.729081
317 525.550880 165.185395 50.998699 81.758792
318 527.971552 165.751863 50.914573 82.832867
319 528.633099 165.313973 51.114074 83.170753
320 534.306919 159.595279 50.926950 85.523986
321 535.535231 154.844942 50.469575 86.914577
322 534.466289 148.090422 50.763826 86.110217
323 534.199479 149.129055 51.561543 85.210979
324 537.573168 148.277234 52.805039 83.042063
325 537.965362 147.480592 53.528043 82.405310
326 538.937879 145.861712 54.953830 81.219218
327 547.104239 144.758488 55.364516 78.695787
328 552.045639 144.927094 55.083306 75.553936
329 554.858452 145.115144 54.149590 73.623315
330 557.519410 143.839949 52.307398 72.005007
331 558.985656 144.858189 51.192374 70.621819
332 562.142767 144.709415 50.143895 68.535629
333 562.832461 144.868796 49.987839 67.881399
334 564.689594 144.319156 49.362588 66.917461
335 564.904080 144.556657 49.277703 66.068656
336 566.262045 145.565870 49.260139 64.058730
337 569.367964 145.971672 49.497401 61.836614
338 571.838829 144.126848 49.592662 59.952732
339 575.542135 143.166776 49.317098 58.584698
340 578.592074 142.322002 47.895320 57.527391
341 583.207576 139.499276 45.807005 58.035848
342 583.566538 139.506379 45.347409 58.373273
343 585.068915 139.417274 45.112176 58.458994
344 585.506591 139.412345 45.428754 58.538180
345 595.863001 139.882707 44.232185 59.537694
346 602.375047 141.999514 44.443154 60.741491
347 602.402123 142.127698 44.496777 60.996329
348 601.511577 142.608446 44.428158 60.891860
349 597.867927 145.972485 44.252121 60.952367
350 595.896232 146.578418 44.233134 60.795573
351 593.040360 149.269706 44.008159 61.422193
352 588.036275 151.511783 42.739360 63.992880
353 586.668363 152.788295 42.350757 65.761398
354 582.168727 152.818926 40.396011 73.877679
355 578.299486 152.429202 40.295359 80.038449
356 573.834065 149.348785 40.106953 83.702800
357 572.288234 148.584170 40.288898 85.001863
358 569.369995 147.689803 40.400410 85.575257
359 567.306923 146.687473 40.473066 85.555781
360 566.291822 145.879675 40.510757 85.498866
361 562.973472 145.466508 40.900203 85.442446
362 561.436937 147.669535 40.593754 87.388341
363 559.980259 148.077400 40.714391 87.872105
364 557.402386 151.882957 40.804465 90.169137
365 554.687247 153.855223 40.760710 91.678482
366 554.161125 154.766222 40.969169 91.893346
367 551.434604 155.608252 40.975402 93.143174
368 550.464200 155.585635 40.969586 93.459535
369 545.010142 155.145624 41.124297 94.234571
370 543.673290 155.534930 41.443436 94.478177
371 540.953549 155.978063 41.408204 94.131387
372 538.147967 157.560287 41.382607 94.118382
373 529.517122 161.384108 41.055208 94.372464
374 529.702529 161.683938 41.511244 94.399581
375 529.396714 163.716435 42.053923 93.773980
376 525.257716 169.463814 42.247942 93.577766
377 519.916588 169.147077 42.645756 92.922046
378 518.375114 169.458591 43.080499 92.855197
379 516.722835 169.539466 43.478880 92.771153
380 513.330829 169.955340 43.271186 93.183791
381 512.157512 171.407230 43.474070 93.436080
382 510.384932 173.670580 43.440644 94.191137
383 509.441733 176.434460 43.640007 95.375145
384 506.792411 183.477559 44.111150 98.132754
385 503.473469 182.131837 44.699832 98.010274
386 500.816587 181.387742 45.232466 99.193602
387 498.017235 180.745715 45.840357 101.212789
388 496.336694 180.758851 46.120837 103.304289
389 496.056045 180.802744 46.520324 104.017374
390 496.670276 181.358183 46.806530 105.246625
391 496.839767 181.523893 46.876679 105.900041
392 498.040110 182.370164 46.668364 106.593244
393 497.992050 182.685280 46.828479 107.688087
394 498.800765 183.352698 47.689207 108.100226
395 498.634708 184.067190 49.413206 108.737151
396 497.586050 185.408292 50.382485 109.111253
397 496.140004 186.920726 51.321448 110.427973
398 492.822818 187.758589 52.390709 112.192488
399 490.157980 188.505875 53.245586 114.054254
400 488.360975 189.028163 54.589902 115.325432
401 486.324772 189.110842 57.447178 117.500335
402 489.917762 190.093280 61.386241 119.171857
403 495.791650 192.257934 63.788848 119.041978
404 503.722000 195.504320 65.710321 118.036604
405 503.785744 195.782533 66.033775 118.449846
406 503.404330 196.126062 66.684823 118.216186
407 503.120182 196.481627 67.109432 118.281155
408 503.019965 196.830869 67.521787 118.434951
