2 555.294319 105.011239 83.723927 108.244355
3 555.388604 105.151876 84.016154 108.477883
4 559.206068 106.391085 86.829255 108.094176
5 525.282700 102.140050 86.080528 109.838013
6 513.518398 107.575028 85.121799 109.562634
7 513.704950 107.791492 85.493783 109.993543
8 513.705470 107.792791 85.493807 109.993381
9 527.226270 72.073061 83.632839 117.004431
10 527.407307 72.318783 83.993916 117.492929
11 525.642540 72.607839 84.174849 117.175562
12 521.999559 71.104996 89.934971 116.644021
13 513.263906 55.962341 96.804644 118.066257
14 525.847965 148.454062 100.001653 120.160711
15 516.691538 155.497708 98.122554 128.871080
16 536.882719 129.440589 96.356003 134.561748
17 552.791917 104.542349 94.977596 142.229135
18 554.030908 101.978007 95.005228 143.139879
19 535.230558 132.389950 93.741830 148.340369
20 535.356797 132.467160 93.993191 148.491064
21 544.236587 127.170959 93.113896 149.108721
22 545.770012 122.565616 97.024592 150.402203
23 533.907667 109.925112 101.643426 153.837894
24 531.996102 108.431322 104.280957 160.028843
25 532.801173 108.301275 103.994320 160.665616
26 531.872450 106.476112 103.337825 160.941148
27 530.148992 102.376314 101.771685 160.951389
28 530.762330 101.576124 101.553844 161.130748
29 532.514353 103.797505 99.768468 162.102535
30 547.642898 90.565334 101.335487 162.831284
31 531.530897 80.088462 107.940132 161.971177
32 547.849203 96.639411 112.333159 164.047541
33 547.965336 97.465963 112.574190 164.736817
34 544.210984 98.048750 113.941254 164.367719
35 543.438718 99.620054 114.898192 163.813276
36 543.402208 99.596216 114.937733 163.886913
37 540.175979 106.929077 116.188631 162.544064
38 540.081959 108.574506 116.624102 162.246399
39 540.718069 109.629271 117.237989 161.885962
40 533.547542 116.095564 121.202651 159.990998
41 535.024016 123.245207 123.769093 158.865372
42 545.901233 138.799477 127.933838 155.676125
43 546.051709 139.521419 128.819238 155.911487
44 557.912188 146.159839 132.776098 153.584950
45 558.662359 146.626442 134.034122 153.886598
46 565.246291 151.182577 136.439251 153.546500
47 565.747130 156.599213 139.445251 155.104446
48 565.524088 158.537300 140.397738 155.213959
49 562.017618 168.034128 142.043526 157.289151
50 603.113008 159.524146 143.217844 163.532414
51 627.566876 151.672927 144.972695 168.678955
52 621.205575 152.741978 136.037264 173.766043
53 618.381433 152.367577 134.005043 174.250701
54 608.903541 148.622518 130.889748 176.264294
55 633.881400 149.928785 127.305949 177.634231
56 637.468480 146.256564 122.387961 181.624240
57 613.358409 142.051524 116.549478 185.689863
58 612.702585 141.275391 115.515257 186.580496
59 611.505710 152.631765 112.155905 190.026702
60 615.428848 154.239151 111.606148 191.256204
61 626.131868 171.190789 108.740769 194.590003
62 626.037631 161.072192 105.903756 194.808436
63 627.239841 160.448033 104.570837 195.787763
64 637.745649 196.418496 99.088413 193.340939
65 669.087514 223.992743 96.301959 182.679585
66 714.316989 246.876378 97.901555 180.619637
67 716.111981 208.045710 98.173368 179.762462
68 717.999532 200.304448 99.086753 178.021088
69 743.939165 196.331431 99.591370 183.755478
70 736.709289 133.995247 104.264398 179.179690
71 735.975534 134.167034 104.587630 179.186655
72 728.682614 133.632660 105.593610 179.850286
73 728.217622 133.610528 106.163649 180.018196
74 726.416971 147.189921 106.306531 182.211174
75 736.520780 152.319321 110.844631 184.728140
76 746.388939 182.004614 112.733761 182.007478
77 742.870855 236.491374 111.584321 185.761509
78 743.205224 241.962002 112.424106 184.490600
79 746.403451 307.802404 109.242119 183.725983
80 759.896350 347.747529 114.157673 180.626262
81 757.043414 351.276260 113.907220 180.651041
82 749.060916 353.948393 111.673590 185.014008
83 748.699324 353.608880 111.628456 185.846870
84 743.975039 357.841255 111.979359 185.712444
85 752.926771 371.860647 112.208501 183.856685
86 758.178272 373.552256 112.608399 183.017606
87 761.300490 378.038541 112.179056 183.020091
88 761.606488 378.436511 112.406455 183.449819
89 781.162453 398.108468 111.286048 179.660674
90 783.082212 401.792546 110.930652 178.981765
91 810.147968 436.172242 111.265910 172.475398
92 809.726263 436.323792 111.359048 172.467584
93 809.223734 436.479051 111.357299 172.467074
94 805.349631 438.724938 110.780178 172.211303
95 804.831567 439.686887 111.054469 171.939115
96 805.046182 439.677264 111.472964 171.972861
97 805.054075 439.675054 111.481912 171.983777
98 805.057711 439.668649 111.482907 171.984368
99 803.643404 428.217994 111.347325 170.977359
100 803.716041 427.561591 111.379629 170.708465
101 801.308289 427.797019 111.677361 170.397817
102 801.320163 422.482936 112.030618 170.058122
103 801.228258 421.411242 112.538227 170.185334
104 801.381026 421.356039 112.973123 170.363870
105 790.811895 413.983306 113.734468 171.629682
106 781.611129 416.025250 114.455516 171.573902
107 773.575661 413.228886 114.340744 171.635488
108 773.648689 413.407279 114.491455 171.990002
109 761.582724 414.697140 113.632031 171.573599
110 753.217247 415.942381 115.915458 174.374642
111 689.827162 408.802269 119.058406 175.221547
112 633.565138 406.673851 117.934692 175.886323
113 633.594219 406.727601 117.991453 175.989409
114 622.722528 411.638602 116.124876 175.119275
115 608.549709 418.008310 116.353300 170.830549
116 598.213781 416.259138 115.580056 170.079668
117 596.468755 415.414330 115.678399 169.911740
118 596.527846 415.379683 115.924166 169.953454
119 590.510831 409.742091 115.234616 169.619275
120 574.081497 387.930706 114.346337 173.771676
121 551.500877 394.282992 113.217483 175.506862
122 549.704712 394.273209 113.312774 175.597202
123 547.657573 394.051517 113.260325 175.645743
124 546.032695 393.670379 113.446491 175.778786
125 546.056013 393.777898 113.491779 175.989409
126 546.056687 393.780105 113.491779 175.989409
127 546.057361 393.782312 113.491779 175.989409
128 546.058035 393.784519 113.491779 175.989409
129 543.972057 398.388721 113.404433 176.213828
130 541.095719 407.647418 113.950617 175.641516
131 541.116959 407.823571 113.991743 175.989409
132 541.117636 407.825778 113.991743 175.989409
133 541.118313 407.827986 113.991743 175.989409
134 550.874894 409.057748 115.681403 174.810194
135 550.997050 409.410008 117.499323 175.014561
136 568.778433 415.608893 119.976549 174.688248
137 601.019153 420.541906 126.981897 171.752754
138 604.072822 422.367837 126.976092 168.871352
139 663.402909 396.343006 128.239338 168.673927
140 725.702929 399.679870 131.759117 172.693652
141 725.884525 399.492505 131.953964 173.176922
142 725.895742 399.614631 131.983918 173.487640
143 725.899836 399.616194 131.990175 173.489576
144 744.885401 403.089790 135.636528 173.372784
145 745.153394 397.205857 135.462051 174.660728
146 729.559099 391.722702 135.537326 174.053742
147 732.176975 393.796986 136.739055 173.635643
148 732.381267 394.155011 137.035629 173.888522
149 756.985151 405.498349 139.483535 170.777533
150 767.131418 437.702725 137.413692 165.648080
151 770.251228 457.670657 139.797388 166.017794
152 783.110970 472.740230 139.702356 164.692745
153 783.398006 475.649252 139.920666 164.593840
154 780.676088 503.477711 140.309940 165.112533
155 790.222552 503.080060 140.633951 164.075651
156 779.221893 573.397978 142.421919 146.602022
157 766.897899 586.954472 142.527261 133.045528
158 765.961651 594.150704 141.763314 125.849296
159 773.747696 598.136520 141.788268 121.863480
160 783.280433 598.091323 141.219172 121.741806
161 782.345478 606.937122 141.758426 113.062878
162 783.914431 613.710235 143.714690 106.289765
163 783.630212 617.178275 144.834164 102.821725
164 786.723456 618.412717 146.245036 101.547221
165 786.842751 618.719329 146.533196 101.280671
166 783.926060 618.974147 147.348632 100.785113
167 780.317824 619.429824 148.286603 100.091283
168 779.943303 619.763094 148.719222 100.236906
169 778.345065 620.047172 149.550109 99.924259
170 775.970657 619.998082 149.657035 100.001025
171 797.213009 615.869748 150.051491 102.333587
172 797.399113 615.249715 150.540260 102.908059
173 797.480493 614.518614 150.990272 103.412918
174 797.433522 614.468267 150.961601 103.547379
175 793.310689 613.703505 150.600797 104.528537
176 794.581622 607.161210 150.631542 105.968529
177 776.209022 597.876440 154.702904 110.129889
178 776.390541 597.570478 155.253518 110.937927
179 769.952625 587.070464 155.942183 112.893284
180 776.544217 577.225664 158.337792 112.570028
181 776.620688 577.438398 158.488641 112.993222
182 777.141996 575.450443 158.365833 113.563359
183 778.099434 573.323654 158.329381 114.690952
184 776.529646 560.814744 157.286629 116.390631
185 774.116611 552.698209 158.655239 122.183699
186 787.014946 549.447742 155.778978 125.337950
187 876.507841 539.020391 155.805092 128.781058
188 877.875201 539.041703 156.041084 128.778975
189 897.150008 530.505050 158.108229 130.381922
190 897.114970 530.447145 158.388461 130.528183
191 880.676031 520.239157 160.912404 130.325296
192 880.159533 519.472794 160.985206 130.362745
193 879.765702 518.000451 161.196740 130.183313
194 880.459446 508.213013 162.304176 129.917453
195 886.671216 493.148501 165.591205 128.574567
196 891.370626 490.614922 167.509667 128.144743
197 901.963017 485.097154 168.976725 126.660622
198 916.788095 473.577870 169.383724 124.702981
199 918.211042 462.468552 168.537565 124.328876
200 916.961308 463.830565 169.111675 123.784239
201 968.197411 444.807372 167.093161 124.468410
202 949.266844 410.175870 167.467353 145.116516
203 950.547249 389.984803 164.341620 158.415488
204 874.473558 357.060455 168.899652 166.001589
205 854.104346 313.266429 168.413507 176.784703
206 842.356059 295.943238 175.227741 182.219147
207 784.777272 248.622589 184.950475 195.514814
208 806.467519 122.045130 191.021812 204.849389
209 803.477986 121.311873 190.848774 204.123422
210 796.332901 120.055542 189.641639 203.619105
211 796.506328 120.242410 189.986238 203.987724
212 796.471606 120.230942 189.924930 203.983385
213 796.453487 120.226185 189.904373 203.977851
214 796.495547 120.233680 189.986238 203.987724
215 802.968365 120.043975 189.584486 203.425797
216 807.957234 119.367374 189.281586 203.244639
217 808.096215 119.483526 189.470497 203.489675
218 808.199529 119.456211 189.442757 203.493586
219 830.811137 116.162578 189.153142 202.671106
220 860.453502 107.759652 187.819274 201.968076
221 913.825927 101.044599 188.671049 204.034764
222 923.783651 98.596570 187.481918 204.729809
223 928.817935 98.653659 186.238825 205.088250
224 938.369541 99.876053 185.893363 205.377189
225 939.262521 98.801254 185.469978 205.758429
226 939.265255 98.903485 185.472155 205.998399
227 939.330799 98.913312 185.453650 206.002328
228 939.521212 99.213607 185.403400 206.502048
229 939.563895 99.458951 185.486564 206.987543
230 940.106932 99.620383 185.184620 207.009910
231 941.363539 100.363976 185.189785 207.339325
232 942.249899 101.280249 185.297858 207.298907
233 942.529522 101.543875 185.422515 207.475996
234 943.709214 109.604581 184.567994 207.545425
235 947.994226 121.183244 182.907287 209.553450
236 948.184353 122.026319 182.928236 209.864396
237 947.973626 122.628556 182.931264 209.894807
238 947.761228 123.282668 182.921509 209.883482
239 957.037238 29.240389 190.667406 222.715685
240 1098.660287 18.479243 181.339713 218.514760
241 1091.783971 5.065054 177.962660 215.512618
242 1070.103009 1.398378 174.165299 208.658706
243 1070.146879 1.653287 172.232297 208.227533
244 1068.455267 1.102395 169.672036 204.751299
245 1057.268644 2.735434 165.447783 199.271980
246 1054.363547 2.640303 164.029982 198.538959
247 1044.546256 3.811872 162.650847 196.380640
248 1044.464497 4.210675 162.504273 196.122517
249 1039.481621 4.641965 162.331686 194.967898
250 1027.448062 5.512346 161.541420 189.378902
251 1027.658720 5.546310 161.990128 189.454223
252 1027.616187 5.486103 161.981376 189.385134
253 1027.569317 5.455905 161.982797 189.356200
254 1027.573013 5.524479 161.988266 189.488596
255 1022.171864 20.863008 167.263104 187.023685
256 1005.683167 74.430714 167.309094 186.703125
257 1004.837997 118.426377 163.907941 194.260406
258 1004.909848 118.571484 163.973631 194.490735
259 1004.919991 118.575523 163.988043 194.487517
260 1005.093641 118.797452 163.958796 194.432556
261 1021.769821 121.313090 162.143861 192.221046
262 1024.207801 120.317533 162.078398 192.376614
263 1024.560843 120.289206 162.457235 192.497843
264 1025.880117 117.661570 162.264009 192.232521
265 1027.908538 118.258616 162.688578 192.166229
266 1021.796052 130.200195 163.384985 192.186607
267 1041.950596 145.070858 165.972437 191.609396
268 1041.959351 145.262790 165.987976 191.988446
269 1041.324437 146.323456 166.047723 192.037207
270 1041.128139 146.978221 166.558783 192.462448
271 1051.875460 140.817791 166.818893 193.514760
272 1051.856065 141.026193 166.995087 194.000675
273 1051.640641 141.209830 166.995979 194.510267
274 1051.554476 141.575417 166.980227 194.983588
275 1051.559305 141.580201 166.987904 194.988266
276 1051.568531 141.631397 166.986948 194.982008
277 1050.317893 143.218886 166.971317 194.431249
278 1049.253320 144.756739 167.061635 193.910560
279 1040.047888 147.927972 166.428533 193.826236
280 1040.078580 148.011450 166.487940 193.988326
281 1045.471856 149.344615 165.867465 193.696366
282 1045.533097 149.493028 165.987976 193.988326
283 1045.534082 149.495460 165.987976 193.988326
284 1036.926403 147.729865 164.674313 193.523490
285 1035.785574 148.138193 164.709607 193.972405
286 1035.527482 147.806330 164.719465 194.123182
287 1009.910240 139.817345 164.627557 195.520740
288 1008.052978 140.583884 164.981125 195.882259
289 1006.612449 140.830777 164.890393 195.923942
290 990.717007 123.166027 162.631725 195.617991
291 976.612747 122.394197 162.897606 197.167943
292 968.193820 123.031441 162.924118 197.583006
293 960.805687 124.021759 162.384640 198.484739
294 959.333777 122.859072 162.181083 198.540170
295 943.981561 112.738036 161.687768 200.076572
296 937.621895 105.953773 161.338382 200.528395
297 933.325824 100.374215 160.776067 201.239620
298 931.381930 98.531366 160.866818 201.506476
299 929.970208 98.060411 160.862872 201.815497
300 928.006465 99.113995 160.999386 201.721796
301 924.846357 100.393347 160.909848 201.754189
302 921.867347 105.792597 160.997935 201.668800
303 920.975121 107.567319 161.134257 201.705623
304 920.571883 108.143743 161.578295 201.858475
305 914.929653 109.638169 161.935514 201.631475
306 912.554543 110.859386 162.083049 201.762029
307 911.421565 112.233686 162.848749 201.655113
308 910.357198 113.523888 163.155970 201.771709
309 896.676380 115.772654 163.556835 201.483285
310 908.181572 95.796292 165.603322 201.894458
311 902.638968 98.418207 166.414052 201.398696
312 926.524872 88.310219 165.843845 196.965099
313 927.370198 88.718692 165.622399 195.116339
314 917.663899 91.979286 165.581144 196.064159
315 943.214118 57.960730 165.220300 193.663915
316 904.172698 82.768862 165.639832 195.743811
317 903.335530 97.606070 163.518254 198.070449
318 903.564993 97.820911 163.984164 198.487951
319 930.557073 98.315956 161.616401 195.000927
320 941.155162 101.545370 161.335207 194.853368
321 950.667127 104.905337 160.764739 195.217330
322 957.555702 113.270305 159.788780 196.463194
323 957.700871 113.295941 159.960014 196.510363
324 956.451134 118.071826 159.942139 196.719974
325 947.937439 132.936893 159.624855 198.211833
326 940.971691 135.358005 159.570831 197.788727
327 924.836796 139.258782 159.370842 197.124888
328 918.234363 142.280591 159.591845 196.607736
329 917.673266 142.699157 159.880669 196.927716
330 917.716505 142.767529 159.982765 196.967131
331 917.951693 142.888891 160.027534 196.916903
332 908.434871 143.129961 158.795073 195.959761
333 907.346710 143.806357 158.883750 195.512437
334 902.759453 145.889246 158.582619 195.199327
335 903.358525 146.540602 159.062185 195.340936
336 903.307238 147.414765 159.547824 195.253046
337 897.275567 158.319597 158.692589 195.955248
338 896.760535 159.022120 158.949718 195.854763
339 895.471864 160.097957 158.584484 195.686217
340 895.674808 160.251409 158.988483 195.988205
341 895.304543 160.740159 158.932538 195.907101
342 895.333460 160.783169 158.988483 195.988205
343 895.334404 160.785627 158.988483 195.988205
344 892.469188 159.863840 158.343037 196.154116
345 891.257421 158.657652 157.944209 195.893789
346 885.062872 145.334171 159.831793 193.138589
347 883.887401 143.535710 161.059303 192.014006
348 883.303912 143.022449 162.323552 191.373291
349 884.752946 126.370307 163.892254 189.956414
350 883.940919 123.718377 164.238272 189.352416
351 884.171394 125.164512 164.606905 188.960113
352 885.453118 129.584971 165.374288 188.217784
353 890.330459 135.861745 166.057727 187.333236
354 892.281721 138.745701 166.437470 186.909065
355 891.134462 139.751951 166.543246 186.663612
356 889.525869 149.884428 166.070147 186.274471
357 889.734127 149.998482 166.487154 186.486082
358 889.728942 150.019029 166.485439 186.483388
359 878.065752 155.133436 165.208960 188.148107
360 875.174689 155.301195 164.949715 188.669943
361 875.194836 155.462906 164.988049 188.988627
362 875.192157 155.467421 164.987899 188.987437
363 875.193211 155.470387 164.988049 188.988627
364 884.155826 151.697843 164.890574 188.332555
365 885.548799 150.505351 164.904430 188.832238
366 909.082864 142.203170 164.902431 187.290859
367 940.509463 136.051139 163.544203 185.836038
368 940.732395 136.129856 163.988121 185.988807
369 943.446790 137.433935 163.466808 185.909233
370 944.039422 140.777781 163.388841 185.463841
