2 805.167061 454.583120 73.507788 60.626010
3 815.282305 453.773097 73.480326 58.924353
4 823.228530 448.494694 71.016202 61.257328
5 824.295735 453.382413 72.602251 60.799262
6 831.797133 457.679133 70.712857 56.373824
7 832.576865 458.310534 70.433629 55.402597
8 834.515295 456.753004 70.194670 54.865369
9 836.167821 453.096331 69.997651 55.054131
10 836.260820 453.370774 69.929758 54.999374
11 837.568617 453.283562 69.659708 54.760286
12 837.809902 453.425255 69.986959 55.002444
13 841.345733 450.282226 68.383244 57.059524
14 838.041635 449.533671 72.239332 58.108984
15 840.890121 452.691168 75.838634 56.561835
16 849.015859 454.306171 70.977163 55.186730
17 852.284012 454.843971 69.778418 54.198634
18 855.393386 455.466665 69.634995 52.333929
19 859.658926 453.344735 70.036289 51.630120
20 862.274255 453.645916 70.751886 50.837833
21 866.454146 453.385234 70.898386 49.614496
22 870.943215 452.559925 69.234645 48.950667
23 877.452769 448.171628 66.873836 46.741053
24 878.907717 448.136593 66.480010 46.723991
25 881.543365 455.180324 66.094151 46.144503
26 884.049696 459.826942 65.802118 44.697554
27 884.196162 460.017227 66.007405 44.974890
28 886.039885 452.789545 65.897294 43.819646
29 887.123627 450.955324 66.051355 43.510754
30 887.528203 451.470757 66.526652 43.824258
31 889.432398 455.284327 67.318756 42.988063
32 892.195617 457.439191 66.747695 42.751941
33 893.125673 457.692771 66.601646 42.547421
34 893.560477 457.920770 66.765613 42.815091
35 893.770742 457.929800 66.852080 42.975779
36 894.050086 455.854616 66.230795 41.268958
37 894.797713 455.292839 65.262010 40.745435
38 895.900383 455.017974 63.403618 40.081860
39 896.339450 456.162022 62.744265 39.876789
40 896.448602 456.217069 62.978172 39.975197
41 896.045558 455.232838 62.160935 38.954859
42 895.578787 452.022890 59.816533 39.076399
43 894.027629 448.431796 58.459288 38.341557
44 892.333859 448.819677 58.394777 38.191947
45 890.191889 453.368482 57.424816 38.742121
46 887.679783 459.364117 56.091100 38.342530
47 887.490389 459.199655 56.078417 38.498750
48 885.979411 459.226338 56.264479 38.604881
49 884.084308 460.652184 55.590033 39.279850
50 883.062356 459.373610 55.756798 39.688516
51 881.692718 456.253559 55.814864 39.226557
52 880.786975 455.796872 55.404016 39.210081
53 879.201634 467.888007 53.306615 39.885339
54 878.592501 467.180287 53.506911 39.975279
55 877.231178 462.135308 54.228591 39.869840
56 874.362609 453.878176 54.653332 39.467498
57 873.054575 453.381758 55.256916 39.333681
58 870.745605 457.860721 55.431515 39.135865
59 869.812622 459.199160 55.540880 39.477790
60 869.292250 458.703091 55.201202 39.155064
61 868.764482 458.280516 55.345929 39.155290
62 867.430319 461.078344 52.523730 38.783081
63 864.939695 469.911711 51.186217 37.973286
64 864.191008 472.002001 51.194308 37.381719
65 859.742971 463.313076 51.097303 36.403314
66 857.534039 463.160907 50.635604 36.273495
67 855.608698 463.254200 50.821231 36.454417
68 851.918761 460.627946 48.324635 37.061337
69 848.684312 458.912192 47.295964 38.251741
70 839.544410 459.793509 52.983404 39.917246
71 830.946612 462.449422 58.171910 38.952187
72 827.735008 462.840425 57.747003 38.489148
73 827.525753 465.612895 54.030634 37.754362
74 824.823733 463.227457 52.536554 37.494667
75 821.012562 459.012325 50.346191 36.541811
76 815.183694 456.640868 49.109236 36.647975
77 811.378864 457.536100 50.298183 36.243639
78 806.631657 456.649337 48.583143 37.213054
79 804.614212 458.093422 48.811991 37.876895
80 802.879789 460.398668 49.250223 37.657546
81 795.858739 461.941115 54.941596 37.346223
82 788.434146 459.361365 61.561506 37.576096
83 785.742685 460.385972 63.985139 38.492776
84 786.390112 460.369500 62.885931 38.680142
85 786.543015 460.605477 62.877659 38.970151
86 788.344803 459.451429 62.189227 38.708246
87 791.885301 458.684631 59.068874 38.575416
88 792.099497 458.896694 59.488668 38.990428
89 792.008758 458.668343 59.481624 38.912598
90 793.509385 457.557585 54.798388 39.093372
91 793.759430 458.457919 53.658047 39.629531
92 793.929165 458.642919 53.989716 39.990183
93 789.493990 451.651061 58.828543 38.919621
94 788.295140 451.278371 59.214340 39.014524
95 792.582961 454.429236 53.881627 39.417796
96 792.440848 453.943489 51.760367 39.401084
97 792.426768 453.929034 51.888271 39.285403
98 793.074177 454.117081 49.622007 38.681354
99 789.587208 461.348347 50.723004 38.061440
100 785.974464 463.837596 54.122399 37.081874
101 790.366542 463.924781 50.189628 36.823023
102 790.518518 464.012327 50.478431 36.987375
103 790.824197 464.834984 50.028149 36.626061
104 793.707130 465.270187 47.243429 36.190526
105 794.034303 463.262717 45.716449 36.880032
106 794.132771 463.291786 46.038736 36.855372
107 792.138802 463.529921 47.940469 36.262416
108 789.248976 464.524240 51.635017 36.719658
109 792.728044 464.623437 50.033660 36.397884
110 793.775476 463.141920 49.572079 36.249374
111 797.520962 464.658205 48.698456 36.306124
112 798.537875 464.874865 48.304353 36.324343
113 799.470828 462.721347 48.270140 36.061195
114 799.649261 462.637510 48.408597 36.460641
115 800.174842 460.378879 48.180906 36.361587
116 800.333275 460.447872 48.490763 36.491042
117 800.547647 458.853090 48.489783 36.293566
118 800.724826 458.928179 48.573094 36.411124
119 801.560404 458.121371 48.949763 36.266598
120 801.650818 456.250305 48.896175 36.426991
121 801.762531 456.319858 48.966850 36.496375
122 803.726971 459.573070 48.687991 36.048186
123 804.963502 463.173275 48.040733 36.658375
124 805.979646 460.819154 48.959301 36.863145
125 806.511524 460.327316 49.286958 36.834235
126 807.342548 463.508028 49.469594 36.475423
127 808.690307 461.342921 49.423138 36.236055
128 811.303901 456.023574 49.213794 35.888442
129 812.182631 454.047059 49.281250 35.614941
130 812.548769 454.247193 49.417298 35.997240
131 812.860167 454.040623 49.323630 35.991644
132 813.983063 448.266726 49.365680 35.119018
133 815.161697 444.912872 48.952412 35.637797
134 815.190479 445.093967 48.986988 35.992313
135 814.802201 449.831028 47.571509 35.912276
136 813.781594 448.222069 47.308353 36.347649
137 812.107193 447.689275 46.965284 36.624392
138 809.718359 447.684904 46.281938 36.829085
139 809.238218 447.545262 46.066433 37.026150
140 807.137272 451.775796 46.132428 37.289886
141 806.012660 459.220099 46.081734 38.152170
142 806.186507 459.490910 46.488426 38.425155
143 805.408053 456.795126 46.601714 37.928141
144 805.479756 456.783462 46.943770 38.004929
145 802.533798 457.196552 46.843029 37.176805
146 800.970534 461.106598 47.245837 36.741396
147 799.091965 464.684568 47.543501 36.535746
148 798.370657 464.703293 47.928534 36.856524
149 797.716829 465.515671 47.675926 36.677527
150 795.120917 463.201481 47.552522 35.608608
151 793.112912 464.356868 47.035739 35.217111
152 793.384772 464.979743 46.154661 35.157542
153 792.712423 458.173677 45.224870 34.773030
154 791.839301 457.054200 44.924516 34.532796
155 788.621970 460.031504 45.098242 34.449558
156 787.463728 458.544203 44.925097 34.405725
157 786.040706 457.562929 44.888231 34.327090
158 785.876611 457.240033 44.721016 34.512990
159 784.904295 456.174066 44.551814 34.511564
160 783.310239 453.224345 44.553035 34.391168
161 782.371789 456.017340 44.210126 34.638332
162 782.319620 459.882657 43.153104 35.323125
163 783.461527 464.186442 42.399300 35.884442
164 783.773415 465.394564 42.274377 35.984336
165 785.623493 460.674265 41.943410 35.021807
166 786.395785 456.375656 41.384625 34.242799
167 786.680172 457.193368 41.135891 34.568975
168 786.861273 457.408675 41.492096 34.991410
169 786.059047 451.174109 42.184295 34.442704
170 786.215923 451.202555 42.491906 34.491533
171 786.149910 458.845606 41.800167 34.318887
172 785.692797 454.846856 42.284067 34.163400
173 785.792240 450.471045 42.267371 34.080153
174 786.292273 454.009635 42.298051 33.731380
175 787.262640 458.098302 41.894675 33.782661
176 787.317500 458.218285 41.989203 33.993307
177 787.168014 458.314467 42.076153 34.045784
178 786.197921 464.865689 43.034600 34.922360
179 786.003039 460.289277 43.058993 34.851872
180 785.752426 454.483183 43.311831 33.548456
181 785.715217 453.573585 43.266272 33.847258
182 784.767977 456.107561 43.372669 34.610490
183 784.664680 456.679795 43.247223 35.282800
184 783.688643 452.514543 43.590790 35.275223
185 783.073518 449.097475 44.081213 35.286751
186 783.404019 449.237631 44.243298 35.381420
187 782.924589 454.669026 43.623821 35.409344
188 782.144875 462.980813 43.555928 35.286660
189 783.602344 471.875728 43.152192 35.082153
190 783.288187 461.269402 43.789933 34.967967
191 783.133610 455.891220 44.548802 35.048371
192 783.281459 451.488256 45.022900 34.763979
193 783.623563 451.568408 45.426622 34.959335
194 784.332447 452.335399 44.971038 34.981240
195 784.350283 453.341405 44.698438 34.760761
196 784.189323 452.072707 44.940558 34.836917
197 784.067162 450.746415 44.861413 34.762239
198 784.228906 451.685469 44.528126 35.064486
199 784.351306 449.392466 44.751057 35.419072
200 784.250607 450.721893 44.225483 35.558778
201 784.382830 450.944133 44.489787 35.988995
202 784.027937 457.129062 43.659478 36.426426
203 784.103392 456.561600 44.067065 36.151375
204 784.763883 455.271135 44.216466 36.026669
205 784.927308 455.652710 44.480183 36.307429
206 785.025701 454.978907 44.407132 36.367356
207 785.281427 455.106270 44.396414 35.435147
208 786.936428 457.843075 41.810761 35.573446
209 787.390890 451.589394 41.641828 36.706003
210 787.569010 451.736175 41.992001 36.990919
211 786.895006 448.703294 41.770509 36.274503
212 787.256328 442.959261 41.256770 36.021369
213 787.745883 441.661518 41.466830 36.384127
214 787.946972 444.846605 40.786317 35.941490
215 788.764535 451.875794 40.678550 36.426165
216 789.490127 447.044915 41.786420 35.884624
217 791.247774 439.269878 42.679075 35.592612
218 792.780360 441.533935 42.055012 36.255432
219 793.181572 443.593492 42.428146 36.420910
220 794.388232 445.202442 42.862995 36.359923
221 795.467557 445.342348 43.028033 36.404298
222 798.158851 450.638769 43.264281 37.014621
223 798.434475 451.357097 43.455497 37.221909
224 798.943800 451.453946 43.183043 37.300934
225 799.528056 454.982964 43.256046 36.002861
226 800.643520 456.143334 42.841549 35.905530
227 801.009215 455.014582 42.762974 35.541911
228 801.123074 455.630675 42.989707 35.372533
229 801.125977 459.730818 42.838068 35.418684
230 801.280848 460.520119 42.625978 34.482683
231 800.719858 457.013928 42.205858 33.215637
232 800.301271 453.372986 41.721577 32.980710
233 799.661844 457.783138 41.836332 32.617893
234 798.887361 464.323639 41.958251 32.982234
235 798.768620 463.005747 41.528523 32.460923
236 798.626250 462.342364 41.395901 31.544777
237 798.577870 461.695628 41.091416 31.954683
238 798.612459 462.685684 41.107659 31.679062
239 798.934119 463.272238 41.316926 31.778139
240 800.033908 462.418507 41.020736 31.823854
241 803.100031 462.971733 41.064008 31.813588
242 805.866967 462.340534 40.918401 31.597894
243 807.271061 462.443281 40.922334 31.889304
244 810.070714 461.885670 40.579983 31.807060
245 812.204180 461.705568 40.891908 31.525021
246 815.306442 459.398782 40.532251 32.171255
247 818.950960 461.032147 40.737033 32.518646
248 820.693676 462.390252 41.777884 32.138122
249 824.930503 459.855818 40.494588 32.187851
250 827.622851 456.903985 39.623093 32.464969
251 830.328342 453.592998 39.362812 32.422421
252 832.974631 455.967547 39.246589 31.575460
253 832.933757 458.991437 38.537125 31.402687
254 831.239843 462.753946 37.972476 29.921182
255 830.608732 462.818359 37.678946 29.792632
256 827.764175 462.376779 38.104848 29.824984
257 825.062511 461.654838 37.692196 29.848220
258 821.719099 461.338193 37.450294 29.995545
259 819.074394 461.173846 37.170022 29.905927
260 817.594352 461.414551 37.020804 30.011813
261 814.551808 462.458927 35.982655 30.353571
262 810.902886 462.870684 35.965669 30.081671
263 808.706966 463.154530 35.641787 30.376197
264 806.259315 463.744721 36.292774 30.430949
265 804.255586 463.054397 36.204918 30.720809
266 802.242607 462.894906 37.093535 30.929806
267 800.783675 462.625724 36.035743 30.564966
268 800.885062 463.094759 36.543750 30.594605
269 801.230254 463.157980 36.473320 31.077771
270 801.075678 463.381764 36.407477 31.452198
271 793.175447 468.232563 39.690534 30.864933
272 784.687137 473.364615 41.455833 29.936264
273 783.119990 474.968923 41.890309 28.750000
274 779.063910 477.283442 41.998965 28.374887
275 778.509059 477.463483 41.949952 28.173607
276 778.073254 477.728094 42.113906 28.077783
277 776.901122 477.089022 42.591179 27.768391
278 776.191804 476.888819 43.058477 27.438836
279 773.841278 476.813932 43.297728 27.098620
280 772.421407 479.421403 43.482923 27.110867
281 767.407152 485.764839 44.599357 27.185455
282 765.803553 488.497089 45.224100 26.869001
283 763.124691 489.213209 45.380719 26.689289
284 761.016451 491.991246 45.859138 26.647605
285 758.638138 493.607641 45.687501 26.829088
286 753.935635 501.765025 47.304274 26.880781
287 753.897910 502.286314 47.501561 26.865760
288 752.237353 508.660531 47.837260 26.919247
289 751.322478 508.951218 47.764458 26.993073
290 749.682645 515.437044 48.713134 27.371922
291 746.744998 527.162879 50.629416 27.508857
292 745.098764 533.062233 51.481586 28.848540
293 743.496786 540.667457 53.912027 28.581764
294 742.070220 545.433564 55.184597 28.311837
295 736.767075 556.249914 60.224648 27.086725
296 733.486850 567.555822 67.159532 26.272002
297 732.674636 573.869088 74.727635 25.648336
298 731.479088 591.589578 76.272651 25.847175
299 723.307021 615.261618 77.778521 26.309101
300 771.806658 610.709203 84.245171 27.780690
301 765.127106 614.801422 91.412614 27.288774
302 765.993166 617.935381 101.262696 29.166997
303 768.143215 623.467891 109.394013 31.502729
304 771.825460 629.986882 116.020187 35.685474
305 782.736171 634.724014 124.426514 38.708825
306 795.608236 635.038533 121.517856 43.591766
307 836.040025 623.566904 126.867662 44.904752
308 840.752585 619.015526 136.149157 44.006909
309 843.917101 611.993437 136.836565 45.524955
310 838.669787 609.157452 140.033216 44.166029
311 835.708064 606.871678 148.338206 43.123902
312 836.689938 599.439951 143.552271 45.476665
313 840.063912 601.627843 146.489282 43.756765
314 816.058313 590.336677 150.240474 42.121953
315 833.758772 603.858162 149.142885 40.034396
316 865.511722 633.336317 148.497931 41.711042
317 880.774653 661.313439 149.053956 44.768987
318 912.434747 659.661490 152.995915 53.085573
319 924.644882 658.238620 149.141061 56.802872
320 939.969037 660.836601 153.171730 55.482624
