85 324.639532 416.368315 26.419315 59.799973
86 328.040802 411.855939 25.823184 62.686046
87 328.371682 411.450968 25.902612 63.130635
88 329.621225 410.509226 26.045940 63.469857
89 331.145062 409.473690 26.779160 63.374341
90 332.055542 408.757121 27.247670 63.444226
91 334.495304 406.168459 28.002818 63.784842
92 335.452176 404.925260 28.480280 64.385410
93 337.060517 403.141839 28.315753 65.182605
94 340.125741 401.436430 28.097262 66.030015
95 342.532126 400.027755 28.208529 67.025775
96 349.060763 396.041769 28.626918 67.748985
97 352.900926 392.605392 28.995029 68.089610
98 356.270176 389.484887 29.687145 68.372904
99 359.481718 388.293454 31.522568 68.511716
100 361.230014 387.436548 33.665594 69.002004
101 365.315030 387.496555 35.103077 68.497841
102 366.144259 387.354912 35.658166 68.396160
103 367.653127 387.143078 36.240637 68.262077
104 369.475268 386.750101 36.499633 68.392289
105 371.188723 386.452394 36.535900 68.407981
106 377.335465 385.627723 36.184184 68.596651
107 378.943632 385.501742 36.457634 68.894293
108 381.992244 384.623920 36.000782 69.066682
109 384.524170 384.103932 36.294384 69.400069
110 386.882017 382.962525 36.147711 69.395711
111 390.826169 379.012863 34.639650 69.932191
112 391.471868 378.536512 34.595720 69.711579
113 392.257337 378.239971 34.254350 69.222078
114 392.894295 378.005681 34.246893 69.294034
115 394.317080 376.661243 34.218606 69.115107
116 395.603047 374.950777 34.446941 69.028611
117 396.126541 374.229195 34.194339 69.273086
118 397.177371 371.640696 33.857914 69.762911
119 398.375065 369.301454 32.879801 70.041129
120 400.366047 365.765313 31.778974 70.843909
121 402.743271 359.808979 30.594781 69.629979
122 404.004667 358.497279 30.537023 67.540938
123 405.234626 356.334557 30.690800 66.813111
124 405.649431 355.600208 31.053970 66.181381
125 405.915442 353.436780 31.772501 65.883872
126 405.270038 347.513097 32.638585 65.815069
127 405.322676 344.055873 32.941652 65.861964
128 405.021688 340.795544 32.952330 66.165945
129 404.884124 337.166509 32.774032 66.475739
130 405.100274 333.116910 32.704375 66.599416
131 405.539037 326.620138 32.685843 67.214068
132 405.884278 325.504885 32.786586 67.440709
133 406.078432 325.409337 32.953468 67.389620
134 407.216544 323.495444 32.660361 67.434253
135 408.209672 322.192610 32.662775 67.357478
136 410.590448 318.302812 32.339360 65.016933
137 410.907647 317.334317 32.171619 64.564189
138 411.305560 315.044272 32.481512 63.011113
139 411.495400 312.751652 32.324274 62.960120
140 411.495500 310.743415 32.572051 62.458444
141 411.074128 305.466873 35.800402 62.367541
142 410.298595 303.461388 36.713291 62.593067
143 409.331376 300.640617 38.040948 63.058177
144 408.208258 296.181085 39.135079 63.593508
145 408.458018 292.082827 39.255044 65.031570
146 411.519253 282.954899 37.653052 66.922606
147 413.636187 278.796295 37.186118 67.451177
148 415.937803 274.397595 36.831456 67.829323
149 418.783022 272.055165 36.505540 67.979777
150 420.541179 270.543400 36.791358 68.272428
151 421.912573 263.132288 39.419233 70.291188
152 422.131940 262.638685 39.591853 70.498470
153 423.125288 260.272583 39.986353 70.766610
154 424.438767 258.062536 39.900093 71.505726
155 425.787906 256.268331 40.043921 73.014690
156 428.916489 253.583493 41.240994 74.707696
157 429.063242 253.685829 41.504581 75.013812
158 429.309986 253.928480 41.992001 75.481470
159 429.311785 253.941446 41.989147 75.481344
160 429.277411 254.009301 41.877147 75.491061
161 429.680136 254.119567 40.731960 74.578906
162 429.642016 254.577096 40.648548 74.587494
163 429.616688 255.505278 40.351580 73.336365
164 429.304500 257.037593 39.117370 71.222366
165 428.864071 258.525927 38.240013 68.931635
166 429.108646 259.983693 36.950624 67.170066
167 429.138477 261.540495 36.249643 65.576644
168 429.070315 262.561041 36.110476 65.214056
169 428.617621 263.772438 35.823917 65.089138
170 428.535042 264.338311 35.500640 65.328123
171 428.502967 266.001365 35.019910 65.469467
172 428.744830 266.768908 34.896334 65.128064
173 428.786569 267.437539 34.540554 65.246049
174 429.134184 267.904084 34.522694 65.176746
175 429.706872 268.583008 34.259681 64.825571
176 430.418697 269.671838 34.448811 63.757335
177 430.484941 269.835951 34.475024 63.936664
178 430.809573 270.324931 34.420393 62.990198
179 431.524750 270.706933 34.413947 62.489764
180 432.429006 270.825625 34.315289 62.040904
181 433.785163 271.006014 34.221695 61.688212
182 435.025353 270.834417 34.177099 61.760485
183 435.786561 270.765211 34.218395 61.826617
184 436.846576 269.894032 34.115898 61.820547
185 437.589677 269.258872 34.152237 61.925916
186 439.605555 264.476126 32.403950 62.539166
187 440.146197 263.145082 32.008926 62.949751
188 440.639302 261.789973 32.083615 62.904891
189 441.646526 259.389423 31.567240 62.303493
190 442.278528 257.281137 31.395346 61.953086
191 443.477688 252.553852 29.603749 62.201661
192 443.811796 252.493234 29.878209 62.093851
193 444.576620 251.889786 29.519588 61.796927
194 444.895377 251.886725 29.995527 61.678830
195 445.042414 251.749350 29.917029 61.756739
196 445.076532 249.760730 29.688804 62.151004
197 445.243720 249.880544 29.980345 62.432703
198 445.293710 249.448895 29.899917 62.265205
199 445.367055 248.984294 29.918145 62.273014
200 445.540334 248.240604 29.879411 61.970088
201 445.574106 245.954616 29.969978 60.769092
202 445.272978 245.394677 29.867908 60.887151
203 443.005512 243.935151 30.265633 60.435318
204 440.643279 242.864994 30.633213 60.117438
205 437.420201 240.579247 31.168712 60.460319
206 432.831977 233.108289 31.073655 63.364387
207 431.712431 229.979328 31.494115 64.845379
208 431.011690 227.027651 31.286621 66.904089
209 430.062526 222.664617 31.506471 69.422125
210 429.418276 220.659577 32.181117 71.235913
211 429.552242 214.083794 33.078652 74.421642
212 429.763641 214.075370 33.491722 74.507503
213 429.849708 213.968651 33.463170 75.001556
214 431.004871 211.665697 33.083486 75.338823
215 432.124311 209.288494 33.105197 76.346442
216 436.324735 205.622699 32.109249 78.733332
217 437.487311 203.481661 32.213127 80.038995
218 437.905438 201.863389 32.524146 81.023627
219 438.226992 201.866094 33.031492 81.506280
220 438.500575 201.925943 33.492152 82.090487
221 439.435708 201.261228 33.034157 82.606625
222 439.694611 201.457013 33.451099 83.002668
223 439.740825 201.725436 33.469007 83.465360
224 439.732296 201.919280 33.412798 83.368476
225 439.677807 202.369838 33.279207 83.168405
226 438.326694 202.860072 33.132025 82.156747
227 437.141808 202.994251 33.284654 81.532294
228 436.313872 203.611071 33.234416 80.287102
229 434.962250 204.216557 33.169356 78.109078
230 435.038779 204.851879 33.158948 77.284944
231 437.395429 206.086981 32.893970 75.698427
232 437.835681 206.352937 32.954173 75.735915
233 437.867628 206.490514 32.994976 75.966294
234 437.888960 206.543690 32.999456 75.934569
235 437.888874 206.576934 32.993388 75.980851
236 437.778674 206.394852 32.981648 75.676271
237 437.688247 206.809828 32.988790 74.831207
238 437.260348 207.540630 32.918493 71.687300
239 436.703395 208.601110 32.600106 68.199345
240 436.437707 209.918006 32.277217 65.821589
241 436.816120 210.324148 31.122538 64.184118
242 436.946120 210.456590 30.538109 63.341468
243 437.321855 210.867337 30.693706 62.334134
244 437.810976 211.402949 30.682258 61.194819
245 438.226829 211.842991 30.651533 60.535963
246 439.547308 211.340957 30.216051 59.626736
247 440.267578 211.447466 30.108987 59.524753
248 440.897701 211.512816 30.200589 59.570807
249 441.968371 210.864047 30.124426 58.805140
250 442.893435 210.450466 30.191530 58.207980
251 444.921889 209.427841 30.574009 55.899801
252 444.848836 209.256840 32.004729 55.398854
253 444.343574 209.100856 34.188560 55.135396
254 443.179504 208.776371 36.453751 54.944037
255 442.297697 208.749991 37.875912 54.700163
256 442.358034 208.879450 37.990947 54.996667
257 441.805911 206.898911 37.981922 55.070506
258 441.838964 206.442307 37.974583 56.115733
259 441.858152 206.144858 37.974110 56.697501
260 442.184122 203.453579 37.702623 57.810089
261 445.748942 196.356580 37.198916 61.933537
262 446.479804 195.156870 37.306259 62.895925
263 447.071631 194.392502 37.423239 63.141179
264 448.159428 191.087208 37.366823 63.740619
265 449.720402 187.745488 37.187914 64.163129
266 453.112693 184.103298 37.048368 64.822163
267 453.782831 183.483291 37.728644 64.583128
268 455.206099 181.685685 38.591572 64.364159
269 456.354157 180.498281 39.600054 63.748311
270 457.379460 178.507142 40.437124 62.858237
271 462.419877 172.089598 40.932444 61.303009
272 463.969300 171.371173 41.148588 59.002659
273 466.164318 170.325422 41.394761 55.917262
274 469.057948 169.161036 41.245149 52.554637
275 473.226001 167.719123 40.691246 49.637683
276 478.623747 164.132004 40.016599 48.226418
277 482.197574 161.878649 38.999813 47.778092
278 485.438924 160.485907 37.739428 47.226240
279 487.847720 159.365929 37.136075 46.587011
280 491.506366 157.198125 36.052022 46.360981
281 496.055180 153.541600 35.177952 45.695617
282 498.045534 152.324616 35.036070 45.238476
283 499.667413 151.163406 34.813740 45.158547
284 501.492170 149.923898 34.086346 44.742826
285 503.230897 148.688212 33.700471 44.499167
286 506.765608 145.417562 32.967618 44.168572
287 508.204506 144.076267 32.185340 44.192906
288 508.763660 143.945525 32.232183 44.350899
289 510.137356 143.452569 32.153304 44.242714
290 511.666610 142.537322 32.061355 44.132457
