2 985.112686 413.721055 152.783366 71.299105
3 982.277495 414.229985 153.790983 69.270981
4 980.028538 414.542573 154.076077 67.408265
5 978.205969 414.102144 155.151041 65.522773
6 974.994991 413.365621 157.065535 63.674073
7 970.632190 411.837874 157.682595 62.329120
8 966.433490 409.738211 158.846832 61.378047
9 961.952889 406.814950 159.355673 60.259186
10 959.269356 404.303561 157.657775 59.651547
11 955.692048 402.647746 159.114584 58.319515
12 953.571064 400.614079 159.193915 57.290047
13 951.732014 398.520430 158.771799 56.133905
14 949.738544 396.077628 158.290875 55.232676
15 948.466153 394.270556 157.491281 54.116766
16 947.635395 391.278938 156.043790 53.976973
17 946.482019 387.135848 153.670525 53.831116
18 946.573250 386.943831 153.923101 53.892080
19 945.814592 385.326343 153.793852 53.162023
20 945.089776 384.321486 154.176041 52.769766
21 944.573000 381.015004 153.663602 52.038409
22 944.644972 379.658890 153.880510 51.963575
23 944.473499 375.394250 152.854865 51.998046
24 944.375583 374.991937 152.955336 51.877922
25 945.550825 370.897736 150.873680 52.149269
26 945.983048 369.818205 150.631888 52.622456
27 947.072779 365.300190 150.003227 53.755219
28 946.811899 363.894228 150.140477 53.782303
29 946.663635 360.372596 149.216192 54.080253
30 946.572080 360.094895 149.401973 54.328861
31 946.574451 357.925198 148.882090 54.327637
32 946.558286 356.837555 148.915232 54.242572
33 946.223813 353.201572 148.633261 53.802160
34 946.407361 352.556108 148.802762 53.973272
35 945.674653 349.048178 149.377269 54.856550
36 947.979325 347.475202 148.872630 55.352161
37 956.082864 344.651917 147.700000 54.832055
38 956.729203 343.959195 148.202929 55.178494
39 964.397844 340.248308 149.605526 54.897235
40 971.302348 338.587864 150.089693 54.751513
41 982.495315 335.123514 150.554813 54.549856
42 991.723769 333.150586 149.523547 54.968565
43 996.518396 329.396837 147.138369 55.525913
44 1001.984836 326.504439 147.965291 56.249397
45 1005.664949 322.914734 148.110212 56.865804
46 1007.456219 321.080462 149.851514 57.140892
47 1012.501325 316.644847 150.851676 58.882932
48 1013.766227 315.346809 151.181309 59.276110
49 1018.920657 311.011243 150.640312 60.093064
50 1024.851348 307.573397 153.380472 61.703736
51 1030.933783 301.617366 154.714904 63.444998
52 1035.918129 299.045734 159.099094 63.829074
53 1042.018453 294.588451 161.067946 64.086209
54 1047.084473 290.661888 162.439096 64.505284
55 1054.308458 285.808272 164.710622 65.471406
56 1058.939995 282.650978 165.857363 66.405737
57 1065.038307 278.544831 165.680823 67.070124
58 1069.703800 275.714629 168.193250 68.442138
59 1074.036564 270.869144 170.147075 70.301279
60 1077.116813 268.206823 171.344796 70.800136
61 1082.170416 263.549700 175.305961 70.975861
62 1084.775155 261.554064 176.463883 70.617234
63 1089.323868 257.695930 178.419452 71.472812
64 1092.454241 257.184012 180.579625 71.519103
65 1103.299311 255.756743 181.425358 72.260905
66 1114.049142 255.923172 183.237730 73.033975
67 1125.920905 255.916091 186.419547 74.542548
68 1137.967188 259.359541 189.761183 75.359073
69 1152.106403 260.028553 192.539637 76.829525
70 1166.012344 265.675983 197.999212 77.309079
71 1180.580177 266.667096 198.605532 78.858860
72 1193.843836 271.491449 205.632786 79.296509
73 1208.245776 270.955603 209.289750 80.318544
74 1223.036676 271.496533 213.940119 81.179479
75 1239.862776 268.947323 217.456222 82.450590
76 1255.769457 269.266808 222.843267 83.354913
77 1277.518311 265.398676 225.115050 87.185527
78 1293.862437 267.263357 228.979599 87.692932
79 1310.695034 266.433054 232.811880 89.932801
80 1321.569257 269.370619 240.401497 90.803071
81 1333.492281 267.939223 246.003496 93.190802
82 1344.554352 269.326345 250.657978 94.729269
83 1356.578287 269.064882 254.749838 97.244587
84 1364.596255 270.352783 262.533920 99.711304
85 1374.508737 270.522956 266.971213 101.310263
86 1380.930616 270.609936 275.266648 104.165709
87 1391.889776 268.422065 278.810122 105.472637
88 1400.686782 264.151384 284.463826 108.449062
89 1409.736960 258.033502 291.971267 111.516697
90 1416.595328 252.809266 296.473138 113.626878
91 1424.192303 244.645788 303.151637 115.980559
92 1425.489772 240.168985 311.442701 117.412929
93 1430.532703 231.343437 317.135484 119.647203
94 1430.855502 224.505403 323.365543 122.169474
95 1428.718108 215.773097 331.392319 124.395552
96 1427.993794 208.132432 333.677973 125.754622
97 1425.931185 199.731571 338.052829 127.149257
98 1423.660124 192.501274 343.561217 128.957292
99 1420.261462 183.005228 349.836356 130.446534
100 1414.258398 174.722576 358.894463 134.163461
101 1409.159814 166.927207 362.310127 135.973499
102 1404.843564 161.619683 366.006263 137.458849
103 1399.996469 157.258450 371.248461 138.715341
104 1399.109678 156.971084 372.616049 139.164667
105 1398.033083 156.779536 375.318231 139.809099
106 1397.221185 156.767934 377.969562 140.346416
107 1397.324868 156.868543 378.148846 140.594430
108 1396.832497 163.142891 383.835128 144.118953
109 1395.803812 171.754446 390.127625 149.473899
110 1397.413387 186.624417 390.135038 152.111341
111 1400.480797 201.259915 392.141154 155.759155
112 1400.586124 225.107698 397.390061 158.312798
113 1399.131897 248.619998 399.261402 162.377602
114 1394.850709 275.017531 403.658899 164.494049
115 1385.523844 300.590175 409.958616 165.717933
116 1373.802788 323.740322 413.491160 166.525272
117 1360.520347 340.766874 421.870491 168.106500
118 1345.917530 354.200320 428.152161 170.338694
119 1335.466604 362.179372 432.442772 170.524748
120 1323.668036 365.456484 439.046445 171.416078
