291 368.865214 436.704717 51.975867 104.601712
292 368.855684 436.867001 52.001364 105.019126
293 368.587816 436.558399 52.721731 105.183055
294 368.519861 436.727748 53.327280 105.267706
295 367.576915 434.686111 53.353571 106.183044
296 367.441293 432.905841 53.327685 107.518822
297 367.472898 431.679528 53.372665 109.010471
298 366.223859 423.261701 53.649547 115.761411
299 365.872533 418.858109 53.681269 117.699053
300 365.119215 411.598134 53.969706 120.440088
301 365.159746 408.704238 53.631184 123.153819
302 365.691575 406.949561 53.363781 125.562424
303 367.925640 406.997747 51.873307 125.923883
304 368.043162 406.901235 51.925021 126.069070
305 368.133791 407.207476 51.986405 126.416704
306 368.933783 408.413237 51.300414 125.615143
307 369.217629 408.256610 51.388336 126.387183
308 369.930324 406.261304 50.940967 131.124371
309 370.038371 406.237712 50.771545 131.543698
310 370.501980 405.674524 50.621217 132.521403
311 370.717018 404.992422 50.227405 133.230637
312 370.689312 404.081117 49.968084 133.566535
313 369.407956 398.896757 50.821822 134.610771
314 369.123396 398.463425 51.182719 135.914097
315 368.911548 398.124891 51.648438 137.151370
316 368.052391 396.235400 52.851481 137.754091
317 367.862749 395.987585 52.987149 138.275565
318 367.835729 396.054074 53.006374 138.516814
319 367.863453 396.107948 53.608423 139.105943
320 367.852954 396.141826 54.189473 139.446765
321 367.572538 395.449196 54.814427 139.877341
322 367.344275 395.018511 55.246420 140.244678
323 367.362879 394.750617 55.580987 140.896909
324 367.393351 394.323214 56.135552 141.395081
325 362.586477 392.158792 57.922711 142.400805
326 362.611443 393.905824 57.641433 141.756818
327 362.449998 393.768414 57.849001 142.360418
328 362.071717 393.214070 58.315542 142.979362
329 361.616867 392.989660 58.634395 142.907006
330 361.123888 392.706156 58.960022 142.934703
331 357.959743 387.199459 59.783411 144.418079
332 358.000403 388.168977 59.249067 144.204785
333 357.966992 388.797644 59.128789 144.085597
334 357.997461 389.487001 59.122422 144.085824
335 357.802237 387.795405 58.512145 144.705930
336 358.210245 387.218682 58.554851 145.606799
337 358.407980 387.175900 58.807092 146.229845
338 357.300828 382.383116 58.459594 151.683440
339 357.326359 382.515347 58.478549 152.020773
340 357.344285 382.719424 58.474540 152.562937
341 357.328924 381.913564 58.474783 154.098894
342 357.345516 381.867171 58.461946 154.788379
343 357.086927 381.360587 58.737648 155.583835
344 356.971933 381.042526 59.154652 156.644880
345 356.739891 380.625678 59.805130 157.796465
346 356.847729 380.022773 59.901638 158.572104
347 356.626360 379.996312 60.189772 159.382854
348 356.591959 379.666036 60.651551 160.147453
349 356.494365 379.455508 61.198298 161.291153
350 355.031643 378.581883 61.429886 162.796512
351 354.811298 378.516862 61.564950 163.202457
352 354.980238 378.527062 61.970418 163.672298
353 354.835375 378.466319 62.025274 164.276848
354 355.011103 378.400535 62.457290 164.651883
355 347.337987 374.054496 62.960100 169.041562
356 347.035372 375.020295 63.142123 169.210214
357 347.030407 376.028703 63.689148 169.223687
358 346.596691 375.625080 64.805518 170.022688
359 346.594338 375.950891 65.063480 170.395968
360 345.727913 376.045208 65.882252 170.412415
361 345.148849 374.485937 66.178433 171.910121
362 345.246435 374.546238 66.545015 171.970597
363 344.375910 374.547005 66.849601 172.354760
364 343.265967 374.975943 67.627189 172.600688
365 342.512996 375.565015 68.598687 173.170414
366 342.200270 375.780944 69.276273 173.485497
367 342.072394 375.760679 69.377305 173.708731
368 342.416092 376.552904 69.314723 173.977192
369 342.685878 376.927268 69.298978 173.983273
370 342.850088 377.130460 69.401650 173.868211
371 342.592411 376.370773 67.900045 174.893965
372 342.383580 377.227907 67.947180 175.302719
373 340.923770 376.029849 67.250825 178.615941
374 339.243873 377.038544 68.089625 178.764236
375 337.886632 377.923536 69.097716 178.741941
376 336.875016 378.744725 70.385274 178.404495
377 336.253749 378.770050 70.488493 178.028180
378 333.606676 378.042062 71.013581 178.161309
379 332.884910 378.188554 71.800473 178.577344
380 332.924348 378.877573 71.888849 178.429922
381 332.839487 378.300462 71.636734 178.968833
382 332.076420 379.124492 72.378967 178.991490
383 329.618199 378.263182 71.360896 176.011873
384 329.423919 378.683682 71.109632 176.008647
385 329.379287 379.119960 71.127661 175.972617
386 330.346574 376.926316 70.627954 176.309442
387 330.752711 377.834337 69.182782 174.439190
388 330.913988 375.299753 68.302907 174.642020
389 331.273658 375.240128 65.966304 173.856658
390 331.369993 373.364219 64.854789 172.726349
391 331.846502 372.415859 63.831997 171.642275
392 332.236476 371.662479 63.041965 170.841459
393 332.487958 370.481872 63.160907 169.743840
394 332.666700 371.062539 63.229247 168.681829
395 332.867716 371.069906 63.377787 167.987693
396 333.141000 370.986025 62.950845 167.409575
397 333.293744 370.927494 62.694420 167.060003
398 333.940076 368.708048 62.666407 166.938321
399 334.138181 369.101571 63.030539 166.348476
400 334.374108 368.140050 63.318946 166.752209
401 334.500803 368.362769 63.487667 166.736849
402 334.539744 368.597858 63.489923 166.738720
403 334.542063 368.793597 63.496463 166.498614
404 334.560355 368.859090 63.475126 166.136998
405 334.589467 369.104353 63.475035 166.137323
406 334.498134 369.516908 63.872634 165.756124
407 334.549339 369.391060 63.905313 165.762836
408 334.031387 369.424226 64.096130 164.831475
409 334.017827 368.772486 64.502024 164.576853
410 334.043543 367.656665 64.580819 164.804831
411 334.076450 367.114683 64.921463 164.620622
412 333.776683 366.303366 64.825136 164.548498
413 330.265056 361.018540 65.490257 164.246570
414 328.485080 359.161648 65.923114 163.152853
415 326.733756 357.718949 66.545142 162.686075
416 327.371721 355.124924 67.033140 163.288739
417 326.778116 352.562104 67.496122 162.917758
418 326.042096 349.584773 67.543574 161.767889
419 325.642433 346.811165 67.914418 160.315013
420 325.222043 344.152006 68.024743 160.261426
421 325.210101 342.942730 68.471501 160.117407
422 324.783647 342.166198 68.495581 159.914742
423 324.871810 340.561290 68.081547 159.587357
424 324.360695 340.294856 68.638529 158.166435
425 324.052893 339.605513 68.938579 157.544111
426 322.216793 334.224646 69.690980 156.590384
427 321.518884 333.132048 69.779464 154.346743
428 320.138126 328.076326 69.234178 154.695944
429 319.139993 326.536885 69.181877 153.305693
430 319.701661 324.105703 68.711827 153.543324
431 320.169761 321.961769 68.116321 153.024260
432 320.379251 321.339318 68.181251 153.519170
433 320.607320 320.687391 68.105280 153.822116
434 320.905685 319.814126 67.851440 153.954912
435 316.435300 317.838854 67.924722 154.835329
436 314.544976 316.036351 67.374118 153.702034
437 311.191972 314.908658 66.468393 150.851887
438 306.430913 314.505404 63.951579 147.661587
439 303.214212 314.337940 61.408081 145.253807
440 300.512731 314.363676 57.917000 143.672376
441 297.858886 310.234903 54.877644 138.940844
442 298.076865 309.723659 54.411876 138.536250
443 298.597888 306.944119 53.599394 137.887305
444 298.931858 305.404244 52.304943 135.858701
445 297.222561 304.100401 48.602735 131.493104
446 295.801398 303.320538 45.633865 128.505855
447 294.232889 302.186690 44.991153 128.492698
448 291.565640 299.720875 43.531197 126.025742
449 291.448912 299.576632 43.499626 126.674729
450 291.252378 299.351246 43.232286 127.310264
451 290.799652 293.563975 42.255592 126.437972
452 290.883350 293.333743 42.413906 126.543310
453 290.662756 291.006127 42.350827 125.686890
454 290.698485 290.988434 42.474871 125.969334
455 290.227547 289.330846 42.830169 126.290374
456 290.309892 289.414041 42.988727 126.478092
457 290.312937 289.403159 42.988628 126.477983
458 290.361336 289.108514 42.823206 125.875967
459 290.427972 289.029700 42.985629 125.961428
460 290.411615 288.894210 42.985586 125.967141
461 290.457971 287.946416 42.901468 125.339632
462 290.498051 287.900660 42.979537 125.484662
463 290.523449 287.809678 42.970161 125.397447
464 290.524389 287.730281 42.965447 125.519126
465 290.534894 287.921529 42.978251 125.986764
466 290.578295 280.646272 43.523315 126.404228
467 290.815582 280.681593 43.989147 126.478315
468 290.826523 280.653264 43.980920 126.514115
469 290.830576 280.820981 43.967117 127.027397
470 290.843533 280.934832 43.968350 127.557240
471 292.262256 269.247715 43.089963 136.039587
472 292.465902 269.465275 43.488953 136.473437
473 292.470558 269.466899 43.489372 136.475299
474 292.475005 269.467592 43.489372 136.475299
475 292.564812 268.899531 43.376915 137.269623
476 292.770052 267.913835 43.271101 137.883864
477 292.882885 267.960532 43.488407 137.972731
478 292.850215 267.182287 43.445495 137.415849
479 292.876600 267.212620 43.489372 137.475118
480 292.881048 267.213318 43.489372 137.475118
481 292.990375 260.236978 43.408495 136.420693
482 293.032479 260.260821 43.482628 136.429724
483 293.035352 260.273263 43.483779 136.428383
484 293.038572 260.288998 43.483916 136.433193
485 293.174957 259.718278 43.526544 135.660544
486 293.492579 259.653217 43.791022 135.705899
487 293.630083 259.736085 43.874606 135.758220
488 293.970850 259.114944 43.601018 135.061798
489 294.336603 258.523637 43.373955 134.430694
490 294.545789 258.579955 42.935860 132.790980
491 295.629987 256.210540 42.989008 126.766044
492 295.640767 256.406195 42.970747 126.730503
493 295.665426 256.696415 42.949365 126.444238
494 295.700819 257.044890 42.943323 125.665770
495 298.300500 241.422069 42.386006 126.632159
496 298.373929 241.825622 42.324614 126.895803
497 298.477711 242.034034 42.424813 126.859832
498 298.538434 242.095767 42.462097 126.931200
499 298.573231 242.156704 42.449861 126.917520
500 298.620132 242.246160 42.425340 126.887919
501 298.721399 243.244803 41.317270 124.035537
502 298.817865 243.482461 41.473804 124.425590
503 298.769861 243.686639 41.324219 123.569434
504 298.894510 243.926241 41.343699 123.435406
505 299.006054 243.960776 41.424935 123.315806
506 298.657834 242.709824 41.275332 122.393686
507 298.879238 241.739657 41.307640 121.009376
508 298.751194 236.852346 41.319129 119.868478
509 298.856930 236.966092 41.559069 119.129917
510 299.116450 236.814688 42.060136 118.117069
511 299.308489 235.757084 42.031512 118.013829
512 299.371940 233.938831 42.283262 117.736598
513 299.219585 230.420416 42.156085 115.137146
514 299.340534 230.023928 42.343627 114.305799
515 299.357220 229.496167 42.368268 113.521443
516 299.551224 228.184478 42.259437 113.347051
517 299.668394 228.161154 42.465664 113.444981
518 299.764864 226.822514 42.458008 113.295677
519 299.744929 226.347128 42.524604 113.384398
520 300.023856 222.514391 43.119600 112.507621
521 300.201974 217.551120 43.328114 114.515701
522 300.290481 217.610335 43.504816 115.057425
523 300.404456 214.596200 44.097504 114.602607
524 300.614816 214.695582 44.470263 114.911993
525 300.635277 214.655960 44.477478 114.925631
526 300.637516 213.799428 44.353672 115.119285
527 300.710145 213.973208 44.486751 115.475459
528 301.009865 213.486860 43.762247 113.673894
529 301.130120 213.603952 43.971921 113.995950
530 301.146532 213.552694 43.968619 113.998782
531 300.460978 211.820558 44.037415 113.981991
532 300.632617 211.746306 44.500545 113.871973
533 299.907147 209.963903 44.991973 113.161734
534 299.871618 209.932431 44.999567 113.406089
535 299.929310 205.247786 44.302327 114.599474
536 300.004102 205.421870 44.487546 114.878494
537 299.991119 205.406790 44.487249 114.923739
538 299.980360 205.371506 44.485942 114.929832
539 299.970704 205.332660 44.485272 114.931027
540 298.367007 204.158429 48.420819 114.294098
541 298.349521 203.832760 48.422318 114.017786
542 298.340719 203.873776 48.354730 113.921841
543 298.445595 203.402975 48.477403 110.573214
544 298.381817 203.023188 48.464239 110.372543
545 298.374742 202.926347 48.449850 110.188736
546 299.805466 199.602267 46.709802 109.373319
547 299.949314 199.654611 46.988772 109.477945
548 300.011505 195.659273 46.636123 109.131758
549 300.190309 195.822963 46.991033 109.471538
550 300.191442 195.816053 46.991235 109.470922
551 300.582666 191.601676 45.627296 110.329545
552 300.762107 191.663599 45.994321 110.473544
553 300.805990 188.718792 45.660853 110.166406
554 300.962346 188.842436 45.998421 110.432103
555 300.927777 189.089243 45.807020 107.161319
556 301.120882 188.412814 45.309991 106.961555
557 301.201480 188.375939 45.494407 106.831603
558 300.910395 186.960139 45.277212 103.761115
559 301.022540 186.078506 45.082819 102.439488
560 301.252492 184.997595 45.213008 101.274913
561 300.833337 177.959249 42.600133 97.863156
562 300.747928 176.680901 42.850206 96.607697
563 299.577935 171.209065 43.256667 94.870299
564 299.608134 170.199392 43.174736 92.808635
565 298.363040 167.332186 43.243877 90.209688
566 298.109879 166.434730 43.558189 84.836949
567 298.246098 166.006345 43.697016 83.100544
568 298.180894 164.850223 43.892895 82.250012
569 298.227925 164.205591 43.833760 81.702310
570 298.320327 163.598343 43.846962 81.046081
571 297.720884 162.020568 43.733659 78.214335
572 297.856601 161.847477 43.734844 77.457789
573 297.755790 159.257029 43.837594 76.709014
574 297.885831 159.149179 43.784714 76.987840
575 297.467233 155.110170 43.886699 79.216176
576 297.126691 154.281243 43.903614 78.890067
577 297.080814 153.960767 43.591814 78.038756
578 297.252345 148.141963 40.322013 82.321310
579 297.366949 147.914440 40.449584 82.551833
580 296.556813 144.831084 39.378828 83.786883
581 296.557671 144.718850 39.513608 84.056348
582 296.801870 144.258370 39.775249 84.825851
583 296.915707 143.720564 39.807503 85.439637
584 296.918856 142.895994 39.659304 86.202338
585 292.416134 141.918815 38.195146 87.836739
586 292.539335 141.910404 38.513559 88.023775
587 292.768344 142.009096 39.013683 88.612565
588 290.627252 136.821543 39.288168 90.759704
589 290.721543 136.895036 39.528946 91.152281
590 290.947964 136.988345 40.001263 91.612811
591 287.536031 131.937257 42.024567 92.419651
592 287.774940 131.906229 42.489053 92.513016
593 286.548619 129.122660 42.412039 93.519853
594 286.625768 128.717287 42.439367 94.758310
595 286.168851 126.677847 42.600724 94.732629
596 286.357675 126.799628 42.998372 94.986419
597 286.355198 126.797000 42.991013 94.982573
598 286.354721 126.794901 42.991651 94.981785
599 286.353493 126.793653 42.992703 94.983004
600 284.647810 124.340837 41.070701 92.207646
601 284.425840 124.491742 41.718551 92.244045
602 284.393675 124.642863 42.106701 92.451769
603 283.060883 121.877078 41.827221 93.642383
604 283.123682 121.944645 41.958666 94.028964
605 281.805524 119.901373 42.091106 95.108654
606 281.918281 118.883414 42.229600 95.464344
607 282.041978 118.778135 42.473529 95.535638
608 282.044473 118.882275 42.481485 96.048427
609 282.049675 119.065015 42.485224 96.495283
610 278.535526 115.459483 40.381513 96.732853
611 278.574648 115.509079 40.447759 96.970897
612 278.599961 115.515346 40.490105 96.982447
613 278.604101 115.515838 40.490105 96.982447
614 278.608242 115.516331 40.490105 96.982447
615 274.823533 112.732820 38.714641 97.477472
616 274.966077 112.753336 38.994784 97.489009
617 274.967908 112.750505 38.990471 97.482356
618 272.289388 110.342362 39.957817 93.197874
619 272.335647 110.333991 40.037287 93.170665
620 272.579523 110.370176 40.502543 93.320102
621 269.313115 105.976944 41.844386 91.886834
622 269.389702 106.008311 41.988683 91.973898
623 269.128097 105.374535 41.906752 92.248347
624 269.118282 105.379900 41.902434 92.493785
625 269.138385 105.260411 41.899329 92.468997
626 268.579155 104.064087 40.748052 88.749615
627 268.702570 104.182379 40.985730 88.976175
628 268.707351 104.187047 40.986037 88.976188
629 268.712160 104.191544 40.986039 88.975462
630 268.016762 101.702411 40.481375 86.908809
631 267.626676 100.287006 39.439160 86.044600
632 267.620855 100.360077 39.495707 86.204053
633 265.941937 98.309547 39.122779 84.735078
634 266.116312 98.399316 39.475379 84.951472
635 265.167876 96.408768 38.988654 83.726665
636 265.169105 96.487521 38.994529 83.915017
637 265.169209 96.510018 38.992559 83.962870
638 264.253500 94.294717 37.275324 83.635958
639 264.366951 94.456699 37.490929 83.985440
640 263.661154 93.549046 37.278551 84.444775
641 262.973193 93.231398 37.387564 84.197144
642 263.026561 93.346196 37.495440 84.462814
643 263.026304 93.330117 37.495152 84.465014
644 263.026162 93.312491 37.495213 84.464744
645 259.003361 88.591181 37.075305 80.918342
646 259.219158 88.635301 37.489992 80.919021
647 259.227962 88.682669 37.489802 80.907237
648 255.872666 87.374768 38.932065 81.989774
649 255.907161 87.364304 38.990452 81.986807
650 255.912175 87.356495 38.990544 81.986432
651 254.996475 85.107743 38.668357 82.029232
652 255.150196 85.317722 38.987345 82.500905
653 255.131582 85.534848 38.997590 83.014881
654 255.122834 85.747434 38.989273 83.503185
655 255.111899 85.970503 38.993952 84.003196
656 252.640408 83.418491 38.937497 80.691365
657 252.655337 83.548769 39.005949 80.984381
658 252.128938 82.226548 39.356861 81.158161
659 252.141213 82.310436 39.556085 81.548481
660 252.261831 82.301557 40.089830 82.047699
661 252.205151 81.421862 40.462319 82.526766
662 252.191397 81.530802 40.527519 83.036775
663 250.979486 73.500989 39.646406 88.654941
664 251.134278 73.564481 39.979013 88.922257
665 251.125705 73.515153 39.980152 88.916740
666 249.923624 70.943072 39.623837 86.895975
667 250.101061 70.960307 40.005293 86.990579
668 249.467361 70.542677 40.267989 86.796168
669 249.580947 70.631447 40.485974 86.985534
670 249.585557 70.625628 40.485674 86.985572
671 247.693958 68.354545 40.185776 85.858039
672 247.848224 68.415434 40.482874 85.984544
673 247.853148 68.415178 40.481874 85.981026
674 247.858833 68.415881 40.482590 85.981858
675 245.114346 63.020135 41.963806 85.296947
676 245.113301 63.092479 41.997941 85.463642
677 245.095511 63.081952 41.998404 85.462211
678 244.508404 62.005266 42.309864 84.124194
679 244.562933 62.171552 42.515260 84.507652
680 244.189574 61.620471 42.252439 85.988985
681 244.288497 61.597310 42.478673 86.001554
682 244.247335 61.801302 42.472125 86.609955
683 244.178614 61.339661 42.012021 87.586421
684 243.954395 61.484007 42.013379 88.719731
685 243.951455 59.428734 41.835232 91.540585
686 243.433705 59.022336 41.459046 93.953448
687 243.391329 59.015187 41.511751 94.021560
688 242.867832 57.860202 39.825251 98.634578
689 242.925449 58.111222 39.996658 99.110710
690 242.896274 58.357962 39.995857 99.570703
691 243.049243 54.947795 38.381870 106.575952
692 243.012952 54.912573 38.543168 108.310800
693 243.173165 54.648973 38.893737 108.674772
694 243.225519 54.802278 38.990471 108.980275
695 243.204401 54.652696 38.975359 109.290204
696 243.023098 53.973486 38.897397 112.777217
697 242.794674 53.445722 39.003710 117.270433
698 242.719380 53.010744 39.384443 123.200236
699 242.761465 53.066521 39.489400 124.883877
700 242.765066 53.114855 39.490078 124.978590
701 240.467241 53.390359 40.462879 124.484587
702 240.484994 53.387433 40.490105 124.477471
703 239.580135 52.902260 40.719043 124.104318
704 239.706472 53.097049 40.995447 124.472133
705 239.695867 53.106952 40.996108 124.473707
706 239.683804 53.116768 40.995918 124.472353
707 239.671835 53.127261 40.995918 124.472353
708 239.659931 53.137742 40.995959 124.472401
709 239.648080 53.148152 40.995853 124.472436
710 236.046926 51.288656 39.761290 123.789742
711 235.962465 51.606432 39.897655 123.626868
712 235.813225 52.004823 39.880047 123.718380
713 235.867821 52.137704 39.984011 123.976118
714 235.862035 52.147209 39.971395 123.962773
715 235.863070 52.163239 39.972282 123.963382
716 234.455360 50.007430 39.177614 121.821531
717 234.595669 50.092942 39.470030 121.990541
718 234.530114 50.139306 39.465801 121.589459
719 234.548725 50.456731 39.442182 121.689519
720 234.578631 50.715288 39.445188 121.701171
721 234.607707 51.196284 39.396906 121.240793
722 234.657962 51.515679 39.420087 121.039660
723 234.694376 51.937205 39.423366 121.035616
724 234.731697 52.159414 39.488874 121.470053
725 230.272167 49.435193 35.736692 116.627705
726 230.399371 49.602567 35.992505 116.953254
727 230.379556 49.598648 35.986971 116.595958
728 227.086751 48.957304 36.662477 115.413981
729 227.253171 48.992118 36.990725 115.465105
730 225.817463 48.971856 38.244131 114.420773
731 225.858408 49.219793 38.471838 113.774788
732 225.825971 49.546222 38.531912 113.521675
733 224.486110 50.510915 39.922204 111.720540
734 224.449614 51.437722 40.006638 110.258721
735 224.668749 52.278209 40.485887 109.274914
736 223.538815 52.613156 40.273160 106.957596
737 223.418111 52.185792 40.525791 104.972081
738 222.361573 49.835064 40.274149 102.636725
739 222.447193 50.219258 40.444700 102.340769
740 222.448521 50.387623 40.426870 101.735895
741 222.260036 50.353909 40.419346 101.137727
742 221.786953 50.764805 40.919856 100.223313
743 221.025629 48.837427 40.808383 93.764793
744 220.991176 49.059395 40.922919 92.992171
745 219.553299 46.810824 41.492183 91.602440
746 219.469544 46.122533 41.432417 91.691825
747 219.438230 45.813667 41.396307 91.636462
748 219.426121 45.565225 41.406322 91.612430
749 219.377840 45.351493 41.366382 91.556993
750 217.753087 42.724077 39.508560 93.913027
