60 475.611406 349.889666 81.672407 65.734825
61 474.624858 345.802321 82.261251 61.392675
62 473.170319 345.479259 82.698918 56.907063
63 470.186217 340.126072 82.296680 53.560062
64 468.823429 342.560756 81.914851 50.044700
65 468.357014 342.893362 81.340763 48.924582
66 464.635829 338.750831 79.989534 46.811408
67 464.516886 340.043603 79.479874 45.349909
68 463.878436 341.973130 78.103862 44.907784
69 462.703802 342.279705 77.222980 44.858959
70 462.372423 342.367728 77.153445 44.892379
71 459.761251 347.771649 76.094624 45.696216
72 459.050776 347.555050 76.159069 45.947866
73 453.731545 342.636271 76.316224 46.296914
74 452.146760 347.001553 77.622178 47.225560
75 452.130695 346.955181 78.007100 47.483332
76 445.263464 340.329442 81.355044 47.214792
77 444.865635 340.643860 81.837748 47.708280
78 442.818228 343.622368 82.518823 50.954583
79 438.991703 337.268316 85.636323 53.942645
80 434.915706 339.327195 86.660950 55.193244
81 433.701023 343.520916 87.840773 56.515370
82 431.775658 338.371383 90.953732 60.494850
83 429.781788 338.973904 92.117284 62.301572
84 422.958988 342.000046 96.592817 63.687509
85 422.498628 340.804075 98.523382 65.421344
86 415.456976 337.587440 102.063613 66.795579
87 412.331502 337.551229 104.443815 69.169451
88 410.443825 337.897349 105.686315 70.738906
89 407.798876 337.063257 108.389639 72.009315
90 402.682024 336.199637 111.502304 72.917935
91 402.047637 336.287839 112.473592 73.456476
92 396.975545 335.926693 114.560119 75.219600
93 393.589364 335.904444 116.724096 75.939773
94 385.354740 336.128494 119.430701 78.264263
95 383.688037 334.988002 121.147311 78.681989
96 378.471702 333.384121 123.863487 80.045158
97 375.553767 333.028844 125.168649 81.869629
98 372.859974 332.994452 126.678130 82.285877
99 365.130171 332.652053 131.497957 83.442237
100 360.931731 332.459673 133.788718 87.127774
101 355.196667 331.391376 138.315439 88.220861
102 353.116266 331.334564 139.327499 89.071102
103 344.936613 332.084284 143.558524 91.536790
104 337.293667 327.520373 148.169064 95.006668
105 335.529087 327.790978 149.177626 95.299191
106 326.897003 328.868130 152.563523 97.120054
107 316.605801 327.004610 160.184307 97.211403
108 313.698182 326.594994 162.810612 97.853267
109 303.665177 325.851159 165.194301 102.012125
110 298.111713 324.914062 167.960239 103.148289
111 288.638142 321.812162 173.640770 104.956989
112 283.921776 322.118148 175.896346 105.683772
113 274.070321 321.287445 177.468163 107.271352
114 263.824563 320.894275 180.970936 109.577814
115 256.333758 320.575209 184.761213 111.078410
116 242.642831 317.891754 192.622541 113.446892
117 236.970307 317.364888 194.779834 113.790078
