5 134.723976 34.109026 20.341991 23.441527
6 133.214002 26.945360 20.754483 22.934247
7 132.128599 20.199538 21.243252 22.323242
8 130.633120 18.347478 21.266820 21.273634
9 130.198866 21.724384 21.324798 20.638074
10 128.590866 28.199653 20.875408 20.944379
11 126.976319 38.307999 20.585510 21.255426
12 126.367802 51.331664 20.781095 21.547877
13 127.136321 69.861662 20.724720 22.820917
14 129.963315 53.482140 22.330651 23.888201
15 134.698369 42.225774 23.248774 25.174471
16 128.701668 55.186690 24.589920 27.811346
17 122.620736 48.127727 24.393484 28.113816
18 123.847622 27.798366 24.051229 28.939042
19 124.972493 16.018801 23.492874 28.987935
20 125.549373 7.453633 22.439135 28.367159
21 126.429735 3.526472 22.033199 25.765970
22 126.963882 4.765621 22.348764 23.956729
23 128.391343 9.680490 21.461864 22.643788
24 129.270554 17.271249 21.088977 22.640919
25 129.871858 30.715517 21.045638 23.086396
26 130.124446 47.239593 21.238086 23.681790
27 130.281846 70.508260 21.850402 24.943726
28 134.808801 84.714411 21.817209 27.040462
29 125.818619 93.293055 23.279275 29.417541
30 130.676812 102.671499 22.793218 29.073093
31 130.630818 78.250877 23.651194 30.692160
32 131.218681 58.181817 23.480716 31.454425
33 130.900357 42.778271 22.935645 31.656246
34 130.779518 31.187770 22.422950 31.085403
35 131.241486 27.576549 21.482351 28.519269
36 131.377258 27.476664 20.913925 26.866203
37 131.720831 29.254044 20.667293 24.443191
38 132.215657 36.102936 19.410465 23.085486
39 132.802737 46.582420 19.000034 23.065646
40 132.617236 58.889753 19.177070 23.384084
41 132.697161 76.769191 19.180444 23.635203
42 132.452933 94.988322 19.399994 24.151078
43 134.573139 116.772470 19.246980 25.762987
44 134.460737 116.526002 18.674174 25.827913
45 134.680760 97.701804 19.826704 26.351722
46 135.742221 78.891726 19.653750 26.822152
47 136.209869 64.664166 19.418369 27.103767
48 136.778597 54.931378 18.845703 26.885759
49 137.264004 52.283107 17.806403 25.098591
50 137.721858 51.879281 17.332193 24.460713
51 138.145953 52.878441 16.771506 22.545288
52 139.821589 56.064028 16.068917 20.815470
53 140.776343 62.781708 15.447165 20.072969
54 141.041702 70.296806 14.635692 19.930001
55 141.795197 80.842228 14.844131 19.786316
56 141.495298 96.731476 14.826705 20.041328
57 141.652056 109.485204 14.895373 20.446446
58 139.217071 116.576823 16.614715 20.143824
59 137.680248 120.813085 21.392907 20.432156
60 142.439348 120.430644 22.678971 19.822406
61 143.584019 119.413119 25.261392 19.735782
62 147.510807 118.049432 27.366564 19.496365
63 148.656285 115.287596 29.530032 19.163804
64 150.800896 112.598242 32.250787 19.389850
65 152.293902 108.185187 34.653342 19.623418
66 153.054477 102.495820 36.336816 19.717826
67 153.182656 96.485961 36.641076 19.754191
68 154.319452 88.665819 37.299481 19.724248
69 154.501029 80.441724 37.836775 19.988543
70 155.984601 77.779636 39.409446 19.919270
71 159.163994 74.327899 39.434041 20.937467
72 163.913453 72.949726 39.076484 22.950079
73 165.537662 72.723090 39.734529 23.138377
74 169.182002 73.030360 39.928432 23.828414
75 173.465907 74.678334 40.013338 24.838108
76 175.606443 75.231625 40.630417 25.442686
77 177.412584 80.818755 39.227190 26.494253
78 180.344987 87.291651 36.522944 28.019473
79 178.690092 95.474971 37.059439 28.532951
80 174.360521 103.663380 41.083709 28.571929
81 161.928439 111.879797 48.616647 26.789338
82 163.231049 117.643382 48.772829 25.250202
83 163.873998 115.954782 48.722601 24.428808
84 165.761022 114.068828 48.065390 23.633123
85 168.807569 110.122198 47.184524 23.707408
86 171.127840 107.237687 46.843426 23.992707
87 173.914648 103.890949 45.637769 24.524983
88 175.392034 103.390809 45.993567 25.377334
89 178.676412 101.586381 44.525632 25.957679
90 179.098458 101.725465 45.078887 25.870092
91 181.986551 104.492535 45.086833 23.860987
92 141.582201 113.595529 45.669199 25.888982
93 114.973690 109.910512 45.617502 27.301102
94 107.192166 106.750341 48.049898 30.121123
95 103.409139 100.336041 49.553854 33.316765
96 103.541601 100.375627 50.023792 33.497083
97 102.680103 98.045792 51.077493 34.727819
98 102.885072 98.168728 51.470883 34.981191
99 102.846187 96.929711 51.709170 35.664977
100 103.125902 95.064134 52.262076 37.264138
101 103.242226 95.126014 52.483392 37.559924
102 103.247460 95.340411 52.468713 37.976743
103 103.255716 95.341006 52.484737 37.998081
104 103.252436 95.319783 52.499527 38.003327
105 103.468583 95.140397 52.641580 38.873551
106 104.092688 94.719644 53.297142 39.421080
107 104.873938 94.105011 53.682826 40.058565
108 105.090214 94.199749 54.045015 40.626250
109 105.838262 94.058710 54.488059 41.367640
110 106.833862 93.792257 54.517495 41.928090
111 107.372243 93.729931 54.873703 42.055964
112 109.282245 93.942323 54.967543 42.624885
113 112.508499 116.564338 51.379379 44.574117
114 112.578353 90.170095 50.498492 45.411758
115 112.535579 91.782891 50.967894 45.576969
116 112.538634 92.062495 50.993446 45.957188
117 112.538866 92.082539 50.969553 45.967544
118 112.551045 92.097405 50.969553 45.967544
119 112.563223 92.112271 50.969553 45.967544
120 112.556986 92.140665 50.970864 45.963957
121 112.521469 92.175312 50.986666 45.962251
122 111.332697 92.445166 51.334586 46.002724
123 111.194628 92.692349 51.582421 46.489290
124 111.143635 92.699416 52.107350 46.490812
125 110.504562 92.718420 52.729641 46.475248
126 109.565140 92.829958 53.187157 46.460350
127 109.718368 92.848406 53.468060 46.467191
128 109.813931 92.623482 54.072712 46.673026
129 112.718958 91.166441 55.692712 47.847377
130 113.007395 90.948913 56.345613 48.174376
131 112.948796 91.018724 56.361169 48.514195
132 113.014445 91.258720 56.466264 48.966172
133 113.037739 91.272737 56.585574 48.936485
134 113.274252 92.448733 58.482626 47.946941
135 113.373519 93.343432 59.633127 46.953898
136 113.636154 93.830624 60.123842 46.514850
137 118.774081 97.116911 62.971455 43.372809
138 120.392352 98.218231 63.201354 42.089576
139 124.484651 98.817424 63.096022 41.462712
140 128.699741 99.033930 63.675707 40.560330
141 136.071921 98.916467 63.700110 40.047360
142 137.562540 99.104521 64.045215 40.250747
143 145.552845 99.640344 65.044738 39.167003
144 145.941622 99.790968 65.562500 39.419390
145 150.418696 99.599773 65.810524 39.201903
146 153.918064 99.409900 65.382899 39.454510
147 155.734779 98.845434 64.892353 39.715155
148 156.944502 98.736334 64.582400 40.114735
