45 1159.762033 284.396891 346.433639 250.419267
46 1085.174420 292.287958 356.239447 249.198378
47 1070.880378 292.559917 352.104080 249.177839
48 1062.635356 292.336305 351.540873 249.318581
49 1061.799563 291.097729 352.974753 248.445609
50 1061.662177 291.991946 354.437550 243.341196
51 1060.692574 290.903747 356.393691 232.339498
52 1063.868745 289.052381 360.079820 210.221795
53 1067.977660 291.606829 360.190890 198.734535
54 1084.726820 290.872195 356.038186 188.634237
55 1136.824666 288.130114 346.576997 180.251322
56 1180.736583 288.351866 340.331746 178.566371
57 1197.187782 290.049049 336.520482 178.011679
58 1197.487288 290.294972 336.738358 178.375927
59 1234.994099 291.233501 326.577395 177.046850
60 1319.026594 296.289191 323.655580 174.472892
61 1338.304953 302.805506 303.118918 171.210618
62 1351.278228 312.396006 287.199584 169.003470
63 1372.691941 316.405193 269.391034 167.343594
64 1371.326440 303.507767 268.922153 163.371276
65 1367.320703 246.765360 269.152743 161.577568
66 1216.439594 206.000445 293.151158 173.655206
67 1217.567603 199.299212 278.087441 177.423818
68 1252.277638 191.108891 271.323839 186.046535
69 1304.268885 193.521589 269.962091 198.905495
70 1331.375722 193.212565 269.060283 213.620952
71 1300.407580 187.183243 269.008381 233.883527
72 1297.265247 186.549238 266.053927 241.865981
73 1312.251085 183.920630 261.951275 249.316986
74 1349.673268 186.612090 254.396804 260.266471
75 1328.673708 210.775460 249.378926 273.133608
76 1323.235601 209.225677 248.666657 276.660137
77 1311.071647 208.358578 247.778932 279.017568
78 1226.112278 207.708311 249.627653 280.450098
79 1236.891222 222.236869 269.580674 276.911479
80 1146.525734 219.125038 281.809410 270.483747
81 1076.897387 216.759864 287.061547 267.160064
82 1047.358209 214.971853 299.771364 266.044150
83 1046.804364 219.372749 301.110907 263.696819
84 1087.964184 231.474704 315.701806 255.806522
85 1092.208944 232.512593 318.430161 254.587830
86 1113.514734 243.384043 326.737557 248.280319
87 1113.731294 244.329148 327.132459 247.533894
88 1161.318168 260.827835 336.090872 238.448092
89 1162.241766 261.587467 336.660520 237.418753
90 1166.712339 266.111091 336.450089 234.453108
91 1183.236570 273.303958 337.044843 228.468196
92 1192.664050 287.102510 338.620799 214.393768
93 1231.235287 290.044170 339.522914 205.397912
94 1235.279706 290.664586 338.250805 204.579687
95 1257.466641 293.141651 332.075907 201.709241
96 1267.255119 293.422747 329.476784 200.581672
97 1291.200975 294.722207 324.803449 197.996595
98 1301.176722 294.582109 318.276304 196.799539
99 1309.728405 294.497059 308.914619 196.013944
100 1331.556919 295.442432 295.149788 194.178582
101 1342.623899 296.700358 286.337430 192.490618
102 1353.079557 296.882895 277.475016 192.061927
103 1364.452065 297.526686 267.903655 192.344855
104 1346.800638 316.520754 265.529007 194.743495
105 1194.707936 332.613709 297.825817 204.877090
106 1187.979492 336.042424 302.858568 218.038668
107 1182.511821 334.085299 312.936928 234.037100
108 1178.636320 332.081244 314.571573 237.902128
109 1181.108846 331.631007 314.722394 238.216000
110 1177.493323 331.068305 314.904546 239.096321
111 1175.825664 331.018534 314.725217 239.644466
112 1195.592531 328.303075 313.978359 241.189270
113 1222.837561 326.204787 313.000603 241.682730
114 1256.087642 327.264204 311.944154 242.584577
115 1259.424608 327.581541 311.073738 243.112754
116 1279.313397 328.309641 308.282499 243.080658
117 1293.103845 328.134942 304.742280 243.280645
118 1293.935608 328.195528 304.364142 243.350776
119 1295.026740 327.996609 304.084417 243.447983
120 1300.945111 327.083625 302.046129 243.606902
121 1313.581105 323.639718 298.926129 244.392873
122 1322.698000 318.491429 295.739297 244.620492
123 1323.585927 318.258533 294.972191 244.890441
124 1324.894825 317.349809 293.589490 245.101591
125 1325.974895 316.686454 292.983846 245.605743
126 1327.947466 315.618199 291.105083 246.024000
127 1331.711058 312.604786 288.704944 246.559276
128 1332.045823 312.664781 288.561377 246.795041
129 1332.600127 312.655335 288.301338 246.683446
130 1332.942884 312.706362 287.922946 246.712361
131 1333.803642 312.657072 286.758449 246.692480
132 1333.907283 312.803518 286.828661 246.825723
133 1333.975819 312.883343 286.828661 246.825723
134 1334.044355 312.963167 286.828661 246.825723
135 1334.112890 313.042992 286.828661 246.825723
