2 266.154538 11.863775 227.096465 468.136225
3 267.168705 12.684336 226.248580 467.315664
4 267.867028 13.256810 225.742679 466.705374
5 268.816676 14.059568 224.888736 465.918340
6 269.520684 14.586140 224.156917 465.068023
7 270.785912 15.498574 223.269975 464.437307
8 272.173663 16.647918 222.204774 463.352082
9 273.920295 18.201168 220.972659 461.798832
10 275.929134 19.680272 219.023695 460.319728
11 278.090488 21.050250 217.728563 458.949750
12 245.913786 50.853736 248.448838 379.603067
13 240.536821 52.846300 248.863374 377.105523
14 234.154376 54.519389 250.125845 375.306177
15 228.080363 55.705101 252.107527 372.845173
16 221.021899 56.410485 252.927413 369.650838
17 215.548802 56.636478 249.851772 366.184142
18 210.813143 58.169897 246.492445 361.908561
19 209.072022 60.298338 244.528766 359.124078
20 206.612998 64.151356 244.928433 356.063724
21 204.611959 68.407647 245.425570 353.531677
22 188.455308 61.870383 277.973562 363.518686
23 191.594204 63.966299 275.917895 360.713285
24 193.111571 65.705050 274.720832 358.207419
25 194.476279 66.914420 273.991950 356.528376
26 195.579700 68.512675 273.245006 354.613244
27 197.061113 70.529524 272.840413 352.661554
28 197.789966 71.953818 272.346462 351.337822
29 198.022284 72.808218 272.082028 350.587775
30 198.584598 73.626987 271.904727 349.964600
31 198.848638 74.395873 271.499969 349.241171
32 224.521216 81.629389 219.817448 398.370611
33 240.491805 67.099951 206.426837 404.046919
34 252.027289 58.049396 194.612882 403.981267
35 262.871512 54.112063 185.054280 399.074986
36 272.638190 52.779815 177.636387 391.382394
37 280.382267 49.154808 169.172926 382.463129
38 285.046782 49.856240 162.534685 378.389928
39 287.650968 51.486332 158.614102 372.524086
40 289.399456 53.540598 155.907253 367.358842
41 291.469033 55.591678 151.994869 358.863412
42 283.271854 58.052208 193.697710 343.561483
43 284.012376 62.351861 197.336096 343.608193
44 282.850856 65.446029 199.842762 342.382661
45 281.889779 68.206822 203.274040 341.310025
46 280.476406 71.511856 206.264653 339.883733
47 279.193625 75.304417 209.650960 338.086492
48 276.086274 80.212478 214.372810 335.588207
49 274.506296 82.808063 216.228241 333.810615
50 272.921801 85.858035 218.528118 331.068674
51 271.259775 89.611118 221.150618 328.275373
52 268.307666 92.220587 224.775723 325.709895
53 266.445527 95.259539 226.915247 322.445878
54 264.833294 99.280296 228.480729 317.669955
55 262.949241 103.577594 230.367735 313.871000
56 260.787247 110.789231 232.772706 306.886911
57 259.595078 118.446176 235.420002 299.470599
58 258.326546 129.178886 240.006674 288.371261
59 257.699960 138.819441 242.123963 279.771671
60 257.254946 144.508846 243.451371 275.187901
61 256.465621 149.679486 244.933295 271.028724
62 285.400605 265.687202 226.446386 214.312798
63 285.525954 269.766839 227.108795 210.233161
64 284.966327 276.746603 227.795338 203.253397
65 284.545079 280.718590 228.089878 199.281410
66 282.121741 283.039654 229.374339 196.952654
67 275.267076 285.456529 231.650019 193.875235
68 271.947174 286.164754 233.419987 193.153455
69 265.765664 286.949865 235.246836 192.530660
70 264.028461 287.204901 235.881287 192.539015
71 262.268656 287.443336 236.590835 192.556664
72 261.035915 287.600878 237.457025 192.399122
73 263.283920 271.243409 252.022033 208.756591
74 256.431623 260.837161 252.510330 212.517523
75 246.701320 254.560493 258.729341 217.346662
76 239.464292 252.543743 266.226898 219.340049
77 232.612353 250.381768 273.164546 221.789197
78 229.397611 248.248244 277.133700 224.094556
79 227.171741 245.492491 279.508295 226.932389
80 225.602158 241.623976 280.910929 229.822151
81 223.937059 235.136869 281.638321 234.428161
82 181.441885 126.434756 300.860291 257.886621
83 193.343067 109.585034 284.587489 267.920371
84 208.696770 86.811101 267.745636 274.457655
85 222.032085 67.651756 253.958099 276.016879
86 230.059051 56.234076 239.701781 269.054436
87 239.945881 51.258867 223.762379 256.535085
88 249.325133 49.043874 207.182323 246.445149
89 257.661561 48.803225 193.292683 236.980136
90 264.790836 47.526748 180.536440 225.458824
91 270.430137 46.198897 172.113630 216.645933
92 257.479898 44.947311 210.621588 221.735431
93 255.373928 35.085873 200.825003 216.300783
94 259.809680 29.871087 189.758493 212.548021
95 264.989385 28.582306 181.408265 209.562092
96 267.965577 28.677632 176.605152 206.640784
97 270.435755 28.663689 173.020675 204.700907
98 272.116993 28.760371 171.032673 203.757557
99 273.306407 28.914929 169.676360 203.048701
100 274.442823 29.095689 168.060908 202.535983
101 275.520958 29.359099 166.828170 202.078813
102 286.888286 30.208656 140.430028 201.116601
103 287.142254 30.564676 140.012982 201.084442
104 287.439273 30.817402 140.360857 201.357990
105 287.563318 30.934047 140.358659 201.356376
106 287.680718 31.045618 140.375931 201.370000
107 287.789804 31.150790 140.375422 201.369087
108 287.894421 31.252623 140.385732 201.377764
109 287.999396 31.354596 140.373666 201.367636
110 288.107638 31.458586 140.378778 201.374314
111 288.206744 31.553991 140.393182 201.386344
112 283.077767 30.790523 160.612065 195.628349
113 283.777977 31.080295 159.955748 195.157439
114 284.196411 31.324746 159.190178 194.786118
115 284.845744 31.579158 158.413532 194.024885
116 285.381494 31.956575 157.464436 193.588411
117 286.016186 32.275246 156.230396 192.952531
118 286.409243 32.415057 156.000886 192.593956
119 287.300329 32.758866 155.122519 191.829384
120 287.782555 32.953598 154.915067 191.464948
121 288.153861 33.074409 154.339808 190.901298
122 289.198764 33.110591 152.483726 190.587408
123 289.647490 33.395895 151.515337 190.676690
124 290.627399 33.661550 150.332876 190.457689
125 291.058937 33.770891 149.673645 190.182868
126 291.423009 33.985840 149.477112 190.280818
127 291.670442 34.167265 148.917997 190.252304
128 292.370150 34.373411 147.222872 189.936499
129 292.965875 34.494565 146.386726 189.596526
130 293.532940 34.775603 145.192395 189.567888
131 294.151920 35.052370 144.259989 189.608675
132 294.300679 35.289862 144.517991 190.015973
133 294.555768 35.536790 144.941928 190.464019
134 294.594373 35.559613 144.951283 190.463756
135 294.627367 35.582322 144.953378 190.464219
136 294.656099 35.603791 144.960755 190.465863
137 294.680270 35.624339 144.962608 190.466127
138 294.705141 35.645100 144.958992 190.465891
139 294.746076 35.670384 144.926330 190.458832
140 294.806626 35.699907 144.918966 190.459123
141 294.859492 35.725795 144.945116 190.462702
142 294.944045 34.530937 142.015816 168.892480
143 295.719226 34.765450 141.339399 168.569609
144 296.081960 35.101202 140.825215 168.719063
145 296.407327 35.344159 140.431893 168.757841
146 296.809468 35.628835 139.623764 168.641483
147 297.280723 35.925305 139.336827 168.710303
148 297.620762 36.181160 138.883424 168.732416
149 297.835160 36.401412 138.593788 168.801961
150 298.105819 36.545785 138.815886 168.863021
151 298.259967 36.656687 138.827910 168.868976
152 298.342573 36.721828 138.983370 168.971231
153 298.369864 36.745528 138.932122 168.940560
154 298.416601 36.781147 138.945537 168.950069
155 298.455014 36.811391 138.949315 168.952173
156 298.490795 36.840293 138.951039 168.953140
157 298.513175 36.863868 138.980255 168.969490
158 298.522199 36.879752 138.977332 168.967863
159 298.530166 36.895474 138.983205 168.971142
160 298.537702 36.910523 138.977372 168.967871
161 298.547174 36.926838 138.979652 168.969144
162 298.620042 36.985129 138.771379 168.917166
163 298.730913 37.026175 138.983370 168.971231
164 298.735788 37.040189 138.983370 168.971231
165 298.740662 37.054203 138.983370 168.971231
166 298.745537 37.068217 138.983370 168.971231
167 298.750412 37.082231 138.983370 168.971231
168 298.755287 37.096244 138.983370 168.971231
169 298.760162 37.110258 138.983370 168.971231
170 298.765037 37.124272 138.983370 168.971231
171 298.769912 37.138286 138.983370 168.971231
172 291.621101 40.693717 154.681285 164.074720
173 291.774612 40.908381 154.979342 164.476986
174 291.780314 40.920719 154.980636 164.474382
175 291.785333 40.934415 154.980599 164.474499
176 291.790466 40.947911 154.980695 164.474201
177 291.795602 40.961477 154.980761 164.474044
178 291.800728 40.975082 154.980769 164.473974
179 291.805820 40.988778 154.980739 164.474076
180 291.810905 41.002454 154.980717 164.474138
181 291.815869 41.016302 154.980569 164.474546
182 298.076775 46.689349 133.350937 175.739862
183 298.148003 46.819032 133.484028 175.970039
184 298.152685 46.833626 133.484028 175.970039
185 298.157367 46.848220 133.484028 175.970039
186 298.162049 46.862814 133.484028 175.970039
187 298.166731 46.877409 133.484028 175.970039
188 298.171413 46.892003 133.484028 175.970039
189 298.176095 46.906597 133.484028 175.970039
190 298.180777 46.921191 133.484028 175.970039
191 298.185459 46.935786 133.484028 175.970039
192 298.190135 46.948660 133.483551 175.968671
193 298.347751 46.690625 132.947871 175.269691
194 298.711404 46.495342 132.068503 174.556101
195 299.159070 46.512614 131.788147 174.125047
196 299.314249 46.630187 131.729492 174.084983
197 299.500052 46.774075 131.741791 174.099619
198 299.680562 46.911293 131.742131 174.099486
199 299.886230 47.014721 131.609133 173.897182
200 300.146809 47.029623 131.684822 173.546786
201 300.370047 47.228227 131.696529 173.569777
202 300.421137 48.583159 132.235304 171.133713
203 301.528417 48.078145 129.647432 169.192302
204 302.510271 48.153675 127.164916 167.277181
205 303.214259 48.387589 125.397515 165.733910
206 304.125889 48.714184 122.794866 164.003126
207 304.815400 49.155756 120.989163 161.947305
208 305.109051 49.284951 119.428533 159.527474
209 305.330335 49.812451 118.569911 158.296577
210 305.566216 50.329981 118.183346 156.322986
211 305.857262 50.470561 117.348334 154.537870
212 307.162582 51.893628 113.329921 153.804170
213 307.244813 51.991205 113.486421 153.973784
214 307.248793 52.003975 113.486421 153.973784
215 307.252774 52.016745 113.486421 153.973784
216 307.256755 52.029515 113.486421 153.973784
217 307.260735 52.042285 113.486421 153.973784
218 307.264716 52.055055 113.486421 153.973784
219 307.268696 52.067825 113.486421 153.973784
220 307.272677 52.080595 113.486421 153.973784
221 307.276658 52.093365 113.486421 153.973784
222 306.609543 49.264068 113.117083 153.215142
223 306.649127 49.614297 113.371852 152.507980
224 306.652358 50.108481 113.348494 151.918156
225 306.682947 50.288114 113.351097 151.176230
226 306.634907 50.651825 113.310874 150.540454
227 306.682460 50.880238 113.420128 150.573451
228 306.675987 51.090265 113.421194 150.582278
229 306.664695 51.301949 113.415620 150.555328
230 306.632447 51.530369 113.351265 150.242124
