2 180.298417 377.250079 61.070077 61.478534
3 187.045537 375.679694 60.896165 61.135631
4 192.939199 371.899920 61.036234 61.074115
5 199.677452 368.858024 61.127783 60.481541
6 206.277794 365.099026 60.914757 60.572964
7 219.303742 355.742757 60.531826 61.400061
8 224.430655 353.582277 60.395050 61.335332
9 231.787169 351.444426 59.615777 61.059959
10 239.337230 349.296167 59.027727 60.933654
11 246.757864 346.470616 58.684872 60.423564
12 259.801748 339.021066 58.514924 60.449720
13 266.996351 337.673746 57.858111 59.823410
14 273.390652 335.660140 57.234118 59.923605
15 282.136685 332.355976 56.130900 59.930609
16 289.006921 329.380083 56.179347 59.883439
17 303.517956 323.768997 55.770974 59.781306
18 309.231043 323.007074 55.613134 59.069295
19 316.626756 319.929310 55.088321 59.196751
20 322.308690 318.005415 54.941812 59.031301
21 330.232836 314.158290 53.866621 58.902776
22 338.626840 307.996573 52.982875 58.909472
23 341.161815 307.008011 52.831913 58.850412
24 347.164809 304.462562 52.285459 59.024302
25 348.853619 303.366777 52.235196 59.345595
26 354.813369 300.746802 51.611670 59.065259
27 362.163116 294.430176 51.107849 59.411982
28 364.728945 294.060459 51.208524 59.109045
29 368.462134 292.438245 50.950996 59.044332
30 374.497507 290.973037 50.257570 58.565137
31 377.481474 289.805605 49.981491 58.930693
32 387.089029 285.698837 49.901001 58.442295
33 391.584308 284.564159 49.059188 58.170803
34 395.151629 282.535862 48.501716 58.320758
35 400.608414 279.894517 47.796650 58.020845
36 403.295643 278.528354 47.328854 58.365423
37 411.165080 275.083553 46.481422 57.168707
38 414.622756 272.332080 45.578724 57.134862
39 418.675311 269.271018 45.124076 56.643392
40 421.243028 267.052851 44.729561 56.903091
41 427.052516 263.654648 44.111384 55.857199
42 438.501440 259.304367 43.422393 56.963969
43 444.742994 260.806444 42.991923 54.785473
44 448.449970 258.279483 42.339486 55.065542
45 455.015986 258.541175 42.062024 54.386002
46 458.792990 256.337295 41.551445 54.462362
47 466.050255 251.340317 41.272531 55.007614
48 469.060709 249.250196 40.504654 55.201248
49 472.323529 246.612470 40.187272 55.002063
50 474.986196 244.051098 39.565288 54.862937
51 477.935030 242.962321 39.501299 54.582041
52 486.847012 237.638974 39.628864 54.898059
53 493.443244 241.075394 40.087002 53.333469
54 495.867354 240.470975 39.818813 53.490928
55 500.896529 241.154858 39.310656 52.785428
56 503.384091 239.456219 38.671370 53.023137
57 508.844499 236.859489 38.395217 52.675394
58 512.332263 234.918279 37.610580 52.933673
59 515.607955 233.689469 37.198044 52.825431
60 519.488777 233.375959 37.148498 52.352881
61 526.963843 232.822604 36.710313 51.761033
62 536.345774 231.210355 35.923113 51.132794
63 541.961020 229.135126 35.321253 50.453479
64 545.939870 227.077993 34.299424 50.157711
65 550.609154 225.874433 33.310315 50.168328
66 553.885073 223.483895 32.805664 49.448576
67 560.996279 220.914694 31.816306 48.845012
68 563.876169 220.704558 31.002283 48.871172
69 566.932625 220.238553 30.615154 48.596514
70 569.955159 220.316564 30.031232 48.460623
71 573.481565 218.692504 29.171198 47.585502
72 579.509184 216.675623 28.727074 46.896929
73 581.525621 215.668572 28.173135 46.339547
74 583.506077 214.839250 27.922110 46.151226
75 586.653206 214.983238 27.592190 45.781030
76 588.951097 213.719500 27.380321 45.707696
77 594.387322 212.947504 26.835007 44.939194
78 599.451824 210.331212 26.363050 45.341364
79 600.800152 209.487644 26.148564 44.767900
80 604.830513 208.715335 26.204647 44.209437
81 608.661460 207.342039 26.064031 43.885431
82 615.205361 204.354583 25.448407 44.758564
83 618.300916 203.748903 25.110740 45.003377
84 620.634390 202.732300 25.210437 44.880002
85 622.510588 201.914399 25.355378 44.546327
86 625.717645 202.703671 25.415062 44.312749
87 628.363941 201.128445 25.345187 43.407709
88 630.611377 200.273566 25.171075 42.773080
89 631.257662 199.880432 25.433869 42.353745
90 633.311475 197.555163 25.722985 41.839259
91 633.749854 196.715754 26.218876 42.128390
92 635.997157 193.246540 26.803340 43.126129
93 636.475115 192.301995 27.119613 43.520608
94 637.937742 190.438562 27.496220 44.106572
95 638.554149 187.802992 27.504908 44.691196
96 640.269675 185.990770 27.655867 44.932548
97 642.137531 182.397263 27.827909 44.952152
98 642.438743 182.304213 27.911913 44.909019
99 643.746023 181.189901 27.842506 44.658383
100 645.530280 180.032716 27.773343 44.622246
101 645.649903 180.204969 27.981381 44.961906
102 647.022937 178.708761 27.563504 44.707068
103 647.741282 177.103942 27.792214 44.529472
104 648.399089 176.920166 27.916756 44.613026
105 649.102329 176.214184 27.781641 44.548537
106 649.937697 174.655508 27.866012 44.843076
107 650.982531 168.911254 27.681241 44.987706
108 651.654774 169.328946 27.838869 44.704476
109 651.881495 169.504322 27.956413 44.916300
110 651.901611 169.411830 27.956536 44.965281
111 650.724172 168.155303 27.895091 44.548805
112 650.075134 163.587612 27.701721 44.389877
113 649.862703 159.653051 27.818869 44.817886
114 650.285022 158.780343 27.871965 44.838692
115 649.846897 156.446458 27.894956 44.715091
116 649.121137 153.109677 27.915800 44.157196
117 647.209873 151.232095 27.908476 43.288277
118 646.390782 150.159957 27.859164 43.379362
119 645.832571 149.340231 27.943680 43.364820
120 645.557323 149.359873 28.038296 43.396582
121 644.349528 148.742633 28.421391 43.120399
122 643.739308 147.018950 28.386938 42.813521
123 643.713191 145.966339 28.407236 42.858092
124 644.076868 144.070407 28.137522 42.876923
125 643.411845 142.921732 27.860524 41.957115
126 643.371463 142.725286 27.744862 41.655721
127 641.193038 139.529544 27.153959 40.446603
128 640.253223 137.635094 26.716892 39.912177
129 639.311189 136.921094 26.436777 39.578003
130 636.959760 134.369234 26.102928 40.026802
131 637.137420 134.215021 26.391161 40.336699
132 631.782560 128.412781 26.085772 39.210971
133 630.262864 128.354790 25.968004 39.116964
134 626.281879 125.417783 25.671350 39.046570
135 623.758924 122.327953 25.265311 38.971637
136 620.652378 120.911801 25.004482 38.614560
137 613.884324 116.788412 25.278965 38.430546
138 611.642427 116.406485 25.180506 37.946725
139 608.753524 114.609893 25.049771 37.320938
140 606.279788 115.034542 24.969434 36.876200
141 604.959022 114.329437 24.733754 36.941289
142 599.707864 108.737107 24.257209 37.734535
143 597.933423 109.293727 24.024147 37.602629
144 595.750164 106.969305 23.635971 37.996738
145 595.029010 107.336401 23.572014 37.666266
146 592.730927 106.627431 23.285486 37.508643
147 589.043285 105.800166 23.206189 36.806934
148 587.914293 105.277209 23.385378 36.408696
149 586.164005 103.553879 23.387241 35.148526
150 585.887047 103.868397 23.432351 35.317438
151 584.469786 102.429385 23.213054 35.264525
152 583.043463 102.625091 23.381626 35.146112
153 581.741926 102.238251 23.276889 35.127431
154 580.601755 101.861582 23.300022 35.212759
155 579.624680 101.123708 23.229037 35.402090
156 576.167445 98.188217 23.293678 36.348162
157 574.398307 92.265765 23.823348 36.211010
158 574.392787 92.405050 23.989517 36.420545
159 574.394386 92.441959 23.981322 36.442883
160 574.318344 92.477413 23.990509 36.436059
161 573.833376 92.074522 24.019219 36.183848
162 573.278627 90.998422 24.513734 36.212795
163 571.308729 89.352746 24.887270 36.138354
164 571.870306 88.730066 24.855059 36.144630
165 571.537632 87.681746 24.917736 36.195751
166 571.249613 87.593845 24.998219 36.322091
167 571.424033 87.308984 24.998873 36.195594
168 571.464278 86.559840 24.947402 36.269971
169 571.563370 83.973981 25.059167 35.508396
170 571.779270 84.193808 25.478587 35.957591
171 571.817947 84.130760 25.504571 35.891852
172 572.416828 83.911065 25.893501 35.895949
173 573.626049 84.162151 25.638795 35.681584
174 574.608126 83.685219 25.906324 35.863800
175 574.913820 84.526860 25.495964 35.672034
176 574.917626 84.702608 25.438048 35.926443
177 574.899031 84.649277 25.334780 35.959376
178 574.770819 83.824225 25.082775 35.775213
179 574.788537 83.176354 25.121020 35.758665
180 574.710044 81.919419 25.014029 35.855767
181 574.802584 81.668752 25.209241 35.896589
182 574.794636 79.679719 25.114966 35.900790
183 574.999451 79.439725 25.200396 35.882450
184 575.026962 78.989378 25.187691 35.948387
185 574.999330 76.492662 24.756073 35.993511
186 575.103399 76.408122 24.914309 35.812020
187 571.602048 72.193161 24.538838 35.748204
188 567.660587 70.417780 24.117976 36.205281
189 566.392024 69.063034 23.935117 36.180639
190 564.248712 68.833915 23.524549 36.218004
191 562.439951 68.095476 23.551020 36.297221
192 559.517141 70.088138 23.519031 35.823443
193 558.793589 69.369668 23.596623 35.957327
194 554.747759 68.100858 23.433474 35.502476
195 553.000426 65.121011 23.252470 35.503471
196 552.173168 66.950849 23.480619 35.317758
197 547.740938 68.726417 23.201008 35.001276
198 546.709765 68.321673 23.006945 35.222231
199 545.783421 68.469143 23.178510 35.181938
200 543.860577 68.121370 22.956194 35.014681
