74 471.464378 461.746193 56.969866 227.327928
75 471.476526 461.825503 56.966330 227.338820
76 472.173555 463.303419 56.978816 226.945546
77 472.493618 463.956177 57.000753 226.410709
78 473.142995 464.127533 57.376533 226.148059
79 473.212471 464.322339 57.460233 226.320671
80 474.655290 466.508948 57.453455 224.778800
81 475.564229 467.781491 57.403368 223.879920
82 475.954940 468.006779 57.445221 223.540636
83 477.144329 468.445374 57.550995 222.918993
84 477.409802 468.557909 57.994336 222.683782
85 477.481803 468.816451 58.008319 222.608805
86 477.780471 469.101550 58.505958 222.650999
87 478.026882 469.272776 58.966243 222.834756
88 478.047541 469.371380 58.974978 222.803398
89 478.056834 469.462014 58.964479 222.843699
90 478.071376 469.532498 58.964479 222.843699
91 478.085918 469.602982 58.964479 222.843699
92 478.100460 469.673466 58.964479 222.843699
93 478.115002 469.743950 58.964479 222.843699
94 478.129545 469.814434 58.964479 222.843699
95 478.144087 469.884918 58.964479 222.843699
96 478.186101 470.016512 58.980613 222.762661
97 478.632323 470.938019 59.053650 222.209221
98 479.360622 472.000325 59.582735 221.417044
99 479.611168 472.128453 59.984259 221.223256
100 479.633507 472.286249 59.963490 221.315493
101 479.897418 472.869674 59.908078 220.969917
102 483.361563 476.384893 59.227610 218.136682
103 484.631671 477.269994 59.150703 217.877930
104 484.803074 477.323535 59.464178 217.847203
105 484.817739 477.392438 59.464178 217.847203
106 485.340155 477.535334 59.402897 217.772712
107 489.273554 478.199708 59.156511 217.486318
108 489.442052 478.199071 59.464178 217.347554
109 489.456931 478.267764 59.464107 217.347460
110 490.467025 478.301346 59.407289 217.154742
111 490.561570 478.461550 59.455573 217.331530
112 491.643959 478.318863 59.283302 217.213236
113 491.975271 478.373136 59.467072 217.121161
114 493.567976 478.417234 59.511928 216.152386
115 495.248958 478.395731 60.047044 215.412221
116 495.472448 478.432705 60.463789 215.347948
117 495.487414 478.501578 60.463685 215.348431
118 495.502378 478.570118 60.463648 215.348627
119 496.398315 478.715496 60.458475 214.879463
120 496.508130 478.758203 60.483351 214.763804
121 496.514126 478.870447 60.464231 214.846169
122 497.186722 478.915263 60.538677 214.510293
123 497.804882 479.147323 61.043689 214.587419
124 498.159275 479.285202 61.493733 214.800260
125 498.174563 479.368781 61.480754 214.833620
126 498.463509 479.479344 61.499897 214.819934
127 499.581932 479.465811 61.474097 214.763097
128 499.681434 479.585739 61.480158 214.813209
129 499.786904 479.680047 61.483390 214.810922
130 500.847559 480.487202 61.593220 214.049086
131 501.075479 480.739212 61.980585 214.281588
132 501.426711 481.030551 62.001156 214.087263
133 503.255966 482.331086 62.477386 213.420807
134 504.370078 482.921212 62.507331 212.805213
135 504.612976 483.011283 62.962071 212.850708
136 505.954280 483.492550 62.805943 212.516839
137 512.856540 485.361314 61.823899 211.747962
138 513.265403 485.365146 61.866025 211.892026
139 513.492405 485.354143 61.906699 211.881857
140 514.139037 485.216474 61.814534 212.075231
141 514.299723 485.378803 61.940875 212.387445
142 515.527073 484.281239 61.687167 212.992758
143 517.966698 483.068177 61.489425 213.960756
144 517.969745 483.081085 61.462129 213.850180
145 518.025170 483.144015 61.437235 213.865487
146 519.799862 480.604895 60.953018 214.728721
147 519.820025 480.733143 60.963275 214.849306
148 521.107395 478.864147 60.738016 215.302588
149 523.020718 475.857505 60.636199 216.073094
150 523.199291 476.063515 60.963275 216.348255
151 523.215038 476.127949 60.964773 216.347067
152 523.239854 476.188940 60.963630 216.347263
153 523.262609 476.255666 60.960386 216.349834
154 523.782068 476.005703 60.842604 216.407604
155 523.858782 476.041464 60.966393 216.344848
156 524.135394 475.880153 60.988432 216.349524
157 525.004994 475.685390 60.987970 216.285642
158 525.727697 475.669326 61.030786 216.353757
159 525.964304 475.726591 61.471589 216.354583
160 526.052946 475.728552 61.495856 216.400512
161 527.797345 475.665935 61.554164 216.496573
162 528.120493 475.612820 62.011622 216.347016
163 528.361273 475.681869 62.462372 216.348255
164 529.351974 476.054533 62.624857 215.954887
165 529.538695 476.072146 62.962170 215.847421
166 529.889966 476.138579 63.025700 215.755887
167 531.352008 476.236070 63.450055 215.743610
168 532.055673 476.057603 63.408178 216.040622
169 534.752385 476.299783 63.195065 216.660593
170 535.548515 476.261929 63.371217 216.963526
171 536.255252 476.078020 63.371989 216.965833
172 537.736056 475.524239 63.246376 217.046708
173 541.420842 474.081422 63.278123 218.029357
174 541.548791 474.293759 63.455011 218.357178
175 542.092096 473.834432 63.213677 218.733237
176 542.244489 473.964377 63.453476 218.848152
177 542.272987 474.037054 63.455547 218.847317
178 542.291749 474.105866 63.461770 218.846502
