21 109.185495 88.278922 136.776027 106.989760
22 109.295528 88.347396 136.982081 106.998270
23 109.394240 88.894171 136.912456 107.023398
24 109.438038 89.132415 136.991547 107.490235
25 109.442291 89.137241 136.991547 107.490235
26 109.446544 89.142068 136.991547 107.490235
27 109.450797 89.146894 136.991547 107.490235
28 109.454181 89.155708 136.991736 107.488738
29 109.458339 89.161282 136.991547 107.490235
30 109.462591 89.166108 136.991547 107.490235
31 109.466844 89.170935 136.991547 107.490235
32 109.466772 89.195116 136.992579 107.482331
33 109.423526 89.962640 136.990201 107.086967
34 109.287451 91.161632 136.959066 107.260841
35 108.198533 92.585937 137.055508 107.013004
36 107.911272 93.002940 137.601337 107.398331
37 106.817472 93.265837 138.201451 107.372547
38 106.411750 93.452141 138.641799 107.408650
39 105.004576 93.886869 139.088365 107.331385
40 104.739720 94.058027 139.627809 107.424981
41 103.221010 94.397119 140.291422 107.297041
42 102.049086 94.902655 140.694997 107.338905
43 102.201614 94.983146 140.991300 107.490235
44 101.924422 95.068466 141.080230 107.470003
45 100.423738 95.853631 141.921602 107.331893
46 100.365068 95.972085 142.038812 107.488964
47 100.355244 96.224292 142.627038 107.454353
48 98.982613 97.684179 143.541901 107.175381
49 99.150070 97.869064 144.025516 107.491624
50 99.046890 98.069634 144.666139 107.465097
51 99.169259 98.107948 145.018302 107.491942
52 99.390120 98.126171 145.502865 107.488851
53 99.563430 98.207764 146.038736 107.478594
54 99.403221 99.156084 146.704058 107.250712
55 99.510263 99.316687 147.013339 107.485068
56 99.739274 99.338644 147.497201 107.488031
57 99.089365 100.010927 147.827775 107.252414
58 99.153480 100.150210 148.002534 107.489225
59 96.062303 101.037347 149.548786 107.070272
60 94.671232 101.597780 150.630054 107.295775
61 91.435651 102.159433 152.098822 107.111577
62 89.869804 102.654915 153.170755 107.249569
63 88.063694 102.973180 153.862854 107.369887
64 86.607682 103.106443 154.487448 107.451754
65 84.538349 103.314718 155.314149 107.448622
66 79.106605 104.029264 156.571463 107.252061
67 75.252659 104.589390 158.044390 107.275415
68 71.848568 104.981900 158.724053 107.424299
69 64.409766 105.692318 159.693628 107.255608
70 64.562983 105.814458 159.990128 107.490235
71 62.273936 106.276123 160.280098 107.377432
72 60.003891 106.661826 160.774407 107.378847
73 58.113684 107.043577 161.371870 107.439247
74 54.220785 107.245573 162.156519 107.462283
75 53.599565 107.364542 162.640126 107.480593
76 53.050415 107.486407 163.114877 107.468111
77 50.553546 107.866836 163.516396 107.480906
78 49.518462 107.931365 163.972864 107.477733
79 48.818099 108.027569 164.087726 107.485945
80 47.289620 108.296443 164.556179 107.508745
81 46.440470 108.681245 165.118615 107.977778
82 46.631194 108.692300 165.489788 107.990190
83 46.636331 108.697148 165.489788 107.990190
84 46.641469 108.701997 165.489788 107.990190
85 46.646606 108.706845 165.489788 107.990190
86 46.651744 108.711694 165.489788 107.990190
87 46.657000 108.717866 165.490301 107.989731
88 46.698561 108.757540 165.587440 107.992960
89 48.010573 109.065859 166.768500 108.049377
90 49.144710 109.468586 167.752099 108.481902
91 51.084107 109.798171 168.752917 108.497108
92 52.724493 110.065761 169.530688 108.491877
93 55.288612 110.644236 170.870634 108.470789
94 57.608824 110.935732 171.729702 108.431806
95 61.244226 111.397532 172.675935 108.345447
96 68.113701 112.084538 174.196344 108.332849
97 68.943625 112.351241 175.317869 108.427413
98 75.935768 113.162889 177.230638 108.304916
99 76.070483 113.260374 177.489048 108.490144
100 76.253142 113.332787 177.803988 108.457245
101 77.706447 113.615353 178.974660 108.367399
102 77.916054 113.738140 179.240297 108.464033
103 80.951104 114.153494 180.448884 108.388342
104 86.429277 115.092745 182.540922 108.576296
105 86.658851 115.304539 182.988708 108.990099
106 86.664532 115.309433 182.988708 108.990099
107 86.670213 115.314326 182.988708 108.990099
108 86.675893 115.319220 182.988708 108.990099
109 86.681574 115.324113 182.988708 108.990099
110 86.687255 115.329007 182.988708 108.990099
111 86.692935 115.333900 182.988708 108.990099
112 86.698616 115.338794 182.988708 108.990099
113 86.731924 115.369696 183.013299 109.016793
114 86.975309 115.611242 183.488678 109.490053
115 86.981006 115.616157 183.488678 109.490053
116 86.986702 115.621073 183.488678 109.490053
117 86.992398 115.625989 183.488678 109.490053
118 86.998094 115.630905 183.488678 109.490053
119 86.975397 115.712842 183.651943 109.502621
120 86.976801 116.486613 184.535509 109.979685
121 87.167823 116.589626 185.153679 109.991298
122 87.335854 116.636563 185.518363 109.986284
123 87.282561 117.820593 186.484266 110.070097
124 87.066858 118.079125 186.599762 110.490616
125 84.104704 118.613167 188.064583 110.376820
126 68.860942 120.607276 192.092242 109.566430
127 68.644922 120.853424 192.712487 109.962214
128 61.445841 121.313565 194.769066 109.579659
129 55.688189 121.617011 196.359861 109.707270
130 49.673778 121.823449 197.730861 109.721076
131 34.872563 122.226368 199.822167 109.541348
132 34.961518 122.455636 199.987659 109.990008
133 34.046839 122.403087 200.130806 109.988256
134 34.092024 122.398080 200.522085 109.996360
135 29.078150 122.068922 200.512431 110.056832
136 26.110653 122.036759 200.758223 110.486648
137 25.804795 121.991324 200.899680 110.502803
138 24.054233 122.050538 200.552580 111.025866
139 22.245968 122.042269 200.664756 111.428873
140 20.508043 121.707113 200.603770 111.451953
141 19.960988 121.580311 200.765584 111.508900
142 19.182857 121.634770 200.710186 111.975652
143 17.348723 120.776868 200.327988 112.006911
144 16.178134 119.989668 199.520948 112.531317
145 15.969757 119.804129 199.745922 112.862163
146 15.339350 119.297280 199.582272 112.851015
147 14.580854 118.794318 199.549131 112.768310
148 13.508500 118.231792 199.457979 112.727904
149 13.147634 118.125637 199.050886 112.915415
150 12.738061 117.841649 198.805863 112.927054
151 12.115308 117.291680 198.137350 112.877832
152 12.070528 117.211630 198.120899 112.947804
153 11.684300 116.964123 197.833033 112.879292
154 11.537197 116.909346 197.686216 112.948623
155 11.483556 116.743805 197.660158 112.933099
156 11.465603 114.634834 197.142997 112.722887
157 11.857751 114.561110 197.134355 112.867346
158 12.730379 113.928827 197.058459 112.595396
159 16.117504 112.080492 196.555864 112.291471
160 19.155613 111.863004 196.543748 112.173119
161 37.251762 110.589982 196.552954 108.602235
162 41.183332 110.726645 196.755708 108.749006
163 60.701789 110.803301 195.105076 107.403814
164 66.337589 110.670641 194.752651 107.256310
165 76.491598 110.418267 193.477055 107.226313
166 76.503108 110.555055 193.488061 107.490235
167 76.509114 110.559881 193.488061 107.490235
168 76.515121 110.564707 193.488061 107.490235
169 76.521128 110.569533 193.488061 107.490235
170 76.527134 110.574359 193.488061 107.490235
171 76.533141 110.579185 193.488061 107.490235
172 76.539148 110.584011 193.488061 107.490235
173 76.545154 110.588838 193.488061 107.490235
174 76.551161 110.593664 193.488061 107.490235
175 76.044803 110.518939 193.384923 107.465584
176 75.761744 110.470868 193.368573 107.470951
177 75.715139 110.458973 193.445719 107.485924
178 75.302521 110.376542 193.357308 107.467891
179 72.925961 109.872256 193.028677 107.423930
180 72.371227 109.743906 193.266774 107.440236
181 70.949640 109.475942 193.194501 107.382128
182 69.153589 109.180528 193.183364 107.393482
183 67.841266 109.013877 193.238900 107.409008
184 67.334797 108.929480 193.279295 107.446239
185 66.493341 108.779334 193.256329 107.402478
186 65.630926 108.612142 193.165575 107.372378
187 65.427166 108.588160 193.252556 107.474590
188 64.960677 108.459895 193.143098 107.471218
189 64.122058 108.251997 193.045266 107.444255
190 62.196951 107.948561 192.898680 107.351546
191 61.477139 107.860119 192.515188 107.450473
192 60.507553 107.639681 192.396010 107.427616
193 59.938626 107.562486 192.149679 107.457300
194 59.880041 107.528290 192.323935 107.487206
195 59.765554 107.484345 192.324211 107.488994
196 59.486752 107.387292 192.206259 107.481808
197 59.352990 107.311389 192.231814 107.479814
198 58.858928 107.108215 191.961379 107.469628
199 58.734932 107.046500 191.752817 107.484314
200 58.367498 106.831316 191.497971 107.466317
201 57.862805 106.616103 191.057390 107.454307
202 58.084147 106.638894 191.488184 107.490235
203 58.090091 106.643720 191.488184 107.490235
204 58.096036 106.648546 191.488184 107.490235
205 58.182218 106.515975 191.402705 107.473288
206 58.264835 106.520206 191.472167 107.474247
207 58.306100 106.526721 191.475500 107.476897
208 58.962253 106.124241 191.098226 107.461632
209 59.957154 105.289854 190.934399 107.484284
210 61.397405 104.838822 190.329700 107.428943
211 65.236596 103.319025 188.873119 107.128626
212 65.338626 103.494649 188.971035 107.491393
213 66.106450 103.406003 188.692206 107.476487
214 66.446702 103.384148 188.913843 107.489118
215 66.663914 103.358397 188.934085 107.489630
216 66.914923 103.328495 188.922630 107.488359
217 67.021163 103.321726 188.966943 107.490004
218 67.120847 103.316959 188.966736 107.487826
219 68.016640 103.245818 188.697279 107.448432
220 69.644932 103.147686 188.505472 107.433095
221 71.420885 103.050374 188.527111 107.433475
222 72.033094 103.031177 188.878470 107.479793
223 72.892802 102.961853 188.738745 107.464625
224 74.015080 102.857787 188.679417 107.446679
225 74.701334 102.806086 188.840240 107.447095
226 75.107961 102.777076 188.905804 107.461647
227 75.575993 102.702954 188.878777 107.446264
228 75.636640 102.729765 188.988338 107.490235
229 75.642507 102.734591 188.988338 107.490235
230 75.648374 102.739418 188.988338 107.490235
231 75.654241 102.744244 188.988338 107.490235
232 75.660108 102.749070 188.988338 107.490235
233 75.665975 102.753896 188.988338 107.490235
234 75.671842 102.758722 188.988338 107.490235
235 75.677709 102.763548 188.988338 107.490235
236 75.683576 102.768374 188.988338 107.490235
237 75.689443 102.773201 188.988338 107.490235
238 75.695310 102.778027 188.988338 107.490235
239 75.701177 102.782853 188.988338 107.490235
240 75.707044 102.787679 188.988338 107.490235
241 75.712911 102.792505 188.988338 107.490235
242 75.718778 102.797331 188.988338 107.490235
243 75.719075 102.798882 188.988536 107.487564
244 75.711902 102.797426 188.988771 107.484033
245 75.487038 102.072530 188.715106 107.330693
246 75.365418 101.668276 188.797667 107.344221
247 75.463980 101.744556 188.988437 107.488969
248 75.440309 101.730700 188.983796 107.475247
249 75.431495 101.732897 188.975496 107.482428
250 75.440521 101.739919 188.978587 107.488959
251 75.423046 101.722932 188.914952 107.481726
252 75.239562 101.629785 188.651209 107.474370
253 74.202318 101.239199 187.995930 107.431399
254 73.702913 101.024048 187.360111 107.450370
255 73.151747 100.738976 186.753488 107.450257
256 72.928432 100.579470 186.451747 107.449063
257 72.794414 100.538526 186.233361 107.480080
258 72.634246 100.460770 186.121104 107.467245
259 71.713837 100.218443 185.829138 107.415949
260 70.622950 100.001047 185.309996 107.409941
261 70.101574 99.871254 184.959267 107.460853
262 69.328650 99.624491 184.321548 107.454348
263 67.962508 99.369775 183.711018 107.385803
264 66.395984 99.065891 183.161382 107.336265
265 63.869097 98.585866 182.436477 107.171444
266 61.978360 98.184890 181.555115 107.190779
267 60.450206 98.068340 181.192385 107.288752
268 59.537620 97.953623 180.851883 107.326295
269 57.729061 97.694025 180.215439 107.227445
270 56.481765 97.516955 179.918422 107.219111
271 54.169128 97.462560 179.550058 107.153636
272 53.424194 97.377448 179.429415 107.378396
273 53.039494 97.326108 179.166490 107.424766
274 51.756043 97.060789 178.893972 107.314593
275 50.209406 96.846128 178.389788 107.272467
276 48.843092 96.554597 177.913648 107.280069
277 48.886302 96.664506 177.989017 107.490235
278 48.891828 96.669332 177.989017 107.490235
279 48.897353 96.674158 177.989017 107.490235
280 48.902879 96.678984 177.989017 107.490235
281 48.905450 96.682170 177.980190 107.489005
282 48.910280 96.684777 177.973739 107.488108
283 48.921628 96.689657 177.983585 107.489481
284 48.929869 96.694860 177.989017 107.490235
285 48.935395 96.699686 177.989017 107.490235
286 48.940920 96.704512 177.989017 107.490235
287 48.946208 96.709205 177.988304 107.490132
288 48.952090 96.714082 177.989017 107.490235
289 48.957616 96.718908 177.989017 107.490235
290 48.963141 96.723734 177.989017 107.490235
291 48.968667 96.728560 177.989017 107.490235
292 48.974192 96.733387 177.989017 107.490235
293 48.979718 96.738213 177.989017 107.490235
294 48.985243 96.743039 177.989017 107.490235
295 48.990769 96.747865 177.989017 107.490235
296 48.996294 96.752691 177.989017 107.490235
297 49.001820 96.757517 177.989017 107.490235
298 49.007345 96.762343 177.989017 107.490235
299 49.012871 96.767169 177.989017 107.490235
300 49.018396 96.771996 177.989017 107.490235
301 49.023922 96.776822 177.989017 107.490235
302 48.914889 96.697084 177.972763 107.452133
303 44.847137 93.874094 177.867431 107.438360
304 35.720154 90.802392 178.763265 107.547508
305 35.838556 91.028582 178.988955 107.990190
306 35.844112 91.033431 178.988955 107.990190
307 35.849669 91.038279 178.988955 107.990190
308 35.855225 91.043128 178.988955 107.990190
309 35.875394 91.072773 178.975896 107.954084
310 35.887481 91.095674 178.988955 107.990190
311 35.893037 91.100523 178.988955 107.990190
312 35.906694 91.119111 178.981709 107.970188
313 35.924836 91.149173 178.980949 107.968045
314 35.934395 91.165094 178.988955 107.990190
315 35.939952 91.169943 178.988955 107.990190
316 35.945508 91.174791 178.988955 107.990190
317 35.951065 91.179640 178.988955 107.990190
318 36.169656 91.654128 178.553540 107.176551
319 36.458464 91.888949 178.837324 107.372967
320 35.516622 91.910832 178.065811 107.242357
321 21.776531 90.463004 175.077057 105.833881
322 19.947496 89.980609 174.810704 105.981875
323 19.369073 89.750894 174.565068 106.029331
324 13.781708 88.217222 173.325204 106.835255
325 10.300742 87.383359 172.510915 107.158677
326 9.854853 87.265314 172.332485 107.620358
327 7.530127 85.748730 169.539985 108.341831
328 7.972761 85.642861 167.998296 108.423062
329 7.957808 85.647732 167.854274 108.486817
330 8.386217 85.677563 165.910775 108.321529
331 8.418212 85.785688 165.936169 108.469822
332 8.445885 85.824617 165.910032 108.462439
333 8.493695 85.879024 165.859001 108.447435
334 8.564226 85.905249 165.989757 108.490144
335 8.563094 85.919536 165.963130 108.480045
336 8.574872 85.960468 165.929117 108.452449
337 8.601203 86.014447 165.925539 108.454192
338 8.629988 86.049996 165.953829 108.476522
339 8.729727 86.199898 165.760746 108.302960
340 8.925453 86.569498 165.789068 108.099133
341 9.472612 87.877255 165.329644 106.947978
342 12.669809 92.032065 162.820791 102.856721
343 22.146149 94.371784 158.814802 100.534215
344 22.285254 94.602042 158.969415 100.980355
345 35.152987 95.441382 154.631706 99.314679
346 35.337163 95.533990 154.990436 99.490962
347 35.341975 95.538457 154.990436 99.490962
348 35.346786 95.542924 154.990436 99.490962
349 38.146591 95.556060 154.693489 99.303557
350 40.908862 95.663134 154.742410 99.311462
351 46.386624 95.224811 154.479187 99.207367
352 46.397060 95.371075 154.490467 99.490962
353 47.722172 95.288907 154.362625 99.442197
354 50.891656 95.105258 154.043400 99.356359
355 51.898898 95.081775 154.309000 99.457598
356 53.109672 94.884097 154.234231 99.473322
357 54.504864 94.662026 154.187759 99.483408
358 54.661014 94.670270 154.490467 99.490962
359 54.696855 94.666705 154.481052 99.492570
360 54.946335 94.612560 154.410710 99.499711
361 55.018474 94.605123 154.481965 99.492542
362 55.027521 94.608800 154.490467 99.490962
363 55.060659 94.605078 154.481516 99.492746
364 55.069930 94.608653 154.490467 99.490962
365 55.074726 94.613120 154.490467 99.490962
366 55.092208 94.607462 154.482275 99.497604
367 55.112011 94.600049 154.480381 99.496911
368 55.160211 94.572898 154.454596 99.510637
369 55.577518 94.253147 154.147844 100.287561
370 57.058618 91.696564 153.184679 101.611324
371 57.216308 91.890848 153.490529 101.990735
372 57.306600 91.699827 153.333534 102.086482
373 57.829879 89.940048 152.448356 103.231387
374 58.006968 89.033809 151.892546 103.850774
375 58.044489 87.306942 150.921422 104.654012
376 57.789058 85.929964 149.551398 105.857383
377 57.373985 82.316986 147.386835 107.918587
378 57.430595 82.357635 147.490899 107.990190
379 57.727614 79.962663 146.461547 110.469071
380 58.031967 76.904569 145.170516 113.940685
381 58.606473 73.840126 143.935909 117.431695
382 58.929203 72.927679 143.477216 118.425779
383 58.941273 72.964004 143.490017 118.490547
384 58.946292 72.968669 143.491146 118.489236
385 58.950746 72.973988 143.491146 118.489236
386 58.955201 72.979308 143.491146 118.489236
387 58.959655 72.984628 143.491146 118.489236
388 58.964110 72.989948 143.491146 118.489236
389 59.133342 72.822040 143.227712 118.748013
390 59.426524 72.759384 143.275261 119.193167
391 59.790886 72.458398 143.155782 119.905262
392 59.973806 72.487771 143.473259 120.004778
393 59.994040 72.725671 143.485418 120.496196
394 60.001358 72.727510 143.491146 120.489054
395 60.005812 72.732920 143.491146 120.489054
396 61.262622 71.822895 142.921587 121.109449
397 63.332118 70.615877 141.873962 122.364998
398 63.403669 70.676561 141.985781 122.492739
399 63.495783 70.649537 141.949921 122.508610
400 63.536091 70.888012 141.986031 122.990563
401 63.580310 70.878812 141.978854 122.992663
402 63.612699 70.874023 141.984372 122.990639
403 63.628022 70.875742 141.988875 122.989460
404 65.042350 70.774103 141.656977 123.056586
405 65.213889 70.995745 141.991238 123.488782
406 65.267983 70.989146 141.986038 123.491137
407 67.697571 70.700232 142.092689 123.635640
408 67.901253 70.882347 142.491207 123.988736
409 68.056477 70.885584 142.575281 123.978105
410 69.430980 70.842329 143.374126 123.965818
411 69.495518 70.854642 143.514671 123.988955
412 69.738211 70.860100 143.991115 123.988736
413 69.742681 70.865667 143.991115 123.988736
414 69.747013 70.869596 143.996814 123.989227
415 69.745702 70.850746 144.183588 124.008887
416 69.902874 71.083485 144.535416 124.492514
417 70.134302 71.076447 145.028424 124.491902
418 70.368959 71.066587 145.539484 124.492834
419 70.599210 71.069712 145.992363 124.488809
420 70.685999 71.028729 146.468879 124.569482
421 76.368869 70.849709 149.978952 125.514084
422 93.699411 69.638815 156.273494 126.961893
423 96.067757 69.413256 159.939362 127.210361
424 98.050408 69.586510 163.197220 127.507934
425 98.350535 69.813445 165.367414 128.011469
426 98.839340 70.008477 167.533893 128.455411
427 101.472416 69.908966 170.290498 128.436416
428 103.083898 69.828327 171.235381 128.462053
429 104.668421 69.704018 172.286103 128.451998
430 106.128446 69.461038 173.982529 128.502647
431 107.174128 69.279518 176.087392 128.987999
432 107.821591 69.035773 178.525184 129.125208
433 112.368959 68.574031 182.001195 129.687517
434 112.570934 68.688535 182.921782 130.058338
435 112.599423 68.900716 183.075926 130.508077
436 112.805878 69.142080 183.534650 130.998613
437 113.027621 69.133885 184.078438 131.008589
438 113.238437 69.379521 184.488616 131.488055
439 112.955259 69.335531 184.935299 131.566642
440 112.490580 69.488827 185.515484 132.059468
441 111.615731 69.615990 186.543858 132.513180
442 105.616788 69.135900 188.321371 133.416462
443 105.471389 69.083920 188.981193 133.637278
444 105.348403 69.225601 189.242194 134.061059
445 105.460101 69.436741 189.542072 134.504714
446 105.602443 69.630581 190.260934 135.076037
447 105.681399 69.819715 190.611267 135.529489
448 105.911267 70.001042 191.243464 136.057392
449 106.039571 70.222274 191.488184 136.487601
450 106.068271 70.208173 191.742166 136.475351
451 106.197225 70.220426 191.988153 136.487601
452 106.203185 70.226554 191.988153 136.487601
453 106.209145 70.232682 191.988153 136.487601
454 106.054092 70.546742 192.192014 135.690087
455 104.231170 71.667002 193.061037 133.025000
456 103.337512 73.012593 194.642296 128.975003
457 102.650978 73.631317 195.779116 126.984572
458 92.988523 73.967154 200.528253 120.354699
459 68.975519 74.585215 208.587464 115.678695
460 68.982778 74.915757 209.331914 115.500987
461 68.150093 75.351220 211.269952 112.637333
462 67.563496 76.311189 212.436906 110.074929
463 66.778026 77.489910 213.354285 107.603803
464 66.018721 79.385046 214.685587 103.804177
465 66.139235 80.491273 215.224037 101.379926
466 66.477986 81.816043 215.196020 97.351560
467 67.344949 82.082739 214.745157 95.584024
468 68.752660 81.472781 214.169998 93.325740
469 72.261143 81.877748 213.192064 92.702891
470 80.411130 82.517055 211.598644 91.902365
471 82.260254 82.666232 211.228465 91.845980
472 86.101743 82.803057 210.402912 91.893657
473 91.188079 82.931842 208.927427 91.782568
474 92.741983 82.979861 208.415929 91.955210
475 93.216160 82.988029 208.289288 91.978737
476 93.432280 82.997090 208.447953 91.990524
477 93.917527 82.976467 208.296327 91.995372
478 96.510474 82.995816 207.806412 91.925015
479 96.837688 83.017507 207.884492 91.996140
480 97.010067 83.008615 207.934153 91.992687
481 97.059345 83.010051 207.978844 91.991507
482 97.069963 83.014249 207.987166 91.991643
483 97.092447 83.016300 207.978993 91.991503
484 97.111431 83.019593 207.985172 91.991437
485 97.128416 83.023036 207.985589 91.991345
486 97.140660 83.026899 207.986353 91.991489
487 97.167855 83.030378 207.980997 91.990941
488 98.652056 83.065392 207.421094 91.936368
489 100.253870 83.138480 206.892664 91.952858
490 100.526427 83.177594 206.830997 91.973973
491 100.628627 83.190476 206.969786 91.991665
492 100.663277 83.195512 206.962630 91.990033
493 100.692869 83.205887 206.947854 91.984326
494 100.774306 83.221735 206.888808 91.978846
495 100.907020 83.241577 206.859987 91.975986
496 101.110545 83.261533 206.813773 91.975240
497 101.342824 83.279414 206.814562 91.975346
498 101.599620 83.301142 206.786392 91.971437
499 101.706464 83.315375 206.987228 91.991643
500 101.712890 83.319505 206.987228 91.991643
501 101.719315 83.323636 206.987228 91.991643
502 101.769823 83.330227 206.929426 91.986646
503 101.847652 83.338102 206.937500 91.988958
504 101.962555 83.347615 206.880912 91.983347
505 102.212728 83.361837 206.776600 91.972284
506 102.471104 83.382907 206.806202 91.975819
507 102.568043 83.394949 206.987228 91.991643
508 102.574468 83.399079 206.987228 91.991643
509 102.591534 83.403157 206.976706 91.991660
510 102.621620 83.407191 206.969046 91.991669
511 102.638202 83.411304 206.986181 91.991647
512 102.669985 83.415826 206.959945 91.990704
513 102.817431 83.418948 206.857124 91.981338
514 102.911177 83.428121 206.965236 91.991682
515 103.233499 83.452354 206.500591 91.950472
516 103.543315 83.479623 206.912725 91.986344
517 104.134935 83.516589 206.140543 91.915736
518 104.908930 83.594812 205.618111 91.907704
519 105.485991 83.681184 205.302991 91.921347
520 106.180168 83.787318 204.390782 91.891823
521 106.760207 83.901533 203.575487 91.905761
522 107.601043 84.026578 202.857303 91.852447
523 107.880226 84.130523 202.555630 91.942501
524 108.482063 84.217092 202.149175 91.907779
525 108.835116 84.299601 202.055952 91.935789
526 109.211191 84.368153 202.081260 91.939092
527 109.449674 84.423590 202.335627 91.960601
528 109.540927 84.460104 202.392693 91.970445
529 109.604681 84.491460 202.392800 91.970595
530 109.676289 84.522925 202.383675 91.969401
531 109.740526 84.543585 202.453835 91.984453
532 109.767451 84.553815 202.470878 91.988190
533 109.785527 84.560268 202.480881 91.990502
534 109.795125 84.564969 202.487505 91.991643
535 109.801411 84.569099 202.487505 91.991643
536 109.807697 84.573229 202.487505 91.991643
537 109.813983 84.577360 202.487505 91.991643
538 109.820269 84.581490 202.487505 91.991643
539 109.826555 84.585620 202.487505 91.991643
540 109.835294 84.589220 202.486192 91.991647
541 109.864706 84.588535 202.475561 91.991130
542 109.894393 84.589500 202.477395 91.991660
543 109.905734 84.593622 202.487505 91.991643
544 109.912281 84.597695 202.487360 91.991647
545 109.918639 84.601823 202.487505 91.991643
546 109.924925 84.605953 202.487505 91.991643
547 109.932776 84.609746 202.486675 91.991639
548 109.939477 84.613878 202.487505 91.991643
549 109.969207 84.612929 202.474933 91.991669
550 110.045654 84.607526 202.444024 91.991722
551 110.248192 84.572016 202.278290 92.036832
552 110.409615 84.802700 202.429927 92.500221
553 110.681995 85.053712 202.209279 93.026470
554 110.909490 85.288096 202.391158 93.505689
555 111.060509 85.532338 202.365995 94.002313
556 111.284845 85.788766 202.200820 94.498184
557 111.524023 85.806819 202.238980 94.514163
558 111.724558 86.054870 202.321461 95.006038
559 111.890631 86.322434 202.210746 95.499863
560 112.142294 86.417376 201.789718 95.545046
561 112.358320 86.670291 201.639990 96.049150
562 112.658601 86.927839 201.257335 96.570297
563 112.799765 87.181437 200.764199 97.078062
564 112.907563 87.683337 199.989073 97.601328
565 113.060198 88.762034 198.667316 98.023519
566 113.134012 89.114976 198.457102 98.525696
567 113.116246 89.395044 197.924543 99.081597
568 113.089027 89.692114 197.462663 99.535935
569 113.126145 89.930750 196.900244 100.084014
570 113.187126 89.845795 196.143784 100.814561
571 113.357317 89.618536 195.946045 101.246948
572 113.370527 89.481167 195.559121 101.684550
573 113.584135 89.353838 195.756415 102.168441
574 113.711031 89.501768 195.988112 102.500870
575 113.717012 89.751279 195.987906 102.990644
576 113.723096 89.755903 195.987906 102.990644
577 113.729181 89.760527 195.987906 102.990644
578 113.735265 89.765151 195.987906 102.990644
579 113.741228 89.769505 195.987336 102.990531
580 113.789168 89.618022 195.924877 103.050514
581 113.891955 89.550533 195.861296 103.589698
582 114.086039 88.889055 195.753471 104.337036
583 114.234314 88.679698 195.864857 104.627718
584 114.385766 88.098628 195.599851 105.325531
585 114.663403 87.587881 195.714526 105.779260
586 114.892095 87.106994 195.732601 106.283814
587 115.089441 86.557593 195.669787 106.845574
588 115.292838 86.441031 195.874418 107.059496
589 115.424743 86.009809 195.598897 107.778137
590 115.736212 84.623620 195.285797 108.585310
591 115.882896 82.133356 194.233770 110.527979
592 115.376758 69.149515 191.706192 118.012453
593 114.316219 55.930656 190.158426 125.623066
594 113.636413 43.471196 189.778796 131.713070
595 113.747051 43.614592 189.988276 131.988009
596 113.751608 43.618208 189.985522 131.990244
597 113.755604 43.617868 189.981790 131.993448
598 113.727482 43.591183 189.928273 132.021778
599 113.675908 43.783660 189.859889 132.543386
600 113.079254 43.796392 189.352570 133.205999
601 112.737862 43.793269 189.093187 133.575899
602 112.591265 43.844588 189.194111 134.030268
603 112.649990 44.054859 189.386263 134.496915
604 112.679778 44.052682 189.457937 134.488032
605 112.359598 44.013155 189.202831 134.552064
606 112.487030 44.233029 189.466305 134.987486
607 112.278229 44.214657 189.334568 134.986520
608 110.194630 44.075985 188.833021 135.042827
609 110.096730 44.277609 188.918575 135.490534
610 110.137452 44.282264 188.988329 135.487698
611 106.420951 44.085522 188.693314 135.498721
612 96.796222 43.459347 187.486010 135.492602
613 95.976480 43.322606 186.386016 135.786345
614 92.356531 43.211396 182.375901 136.412432
615 88.837054 43.249361 178.986351 137.216140
616 88.787127 43.385488 178.908151 137.500597
617 88.619564 43.652937 178.653754 138.156303
618 87.414240 44.175614 177.544222 139.232313
619 87.580661 44.302852 177.900558 139.502747
620 87.621614 44.549222 177.974121 139.987516
621 87.579732 44.583962 177.680447 140.042277
622 87.590804 44.830088 177.700452 140.487278
623 87.330342 45.109343 175.756556 140.464486
624 85.974224 45.592371 171.650471 140.595978
625 86.230545 45.862026 169.364547 140.881998
626 86.538844 46.056330 166.421895 141.096427
627 86.990901 46.450534 163.570860 141.576649
628 87.337154 46.709709 161.459138 141.932188
629 87.476918 46.741387 160.764716 141.920446
630 87.636953 46.816895 158.799473 141.957620
631 87.928708 46.854031 157.877535 141.910371
632 88.292763 46.950414 156.360385 141.888291
633 88.416957 46.958878 155.865613 141.982172
634 88.630224 47.057685 154.082366 141.958696
635 88.786395 47.020288 153.798708 142.042556
636 88.903667 47.351926 152.053939 142.676451
637 89.127562 47.510687 152.483180 142.987317
638 89.136779 47.514219 152.483689 142.987290
639 89.145145 47.519851 152.488954 142.987072
640 89.150697 47.526241 152.490590 142.987010
641 89.155431 47.532660 152.490590 142.987010
642 89.160165 47.539080 152.490590 142.987010
643 89.164899 47.545500 152.490590 142.987010
644 89.171167 47.547931 152.479530 142.987467
645 89.182842 47.550672 152.480817 142.987419
646 89.193008 47.554978 152.485769 142.987201
647 89.201178 47.557689 152.481493 142.987378
648 89.217805 47.557794 152.461111 142.988354
649 89.239024 47.557406 152.475116 142.987638
650 89.251495 47.563512 152.490590 142.987010
651 89.256229 47.569932 152.490590 142.987010
652 89.260963 47.576352 152.490590 142.987010
653 89.265697 47.582772 152.490590 142.987010
654 89.270431 47.589192 152.490590 142.987010
655 89.275165 47.595611 152.490590 142.987010
656 89.279898 47.602031 152.490590 142.987010
657 89.284632 47.608451 152.490590 142.987010
658 89.289366 47.614871 152.490590 142.987010
659 89.294100 47.621291 152.490590 142.987010
660 89.298834 47.627711 152.490590 142.987010
661 89.303568 47.634131 152.490590 142.987010
662 89.308302 47.640550 152.490590 142.987010
663 89.313036 47.646970 152.490590 142.987010
664 89.317770 47.653390 152.490590 142.987010
665 89.322504 47.659810 152.490590 142.987010
666 89.327238 47.666230 152.490590 142.987010
667 89.331972 47.672650 152.490590 142.987010
668 89.336705 47.679070 152.490590 142.987010
669 89.341439 47.685490 152.490590 142.987010
670 89.346173 47.691909 152.490590 142.987010
671 89.350907 47.698329 152.490590 142.987010
672 89.355641 47.704749 152.490590 142.987010
673 90.073372 47.696086 152.213551 142.967536
674 96.384967 47.637400 150.343725 142.704781
675 98.992599 47.952588 149.245494 142.841232
676 100.014691 48.106371 148.910626 142.916231
677 100.148281 48.150349 148.947118 142.986915
678 101.457734 48.148075 147.729251 142.932201
679 101.593137 48.181900 147.990868 142.987010
680 101.597731 48.188319 147.990868 142.987010
681 101.602326 48.194739 147.990868 142.987010
682 101.606920 48.201159 147.990868 142.987010
683 104.128736 48.163407 146.393367 142.899635
684 104.708625 48.243783 146.066071 142.940418
685 105.832021 48.334187 145.689202 142.883379
686 107.016781 48.464899 145.001521 142.850410
687 107.338474 48.558146 145.346025 142.952160
688 107.415489 48.581991 145.491022 142.987010
689 107.835043 48.653660 144.694327 142.905615
690 109.362002 48.578074 142.326392 143.335361
691 111.381936 48.349930 139.067813 144.349360
692 113.290513 47.679362 136.146329 145.857995
693 115.019795 47.151453 133.195755 147.218987
694 116.512869 46.820633 130.657617 148.336919
695 117.067537 46.840710 130.238106 148.564409
696 117.198508 47.058428 130.491948 148.986465
697 117.246685 47.077209 130.402670 148.963090
698 117.326780 47.105568 130.429951 148.967005
699 117.361830 47.121988 130.491948 148.986465
700 117.365881 47.128677 130.491948 148.986465
701 119.417370 47.964143 129.553735 148.385897
702 121.573023 48.513035 129.275295 148.143293
703 122.060170 48.747095 129.273481 148.431703
704 122.183155 48.783899 129.489323 148.483891
705 122.188518 48.791876 129.492009 148.486511
706 122.192538 48.798543 129.492009 148.486511
707 123.754076 48.955299 129.949654 148.235885
708 123.921365 49.068493 129.990330 148.483246
709 126.419378 48.932410 129.907550 148.308465
710 126.471226 49.026902 129.991055 148.486065
711 126.475723 49.033792 129.991979 148.486511
712 126.479758 49.040459 129.991979 148.486511
713 126.483794 49.047126 129.991979 148.486511
714 126.485685 49.068167 129.992425 148.481129
715 126.481804 49.166618 129.990460 148.461939
716 126.486599 49.185571 129.991979 148.486511
717 126.490634 49.192237 129.991979 148.486511
718 126.658314 49.213831 129.795146 148.667417
719 126.900867 49.395760 129.793546 149.207398
720 127.148082 49.569992 129.785035 149.689367
721 127.306469 49.734292 129.907537 150.077534
722 127.352725 49.945446 129.991979 150.486329
723 127.366431 49.955281 129.982246 150.489078
724 127.375333 49.960663 129.991979 150.486329
725 127.379368 49.967420 129.991979 150.486329
726 127.383404 49.974176 129.991979 150.486329
727 136.903735 53.960081 128.931877 150.266193
728 136.937821 54.076906 128.992040 150.486329
729 137.570688 54.092848 128.740739 150.487549
730 140.022574 54.144170 128.353244 150.435929
731 140.661672 54.142692 128.337974 150.476103
732 140.742710 54.154562 128.492071 150.486329
733 141.017699 54.129448 128.433910 150.482748
734 143.835144 53.910403 127.818387 150.522354
735 145.954680 54.089896 127.496478 150.937401
736 146.025293 54.128870 127.461412 150.993577
737 146.048715 54.133277 127.488139 150.987702
738 146.054670 54.139347 127.492133 150.986284
739 146.058628 54.146126 127.492133 150.986284
740 146.062586 54.152905 127.492133 150.986284
741 146.066544 54.159684 127.492133 150.986284
742 146.089665 54.177436 127.424794 150.980149
743 146.127292 54.187282 127.492133 150.986284
744 146.134448 54.194400 127.427907 150.985715
745 146.200692 54.116126 127.124051 151.279117
746 146.394600 54.019388 125.715774 152.205959
747 146.786778 53.919786 124.545758 153.147791
748 147.170576 53.877581 123.418903 154.032183
749 147.293670 54.003628 122.990330 154.645891
750 147.299813 54.197666 121.504828 154.909047
751 146.921875 54.480016 121.641647 154.782151
752 147.087864 54.623590 121.937632 154.946726
753 147.100659 54.702681 121.934665 154.936874
754 147.133350 54.734162 121.992472 154.985920
755 147.137137 54.741121 121.992472 154.985920
756 147.140924 54.748080 121.992472 154.985920
757 147.144711 54.755038 121.992472 154.985920
758 147.148498 54.761997 121.992472 154.985920
759 147.152286 54.768955 121.992472 154.985920
760 147.156073 54.775914 121.992472 154.985920
761 147.159860 54.782873 121.992472 154.985920
762 147.163647 54.789831 121.992472 154.985920
763 147.181611 55.027174 121.623794 154.888795
764 145.621058 56.110137 121.244516 154.398389
765 144.714763 56.704069 120.957525 154.212380
766 143.517359 57.575627 120.613572 154.160825
767 140.643685 59.120622 120.597481 153.702456
768 140.228039 59.584091 120.674870 153.774789
769 140.389820 59.698965 120.989118 153.983485
770 140.479297 59.766828 120.683340 153.919525
771 140.769753 59.748591 119.961172 154.146976
772 140.957075 59.506031 119.443771 155.146437
773 141.213938 59.156569 118.967400 156.161506
774 141.529873 58.500821 118.268807 157.286682
775 141.718152 58.419027 118.178254 157.835713
776 141.875776 58.502934 118.490162 157.985806
777 141.577103 57.986009 117.790645 158.416451
778 141.516632 57.712092 117.550186 158.767382
779 141.862079 57.532357 116.830591 159.107456
780 141.448083 57.479966 116.070791 159.674783
781 138.389875 56.829212 113.763959 159.913750
782 137.758812 56.472214 112.932533 160.187828
783 137.087761 56.325193 112.060212 160.539253
784 131.728767 55.849037 110.091612 160.315612
785 131.929510 55.941668 110.472069 160.476252
786 130.131723 55.896081 109.432111 160.273158
787 126.059689 56.066810 108.022656 159.983942
788 124.975440 55.813723 107.357309 159.985680
789 123.837465 55.712706 106.842421 160.062874
790 123.288658 55.773765 106.555939 160.539537
791 122.015853 55.918267 106.455850 160.813224
792 121.753106 55.922984 106.234973 160.962198
793 119.894834 55.696879 105.880136 160.832824
794 119.946133 55.772460 105.973959 160.981613
795 119.848035 55.758576 105.875882 160.966344
796 119.662061 55.712245 105.782021 160.953316
797 118.257494 55.411392 105.481952 160.956064
798 118.262423 55.441574 105.477604 160.973299
799 118.173748 55.488020 105.374108 160.932618
800 117.335743 55.445509 105.137961 160.855533
801 117.450464 55.521527 105.397692 160.954759
802 117.183159 55.577681 105.291168 160.890786
803 116.608147 55.718548 105.128166 160.809762
804 115.502691 55.895451 105.040542 160.740676
805 115.730055 56.033366 105.483389 160.976439
806 115.735926 56.053652 105.483077 160.976155
807 115.740569 56.078917 105.477216 160.970981
808 115.198531 56.165400 105.185123 160.819673
809 115.347750 56.272007 105.462532 160.961922
810 115.358651 56.308190 105.462809 160.961561
811 115.370245 56.343523 105.465852 160.963634
812 115.381981 56.375494 105.472025 160.967956
813 113.301757 65.861761 105.767670 156.852474
814 113.417942 65.935441 105.993460 156.985739
815 113.421233 65.942490 105.993460 156.985739
816 113.424523 65.949538 105.993460 156.985739
817 113.427813 65.956587 105.993460 156.985739
818 113.431104 65.963635 105.993460 156.985739
819 113.434394 65.970683 105.993460 156.985739
820 113.437685 65.977732 105.993460 156.985739
821 113.440975 65.984780 105.993460 156.985739
822 113.444266 65.991829 105.993460 156.985739
823 113.447556 65.998877 105.993460 156.985739
824 113.451554 66.048171 105.998524 156.936186
825 113.452312 66.079995 105.993460 156.985739
826 113.455603 66.087044 105.993460 156.985739
827 113.458893 66.094092 105.993460 156.985739
828 113.462184 66.101140 105.993460 156.985739
829 113.465712 66.109334 105.994395 156.985252
830 113.475101 66.142701 106.038834 156.972330
831 113.708467 66.183689 106.526316 156.973326
832 113.945329 66.196943 106.993398 156.985739
833 113.943487 66.207360 107.008653 156.985439
834 114.129417 66.232563 107.626771 156.964290
835 114.292729 66.258137 108.046519 156.978267
836 114.519490 66.268921 108.493305 156.985739
837 114.522858 66.275969 108.493305 156.985739
838 114.526226 66.283017 108.493305 156.985739
839 114.529703 66.291750 108.496073 156.985102
840 114.531687 66.299117 108.493305 156.985739
841 114.531635 66.323369 108.500398 156.972024
842 114.781457 66.337275 108.993274 156.985739
843 114.821535 67.101140 109.123265 156.227334
844 115.162931 68.336975 109.922179 155.372961
845 115.479014 69.280092 110.537314 154.451078
846 118.918204 71.484960 111.824278 151.838063
847 119.006087 71.565849 111.993089 151.986193
848 119.009563 71.572673 111.993089 151.986193
849 119.013040 71.579497 111.993089 151.986193
850 118.972601 71.599911 112.003551 151.967950
851 118.952347 71.643166 112.538645 151.919004
852 116.343072 72.030310 112.816567 151.446991
853 116.434810 72.056736 112.993028 151.486238
854 116.438318 72.063537 112.993028 151.486238
855 116.441825 72.070339 112.993028 151.486238
856 116.445333 72.077140 112.993028 151.486238
857 116.448841 72.083942 112.993028 151.486238
858 116.452349 72.090743 112.993028 151.486238
859 116.455856 72.097545 112.993028 151.486238
860 116.459364 72.104346 112.993028 151.486238
861 116.493741 72.110598 113.019295 151.479650
862 116.850329 72.154257 113.528278 151.446563
863 117.086212 72.180896 113.992966 151.486238
864 117.089751 72.187698 113.992966 151.486238
865 117.093289 72.194499 113.992966 151.486238
866 116.709854 72.133921 113.912829 151.458375
867 116.455604 72.153752 113.865667 151.442034
868 113.610301 72.277507 113.469919 151.322425
869 111.509664 72.118531 113.167329 151.467889
870 111.484081 72.055251 113.380008 151.526079
871 111.385199 72.199373 113.391877 152.017591
872 111.205204 72.123238 113.329329 152.624085
873 111.118818 71.972978 113.381567 153.180165
874 111.168234 72.078710 113.500406 153.528802
875 111.386785 72.162501 114.004218 154.078757
876 111.619809 72.293697 114.501054 154.539377
877 111.827041 72.428258 115.010556 155.041515
878 111.986486 72.569161 115.518197 155.513317
879 112.054501 72.675318 115.975187 156.008569
880 111.771248 72.745277 116.118071 156.519522
881 111.763665 72.683929 116.539247 157.100160
882 110.919918 71.898437 116.957243 157.640966
883 110.688568 71.637138 117.065553 158.146612
884 110.014011 70.720866 117.561273 158.776278
885 109.964965 70.263727 118.073558 159.218801
886 110.034635 69.903486 118.553380 159.711845
887 110.107216 69.782343 118.927726 160.051643
888 109.395745 68.792917 118.892425 160.808732
889 109.223630 68.204600 118.970204 161.228132
890 108.676159 67.748749 118.767958 161.489496
891 108.389164 67.346438 118.775465 161.463544
892 108.501454 67.364581 118.992657 161.485330
893 108.505148 67.371832 118.992657 161.485330
894 108.508842 67.379082 118.992657 161.485330
895 108.512536 67.386333 118.992657 161.485330
896 108.516230 67.393583 118.992657 161.485330
897 108.519924 67.400833 118.992657 161.485330
898 108.523618 67.408084 118.992657 161.485330
899 108.527312 67.415334 118.992657 161.485330
900 108.531006 67.422585 118.992657 161.485330
901 108.534700 67.429835 118.992657 161.485330
902 108.538394 67.437086 118.992657 161.485330
903 108.542088 67.444336 118.992657 161.485330
904 108.545782 67.451586 118.992657 161.485330
905 108.549476 67.458837 118.992657 161.485330
906 108.553170 67.466087 118.992657 161.485330
907 108.556864 67.473338 118.992657 161.485330
908 108.560558 67.480588 118.992657 161.485330
909 108.564252 67.487838 118.992657 161.485330
910 108.567946 67.495089 118.992657 161.485330
911 108.571640 67.502339 118.992657 161.485330
912 108.575334 67.509590 118.992657 161.485330
913 108.579028 67.516840 118.992657 161.485330
914 108.582722 67.524090 118.992657 161.485330
915 108.586416 67.531341 118.992657 161.485330
916 108.590110 67.538591 118.992657 161.485330
917 108.593804 67.545842 118.992657 161.485330
918 108.597498 67.553092 118.992657 161.485330
919 108.601192 67.560343 118.992657 161.485330
920 108.604886 67.567593 118.992657 161.485330
921 108.608580 67.574843 118.992657 161.485330
922 108.612274 67.582094 118.992657 161.485330
923 108.615968 67.589344 118.992657 161.485330
924 108.619662 67.596595 118.992657 161.485330
925 108.623356 67.603845 118.992657 161.485330
926 108.627050 67.611095 118.992657 161.485330
927 108.630404 67.617037 118.992691 161.485545
928 108.634081 67.624179 118.992657 161.485330
929 108.634348 67.630552 118.991613 161.482696
930 108.638564 67.639119 118.992657 161.485330
931 108.642258 67.646370 118.992657 161.485330
932 108.645952 67.653620 118.992657 161.485330
933 99.809778 68.216938 121.340419 159.543512
934 99.229235 68.422813 121.937548 159.805878
935 99.193369 68.529434 122.038389 159.951759
936 99.424197 68.553470 122.492441 159.985466
937 99.428000 68.560653 122.492441 159.985466
938 99.431803 68.567836 122.492441 159.985466
939 99.435605 68.575019 122.492441 159.985466
940 99.439408 68.582203 122.492441 159.985466
941 99.443211 68.589386 122.492441 159.985466
942 99.447013 68.596569 122.492441 159.985466
943 99.450816 68.603752 122.492441 159.985466
944 99.454619 68.610935 122.492441 159.985466
945 99.458421 68.618118 122.492441 159.985466
946 99.462224 68.625301 122.492441 159.985466
947 99.466027 68.632484 122.492441 159.985466
948 99.502926 68.707134 122.636136 159.812515
949 99.846998 68.973835 123.112088 159.681320
950 100.052232 69.267482 123.494247 159.725723
951 100.072575 69.622921 123.492415 159.563057
952 100.076391 69.841308 123.492380 159.985466
953 100.078794 69.852749 123.486308 159.980904
954 100.076200 69.873237 123.481362 159.962936
955 100.078346 69.892379 123.496808 159.973679
956 100.049708 69.922348 123.468306 159.940392
957 100.063023 69.959659 123.481544 159.977325
958 100.061663 69.992603 123.450333 159.957077
959 100.078811 70.031406 123.461339 159.963921
960 100.091852 70.068100 123.465632 159.965370
961 100.122911 70.095371 123.460155 159.968636
962 100.187777 70.123504 123.421100 159.941376
963 100.431085 70.231880 123.064213 159.815056
964 101.039651 70.393413 123.118679 159.703125
965 102.123728 70.559047 123.114598 159.615356
966 103.042317 70.853977 123.047017 159.528419
967 103.857649 71.323417 123.071750 158.746758
968 104.269748 71.681364 123.267858 158.351301
969 104.477398 71.763294 123.387657 158.368213
970 104.618700 71.862601 123.404776 158.309066
971 104.948940 72.109860 123.157329 157.857007
972 105.647018 72.344001 123.076950 156.842623
973 106.731525 72.450756 122.617030 155.695857
974 107.448599 72.595337 122.241930 155.195784
975 108.093522 72.709103 121.687937 154.542547
976 108.579377 72.850661 121.365111 154.525943
977 109.016127 73.034023 120.865442 154.461575
978 109.228123 73.102176 120.787605 154.280187
979 109.584386 73.320843 120.497474 154.201093
980 109.608185 73.299342 120.203294 154.340715
981 109.789197 73.188780 120.238528 154.323557
982 109.920732 73.132834 120.331801 154.386937
983 110.135907 73.207224 120.103419 154.366758
984 108.803229 71.290222 118.625565 153.527325
985 109.233581 71.615164 118.329302 153.796077
986 109.534317 71.791843 117.821926 153.798346
987 109.816147 71.973513 117.377858 153.802311
988 109.998861 72.085531 117.020470 153.840430
989 110.368639 72.159324 116.879626 153.814758
990 110.503658 72.197516 116.352887 153.816697
991 110.644993 72.269605 116.177996 153.885063
992 110.832771 72.277918 116.246141 153.905125
993 110.980154 72.266815 116.228009 153.894462
994 111.121105 72.252973 116.245452 153.896482
995 111.253735 72.253064 116.275783 153.906843
996 111.276638 72.099927 116.116628 153.823328
997 111.191733 71.835749 115.936219 153.773437
998 111.230820 71.960713 115.829995 153.925076
999 110.884746 71.877951 115.620253 153.871713
1000 110.542374 71.720760 115.525480 153.913195
1001 109.715858 71.204729 114.671318 154.073837
1002 104.143195 68.501501 109.576418 154.600429
1003 103.805073 68.334938 107.067388 154.874553
1004 104.054247 68.321993 105.972831 154.908470
1005 103.870282 68.260817 105.208156 154.996194
1006 103.721359 68.187237 104.928953 155.003525
1007 103.007010 68.302096 104.566978 155.420854
1008 103.219256 68.339585 104.986261 155.486082
1009 102.306227 68.160707 104.794391 155.486987
1010 102.409052 68.167132 104.993521 155.485875
1011 102.412311 68.174113 104.993521 155.485875
1012 102.411901 68.179470 104.997702 155.488922
1013 102.407903 68.175236 105.017083 155.496767
1014 102.623685 68.149811 105.565368 155.527427
1015 102.841021 68.386015 105.993460 155.985829
1016 102.844311 68.393019 105.993460 155.985829
1017 102.847602 68.400022 105.993460 155.985829
1018 102.850892 68.407026 105.993460 155.985829
1019 102.854183 68.414029 105.993460 155.985829
1020 102.857473 68.421033 105.993460 155.985829
1021 102.860764 68.428036 105.993460 155.985829
1022 102.864054 68.435040 105.993460 155.985829
1023 102.863928 68.445539 105.999656 155.979655
1024 102.730368 68.750037 106.225743 155.638994
1025 102.553982 70.878078 107.342574 153.936568
1026 102.202614 74.059618 108.358267 150.509638
1027 101.495995 76.926270 109.690377 147.791738
1028 100.821161 81.072548 111.282338 144.346704
1029 100.065837 83.939056 112.602749 142.195409
1030 99.993158 84.961796 113.340867 141.658434
1031 99.559825 85.919284 114.232393 140.978961
1032 99.181539 86.759472 115.366200 139.964085
1033 97.387289 91.442403 117.931537 135.798202
1034 97.421543 91.543230 117.992719 135.987646
1035 96.539426 93.970616 119.638326 133.017335
1036 95.641389 97.596179 121.778864 129.250736
1037 95.003814 99.679540 123.212407 127.314252
1038 94.204780 102.133225 124.807368 124.327420
1039 93.706587 105.765264 126.219928 120.857401
1040 93.434517 107.078838 127.279900 119.417588
1041 92.971850 108.820229 128.752364 117.338740
1042 92.783894 109.388076 129.702854 116.809546
1043 92.569491 110.689281 131.053147 115.710482
1044 92.604988 112.092767 131.929354 114.635381
1045 92.563684 113.368934 132.450580 113.770686
1046 92.588420 113.483531 132.491824 113.989645
1047 92.592533 113.488649 132.491824 113.989645
1048 92.596646 113.493767 132.491824 113.989645
1049 92.600759 113.498885 132.491824 113.989645
1050 92.604872 113.504003 132.491824 113.989645
1051 92.608985 113.509121 132.491824 113.989645
1052 92.613098 113.514239 132.491824 113.989645
1053 92.617211 113.519357 132.491824 113.989645
1054 92.621324 113.524475 132.491824 113.989645
1055 92.625437 113.529593 132.491824 113.989645
1056 92.629550 113.534710 132.491824 113.989645
1057 92.633664 113.539828 132.491824 113.989645
1058 92.637777 113.544946 132.491824 113.989645
1059 92.641890 113.550064 132.491824 113.989645
1060 92.646003 113.555182 132.491824 113.989645
1061 92.656055 113.568383 132.559592 113.972114
1062 92.928459 113.586583 133.085508 113.973315
1063 93.239970 113.592924 133.673066 113.968058
1064 93.667539 113.595626 134.236563 113.944972
1065 99.477626 113.187862 135.107515 113.590630
1066 99.673894 113.392487 135.491639 113.989645
1067 102.393377 113.225552 135.102801 113.883127
1068 102.980782 113.259037 135.435001 113.969885
1069 105.847145 112.982033 134.914123 113.995923
1070 108.678021 112.952532 134.380880 113.991020
1071 113.329548 113.426916 134.134349 113.690347
1072 113.512399 113.581682 134.491701 113.989645
1073 115.223145 114.011744 134.938565 113.604883
1074 117.462198 115.389457 136.184393 112.408106
1075 117.704987 117.919017 137.305253 108.762562
1076 117.802387 118.037679 137.491516 108.990099
1077 117.806655 118.042573 137.491516 108.990099
1078 117.810923 118.047466 137.491516 108.990099
1079 117.816274 118.052100 137.491221 108.990140
1080 118.981231 117.860969 137.296525 109.003337
1081 119.197085 118.076849 137.472246 109.492152
1082 119.998759 117.929933 137.610759 109.486774
1083 120.201769 117.935016 137.990662 109.489698
1084 120.605208 117.771689 138.285350 109.509707
1085 122.128095 117.748087 139.080925 109.931503
1086 122.339688 117.782262 139.491998 109.989992
1087 122.352769 117.787130 139.494047 109.989950
1088 122.430759 119.532106 139.701745 107.945273
1089 122.731693 126.135925 140.022297 103.734402
1090 122.784685 126.683275 140.275645 103.349157
1091 121.045479 128.232915 139.610044 101.230277
1092 121.024177 129.051083 139.596252 100.622246
1093 120.005355 132.027276 139.324244 97.580538
1094 118.230109 135.836005 139.085335 93.114776
1095 118.371381 137.510438 138.903094 91.768855
1096 118.344739 139.599923 138.966369 89.809822
1097 118.366379 139.705067 138.987036 89.978521
1098 118.372888 139.715760 138.991423 89.991825
1099 118.377203 139.719800 138.991423 89.991825
1100 118.381518 139.723841 138.991423 89.991825
1101 118.385833 139.727881 138.991423 89.991825
1102 118.934190 138.054678 138.457270 90.574538
1103 119.683958 133.536681 137.441400 92.673255
1104 118.930856 126.065382 136.403397 99.360065
1105 118.979184 126.135298 136.491578 99.490962
1106 119.012301 125.971590 136.430922 99.658890
1107 119.046866 126.142093 136.491578 99.990916
1108 119.051103 126.146582 136.491578 99.990916
1109 118.742025 126.497999 134.958196 99.698567
1110 115.136138 134.443649 130.243233 95.010862
1111 115.264547 134.688168 130.491948 95.491325
1112 115.268598 134.692455 130.491948 95.491325
1113 115.385174 135.559491 130.457542 94.519122
1114 115.557335 136.808538 130.793209 93.522216
1115 115.713283 137.629663 131.120640 93.037500
1116 116.146374 140.033130 131.672355 90.172997
1117 116.317649 140.216357 131.984856 90.468580
1118 116.360073 140.617953 132.081555 90.000474
1119 116.592476 141.463493 132.599238 89.643428
1120 116.783636 142.020614 133.025114 89.496582
1121 117.017190 142.352732 133.495729 89.059613
1122 117.017829 142.862732 133.506461 89.115323
1123 117.264982 143.353143 134.014645 89.042572
1124 117.514105 143.714749 134.494260 89.295403
1125 117.520759 143.836683 134.487981 89.458010
1126 117.530931 143.907333 134.490874 89.403674
1127 117.542106 144.024522 134.488796 89.376066
1128 117.551088 144.130966 134.490925 89.412350
1129 117.555042 144.201400 134.495042 89.442740
1130 117.557694 144.231358 134.491464 89.489378
1131 117.562584 144.242191 134.490758 89.481768
1132 117.567231 144.251260 134.491701 89.491870
1133 117.571406 144.255278 134.491701 89.491870
1134 117.575581 144.259296 134.491701 89.491870
1135 117.579757 144.263314 134.491701 89.491870
1136 117.583932 144.267332 134.491701 89.491870
1137 117.588209 144.310062 134.462725 89.429370
1138 117.612997 144.425700 134.500109 89.330193
1139 117.905996 144.718572 134.926216 89.109058
1140 118.350047 145.467900 135.259604 88.229947
1141 118.464088 145.737616 135.569671 88.210638
1142 118.726982 146.419483 136.127158 87.542518
1143 119.046463 147.112656 136.895626 87.100694
1144 119.162899 147.633415 137.277201 86.872895
1145 119.263710 147.881998 137.565913 86.600783
1146 119.480780 148.081561 137.991485 86.992097
1147 119.477306 148.096672 137.958616 86.980079
1148 119.496767 148.108400 137.986175 86.990152
1149 119.491519 148.107180 137.887344 86.976939
1150 119.544715 148.111575 137.943646 86.988102
1151 119.540312 148.076189 137.821797 86.970405
1152 119.541395 148.018222 137.711925 86.956209
1153 119.547686 147.850980 137.659026 86.946684
1154 119.528020 147.662792 137.573139 86.940706
1155 119.519463 147.508454 137.463102 86.903598
1156 119.410853 147.457888 137.054806 86.909912
1157 119.450189 147.292003 136.790513 86.831899
1158 119.467577 147.336858 136.710694 86.956632
1159 119.505421 147.304973 136.683584 86.956279
1160 119.495099 147.235019 136.583791 86.955495
1161 119.523046 147.161819 136.561018 86.953773
1162 119.534119 147.083357 136.485056 86.945161
1163 119.325999 147.002601 136.039520 86.945306
1164 119.332420 146.911201 136.002537 86.945406
1165 119.399067 146.847364 136.103814 86.947920
1166 119.489536 146.810335 136.071166 86.944547
1167 119.713658 146.749267 135.673971 86.921635
1168 119.685508 146.519603 134.757568 86.911222
1169 115.817503 145.653163 132.771136 86.794107
1170 115.932778 145.749643 132.967421 86.992022
1171 115.949093 145.753586 132.991794 86.992097
1172 115.935096 145.750904 132.955378 86.989583
1173 115.541250 145.727317 132.793925 86.951268
1174 114.368372 145.711501 132.817600 86.897491
1175 114.190370 145.753065 132.892935 86.964016
1176 112.879416 145.774164 132.787399 86.866630
1177 112.803817 145.856858 132.965601 86.965713
1178 112.202640 145.930276 132.875888 86.909924
1179 111.469125 146.047103 132.954503 86.888261
1180 110.796531 146.161284 133.000901 86.908111
1181 106.671380 146.565857 133.462888 86.585882
1182 106.689962 146.772870 133.491763 86.992097
1183 106.685658 146.780086 133.491604 86.989102
1184 106.029751 146.878573 133.518805 86.916022
1185 102.078504 147.324363 133.917740 86.724603
1186 101.055545 147.782059 133.701988 86.859184
1187 100.286063 147.983381 133.896661 86.882245
1188 98.753810 148.329844 133.774101 86.820674
1189 97.623467 148.861748 133.723074 86.774717
1190 96.047660 149.103038 133.586093 86.816367
1191 92.050730 149.476511 133.202320 86.739069
1192 92.188010 149.615187 133.464797 86.982838
