5 116.666941 99.317251 32.812650 34.236128
6 117.956145 98.185215 33.669493 42.062416
7 117.745929 97.030690 34.760301 44.781884
8 117.818446 97.083954 35.174982 45.128870
9 118.177311 97.268650 35.732406 45.681297
10 118.339510 97.419285 36.076274 46.135573
11 118.551380 97.601474 36.497748 46.495776
12 118.435871 98.787157 36.442398 46.817159
13 118.464679 98.878553 36.497748 46.995731
14 118.218591 99.223182 36.520979 47.125185
15 118.458108 99.410565 36.997717 47.495685
16 118.459256 99.412697 36.997717 47.495685
17 118.460405 99.414830 36.997717 47.495685
18 118.883709 99.823711 36.908650 47.772497
19 118.929409 99.938603 36.998342 47.996489
20 119.049187 100.255277 37.001676 48.111516
21 121.269522 101.094090 37.446924 48.409792
22 121.296067 101.139168 37.497686 48.495594
23 121.297231 101.141345 37.497686 48.495594
24 121.714056 101.060269 37.424258 48.474279
25 122.767150 99.068574 37.352968 48.492472
26 122.961029 98.798953 37.481096 48.504773
27 123.889297 97.999454 37.446629 48.946195
28 125.241072 98.725368 37.533796 48.935718
29 126.562852 102.108347 37.716845 49.099119
30 126.977839 104.535928 37.843499 49.601179
31 127.044178 104.742670 38.004552 49.995558
32 124.201667 103.786703 38.726987 50.100024
33 124.894221 100.901815 38.799238 50.865698
34 127.398806 99.727042 38.753141 50.972123
35 130.749612 100.012336 38.853178 50.888326
36 134.601786 102.831489 38.780695 51.216619
37 134.711446 102.973153 38.997594 51.495322
38 134.898069 104.155675 38.976278 51.525812
39 136.481737 109.441734 38.940732 51.744685
40 136.298108 113.631726 38.830901 51.709815
41 136.381988 113.777443 38.998114 51.995205
42 134.101966 114.649531 39.066896 51.526933
43 133.043124 115.158974 39.435275 51.745345
44 132.773794 115.414663 39.473420 51.908321
45 130.445262 116.206868 39.556865 51.591771
46 130.665635 116.412413 39.997486 51.993997
47 127.940288 116.795706 39.731091 51.638132
48 126.340957 117.221680 39.773401 51.657693
49 126.318226 117.358849 39.997404 51.889585
50 126.137042 117.291603 40.014452 51.811160
51 125.246690 116.902743 40.428615 51.533021
52 125.183803 117.041202 40.499336 51.856632
53 125.160563 117.077673 40.495253 51.954230
54 122.928076 116.711353 40.230794 51.335941
55 121.691773 117.327117 40.367242 51.170036
56 121.634653 117.524492 40.446641 51.448580
57 121.626569 117.479490 40.472401 51.451129
58 121.299233 114.682190 40.179973 51.468007
59 120.726136 113.608050 40.194188 51.135452
60 120.470548 112.453177 40.254380 51.327818
61 120.493020 112.471195 40.446736 51.425548
62 120.113920 111.763958 40.312423 51.212142
63 119.618516 108.331944 40.241539 51.255986
64 118.007898 106.742694 40.219159 50.611229
65 117.152446 104.180703 40.336583 50.477131
66 117.147597 103.581941 40.442306 50.406696
67 116.869406 99.650387 40.294473 50.320053
68 119.267919 96.207242 40.032270 50.394121
69 121.167517 95.455440 40.022409 50.193610
70 122.355089 95.202514 40.204874 50.391463
71 123.102318 95.011207 40.317429 50.434001
72 124.585352 94.815690 40.168563 50.360850
73 124.891097 94.744155 40.435487 50.455230
74 127.614059 90.550358 40.013703 50.524422
75 127.931170 90.631160 40.466971 50.922725
76 128.352296 90.318331 40.375963 50.913515
77 128.451986 90.310264 40.483042 50.959059
78 128.465914 90.328173 40.495048 50.988665
79 128.468398 90.333814 40.497501 50.995367
80 128.475516 90.344462 40.494390 50.984086
81 131.553713 90.802103 39.959524 50.589386
82 134.901184 91.001491 39.531254 50.526072
83 135.135565 91.238428 39.997532 50.995367
84 135.772827 91.432359 39.839993 50.938510
85 136.514305 91.670289 39.837484 50.934447
86 137.137034 91.849520 39.877661 50.935305
87 139.107693 92.145981 39.768730 50.809003
88 141.747612 91.899191 39.768311 50.626837
89 145.161665 90.617152 39.647013 50.743652
90 145.888526 87.594742 40.033350 50.679499
91 146.507612 86.895820 40.491497 50.832257
92 147.164250 84.746409 40.530308 50.796598
93 150.673136 80.585665 40.990364 50.916961
94 150.686326 80.623101 40.993736 50.985027
95 150.716781 80.587052 40.989251 50.958493
96 150.696766 80.585623 41.008346 50.945468
97 148.064021 79.180308 41.126648 50.523616
98 146.477517 80.053610 41.325537 50.715007
99 145.598273 81.553321 41.486589 50.711626
100 145.421236 82.922909 41.454759 50.686792
101 145.208742 87.913741 41.114650 50.496143
102 145.128240 89.569908 41.389700 50.262149
103 144.737801 94.071752 40.861079 50.164441
104 144.607590 98.452238 40.332126 50.105148
105 144.582508 100.595998 40.392116 50.271134
106 144.571606 103.232178 40.506993 50.208048
107 145.008026 104.558576 40.956133 50.254490
108 145.617122 105.376873 40.889478 50.460458
109 145.672390 105.396618 40.997470 50.495413
110 145.687401 105.409675 40.996440 50.488287
111 146.728269 105.895410 40.830119 50.325541
112 148.435924 107.290218 40.732937 50.367477
113 148.605119 107.377427 40.988903 50.484875
114 149.653128 107.671097 40.864217 50.464915
115 150.349454 107.949306 40.870493 50.465693
116 150.772436 108.223642 40.946182 50.411866
117 150.897093 108.649343 41.011656 50.342823
118 151.150311 108.771680 41.497520 50.474306
119 151.214991 108.976122 41.484717 50.407062
120 151.250634 109.067580 41.487387 50.476043
121 151.367973 109.351781 41.454979 50.377046
122 151.390492 109.413232 41.497439 50.495413
123 151.391780 109.415499 41.497439 50.495413
124 151.393068 109.417766 41.497439 50.495413
125 151.394356 109.420033 41.497439 50.495413
126 151.395645 109.422300 41.497439 50.495413
127 151.396933 109.424568 41.497439 50.495413
128 151.398221 109.426835 41.497439 50.495413
129 151.399509 109.429102 41.497439 50.495413
130 151.400798 109.431369 41.497439 50.495413
131 151.405216 109.432228 41.496030 50.491687
132 151.628398 109.314160 41.409591 50.474506
133 151.938178 109.210657 41.389084 50.476502
134 151.993644 109.222379 41.497439 50.495413
135 152.170965 109.233613 41.419254 50.483767
136 153.058502 109.326427 41.211223 50.382308
137 153.403544 109.328497 41.398226 50.475525
138 154.634841 108.922479 41.269002 50.430625
139 155.220418 107.027875 41.373685 50.526402
140 156.471994 97.462032 40.754046 51.110884
141 156.593319 97.655995 40.998086 51.493433
142 156.577393 97.710200 40.997677 51.468925
143 156.407602 102.194708 40.812129 51.322970
144 156.501545 102.283195 40.997470 51.495322
145 156.026646 97.661491 40.858158 50.974706
146 156.028764 91.856083 40.865312 50.576760
147 156.096116 92.067676 40.997470 50.995367
148 157.122445 102.839220 40.965195 51.755752
149 157.139856 102.961317 40.997470 51.995276
150 156.250455 96.730101 40.660583 51.679657
151 156.420171 96.890246 40.997470 51.995276
152 158.585062 106.853080 40.798342 53.691603
153 158.993344 109.421189 40.930815 53.682950
154 159.027944 109.579685 40.997470 53.995095
155 158.029728 98.457837 40.278435 54.001612
156 159.024571 102.104729 40.312416 54.859406
157 159.137468 102.230300 40.491957 54.982004
158 162.057276 121.811343 41.824845 56.457738
159 162.122572 121.802731 41.988436 56.459038
160 157.341140 104.301624 41.106297 55.829917
161 154.461201 101.031381 40.556265 54.890621
162 155.258156 115.066079 40.671085 56.998157
163 159.280585 120.622263 40.488051 55.609997
164 158.266276 99.265599 39.004892 58.943544
165 163.154296 103.682723 40.190981 58.241769
166 165.171906 108.632883 40.374979 56.518107
167 165.622369 108.821992 40.433301 56.850484
168 166.361878 98.483416 40.394739 57.138890
169 170.658744 96.996767 41.484169 55.363985
170 176.474824 102.468694 43.337968 54.706863
171 184.489594 103.644601 43.267689 54.525038
172 185.899790 103.686988 42.919548 54.688574
173 186.632255 102.890856 42.716495 54.608490
174 187.609215 102.066245 42.652849 54.384606
175 189.511571 101.629156 42.330370 53.951050
176 192.485145 100.764181 41.501460 53.022133
177 193.047197 100.590684 41.844227 53.369418
178 194.993173 100.530371 41.437842 52.977641
179 198.622805 100.864399 40.533369 51.624779
180 198.869028 101.051249 40.990248 51.971403
181 198.883343 101.061290 40.993169 51.983290
182 199.066865 99.910714 40.901148 51.785467
183 199.513216 99.762899 40.840327 51.960749
184 200.960134 100.436946 40.680432 51.734289
185 202.083112 100.630922 40.757107 51.924924
186 202.487416 97.446844 40.734511 52.011453
187 202.618576 97.687537 40.995709 52.493181
188 205.700636 106.190411 40.272224 53.053163
189 205.216595 102.240980 40.287308 53.447540
190 203.523562 96.781888 40.113310 52.772001
191 203.601292 100.037629 40.244826 53.141583
192 203.766339 105.831492 39.972447 53.420799
193 203.685558 105.357570 40.002508 53.378370
194 203.268816 97.788976 40.159782 53.027846
195 203.439211 98.031553 40.497486 53.492898
196 205.127521 108.342429 40.228915 53.949329
197 204.914302 108.267695 40.309666 53.701039
198 201.848748 101.737742 39.984743 52.799214
199 201.854313 101.833186 39.997822 52.990437
200 205.160253 107.943055 39.713310 53.462282
201 206.015039 110.034323 39.786900 53.374946
202 204.683300 109.379107 39.782318 53.088815
203 200.053936 103.950532 40.063217 52.991246
204 197.643946 106.026185 39.337300 52.967730
205 197.725304 106.042292 39.497563 52.995186
206 198.150081 114.211857 39.371839 53.488396
207 196.146804 114.411232 39.490976 53.101213
208 190.641104 112.055896 39.751872 52.433988
209 189.148507 111.354744 39.804619 52.069163
210 188.996241 112.117773 39.874075 52.494785
211 188.304893 116.005421 39.554367 52.530354
212 182.530259 111.469642 39.818046 52.009952
213 179.970281 112.250696 39.799656 52.002328
214 178.908189 115.020946 39.622744 52.216921
215 178.290543 114.964240 39.817947 52.195449
216 175.120837 110.339013 39.645552 52.414366
217 174.143194 110.859866 39.844778 52.289847
218 172.773360 118.691250 39.592800 53.377300
219 171.909016 119.921992 39.977890 53.164275
220 168.473151 118.257437 39.439634 52.721929
221 164.771186 114.924287 39.277752 52.579579
222 161.265803 116.275080 39.344792 52.715575
223 159.002508 123.954544 39.327589 52.336085
224 155.720318 125.448202 39.468380 51.914010
225 153.895763 122.730730 39.248339 51.705573
226 150.313524 120.570533 39.344763 51.771705
227 149.865563 123.893914 39.335131 52.349912
228 145.391096 131.660066 39.922258 53.466383
229 145.429975 131.676847 39.997532 53.495140
230 141.203965 133.425837 40.206568 53.317169
231 137.128410 129.534273 40.735646 53.189478
232 137.137668 129.182242 40.957410 53.367813
233 133.598640 129.565891 41.043548 53.265615
234 129.685773 134.710413 40.764902 53.214208
235 124.014980 133.858289 41.122439 52.830594
236 116.995875 129.600999 40.990399 52.832290
237 116.785860 133.861369 40.707875 52.986932
238 116.393069 138.416272 40.655809 52.967909
239 114.025208 138.407791 40.883400 52.627200
240 109.062191 131.774139 41.145083 53.548810
241 103.235842 132.094290 41.721632 53.384002
242 101.179397 132.116855 41.258615 53.001688
243 100.419310 132.077681 41.252805 53.218399
244 100.486346 131.796749 41.394010 53.380796
245 100.573338 126.081310 40.926499 54.029998
246 99.493140 119.618772 40.670941 54.194871
247 99.114131 115.165521 40.563809 54.323687
248 99.213013 111.080003 40.558280 54.362125
249 99.438880 108.794375 40.719267 54.151321
250 99.117401 104.203226 40.531860 54.127953
251 99.132998 102.454645 40.879478 53.944839
252 98.545176 99.554968 40.723076 53.658617
253 98.552434 99.720463 40.968076 53.801705
254 96.828004 97.364084 40.789488 53.348993
255 96.792087 96.896815 40.942248 53.245428
256 95.186832 93.901685 40.842821 52.956174
257 92.982378 94.005185 40.837736 52.235716
258 88.772470 94.780917 40.794422 51.645774
259 86.176277 96.110455 40.786563 51.688129
260 82.670874 98.056337 40.174104 52.078703
261 80.840487 98.292438 40.420985 51.972157
262 77.936489 96.839302 40.106396 51.500296
263 75.436455 96.002073 40.329354 51.620975
264 68.383375 96.826991 40.651402 51.431146
265 61.102985 98.374944 40.990258 51.103901
266 57.034321 98.818128 40.971982 51.064092
267 56.688703 95.944950 40.878418 51.545887
268 56.810292 96.117427 40.978276 51.984151
269 60.425240 96.503791 40.542479 51.978473
270 60.436824 99.162286 40.822948 51.964572
271 60.525358 99.179972 40.997470 51.995276
272 61.959393 99.254750 40.807725 51.917671
273 65.045679 100.297177 40.633521 51.968108
274 65.346439 100.882791 40.907292 51.986338
275 66.399189 101.785095 40.632657 52.310120
276 68.957358 102.452103 40.680483 52.584327
277 73.671007 104.194706 41.012510 53.270399
278 73.914760 104.309478 41.497439 53.495140
279 78.335450 105.561865 41.219239 53.553904
280 82.869566 105.291241 41.127811 53.820330
281 84.752626 103.972106 41.100265 53.885916
282 87.113808 103.707373 41.175421 53.881809
283 93.958783 105.435579 41.379704 53.950211
284 108.062206 105.012069 44.197574 54.282739
285 116.739525 103.822430 44.518098 54.501481
286 125.253956 103.138123 45.318121 54.748584
287 134.232621 104.177046 45.992258 55.386984
288 141.118458 105.979245 45.175258 55.249858
289 141.980805 106.133901 45.144575 55.429919
290 142.880611 106.306718 44.985872 55.309586
291 147.501564 107.187015 44.970886 54.918915
292 157.019849 107.923840 47.636637 54.885421
293 164.870598 109.935794 48.410387 55.391665
294 164.884708 110.223867 48.448078 55.573791
295 151.538098 117.423060 48.020093 56.454937
296 146.633023 120.652640 45.806771 55.148166
297 147.809495 115.760258 49.999315 57.232612
298 152.235113 111.449858 46.880038 61.013291
299 149.639959 120.378430 43.395108 64.517223
300 147.077067 116.014101 42.590016 65.504133
301 152.937301 119.971727 44.924593 65.612016
302 152.972419 120.117738 44.999697 65.951289
303 153.878807 119.354837 46.033309 64.906226
304 160.662887 115.158335 51.373663 62.897612
305 167.774821 119.298374 48.604539 66.190303
306 177.373187 117.165573 48.228852 66.684189
307 172.465513 119.005852 48.198316 65.647228
308 177.055541 117.303423 55.848489 68.134657
309 182.361953 118.288055 58.226208 68.254316
310 182.496271 115.183778 58.985311 69.948338
311 170.864386 114.955671 59.387618 69.486203
312 159.335639 116.335822 57.360120 71.876506
313 159.392777 116.388533 57.485893 72.000927
314 166.672653 115.609930 60.973914 72.060987
315 173.228954 114.709388 59.605607 72.473581
316 173.378975 114.650123 59.971250 72.470006
317 167.211890 114.629249 58.603492 73.492559
318 162.752340 114.250969 56.913436 75.702355
319 161.416624 113.114390 54.549523 76.464443
320 161.883312 112.854764 54.556515 76.773107
321 162.441404 112.801044 54.684275 77.046002
322 162.925618 112.500760 54.479806 77.755303
323 162.834363 112.403738 52.919386 78.579245
324 162.321637 110.642627 50.734582 79.685529
325 162.540860 109.892480 49.326074 80.325306
326 162.911291 109.689027 48.178023 80.546538
327 162.363912 109.321256 47.132205 80.907029
328 159.086352 108.848054 46.218547 80.913865
329 154.517527 109.111509 45.347008 80.415197
330 147.481769 110.235696 44.939393 79.934506
331 138.320361 112.197775 45.336847 80.022243
332 138.401946 112.436611 45.497193 80.492688
333 137.696272 112.370494 45.179247 80.497493
334 131.790049 113.465474 45.136881 79.957457
335 128.671567 115.648157 44.364218 79.154949
336 128.744812 115.494028 44.475630 79.457023
337 133.589801 113.809851 43.990916 78.165778
338 138.693926 112.928421 43.511174 77.099436
339 138.452005 112.532602 43.748702 77.188363
340 128.413927 113.281288 44.676886 76.489033
341 123.622364 114.550794 43.785606 76.258924
342 124.437068 114.676439 43.787351 76.088703
343 133.592420 110.312392 47.694471 75.853474
344 142.475885 102.558643 49.077482 76.144255
345 144.459481 99.952934 48.753850 76.382818
346 141.780966 94.537590 47.001017 75.904828
347 139.018578 93.207077 45.330587 75.692913
348 139.424603 92.163699 44.669170 76.192244
349 142.678487 88.610076 43.798012 76.075436
350 143.849240 86.169730 43.196249 76.679373
351 149.386168 80.647495 42.502997 77.068366
352 152.150436 74.834201 41.457796 76.477218
353 152.656885 68.633578 40.558673 77.012874
354 151.530857 67.990586 39.626940 77.567169
355 151.707002 67.774328 39.957449 78.030562
356 154.624147 67.341651 39.633072 78.403909
357 156.999985 67.553430 39.268026 78.319527
358 156.830639 67.731070 39.166374 78.425578
359 154.451538 68.088165 38.676896 77.740870
360 157.547924 66.788116 39.080185 76.172478
361 164.975697 66.163926 39.563606 76.362233
362 165.202508 66.224029 39.991352 76.493000
363 156.572964 67.850149 40.306971 75.232953
364 143.061098 70.034582 41.288285 75.375047
365 141.609342 71.011795 39.993544 75.950775
366 141.228453 72.030341 44.512825 75.465397
367 144.776526 72.347868 43.540097 74.190071
368 146.417724 73.580244 41.919301 74.652151
369 148.205663 75.736342 46.173576 69.236362
370 142.685589 75.468742 46.145589 74.058697
371 138.394309 75.594810 43.706683 75.632385
372 143.077670 76.423839 50.919714 72.937219
373 153.900438 81.102740 57.784821 69.249597
374 153.832397 81.286232 58.091416 69.368112
375 160.391471 75.343291 56.609262 73.841410
376 152.299051 78.106131 57.394076 71.589645
377 136.761602 79.720182 56.590795 73.843300
378 127.406546 86.596621 54.170284 75.195421
379 144.356832 77.309769 54.625697 78.214844
380 165.057182 95.180689 56.315199 81.088905
381 161.624343 72.902296 56.784514 81.313753
382 145.086885 74.573028 57.041513 81.702305
383 138.362330 76.634890 55.194551 82.648734
384 138.359470 76.810947 55.525718 82.965793
385 151.368172 75.954963 62.513730 82.965544
386 162.565098 74.638671 63.415427 83.902782
387 162.607396 74.687236 63.496082 83.992370
388 151.903980 74.920871 63.487443 83.933498
389 144.184310 75.397996 62.731742 83.996643
390 134.953900 76.104618 62.582204 83.520097
391 152.401131 74.810886 64.924428 85.053897
392 168.493326 73.438204 64.193851 88.436832
393 168.043630 72.911459 64.331171 88.294051
394 156.064613 72.537763 63.622907 87.329703
395 141.194485 74.393195 63.145894 87.154874
396 136.650448 75.135414 63.084503 87.288947
397 150.570689 71.828363 66.847198 90.185250
398 150.647103 71.985690 66.995866 90.491779
399 168.753693 67.255695 66.519156 93.231089
400 169.013095 67.389022 66.982994 93.493156
401 154.580640 67.494613 68.100631 92.291097
402 136.257077 71.017457 68.798610 92.096907
403 146.443762 73.973848 70.020540 92.635101
404 165.850612 67.471169 71.750298 93.933445
405 174.711774 65.201551 70.501812 96.700132
406 164.375165 65.727519 71.316442 95.779253
407 140.408890 66.542729 71.951856 94.498187
408 118.349412 64.998918 71.694299 93.580253
409 118.252382 64.872334 71.772758 94.039112
410 136.173853 61.363220 73.110869 94.057779
411 150.603085 53.371154 74.452788 94.607710
412 154.231924 53.870308 73.576935 95.105321
413 141.297482 58.507451 74.637282 94.516317
414 120.016368 62.880452 75.624442 94.064814
415 113.619694 63.464693 74.556217 94.372175
416 122.655886 60.168236 75.272266 95.627366
417 144.045709 55.337308 75.588570 97.065408
418 147.363016 54.651802 74.666773 97.797602
419 138.286267 54.319706 75.166917 97.395206
420 116.596494 56.722770 76.117784 97.279076
421 107.536050 56.658321 74.189603 97.825869
422 107.368375 56.643067 73.988478 98.167125
423 111.056779 56.315663 73.720475 98.452585
424 134.162119 51.521933 75.350111 98.711504
425 142.465528 49.571282 73.649596 99.738438
426 142.640744 49.702010 73.995434 99.990916
427 131.622735 58.017952 76.717149 98.616519
428 97.506520 60.460574 78.527309 97.349657
429 118.254179 57.079344 79.328469 99.534641
430 138.186642 53.758099 78.009307 100.588455
431 138.432004 53.963814 78.495149 100.990821
432 125.592816 53.225368 78.500116 99.934298
433 100.322539 54.538255 79.183994 99.156985
434 100.284229 54.703423 79.007856 99.547246
435 107.729215 52.937737 78.636462 99.952784
436 122.346963 45.858493 78.244322 100.305443
437 128.206889 41.014099 76.729993 100.666357
438 128.340692 41.171269 76.975249 100.989645
439 125.232594 41.595559 75.687291 100.600807
440 123.509921 41.928724 74.993861 100.692138
441 123.502040 42.086353 74.964037 100.976902
442 123.587756 42.080087 74.940841 100.989747
443 129.301262 39.261103 72.914325 101.048888
444 131.409627 38.835906 71.996450 101.278846
445 131.515648 38.943826 71.435619 101.373442
446 131.788044 39.131583 70.885983 101.376849
447 131.801071 39.158965 70.858684 101.479077
448 131.841276 39.170162 70.942740 101.479653
449 131.925395 39.192265 70.944037 101.491370
450 132.617579 38.924810 70.710028 101.408265
451 132.926090 39.044840 70.643993 101.419963
452 132.952790 38.946495 70.738104 101.425679
453 133.037735 38.882009 70.538083 101.389941
454 133.464822 38.956698 70.627621 101.435484
455 133.851689 38.944651 70.497853 101.388895
456 134.556966 38.618312 69.761179 101.115136
457 135.530318 38.396260 69.398114 101.012869
458 135.967026 38.610418 69.287426 101.398575
459 136.702947 38.778309 69.260937 101.362077
460 136.822492 38.847217 69.495712 101.490780
461 137.056627 39.179658 69.401696 101.259665
462 138.714562 46.061394 68.810598 100.131887
463 139.058438 46.530683 68.912669 100.310966
464 140.157300 48.383784 68.614388 99.732225
465 143.307856 55.337501 67.921921 98.534794
466 144.528985 58.711627 67.596880 98.421206
467 145.650904 59.889019 67.602603 98.131359
468 148.445694 64.313962 67.121781 97.656644
469 151.333282 68.405805 66.742722 97.371958
470 151.704816 68.625112 66.894386 97.385570
471 153.996011 74.927496 66.459518 96.740164
472 157.208087 76.703575 65.985083 96.641464
473 159.872869 79.509525 65.533851 96.222225
474 162.330816 82.387853 65.337121 95.845592
475 171.724443 88.316361 65.653622 95.792793
476 172.109840 88.653630 65.929835 95.908168
477 173.165812 91.685205 65.639232 95.296587
478 176.061001 94.235901 65.158138 94.771798
479 178.980046 96.209367 64.764523 94.472369
480 179.861087 96.812599 64.752042 94.354957
481 182.636964 99.138537 64.310136 94.049867
482 182.820074 99.407673 64.475051 94.467700
483 184.216233 100.275848 64.187836 94.299018
484 184.533412 100.519610 64.460248 94.441164
485 187.160000 102.543253 63.803192 94.027696
486 187.341385 102.811696 63.973575 94.473108
487 187.660600 102.909843 63.935294 94.443092
488 187.896402 103.004713 63.951685 94.453727
489 190.056186 103.962583 63.621796 94.273626
490 190.419299 104.217370 63.923706 94.462834
491 190.917483 104.806486 63.847055 94.365344
492 191.042003 104.898498 63.986572 94.477415
493 191.094520 104.920704 63.974533 94.484652
494 191.191040 104.947890 63.958224 94.480462
495 191.211940 104.957609 63.996051 94.491416
496 191.213927 104.961852 63.996051 94.491416
497 191.215913 104.966094 63.996051 94.491416
498 191.217924 104.970193 63.995825 94.491434
499 191.033864 104.628483 63.368973 94.330755
500 189.200813 102.732606 62.182457 93.917513
501 187.975985 102.192020 61.223856 93.670029
502 186.686645 101.217111 60.266875 93.423168
503 185.524861 100.568336 59.292586 93.248148
504 184.876476 100.453538 58.762032 93.372485
505 184.452902 100.384578 57.668739 93.152341
506 182.126130 100.914854 56.624186 92.803054
507 181.364491 100.997198 55.890263 92.641965
508 180.501184 101.042416 54.639630 92.675495
509 180.043258 100.996061 53.463804 92.654222
510 180.015702 100.905119 51.905361 92.683583
511 179.045968 100.793345 50.688153 92.664989
512 179.223997 100.959555 49.799921 92.688435
513 179.439658 101.320482 49.027636 92.550643
514 178.725643 101.917435 48.267124 92.350874
515 176.960147 103.173459 47.004664 91.328568
516 176.414575 103.345660 45.992572 91.049907
517 176.539773 103.572613 45.466327 91.312724
518 176.671022 103.694589 45.164552 91.372760
519 175.873619 104.020878 44.562983 91.124031
520 176.251477 104.430541 44.648588 91.188582
521 176.362866 105.196926 44.508031 90.969273
522 172.565926 107.092199 44.029695 89.777629
523 172.841015 107.221293 44.369249 89.943828
524 172.979884 107.276635 44.251219 89.905616
525 173.147727 107.355318 44.355416 89.931825
526 173.198161 107.499522 44.252229 89.877799
527 170.714869 108.873111 43.268275 89.036980
528 170.753411 109.124022 43.373359 89.448975
529 169.070206 109.625570 42.816975 88.904717
530 169.160978 109.675134 42.994470 88.988979
531 169.143836 109.695541 42.970845 88.968748
532 169.162639 109.774082 42.937571 88.937255
533 169.179722 109.898229 42.930582 88.942891
534 168.173738 111.815735 42.284890 88.368468
535 165.970448 114.289543 41.237931 87.382791
536 165.919477 114.400819 41.425503 87.378994
537 161.657346 115.938375 41.126102 86.105359
538 158.004243 119.294066 40.962269 84.885813
539 157.303637 119.941824 40.740368 84.708196
540 157.198472 120.296449 40.952905 84.741229
541 154.366241 121.180460 40.882667 83.590626
542 152.155475 122.245317 40.800387 82.523185
543 152.247567 122.478948 40.999214 82.979899
544 149.481454 124.098484 40.349981 81.800189
545 149.514329 124.246183 40.471399 81.940422
546 146.132555 126.884391 39.877197 80.572631
547 145.396357 127.520257 39.933186 80.323805
548 143.445996 128.148614 39.855747 79.834559
549 142.561129 129.130012 39.787666 79.477894
550 142.579812 129.398343 39.895109 79.392931
551 142.526926 129.713147 39.894150 79.390387
552 141.780233 131.878050 39.871029 77.919456
553 140.146429 137.833176 39.849821 74.072176
554 137.505562 145.102511 39.710646 68.238269
555 137.253402 151.820450 39.377977 63.091002
556 136.776459 153.895823 39.348850 60.228788
557 136.531109 155.140763 39.429374 58.809440
558 136.565765 155.237407 39.495805 58.992733
559 136.096522 155.305449 39.406601 58.290014
560 133.515487 154.757954 39.284672 56.850902
561 133.445487 154.852605 39.482431 56.786145
562 130.139404 154.138664 39.142079 55.679416
563 130.242304 154.266050 39.482917 55.948680
564 130.083299 153.996475 39.436305 55.865249
565 130.013118 153.380267 39.437654 55.813288
566 129.919931 152.948738 39.473559 55.737396
567 129.809150 152.555999 39.473573 55.737967
568 129.401495 152.169599 39.516944 55.651741
569 129.531109 151.959396 39.972738 55.799651
570 129.470819 151.650274 39.967175 55.843345
571 129.481132 150.353732 39.927265 55.680177
572 129.731917 149.013914 39.917166 55.781688
573 130.230432 146.581741 39.830336 55.849668
574 130.395118 146.171034 39.975803 55.814284
575 130.861373 143.323032 39.861860 55.809691
576 131.373220 142.481524 39.947248 55.753329
577 131.859590 139.919439 39.900335 55.663060
578 132.693356 136.857250 39.904375 55.729484
579 132.732532 136.936581 40.011074 55.881359
580 132.405271 132.643503 40.525555 55.371142
581 130.565323 128.727375 41.328035 54.743847
582 130.399299 125.831198 41.504231 54.608930
583 128.580792 122.136535 42.057780 54.333979
584 127.671802 121.864346 42.467160 54.048860
585 124.378715 122.210738 42.314347 53.387085
586 122.812670 123.163770 42.352726 53.294641
587 120.035973 125.061751 42.250219 53.255994
588 119.037219 125.637782 42.271587 53.310167
589 115.693617 127.987497 41.838120 53.523539
590 115.725416 128.266092 41.968599 53.968952
591 115.698136 128.319875 41.969012 53.971861
592 113.212090 130.174405 41.105463 54.055659
593 112.463138 130.675864 41.320534 54.356980
594 108.991339 131.733651 41.158844 54.503857
595 105.742115 133.766437 40.910226 54.661002
596 105.787010 133.935907 40.997470 54.995004
597 105.316465 133.958379 40.942051 54.793328
598 104.437175 134.185688 40.938592 54.608815
599 103.470777 134.564723 40.949975 54.655392
600 102.595605 134.388916 41.001687 54.323544
601 98.688043 132.860552 41.197772 53.804161
602 98.052766 132.485356 41.368640 53.753729
603 95.300851 130.719144 40.861621 53.727455
604 95.370048 130.855388 40.997470 53.995095
605 92.904970 131.425616 41.027578 53.685221
606 90.259930 131.896491 41.177671 53.799821
607 89.130255 132.226877 41.394000 53.839021
608 85.615970 132.587870 41.145196 53.883050
609 85.768565 132.641675 41.483575 53.994165
610 83.579976 132.962739 41.276662 53.958039
611 83.667059 133.010880 41.489868 53.997878
612 82.183909 133.202397 41.099789 54.080065
613 79.841124 133.877042 41.393151 54.332544
614 79.078366 134.297954 41.240459 54.360893
615 79.208144 134.367479 41.497439 54.495049
616 77.640533 134.199743 41.047075 54.398266
617 74.534498 133.725592 41.381792 54.322375
618 74.593610 133.814376 41.497439 54.495049
619 74.594899 133.816823 41.497439 54.495049
620 74.563805 133.821734 41.497008 54.492575
621 72.796371 134.373787 41.329368 54.390200
622 72.654594 134.358565 41.394081 54.452284
623 72.707247 134.381968 41.497449 54.494701
624 72.707699 134.384306 41.497336 54.495146
625 72.208407 134.285501 41.364305 54.491024
626 71.059631 134.111813 41.121699 54.468040
627 70.609122 134.078754 41.220128 54.501019
628 70.492254 133.705163 41.413462 54.988961
629 69.736060 131.244905 41.226632 55.131125
630 69.764296 131.370716 41.460274 55.468960
631 69.027205 129.489374 41.230095 55.428292
632 69.146384 128.769141 41.404446 55.388169
633 71.783773 125.316007 41.139293 55.699230
634 74.278923 125.468285 41.150812 55.879300
635 78.241241 125.991812 41.176098 55.796524
636 81.580983 126.195144 40.971799 55.801528
637 84.167931 127.047823 40.535987 55.803483
638 87.722036 127.909271 40.438036 55.854939
639 87.753026 127.981772 40.497501 55.994913
640 90.119820 130.337908 40.243999 56.023974
641 94.352954 131.871886 40.251392 56.342552
642 101.191317 136.102703 40.454526 56.134388
643 105.882124 138.288741 40.023672 56.405932
644 109.188803 140.173554 40.126326 56.238389
645 109.964781 141.510408 40.310531 56.486783
646 115.150214 147.257297 39.851240 55.932121
647 118.397992 150.602026 39.520607 55.786249
648 121.924551 153.464697 39.468157 55.690749
649 122.011984 153.638044 39.463096 55.994657
650 122.057990 153.645910 39.485748 55.991885
651 122.065123 153.649938 39.497563 55.994913
652 121.391084 150.426087 39.132654 55.716258
653 120.799651 146.530936 39.232310 55.756016
654 120.018524 143.914804 39.130695 55.639020
655 118.941850 141.036958 39.270406 55.745802
656 117.832221 138.674106 38.992406 55.547287
657 116.633430 136.849198 38.488851 55.466383
658 115.032988 133.172520 38.362040 55.040048
659 114.628447 130.956236 38.348471 55.258985
660 114.230042 126.779962 38.173820 55.294170
661 113.875638 123.479825 38.293549 55.284121
662 113.834540 122.661688 38.458420 55.228533
663 113.719354 121.816109 38.448590 55.215025
664 113.102380 118.006385 38.173813 55.084945
665 110.209694 115.773622 38.757676 54.093761
666 109.554178 111.274071 38.562518 54.334269
667 107.382499 107.952877 38.746513 54.412996
668 107.107449 106.551758 38.629203 54.408555
669 106.531430 102.817752 38.605427 54.526793
670 105.316602 100.679616 38.629246 54.576845
671 104.886958 99.220348 38.595527 54.615453
672 104.474082 97.577717 38.707045 54.677341
673 102.965968 94.624163 38.462843 54.501144
674 102.723810 91.855128 38.221177 54.593462
675 102.150024 89.471704 38.177506 54.418923
676 99.208862 84.958598 37.902168 54.110154
677 98.277804 83.267970 37.858318 54.037922
678 95.874055 77.203311 37.554985 54.381178
679 94.156946 74.999722 37.763058 54.038977
680 92.711913 72.925851 37.846891 53.937563
681 92.551286 71.492135 37.895851 53.771239
682 91.467466 68.417752 37.946086 53.665000
683 90.862525 66.341193 37.844762 53.806721
684 90.545366 63.880880 37.803409 53.830369
685 89.753091 63.395546 37.971458 53.669545
686 89.390863 61.828228 37.915843 53.723062
687 89.379896 61.933689 37.982292 53.957861
688 89.266863 61.649298 37.909530 53.819156
689 89.166676 61.352261 37.925756 53.780612
690 89.132890 61.181765 37.992703 53.800415
691 89.126721 61.135359 37.981503 53.948213
692 89.135977 61.161224 37.997655 53.995095
693 89.137156 61.163648 37.997655 53.995095
694 89.138336 61.166073 37.997655 53.995095
695 90.536727 61.562249 37.850229 53.903973
696 92.290323 62.974846 37.552172 53.642390
697 92.514244 63.153623 37.997655 53.995095
698 92.515423 63.156047 37.997655 53.995095
699 92.517608 63.157944 37.997200 53.993697
700 93.058768 62.656612 37.848645 54.011119
701 93.419416 62.540890 37.885921 54.409345
702 93.877166 61.600959 37.879610 54.422448
703 93.959717 61.623503 37.987436 54.477276
704 94.112337 61.326787 37.946657 54.431725
705 94.258445 59.730482 37.954949 54.022493
706 94.340230 59.785965 37.984044 54.339869
707 94.462638 58.887227 37.988443 54.086085
708 94.547812 58.815291 37.967683 54.328809
709 96.173252 57.579018 37.823412 54.273427
710 97.040512 57.419466 37.842240 54.353861
711 97.130914 57.499937 37.992794 54.446705
712 100.012348 57.279177 37.775472 54.229464
713 101.938024 57.713885 38.038631 54.117015
714 107.159618 61.927269 38.385911 53.436363
715 110.524713 63.148668 38.123873 52.963398
716 113.738824 64.132214 38.107819 52.865154
717 117.748042 65.289862 37.739846 52.644918
718 121.031997 66.457433 37.511811 52.680411
719 121.276099 66.617200 37.997655 52.995186
720 126.167660 67.460275 37.576080 52.953764
721 130.284664 68.250846 37.292255 52.789135
722 134.996442 68.668420 37.113070 52.707980
723 138.525261 68.188092 36.934242 52.882001
724 141.401347 68.451457 36.825282 52.786749
725 145.510440 68.564368 36.523375 52.532944
726 145.790147 68.778006 36.977421 52.992070
727 150.377534 68.526918 36.474553 52.855078
728 153.064222 68.622629 36.289159 52.761944
729 156.613871 68.492979 36.014611 52.865710
730 157.238229 68.436558 36.393131 52.985024
731 161.412926 68.098380 36.027428 52.691778
732 164.522024 66.500558 36.162500 52.971056
733 167.384535 64.392457 36.167992 53.010940
734 167.751349 64.548592 36.421366 53.473443
735 167.994280 64.472483 36.420560 53.473359
736 172.131763 62.674185 35.947611 53.509388
737 172.298149 62.455825 35.935526 53.826404
738 176.376793 56.988424 35.960279 53.826077
739 176.446605 57.018889 35.982307 53.977560
740 178.571568 53.616923 35.868622 53.600872
741 178.642233 53.813701 35.995539 53.987805
742 179.772885 51.235387 35.870912 53.798837
743 180.590845 49.467462 35.763212 53.511136
744 180.842462 49.004671 35.945055 53.507248
745 181.645405 45.521249 35.858136 53.877861
746 183.028984 45.200131 35.830914 53.710401
747 184.622648 43.370769 35.874401 53.625102
748 187.166432 42.154343 35.773671 53.544484
749 187.430918 42.196154 35.917941 53.976463
750 190.999352 39.949496 35.464550 53.535077
751 191.998251 39.421459 35.286680 53.973736
752 195.593157 38.815709 35.044494 53.553241
753 195.930304 38.897911 35.462170 53.981996
754 199.912506 38.853684 35.236063 53.584078
755 202.088090 39.633362 35.340626 53.244351
756 204.489690 40.835066 35.501793 52.879182
757 205.160744 41.195304 35.937862 52.907369
758 208.548691 43.873658 35.675122 52.837698
759 208.711137 43.954781 35.997779 52.995186
760 209.960632 44.369087 35.772605 52.887573
761 211.496548 47.833785 35.592531 52.924476
762 214.757444 52.340855 35.314007 53.060932
763 214.861837 52.649314 35.492691 53.450662
764 215.467602 53.794154 35.325666 53.391837
765 216.238371 54.423244 35.377223 53.348048
766 216.362800 54.716210 35.463147 53.460489
767 217.351886 58.222854 35.128579 53.324667
768 217.537603 58.310492 35.497810 53.495140
769 217.538705 58.312894 35.497810 53.495140
770 217.542360 58.316722 35.496936 53.496000
771 218.229735 59.159354 35.426317 53.515128
772 218.267220 59.407539 35.497498 53.993009
773 218.300341 60.598861 35.466150 53.692807
774 218.324120 61.173179 35.428628 53.851360
775 218.265422 63.703224 35.249262 53.524775
776 218.141974 66.445861 35.243789 53.734693
777 217.428109 70.135021 35.197539 53.411898
778 217.507577 70.203210 35.472829 53.478729
779 216.676427 72.082077 35.313120 53.333491
780 215.890642 73.299441 35.351788 53.224608
781 215.858816 73.871331 35.477498 53.432218
782 215.385064 76.790423 35.335513 52.983603
783 215.467314 76.798594 35.497810 52.995186
784 215.411690 77.086404 35.461792 52.942119
785 213.132436 82.141852 35.291891 52.302695
786 212.599157 82.615098 35.324404 52.422981
787 212.011820 84.818198 35.207655 52.235426
788 211.958162 86.961518 34.997736 51.961560
789 211.904912 87.690054 34.884912 51.746307
790 211.962039 87.818313 34.996048 51.993732
791 211.964022 87.821420 34.997840 51.995276
792 211.965108 87.823755 34.997840 51.995276
793 211.966195 87.826089 34.997840 51.995276
794 211.967281 87.828424 34.997840 51.995276
795 211.968368 87.830758 34.997840 51.995276
796 211.969454 87.833093 34.997840 51.995276
797 211.970541 87.835427 34.997840 51.995276
798 211.971627 87.837762 34.997840 51.995276
799 211.972713 87.840096 34.997840 51.995276
800 211.971705 87.857581 35.004631 51.983613
801 212.218711 87.869236 35.499233 51.992497
802 212.219101 87.872960 35.497810 51.995276
803 212.217068 87.876376 35.499648 51.991929
804 211.555194 88.203041 35.770309 51.640480
805 211.615093 88.405134 36.025878 51.932549
806 210.408686 88.887466 36.893381 51.092062
807 210.455648 89.095956 36.998073 51.489585
808 207.492462 90.341310 37.419682 50.638406
809 207.522307 90.531221 37.498823 50.987987
810 203.944546 91.951858 37.825177 50.794315
811 203.211451 93.692397 37.821348 50.880520
812 202.493967 94.959152 37.773658 50.999742
813 201.083510 97.087271 37.640795 51.303242
814 199.235100 99.271691 37.836168 51.431655
815 198.687581 101.132090 37.904092 51.422520
816 198.538152 101.774022 37.959665 51.453248
817 198.246840 103.424267 37.923353 51.400917
818 198.052634 104.662778 37.940449 51.370876
819 197.920847 105.289165 37.943990 51.368538
820 197.948860 105.354869 37.997655 51.495322
821 197.910013 105.827622 37.996575 51.456885
822 197.760405 107.320214 38.012751 51.418230
823 197.377580 109.542802 38.383264 51.481700
824 197.403394 109.636353 38.501999 51.486226
825 197.149427 110.505725 38.913710 51.541914
826 197.192580 110.734740 38.997594 51.995276
827 197.158896 110.781320 38.975947 51.986464
828 196.470000 111.494337 38.794979 51.936516
829 195.808290 111.949244 38.777348 51.882801
830 195.858381 112.019480 38.969829 51.983771
831 194.052274 113.012659 38.875659 51.795147
832 194.114452 113.115058 38.997594 51.995276
833 194.115663 113.117393 38.997594 51.995276
834 193.557989 114.260773 38.917974 51.908472
835 190.846575 115.202238 39.071776 51.900022
836 189.698682 115.858706 39.299851 51.927701
837 186.100510 116.969928 39.504731 51.942001
838 186.288364 117.009500 39.987549 51.992254
839 182.830722 116.590443 39.730225 51.912519
840 181.667146 117.209507 39.788282 51.806156
841 176.882069 118.269446 40.006273 51.702590
842 173.876236 119.554155 40.053207 51.953134
843 173.917895 119.629840 40.395024 51.965358
844 172.152700 119.470894 40.079989 51.893826
845 168.952872 118.315093 40.073933 51.816550
846 169.165914 118.406790 40.497501 51.995276
847 166.138369 117.597213 40.114507 51.807889
848 163.945205 117.387457 40.160128 51.676054
849 163.917848 117.374600 40.448787 51.939407
850 162.822532 115.583585 40.349879 51.774142
851 162.383508 115.461789 40.441931 51.885221
852 161.214488 114.943158 40.399619 51.724219
853 160.228319 114.120477 40.326326 51.750788
854 160.004060 114.073139 40.420786 51.936184
855 159.836512 113.532543 40.385774 51.963799
856 159.767843 113.132174 40.414985 51.984205
857 159.650274 110.520558 40.237146 52.279252
858 159.717126 110.131640 40.469688 52.410008
859 159.706935 108.965538 40.380755 52.414865
860 159.723805 106.475756 40.317904 52.432629
861 159.944121 104.805281 40.348566 52.584309
862 160.570021 101.629202 40.294612 52.851727
863 161.660443 97.627466 40.261647 52.853693
864 162.481345 94.966002 40.383978 52.910339
865 163.284989 92.758168 40.304560 53.003313
866 163.959192 90.490933 40.361321 53.359997
867 165.333172 89.627158 40.233502 53.353231
868 166.098215 87.682369 40.334138 53.337879
869 168.714914 83.374036 40.080028 53.205685
870 168.931619 83.489728 40.494239 53.457116
871 168.948429 83.503826 40.491169 53.480614
872 169.456964 83.463867 40.357723 53.350591
873 169.655428 83.532451 40.440413 53.467711
874 171.960971 84.039143 40.141127 52.911629
875 172.249363 84.100718 40.451842 52.980260
876 172.273450 84.110560 40.497501 52.995186
877 172.337697 84.173876 40.478693 52.969206
878 173.077023 85.091881 40.264700 52.747034
879 174.196123 86.072727 40.253008 52.746164
880 174.319627 86.199617 40.497501 52.995186
881 174.329190 86.264869 40.491675 52.972375
882 174.607894 86.924454 40.383839 52.919990
883 175.739014 87.289823 40.184034 52.886221
884 178.389007 89.000481 39.881689 52.935459
885 180.303526 91.971313 39.406519 53.037957
886 181.853671 95.513161 39.102392 53.285556
887 183.120105 98.996710 39.085879 53.257994
888 183.629570 99.220174 39.361946 53.503730
889 186.124542 102.368190 39.061591 53.396222
890 186.343754 102.420051 39.497563 53.495140
891 186.346201 102.428175 39.498056 53.491316
892 187.094654 102.762746 39.287446 53.262558
893 189.262625 102.910315 39.223516 53.075858
894 190.165732 103.119478 39.348250 53.398487
895 190.248397 103.172436 39.495142 53.493120
896 190.186081 104.797918 39.435145 53.398845
897 189.622828 108.724214 39.086229 52.906841
898 188.141758 111.651131 39.100891 52.366260
899 188.274772 112.289657 39.454381 52.297365
900 187.951666 113.399534 39.420160 52.134912
901 187.446746 114.035155 39.445068 52.255826
902 187.120488 115.867844 39.351499 52.072433
903 186.070895 117.473278 39.328111 51.758983
904 184.792214 118.454960 39.233648 51.608290
905 182.376290 120.608760 39.120334 50.800432
906 182.564031 120.720049 39.492472 50.986506
907 182.567640 120.730755 39.497393 50.994621
908 183.035739 122.188714 39.285956 50.869953
909 184.061920 125.591036 39.059497 50.867351
910 184.335228 125.885509 39.469967 50.941426
911 184.559784 129.783572 39.208196 50.883628
912 184.671195 130.794538 39.414994 50.921010
913 184.764280 132.072888 39.354158 50.813356
914 184.840170 132.187077 39.497114 50.985820
915 186.020866 133.316604 39.235411 50.863132
916 186.840406 134.004618 39.349604 50.887830
917 187.399211 136.550961 39.233486 50.872478
918 187.484684 138.644154 39.363092 50.911113
919 187.234951 142.343559 39.189140 50.729243
920 187.338583 142.653084 39.479585 50.928698
921 187.348798 142.688708 39.497563 50.995367
922 187.401190 142.699254 39.463398 50.987150
923 188.703268 142.789488 39.099395 50.727687
924 188.903578 142.925618 39.497563 50.995367
925 188.904804 142.927908 39.497563 50.995367
926 188.906031 142.930198 39.497563 50.995367
927 188.907257 142.932487 39.497563 50.995367
928 189.127301 141.354424 39.305268 50.819589
929 189.250132 141.264683 39.474377 50.916482
930 189.692500 138.087106 39.150990 50.639629
931 189.390064 136.273334 39.248940 50.457465
932 189.824380 131.511026 38.933671 49.927848
933 189.865288 131.531021 38.992517 49.985707
934 190.948773 127.302361 38.576945 49.805508
935 191.314231 127.152842 38.900138 49.938538
936 191.472184 123.167302 38.673058 49.661288
937 191.484569 122.917856 38.798736 49.816790
938 191.417381 122.214483 38.806450 49.760342
939 191.536665 122.217900 38.969687 49.928300
940 192.120641 118.973513 38.653574 49.493802
941 192.681386 118.507534 38.805702 49.443482
942 192.796828 118.526633 38.986393 49.489013
943 193.185839 117.499913 38.729707 49.318025
944 193.841536 115.650993 38.587690 49.357499
945 194.117484 115.634032 38.937809 49.466526
946 195.489521 113.475729 38.680614 49.393173
947 197.519748 112.051013 38.529626 49.394731
948 198.149356 111.906459 38.816072 49.448176
949 198.512822 111.882913 38.871596 49.471666
950 198.578515 111.897032 38.996128 49.495511
951 198.595873 111.896565 38.984879 49.491458
952 198.988924 111.842800 38.824950 49.439391
953 200.549670 111.161600 38.694968 49.527151
954 201.289882 111.080155 38.738273 49.850106
955 202.681162 109.560015 38.630040 49.910984
956 202.873601 109.600918 38.994207 49.986534
957 203.464073 108.247115 38.876303 49.625616
958 204.147285 106.425962 38.865498 49.650581
959 204.650276 105.487772 38.878131 49.641476
960 204.731804 103.927217 38.873874 49.126048
961 204.419468 101.629714 38.688428 48.602843
962 204.457881 101.559051 38.816349 48.826354
963 204.458925 101.450944 38.698652 48.906418
964 204.608859 101.499864 38.994425 48.993240
965 204.611654 101.503218 38.997594 48.995549
966 204.612865 101.505417 38.997594 48.995549
967 204.614075 101.507617 38.997594 48.995549
968 204.615286 101.509817 38.997594 48.995549
969 204.623177 101.512545 38.989828 48.994404
970 204.699172 101.517929 38.952962 48.987455
971 206.731592 101.275813 38.449824 48.916778
972 208.462659 101.527083 38.082971 48.837179
973 208.719643 101.611991 38.456047 48.987460
974 208.785138 101.619242 38.457675 48.983243
975 209.115517 101.580562 38.301968 48.910271
976 209.640138 101.169703 38.280346 48.821297
977 209.890569 101.142122 38.403386 48.934685
978 210.147662 100.429017 38.420261 48.875728
979 210.844189 99.907548 38.325169 48.863009
980 211.401920 99.346926 38.367402 48.936293
981 212.136630 98.823809 38.308338 48.923783
982 214.192009 97.893587 38.232376 48.814851
983 214.359176 97.962724 38.469902 48.981567
984 214.399642 97.963120 38.480619 48.984310
985 214.701807 97.786977 38.351906 48.919631
986 216.239135 96.912746 37.987150 48.750656
987 216.351630 97.010712 37.935464 48.975490
