45 1163.763211 305.760359 322.696780 266.009307
46 1101.189148 296.637620 331.746505 265.023936
47 1082.173280 297.555837 329.811238 264.268445
48 1055.350645 305.384756 331.853846 261.807227
49 1055.167434 305.934193 340.852518 261.499825
50 1080.198224 286.386846 336.841012 261.470024
51 1080.282861 286.384426 336.930773 261.472393
52 1080.275565 284.305633 337.029921 260.389161
53 1080.582300 284.036178 337.511829 260.197956
54 1083.042502 282.858883 338.114061 259.666162
55 1128.176911 260.651033 341.995449 259.014179
56 1174.867658 245.491909 343.777162 260.176742
57 1195.035628 243.206183 344.900240 254.804171
58 1194.909451 245.213030 344.926629 252.321357
59 1218.728354 245.891897 341.817083 249.734778
60 1273.580383 261.004765 351.303308 253.716576
61 1276.342225 247.960908 349.645549 254.248059
62 1271.436408 226.152207 354.373381 253.281850
63 1267.159325 215.107861 355.077656 252.672141
64 1177.594479 177.179912 403.471570 271.707282
65 1197.401196 163.745207 408.351038 304.766245
66 1213.974744 158.198513 394.753520 320.251629
67 1261.347183 151.148344 368.032251 330.722109
68 1289.026906 151.772989 336.817324 328.590820
69 1307.588233 163.513112 322.934893 307.867557
70 1312.756130 165.362608 318.534668 300.714896
71 1315.965822 166.003015 319.029236 299.556467
72 1305.917386 172.287890 323.126359 300.250683
73 1305.689842 173.394526 323.331089 300.105395
74 1307.953268 179.638520 322.565852 308.263701
75 1312.164440 192.630513 321.010513 310.377918
76 1294.175828 178.088259 316.824101 314.201463
77 1228.398091 155.834304 321.269931 331.522350
78 1134.768872 118.577365 335.120640 345.586277
79 1111.254723 148.397749 349.262454 349.430101
80 1065.816199 171.475678 353.876783 341.702149
81 1017.359673 164.806071 347.398843 332.620584
82 1014.196466 164.491330 348.613427 332.171530
83 1017.704913 164.204130 350.053631 332.069811
84 1079.690913 168.427169 353.831999 337.083221
85 1098.579121 162.574485 358.764272 336.926694
86 1101.885520 166.440382 360.651914 335.564873
87 1102.061405 166.728570 360.992030 335.921077
88 1145.958517 172.512414 362.321935 336.719488
89 1150.997278 173.632293 366.302707 336.576957
90 1157.793161 175.408928 364.892183 336.558075
91 1179.528552 180.270190 361.852282 335.481858
92 1185.578396 179.964486 361.447097 334.995683
93 1210.694921 168.878981 360.138156 335.632269
94 1235.390422 181.849708 364.008630 336.262003
95 1248.090936 176.647128 362.868872 336.603013
96 1252.418403 174.354172 361.870575 336.962928
97 1259.715409 163.006684 359.904522 337.932122
98 1273.366540 185.677181 352.720510 340.497956
99 1286.915391 185.200807 344.779568 338.768414
100 1291.672487 166.139400 342.504270 337.336046
101 1298.364327 181.964120 339.798212 334.831449
102 1298.488454 167.437384 337.529885 334.277622
103 1298.677448 168.815610 338.897626 330.996522
104 1300.197869 176.978630 346.258099 327.094594
105 1301.167707 187.678173 349.192293 323.059269
106 1302.917845 162.593217 349.091663 319.615829
107 1302.643032 162.991113 350.172668 319.637726
108 1306.369789 205.940087 347.851585 317.143173
109 1307.941151 172.512086 344.656771 312.182949
110 1306.014324 200.995796 341.823697 311.134651
111 1304.716571 129.115562 337.458726 313.984942
112 1303.446561 235.578894 329.478060 311.542383
113 1306.285621 255.442744 323.822232 309.251222
114 1307.817908 265.003483 322.640581 304.250348
115 1309.705589 273.251074 321.127660 299.971323
116 1316.252046 288.412198 317.315974 292.598805
117 1317.346571 289.351627 315.812664 291.665822
118 1317.543411 289.548206 315.619185 291.787637
119 1318.270407 289.910026 314.669747 291.357674
120 1318.739545 290.159926 314.174360 290.954085
121 1319.257948 290.415500 313.561532 290.255749
122 1321.001641 290.881976 310.763624 287.356774
123 1324.152045 292.586805 305.992240 281.790091
124 1328.785032 293.741847 300.236980 276.865121
125 1333.629838 296.512304 293.156739 270.338772
126 1336.302797 298.341729 289.653427 267.033143
127 1337.395802 299.772213 287.976453 264.395784
128 1337.740255 300.352198 287.157664 263.307200
129 1338.235629 300.760779 286.618411 262.660404
130 1338.703768 301.162557 286.223418 262.293174
131 1339.369033 301.635145 285.060746 261.450877
132 1340.199017 302.482867 284.050359 259.906562
133 1340.811188 303.061413 283.539512 258.882279
134 1341.497031 303.857487 283.122074 257.824507
135 1342.065778 304.592746 282.651562 256.878230
