2 555.143506 143.013175 77.451180 105.382886
3 553.695914 139.259151 77.258034 104.305703
4 583.552035 103.981605 79.726694 108.333948
5 605.044668 86.972683 80.131660 109.627948
6 592.359790 92.143084 84.282965 105.218468
7 590.178189 80.049839 85.604497 103.814706
8 590.288852 80.445587 86.154900 103.439363
9 608.039469 59.837396 85.810112 106.496853
10 601.208917 60.786131 87.685133 104.493634
11 601.367693 60.782358 87.981923 104.488968
12 571.355094 25.416025 96.891311 125.547548
13 571.354790 25.884043 96.865528 125.719864
14 554.051607 100.309023 101.254157 125.055567
15 544.898324 142.664933 101.119400 129.590956
16 550.323273 107.238133 99.239981 131.809051
17 563.988960 56.710188 98.636391 136.662828
18 558.241378 48.288425 99.618802 137.737375
19 527.317663 92.635286 100.292380 138.682725
20 523.289464 68.199030 100.456055 141.114092
21 551.904044 63.609125 101.110720 134.345673
22 576.482807 57.341786 100.656982 130.267245
23 579.909165 56.630896 99.701009 127.178316
24 578.733683 55.391906 98.699961 126.761928
25 568.652197 60.054106 99.315748 128.186598
26 583.592333 57.440126 97.115660 128.259979
27 593.196439 58.184894 94.556945 129.414484
28 605.588478 58.602594 90.952057 130.853254
29 604.972719 64.163045 90.513808 134.019572
30 625.468126 64.810886 88.499048 134.348963
31 680.783313 30.623108 82.915595 130.529661
32 718.298048 24.849012 78.033137 128.249818
33 732.913142 21.553885 76.469352 132.163829
34 734.826645 21.608340 72.590765 134.655600
35 740.113476 23.059336 71.579614 136.326715
36 742.512245 27.022883 69.660664 134.863069
37 737.859046 32.331647 68.627759 135.132158
38 738.088824 32.752420 68.455091 135.613393
39 729.206672 31.910863 67.113379 134.938148
40 731.605930 33.433730 66.879611 135.530582
41 740.114215 35.836370 65.708153 136.837082
42 748.291996 38.470155 64.430544 139.566646
43 751.072779 39.412904 63.750064 139.849936
44 755.703066 47.287106 63.316623 139.573375
45 756.476317 50.306865 62.184894 139.811584
46 752.578516 66.958634 59.663257 139.137350
47 746.504512 71.538833 60.012847 137.827079
48 747.414096 71.386736 59.109908 137.226170
49 729.673790 116.233390 58.807505 143.024516
50 730.830183 101.109883 57.873128 134.521677
51 752.853266 82.185146 57.176952 131.167527
52 716.570389 112.567529 61.586849 140.874411
53 717.283019 108.105176 59.908103 133.766908
54 721.994066 109.256623 57.799719 133.005124
55 742.391767 91.959849 58.576866 125.828240
56 739.234932 97.488985 58.429508 125.215114
57 755.728566 109.515333 58.183250 132.798478
58 755.991559 115.254581 57.846359 133.834649
59 755.367933 118.506545 56.649459 136.196239
60 753.675063 119.685030 55.557070 134.698689
61 750.318830 121.984257 55.751522 132.314351
62 763.472305 115.658216 56.363060 132.983511
63 766.160730 107.804745 55.970275 132.710123
64 767.080692 110.376463 54.813506 133.088622
65 765.497673 127.918133 54.304262 133.361443
66 761.561075 122.278520 54.390740 133.327882
67 757.189380 124.814149 54.276249 132.953746
68 753.396485 127.563927 53.620859 131.688209
69 751.999276 127.354391 53.825106 131.607742
70 759.439517 84.470013 55.551282 128.235119
71 746.698218 110.094730 56.294415 123.288223
72 731.295131 122.543770 57.183902 120.274245
73 730.867115 120.431535 57.426281 120.552902
74 736.220880 165.170763 59.213060 125.806231
75 740.567594 210.991013 65.677366 125.288503
76 741.669561 237.421318 66.780972 126.825452
77 757.073093 244.191433 67.502090 123.534042
78 767.355795 242.587299 67.286149 123.822593
79 764.097837 296.811981 68.745460 126.911193
80 779.719403 320.616822 70.968999 125.043197
81 770.542793 347.702144 72.168324 128.682861
82 780.636093 439.838490 71.142336 131.663519
83 787.361525 443.606419 70.686248 126.565135
84 799.841672 453.131253 69.681791 120.817662
85 804.604410 452.144406 68.350880 117.808382
86 817.406713 461.121854 68.704538 111.462919
87 819.620366 470.736377 67.752734 107.928048
88 820.331895 472.421878 67.374037 106.405444
89 828.577862 485.833825 67.323679 99.632345
90 842.168449 496.901766 66.745156 96.685562
91 857.301678 510.877602 66.338745 91.845580
92 849.566076 528.823321 65.781134 89.614692
93 853.383478 530.500528 65.522310 88.825991
94 852.332712 532.615419 65.856510 85.559947
95 867.836663 526.634807 64.993109 83.649791
96 870.500387 527.971210 63.969885 81.837567
97 866.605346 529.740007 63.248123 78.849227
98 866.377006 530.489967 62.608636 77.429509
99 870.235718 521.431500 61.582161 76.164831
100 870.438278 518.188865 60.411168 74.973828
101 858.718395 519.855898 60.852179 75.554849
102 866.099480 511.945059 60.095075 73.794525
103 866.865076 513.356181 59.912766 72.073920
104 858.993396 511.264131 59.574437 71.977360
105 827.674981 510.021368 63.063595 77.310736
106 827.815336 521.246581 62.289833 78.224264
107 824.740723 516.155638 62.855950 78.492151
108 822.028990 513.699274 63.233209 80.013664
109 822.820079 516.586028 63.777745 79.551689
110 824.291830 521.119472 64.794247 79.381020
111 823.124307 521.227637 65.134367 79.605568
112 830.594812 509.773276 63.741598 79.056095
113 833.108235 511.250020 64.249835 79.956832
114 840.014215 518.590353 68.752927 80.052452
115 827.963046 517.211997 68.140303 77.641816
116 826.392812 512.305158 68.241189 77.618635
117 824.857292 510.081966 66.482846 75.405611
118 824.648122 510.189106 66.145197 75.431537
119 823.527345 504.168468 65.719438 73.857380
120 801.418683 510.606372 69.947699 70.672408
121 778.592213 512.750180 71.290886 68.156959
122 769.974446 501.454110 69.866253 70.780437
123 766.348485 498.861851 68.724670 72.567686
124 766.336444 495.016947 67.982885 70.997557
125 767.471297 494.702460 68.503186 71.879754
126 773.190922 497.954747 72.443936 70.687075
127 770.531891 501.751095 72.935950 70.638099
128 768.833722 503.096334 74.599033 70.207011
129 765.956257 514.730840 79.308146 72.366659
130 762.968561 516.471545 80.437331 72.564215
131 770.056551 516.198931 80.992308 72.965334
132 770.643366 516.321583 81.519826 72.518938
133 770.723226 516.886744 82.216391 72.488139
134 781.562491 518.835170 83.218500 72.442658
135 784.478636 519.180067 83.825610 72.621461
136 785.909080 522.754728 83.691490 72.048169
137 796.895706 518.081509 83.920901 69.843024
138 796.936538 518.155337 83.982745 69.992610
139 802.083522 511.381765 83.736871 67.204298
140 794.134960 504.110062 83.578428 67.366918
141 772.744589 504.126038 86.297201 65.433369
142 809.991585 519.722656 87.599431 66.193750
143 805.385051 516.105802 87.866243 67.607622
144 815.879459 505.765498 93.767711 77.783411
145 811.460017 503.699082 93.331268 80.910565
146 800.254950 497.075773 97.873173 84.524511
147 810.521335 490.803107 98.284689 86.042157
148 813.744756 487.910974 97.127835 86.531261
149 845.457180 489.907072 96.767199 83.730049
150 849.705286 491.533758 95.941144 84.168100
151 853.457651 490.814400 94.977951 85.371866
152 853.792105 490.785830 94.505637 85.855266
153 851.917557 490.449614 93.881627 86.642435
154 860.411607 494.016500 92.466064 87.614710
155 857.710172 493.080624 92.064148 88.125679
156 857.850667 492.425964 91.991834 89.427115
157 853.595867 504.450718 90.947617 92.099857
158 852.593555 504.756629 90.460648 92.646084
159 862.290886 506.540371 91.171032 94.034500
160 862.579350 506.353521 91.380051 95.017410
161 864.243452 515.642582 91.867130 96.563480
162 861.513461 519.753660 92.515562 99.194881
163 861.602616 520.365633 93.072701 100.004818
164 860.099285 521.515866 93.336157 100.894418
165 856.297434 522.444196 93.299906 101.686384
166 857.911082 522.994733 93.441818 102.600720
167 857.883480 529.624418 93.257997 104.465402
168 859.817256 537.782943 93.465255 105.370008
169 859.008878 541.281823 93.980757 108.576387
170 855.323568 554.089862 93.435306 110.998230
171 845.178427 582.698524 93.620864 115.710494
172 852.379882 583.498848 96.801557 118.631831
173 861.013897 586.932770 99.267124 118.410530
174 860.871611 585.401552 99.245935 118.566529
175 861.116303 585.113979 99.586716 118.995114
176 861.440348 582.401012 99.815354 118.461821
177 858.163945 582.307809 98.973079 118.831714
178 852.427957 581.418317 98.208775 118.912972
179 873.980563 574.565557 96.871744 123.675067
180 842.523049 568.384420 97.937784 125.976294
181 848.545444 566.238122 97.030408 125.221957
182 884.682679 558.988488 96.889463 127.083041
183 878.465357 558.343266 98.764615 127.663282
184 869.404408 542.528486 101.669502 131.868063
185 868.104456 534.423762 102.761039 132.887540
186 870.508750 525.105421 102.100168 133.093353
187 876.360410 516.272506 101.509053 134.100375
188 878.067131 510.342936 101.981630 134.700151
189 889.341737 489.730658 100.351640 142.236145
190 897.824052 458.225784 101.702783 144.112535
191 948.910094 412.704746 107.322078 145.808791
192 951.885464 411.377200 106.474144 147.771951
193 955.110833 410.561955 106.177730 150.169952
194 957.385334 407.660002 105.957397 153.068677
195 962.922477 390.349473 105.370753 158.346311
196 963.002665 384.753616 106.637255 159.127008
197 965.351500 382.429108 108.938988 158.931089
198 970.816507 375.700488 112.692935 160.221042
199 966.713918 373.765450 114.742014 159.664022
200 966.533437 373.019255 116.276983 159.923599
201 966.166769 370.883238 116.844131 159.651146
202 920.254478 290.573313 136.196244 207.777016
203 938.421969 310.474694 136.092170 219.654733
204 941.926146 276.719198 143.182340 228.971636
205 974.035197 283.019199 142.371044 237.316160
206 1005.595254 311.058732 149.538412 243.550953
207 950.543503 358.080111 149.068365 222.501074
208 948.091783 328.289972 154.862747 209.163401
209 946.555777 328.030121 155.168300 195.064618
210 901.403833 346.090457 153.824563 178.301740
211 891.991027 339.630056 146.927829 172.981158
212 887.713182 332.449484 139.824186 170.180560
213 881.071336 329.875751 134.915798 167.167897
214 890.144089 322.017369 132.894623 168.097126
215 920.601018 349.748152 129.513084 173.301251
216 918.917244 344.931867 124.524613 174.867233
217 915.962286 340.900310 119.017744 175.926673
218 919.162417 340.125250 116.746827 175.652037
219 928.501123 329.117285 117.644290 176.894656
220 940.365600 324.372778 120.438996 176.628580
221 952.762482 319.962552 117.224051 178.601552
222 984.746521 313.607368 117.208395 176.318455
223 985.389228 313.684464 115.489725 176.492871
224 984.294199 330.824970 113.884356 176.540271
225 980.309641 325.531560 112.623418 175.076326
226 981.403909 322.326910 112.664166 175.322404
227 988.129273 320.937314 110.570811 177.180176
228 988.699143 321.380960 110.537512 177.419348
229 988.120241 327.263575 108.260976 176.737381
230 997.015675 327.417445 106.611771 179.430345
231 999.359002 337.987730 106.761444 180.018766
232 1001.781021 344.937847 106.253325 177.621883
233 1003.982020 345.933865 106.676746 176.411527
234 1004.166688 351.877580 107.003500 174.522325
235 1006.251820 353.262614 107.021150 174.888173
236 1013.084526 361.578571 108.567515 172.942868
237 996.073239 425.878817 119.121338 168.217330
238 1000.763131 417.186194 119.792301 168.409682
239 971.925863 427.177805 123.202818 164.780285
240 951.105432 426.075107 125.128085 157.568142
241 933.434171 422.222767 130.334458 155.744644
242 929.315334 422.254322 132.841176 152.391402
243 929.046130 422.669221 134.054156 148.929468
244 939.664814 418.146611 133.749516 142.172302
245 1004.731373 411.760862 137.788277 136.523418
246 1007.299418 406.682429 136.598398 136.170162
247 994.752656 403.907272 134.697391 134.804242
248 1003.396538 391.009681 131.551538 134.352961
249 1002.265120 382.635333 129.976178 132.822117
250 1024.724370 364.296206 125.948838 131.901228
251 1025.251932 363.111213 125.583371 132.495471
252 1042.583553 357.154102 126.057089 134.359212
253 1042.995360 357.949101 125.687159 135.073068
254 1066.257496 368.334313 127.407961 136.261814
255 1071.106008 367.985076 127.189146 136.338692
256 1072.278710 367.825138 126.905517 136.738770
257 1086.354129 362.167286 123.294424 139.037840
258 1086.489288 361.676091 123.013556 139.474310
259 1078.580676 365.926522 122.454172 139.373914
260 1083.914091 377.973203 118.836616 141.480836
261 1094.961199 362.511168 119.942574 141.989533
262 1094.131748 361.164189 118.411314 145.198215
263 1094.458153 364.221769 117.799629 146.622822
264 1103.667121 341.125756 114.794222 154.043352
265 1092.956834 320.116187 117.319980 158.976337
266 1096.267892 311.774497 115.913030 161.284999
267 1107.006394 300.237514 114.962254 167.825551
268 1112.007521 309.308770 113.925598 172.899885
269 1105.879937 301.056172 115.659311 176.916611
270 1116.088284 292.494940 123.106894 180.769413
271 1112.154983 285.774573 127.013376 179.063604
272 1105.031731 296.321105 128.120461 169.008134
273 1105.961078 294.922296 127.876854 167.685237
274 1105.831745 296.117180 128.052039 167.257201
275 1107.217829 305.089207 129.939476 163.033657
276 1105.301753 316.490054 129.742660 164.755413
277 1095.222710 346.994710 128.938255 167.475639
278 1083.519665 361.771285 128.439835 172.284099
279 1084.751378 372.438473 128.078150 172.271933
280 1080.439247 411.289390 124.860730 182.505797
281 1105.374283 405.650139 124.926555 185.018081
282 1111.830527 409.100529 127.130800 184.436022
283 1113.853395 409.311770 127.567624 183.972150
284 1110.674399 408.252957 131.504315 184.271444
285 1113.539365 404.218741 135.876314 183.753643
286 1112.608454 388.322612 137.424161 184.746624
287 1108.715752 385.118809 135.454034 187.902878
288 1107.694717 378.993429 134.812832 189.083338
289 1107.787902 379.186797 134.969333 189.476976
290 1089.943413 431.395910 145.026426 209.861704
291 1059.558236 367.775768 143.834767 212.332799
292 1032.389911 417.333647 141.736761 212.968175
293 1023.687021 415.296233 140.545841 218.026862
294 1015.337707 384.633953 142.283894 221.923627
295 1015.201794 409.439340 144.480817 227.250189
296 1004.562377 359.974934 146.721997 231.836691
297 1003.136169 356.538985 148.388275 234.981399
298 1002.849558 354.038248 148.498619 236.871157
299 1002.482474 348.233463 148.315978 239.279589
300 1000.968316 352.820497 148.535186 234.388570
301 1001.313349 353.580914 149.210333 235.957641
302 1000.964833 356.392521 151.872821 234.353544
303 1000.666816 356.656030 152.766403 234.054706
304 1000.539759 356.809931 153.322998 233.619900
305 1000.434448 356.288012 153.311136 234.111915
306 1003.733862 354.759191 153.906361 235.355019
307 1017.994072 356.053240 155.279517 233.003173
308 1018.100754 356.341246 155.521503 233.294397
309 1019.590322 353.725223 155.797460 233.580589
310 1070.490883 450.250091 160.775114 232.667803
311 1059.941247 429.415345 156.235421 234.488481
312 1102.483320 467.191631 156.177202 222.843522
313 1113.348028 490.137719 148.206556 222.076100
314 1121.743650 483.689560 145.378617 226.195970
315 1092.999947 482.732292 145.850555 225.255777
316 1086.302578 484.301176 143.472657 225.626581
317 1086.055655 484.892878 143.114802 224.682150
318 1083.455907 484.944547 142.619109 223.700920
319 1097.977391 497.793731 148.037872 212.879649
320 1119.707332 499.279583 147.050640 209.068337
321 1121.709100 497.695143 145.957882 209.914694
322 1119.331978 489.163127 145.628044 206.073675
323 1110.845140 393.244017 144.393086 211.879846
324 1098.436544 365.162249 142.946059 211.349115
325 1088.266486 385.275436 143.932706 208.204097
326 1082.674659 391.561035 143.393864 207.472588
327 1074.377495 438.248538 140.668568 205.991356
328 1077.551981 433.077576 140.067000 206.892386
329 1100.183052 431.447638 144.228621 211.803937
330 1098.643166 434.326631 146.521827 212.523997
331 1092.266351 434.745553 148.404011 211.085546
332 1092.060186 420.736824 148.453230 209.852850
333 1084.990679 421.635178 147.902481 208.947793
334 1019.449611 388.270619 154.285522 223.563389
335 1019.928043 387.971210 155.544947 222.045349
336 1017.258413 399.249872 159.244781 218.250346
337 1007.069288 417.811971 155.507876 196.898678
338 1007.679547 418.472602 155.062699 195.570769
339 1009.327745 419.465394 154.551897 194.915368
340 1010.309756 429.713012 152.724880 195.550498
341 1011.093130 395.681222 149.500712 192.749197
342 1019.728718 469.708836 146.773567 203.184545
343 1019.740451 468.243989 146.813000 203.821142
344 991.973761 478.089602 149.923535 202.025020
345 996.930664 475.187054 159.910083 197.940421
346 998.356512 454.551376 164.283295 194.497302
347 1003.963065 448.604925 166.281272 190.763775
348 1004.948003 448.826127 166.775757 190.438453
349 1026.573883 429.202831 164.495436 185.724147
350 1041.888915 397.568539 160.152997 185.932355
351 1036.384212 392.795245 159.150421 185.298067
352 1051.497570 381.986196 159.428766 185.103084
353 1051.918568 380.299608 159.450237 185.205804
354 1053.229617 378.541060 159.398337 185.265537
355 1049.523944 380.279791 160.918846 187.891927
356 1033.077666 379.307970 161.049387 186.043427
357 1028.075118 376.905712 161.423399 185.479216
358 1026.660894 376.720242 161.261526 184.199462
359 1021.026574 376.282432 163.120905 182.419190
360 1019.363723 382.117467 163.445520 180.925175
361 1021.477172 383.286035 164.756153 180.089533
362 1023.382902 406.431413 164.557876 184.284519
363 1023.996622 412.772831 164.871558 185.555788
364 1028.975662 409.477442 165.043855 185.284240
365 1031.824853 414.083959 165.919915 185.591664
366 1063.669512 485.930879 167.365874 190.484288
367 1068.316788 456.606723 162.906432 201.410662
368 1074.496980 418.581365 160.396215 206.626040
369 1074.557644 418.752503 160.472938 206.983881
370 1074.301222 418.795109 160.449558 207.189218
