2 262.174938 17.664773 219.093616 462.335227
3 262.456012 17.839807 219.218878 461.809167
4 262.674225 18.030547 219.215152 461.293436
5 262.936941 18.248304 219.170544 460.649247
6 263.228796 18.556167 219.156006 460.073824
7 263.531772 18.894615 219.160213 459.591956
8 263.828719 19.212565 219.172281 459.150389
9 264.170908 19.585509 219.120545 458.326925
10 264.547203 19.897039 219.117415 457.249197
11 264.927584 20.263761 219.121005 456.217915
12 239.814574 39.963246 278.084836 386.221705
13 240.018412 40.112069 278.372513 386.256377
14 240.077242 40.242598 278.371689 386.257593
15 240.127453 40.371984 278.369033 386.257722
16 240.179019 40.501656 278.369299 386.257372
17 240.230479 40.631060 278.369060 386.257888
18 240.292854 40.747822 278.358476 386.270310
19 240.359885 40.858170 278.358688 386.270734
20 240.431855 40.968196 278.356511 386.269001
21 240.504038 41.080359 278.357520 386.267730
22 234.022371 40.846624 299.516621 386.020789
23 234.231459 41.081640 299.881167 386.282400
24 234.259061 41.185796 299.879608 386.282123
25 234.307183 41.274462 299.843674 386.291670
26 234.373273 41.358354 299.843674 386.291670
27 234.439362 41.442246 299.843674 386.291670
28 234.505452 41.526138 299.843674 386.291670
29 234.571542 41.610031 299.843674 386.291670
30 234.637631 41.693923 299.843674 386.291670
31 234.703721 41.777815 299.843674 386.291670
32 280.246800 22.145001 245.804787 430.428282
33 280.872160 25.175626 244.539673 423.147708
34 281.715223 28.600106 243.196419 415.112440
35 282.510680 31.960611 241.338638 406.610212
36 283.255225 35.001406 239.212204 398.058779
37 284.140526 38.220793 236.769875 386.938599
38 284.902482 40.697720 234.389347 375.867184
39 285.673513 43.681243 231.983283 361.223482
40 286.671534 46.857364 229.300654 344.132985
41 287.869893 49.219163 225.937733 326.348909
42 252.716400 55.501838 299.248113 327.722675
43 251.950150 57.826961 301.526156 326.538746
44 251.043732 60.930598 304.239217 325.348793
45 250.253763 63.257592 306.270430 324.122445
46 249.311061 65.836726 308.370231 323.440817
47 247.958140 68.948677 310.580510 322.279705
48 246.703874 72.577541 312.764163 321.302039
49 245.655389 75.546679 314.146613 320.348279
50 244.378573 79.536039 315.809602 318.848421
51 241.969597 86.518811 317.835786 315.803371
52 229.615303 105.352187 332.696692 307.928993
53 220.441283 120.435212 338.525049 302.808997
54 215.771955 127.626598 343.661130 302.745496
55 211.137632 133.626264 346.575122 301.799719
56 206.172485 139.467171 349.106966 298.891411
57 202.981414 143.147073 351.162546 297.162445
58 199.453071 146.486769 353.768678 295.917307
59 197.237093 148.578272 355.735504 294.870497
60 195.654842 150.303302 357.261459 294.008509
61 194.690507 151.619071 358.260429 293.768241
62 233.281615 232.759907 321.527363 247.240093
63 227.821234 236.471683 330.480162 242.047676
64 223.138251 240.106706 336.433834 236.464442
65 218.263572 242.240042 342.588524 232.319317
66 213.637826 244.596401 348.782067 228.072632
67 207.962183 247.707870 356.712241 223.176260
68 198.938228 253.356710 367.247370 215.074426
69 193.361819 256.451223 371.885883 211.236502
70 190.615900 258.043113 373.268930 209.300156
71 189.846480 258.854674 374.029398 208.452606
72 189.509875 259.481049 374.694469 207.575797
73 191.532373 176.073570 390.782028 273.685924
74 190.656677 175.700469 391.793652 274.750499
75 190.077686 175.457439 392.481376 275.457841
76 189.494772 175.167240 392.912142 275.875964
77 188.881200 174.880013 393.462271 276.421787
78 188.353652 174.636930 393.863356 276.819791
79 187.808415 174.415858 394.440451 277.358806
80 187.317965 174.225860 394.865333 277.784017
81 186.876903 174.081031 395.355380 278.269416
82 115.789926 169.175612 450.924808 300.314836
83 116.588640 175.123464 452.921633 295.873381
84 117.563675 180.751933 454.201367 291.915694
85 118.442067 186.274335 455.456331 287.813898
86 118.911397 191.759105 456.281418 283.612486
87 119.638083 197.682638 456.173464 280.033253
88 120.347087 203.555111 455.773332 275.650845
89 120.359791 209.630830 456.179734 270.369170
90 120.446741 217.312687 456.328602 262.687313
91 119.889882 225.230743 456.851220 254.769257
92 132.630862 173.620061 418.938865 279.308670
93 132.494801 173.602282 419.147369 279.551711
94 132.474904 173.699628 419.731858 280.076864
95 132.426267 173.790550 420.196887 280.560403
96 132.392091 173.873772 420.701332 281.089225
97 132.418808 173.986313 421.031999 281.491745
98 132.544898 173.908896 421.498050 281.469114
99 132.438405 173.842996 421.496000 281.468778
100 132.336254 173.779760 421.488061 281.463570
101 132.247639 173.725921 421.465832 281.449771
102 125.660415 273.918952 431.457050 206.081048
103 126.108421 274.393147 430.227445 205.606853
104 126.624689 274.805764 429.377969 205.194236
105 127.074438 275.196761 428.436117 204.727015
106 127.447888 275.564211 427.406822 204.251565
107 127.871698 275.933411 426.397693 203.702215
108 128.266914 276.286289 425.540577 203.299563
109 128.728644 276.575301 425.155659 202.851157
110 129.065869 276.796749 424.834487 202.449016
111 129.361273 276.965845 424.193329 201.951098
112 117.773611 179.810179 433.989387 263.842022
113 116.923687 179.511576 435.610795 264.753107
114 116.604857 179.328797 436.907779 265.563700
115 116.126877 179.234949 437.933429 266.579627
116 115.670544 179.139667 438.857787 267.563970
117 115.406406 179.125126 439.533272 268.367301
118 115.282173 178.951469 440.583183 268.888804
119 115.092638 178.746578 441.682628 269.433704
120 114.823498 178.479468 442.739964 270.022730
121 114.542867 178.442269 443.697257 270.964331
122 115.371221 178.615301 441.660499 270.457341
123 115.512898 178.617927 441.800451 270.362683
124 115.589046 178.669830 441.787151 270.359007
125 115.671317 178.723353 441.788732 270.359433
126 115.751491 178.776081 441.792652 270.360529
127 115.829789 178.828301 441.792399 270.360465
128 115.909710 178.881197 441.787952 270.359226
129 115.997945 178.937396 441.769679 270.354196
130 116.095318 178.996110 441.769679 270.354196
131 116.192690 179.054823 441.769679 270.354196
132 102.034540 168.523939 482.813434 288.593010
133 102.108385 168.712276 482.748315 288.844224
134 102.214789 168.775005 482.748315 288.844224
135 102.321193 168.837734 482.748315 288.844224
136 102.427598 168.900463 482.748315 288.844224
137 102.534002 168.963193 482.748315 288.844224
138 102.640406 169.025922 482.748315 288.844224
139 102.746811 169.088651 482.748315 288.844224
140 102.853215 169.151380 482.748315 288.844224
141 102.959619 169.214110 482.748315 288.844224
142 103.048658 169.234422 482.770977 288.853182
143 103.143731 169.292673 482.748315 288.844224
144 103.250135 169.355402 482.748315 288.844224
145 103.356539 169.418131 482.748315 288.844224
146 103.462944 169.480861 482.748315 288.844224
147 103.569348 169.543590 482.748315 288.844224
148 103.675752 169.606319 482.748315 288.844224
149 103.782157 169.669048 482.748315 288.844224
150 103.888561 169.731778 482.748315 288.844224
151 103.994965 169.794507 482.748315 288.844224
152 103.530195 166.029621 489.772058 294.505568
153 103.628114 166.256497 489.744457 294.839640
154 103.738268 166.314381 489.749714 294.842073
155 103.845864 166.370416 489.750391 294.842312
156 103.953846 166.427696 489.747377 294.840976
157 104.066512 166.483702 489.744340 294.838753
158 104.180930 166.540510 489.744293 294.838669
159 104.295326 166.597431 489.744293 294.838711
160 104.409721 166.654345 489.744293 294.838697
161 104.524046 166.711351 489.744317 294.838725
162 87.652854 184.467790 470.128470 276.613576
163 87.819683 184.646473 470.254828 276.850692
164 87.923334 184.706598 470.254828 276.850692
165 88.026984 184.766722 470.254828 276.850692
166 88.130635 184.826847 470.254828 276.850692
167 88.234285 184.886971 470.254828 276.850692
168 88.337936 184.947096 470.254828 276.850692
169 88.441586 185.007221 470.254828 276.850692
170 88.545237 185.067345 470.254828 276.850692
171 88.648888 185.127470 470.254828 276.850692
172 74.737859 157.697000 540.188945 280.501148
173 74.871635 157.931687 540.218352 280.848536
174 74.990706 157.992680 540.218352 280.848536
175 75.109778 158.053673 540.218352 280.848536
176 75.228849 158.114666 540.218352 280.848536
177 75.347921 158.175658 540.218352 280.848536
178 75.466992 158.236651 540.218352 280.848536
179 75.586063 158.297644 540.218352 280.848536
180 75.705135 158.358637 540.218352 280.848536
181 75.824206 158.419630 540.218352 280.848536
182 114.542954 190.608694 461.701018 270.848877
183 112.783799 189.436996 466.479269 272.046679
184 111.116332 188.576958 470.379811 273.360554
185 109.773173 187.785342 473.626680 274.133921
186 108.491082 187.088252 477.309510 275.156540
187 107.384785 186.467961 480.105294 276.067460
188 106.486095 185.890956 482.879620 277.061675
189 105.805624 185.507853 484.405619 277.863212
190 105.252235 185.096617 485.586107 278.252740
191 104.864552 184.719700 487.006482 278.765731
192 94.986854 144.913032 512.832518 303.767524
193 95.049949 145.013325 512.732682 303.836139
194 95.162962 145.079310 512.732682 303.836139
195 95.275975 145.145295 512.732682 303.836139
196 95.388989 145.211280 512.732682 303.836139
197 95.502002 145.277265 512.732682 303.836139
198 95.615015 145.343250 512.732682 303.836139
199 95.728029 145.409235 512.732682 303.836139
200 95.841042 145.475220 512.732682 303.836139
201 95.954055 145.541205 512.732682 303.836139
202 87.128697 144.351574 529.422344 305.148869
203 87.146215 144.511116 529.224084 305.335330
204 87.262864 144.577427 529.224084 305.335330
205 87.379512 144.643737 529.224084 305.335330
206 87.496160 144.710048 529.224084 305.335330
207 87.612808 144.776359 529.224084 305.335330
208 87.729456 144.842670 529.224084 305.335330
209 87.846105 144.908980 529.224084 305.335330
210 87.962753 144.975291 529.224084 305.335330
211 88.079401 145.041602 529.224084 305.335330
212 173.374785 156.437790 521.101431 323.562210
213 173.526076 156.393209 521.164245 323.606791
214 173.648844 156.374648 521.184984 323.625352
215 173.732199 156.241395 521.167826 323.758605
216 173.818239 156.084573 521.174067 323.915427
217 173.909339 155.778812 521.156288 323.970739
218 174.029795 155.440607 521.154621 323.965239
219 174.153124 155.097736 521.151886 323.968946
220 174.279187 154.747649 521.150518 323.971588
221 174.422670 154.341721 521.124433 324.019806
222 170.155769 150.864465 521.741111 324.746924
223 170.130964 150.949641 521.720351 324.756647
224 170.106235 151.025880 521.712137 324.751115
225 170.073491 151.109363 521.720376 324.745241
226 170.061170 151.194172 521.714302 324.755036
227 170.059951 151.274486 521.715696 324.759747
228 170.059328 151.352181 521.713904 324.759297
229 170.038545 151.437757 521.732771 324.749131
230 169.996379 151.536288 521.749896 324.745536
