5 347.353775 267.955840 48.955387 57.858067
6 347.307422 268.030970 49.026328 57.737846
7 347.479174 268.028814 49.548991 57.756473
8 347.589217 267.745268 50.139961 57.540616
9 347.595311 268.041938 50.601626 57.583619
10 347.643285 268.347562 51.152459 57.483774
11 347.786880 268.311327 51.506056 57.376572
12 347.957739 268.432067 52.074625 57.286336
13 348.051143 267.605640 52.553400 56.892529
14 348.122063 267.436969 53.030875 56.323801
15 348.318193 267.538981 53.395883 56.102255
16 348.288625 268.031681 53.324488 55.934437
17 348.251817 268.267065 53.303281 55.130017
18 348.323839 268.560836 53.376094 55.132266
19 348.372975 268.818970 53.387273 55.250363
20 348.342620 269.292381 53.163888 54.584862
21 348.492132 269.716399 53.169827 54.378039
22 348.578034 270.040746 53.198534 53.674620
23 348.675799 270.242152 53.027022 53.187180
24 348.841712 270.626341 53.280722 53.120637
25 348.873038 271.086886 53.294087 52.951299
26 348.890000 271.542552 53.265814 52.844805
27 348.904573 271.844437 53.386821 52.765149
28 348.841034 271.727059 53.395679 52.634524
29 348.792154 271.713967 53.541126 52.870151
30 348.631216 271.462724 53.881546 53.014365
31 348.419777 271.893605 53.936224 53.648455
32 348.156201 272.518189 53.892906 54.123558
33 347.393572 272.828562 53.962527 54.491185
34 347.013193 273.605771 54.117579 54.328198
35 346.811206 274.199889 54.289505 54.817098
36 346.373481 274.783547 54.261629 55.200842
37 346.289287 275.280780 54.184599 55.449559
38 345.261542 276.445806 54.373596 54.924665
39 344.970660 276.767793 54.344477 54.814390
40 343.480603 277.799823 54.739107 54.205721
41 342.082531 278.755796 55.108605 53.803474
42 340.110140 280.279731 55.415697 52.758631
43 337.343581 278.121237 55.381831 52.075436
44 336.451504 278.046435 54.549870 51.509882
45 336.165392 277.356923 53.975616 51.359970
46 334.687009 276.153209 53.768216 50.979104
47 333.237506 276.300851 53.679430 49.034780
48 328.793104 274.008889 55.164639 48.112779
49 328.517452 274.262518 55.956433 48.173008
50 328.290899 274.713010 56.324472 48.152953
51 328.384388 274.767788 56.487906 48.669573
52 328.362944 275.091381 56.521682 48.952254
53 328.352666 275.982994 57.471304 48.297680
54 328.365100 276.088002 57.481723 48.458696
55 328.360211 276.672004 57.564493 48.406633
56 328.685897 277.629323 58.008468 48.274005
57 329.113879 279.548228 58.591529 48.238144
58 329.581676 282.375857 58.800498 48.095072
59 329.685996 282.610472 58.957372 48.470823
60 329.711969 282.630696 58.960574 48.473633
61 329.733916 282.663460 58.960129 48.472514
62 329.758929 282.693017 58.957505 48.472558
63 329.773262 282.739291 58.960248 48.469038
64 329.787444 282.849039 58.946513 48.458342
65 329.810992 282.895314 58.963742 48.481964
66 329.830086 282.912170 58.960942 48.472098
67 329.836220 282.983056 58.947990 48.491515
68 329.541702 283.962920 59.004316 48.323643
69 329.692376 284.349878 59.457698 48.431737
70 329.676729 284.456784 59.463503 48.464246
71 329.651640 284.567607 59.462904 48.460060
72 329.638301 284.620254 59.474434 48.462988
73 329.570164 284.792490 59.479325 48.423148
74 329.539575 284.922291 59.453553 48.454013
75 329.496503 285.101884 59.450068 48.435486
76 329.384404 285.464098 59.461125 48.387457
77 329.295779 285.807507 59.455723 48.386233
78 329.200555 286.122041 59.482058 48.385132
79 329.092160 286.415110 59.452724 48.405387
80 329.102086 286.518665 59.446772 48.459635
81 329.103606 286.619936 59.446550 48.452028
82 329.117887 286.695888 59.452171 48.458751
83 329.010477 287.109241 59.427002 48.397265
84 328.921232 287.551330 59.458747 48.339892
85 328.796625 288.281605 59.446732 48.238908
86 328.701777 288.787706 59.421387 48.364476
87 328.581753 289.309770 59.485224 48.331840
88 328.409096 289.958187 59.452429 48.300933
89 328.205473 290.719972 59.472885 48.285101
90 327.930501 291.858991 59.457017 48.109311
91 327.867104 292.264181 59.459196 48.396328
92 327.866060 292.360538 59.458132 48.460530
93 327.860219 292.663625 59.411993 48.371263
94 327.731890 294.606817 59.207972 47.722336
95 327.845577 294.971363 59.438791 47.874911
96 327.877055 295.153471 59.442541 47.903654
97 327.881155 295.394669 59.434787 47.863156
98 327.899828 295.754551 59.416476 47.759589
99 327.842149 296.110368 59.460384 47.859599
100 327.700882 296.303111 59.508236 47.905646
101 327.728559 296.466373 60.074352 47.875076
102 327.832751 296.622207 60.481670 47.922086
103 327.508180 296.834908 60.609478 47.920432
104 327.638284 296.889389 60.966175 47.974097
105 327.651301 296.900534 60.963551 47.974812
106 327.666640 296.912407 60.965788 47.973466
107 327.680707 296.923978 60.967710 47.973631
108 327.693300 296.940422 60.964232 47.971664
109 327.675006 296.962423 60.968883 47.969902
110 327.597181 297.105476 60.968222 47.907893
111 327.608034 297.150151 60.969409 47.972951
112 327.618097 297.163321 60.968595 47.972468
113 327.617534 297.197952 60.967324 47.963246
114 327.580306 297.272673 60.980209 47.933970
115 327.533554 297.365264 60.990899 47.926884
116 327.510524 297.429185 60.979005 47.950243
117 327.493695 297.482602 60.978769 47.948243
