2 442.320382 220.217904 23.990424 59.973104
3 442.325683 220.190680 23.994253 59.977724
4 442.329378 220.177387 23.987292 59.967267
5 442.335500 220.169881 23.992734 59.978107
6 442.344158 220.088039 23.988008 59.982857
7 442.370734 219.902708 23.969954 60.025572
8 442.385366 220.133964 23.987393 60.467196
9 442.402530 220.119896 23.980009 60.477590
10 442.420326 220.103181 23.978827 60.495286
11 442.430077 220.096558 23.989149 60.471437
12 442.490943 220.004795 23.946387 60.576417
13 442.615064 219.933293 23.889692 61.247604
14 442.709824 219.928966 23.967840 61.541475
15 442.899043 219.755462 23.882772 62.134800
16 443.130942 219.462399 23.896345 62.730545
17 443.290490 219.052674 23.928754 63.023558
18 443.336327 219.226255 23.983286 63.494883
19 443.393779 219.115043 23.943005 63.529970
20 443.505342 219.099890 23.940344 64.031570
21 443.812999 218.709543 23.819487 64.657526
22 444.020323 218.684433 23.903349 65.033025
23 444.091572 218.833823 23.965687 65.455743
24 444.144564 218.765401 23.957589 65.479511
25 444.259273 218.490390 23.929748 65.555838
26 444.309536 218.700814 23.968770 65.963676
27 444.387389 218.629721 23.946269 65.985306
28 444.570249 218.403998 23.873820 66.088296
29 444.961866 218.173880 23.857838 66.496017
30 445.036995 218.164069 23.985181 66.472368
31 445.043439 218.174397 23.987494 66.464155
32 445.068409 218.147012 23.972087 66.504750
33 445.138637 218.321572 23.967797 66.970652
34 445.297438 218.133593 23.917917 67.095774
35 445.710225 217.803251 23.854420 67.530751
36 446.360313 217.365450 23.806189 67.991073
37 446.479789 217.284746 23.964668 68.013508
38 446.562240 217.361608 23.959506 68.437250
39 446.966839 216.788470 23.768037 68.751338
40 447.081855 216.909181 23.987494 68.962808
41 447.088453 216.917802 23.987098 68.959037
42 447.094568 216.933206 23.987402 68.961844
43 447.100570 216.948418 23.987250 68.962495
44 447.162328 216.914225 23.968675 68.962097
45 447.205360 216.910369 23.972214 68.962275
46 447.380705 216.769378 23.867266 69.067820
47 447.698323 216.747866 23.862701 69.516696
48 447.841799 216.967542 23.963726 69.946554
49 448.242190 216.873912 23.856599 69.998775
50 448.387723 216.798307 23.946343 70.015882
51 448.947853 216.592938 23.765820 70.493478
52 449.112216 216.545208 23.966081 70.419817
53 449.396269 216.365014 23.807332 70.491495
54 449.636444 216.224821 23.922217 70.528964
55 449.749147 216.425231 23.957897 70.974222
56 450.059215 216.319758 23.844896 71.042390
57 450.191654 216.499239 23.953957 71.465003
58 450.266762 216.486186 23.958804 71.457482
59 450.451235 216.391229 23.890453 71.500603
60 450.726293 216.495373 23.894736 71.958540
61 450.903111 216.434206 23.940099 71.994713
62 451.296485 216.118288 23.881194 72.045600
63 451.512297 216.169471 23.890795 72.501635
64 451.617146 216.381849 23.962896 72.987960
65 451.820604 216.172151 23.899604 73.100257
66 452.011889 216.241947 23.964187 73.470609
67 452.105769 216.219706 23.954345 73.460288
68 452.278321 216.091556 23.941539 73.488049
69 452.705289 215.857305 23.874115 73.316333
70 453.324654 215.457092 23.816010 73.461329
71 453.655910 215.228064 23.865266 73.540897
72 453.988592 215.306461 23.905373 73.966214
73 454.152654 215.208763 23.909573 73.917004
74 454.383555 215.077758 23.891694 73.964986
75 454.494181 215.055833 23.965744 73.946171
76 454.814848 214.885108 23.967247 73.878493
77 455.463705 214.760850 23.900860 73.611671
78 455.546027 214.937135 23.971645 73.939912
79 455.936883 214.833940 23.841867 73.795885
80 456.261542 214.451546 23.879796 73.824032
81 456.750888 213.929545 23.771353 73.734067
82 457.218232 213.808043 23.847535 73.960515
83 457.409581 213.603099 23.944885 73.827304
84 457.760814 212.963548 23.862820 73.824061
85 458.209178 212.535676 23.883078 73.971909
86 458.293370 212.492120 23.979499 73.924093
87 458.441389 212.387829 23.939971 73.915441
88 458.838713 211.896402 23.842742 74.055103
89 459.471359 211.651361 23.783731 74.557866
90 459.773466 211.560412 23.911599 74.964302
91 460.368310 210.399766 23.803682 75.393444
92 460.570949 210.271404 23.949869 75.380354
93 460.878846 210.071734 23.924183 75.386801
94 461.198997 209.886625 23.906826 75.482341
95 461.252970 209.880402 23.992076 75.438499
96 461.293524 209.901792 23.995651 75.442038
97 461.410645 209.792618 23.961097 75.520697
98 461.855362 209.511068 23.876268 76.002040
99 462.490857 209.388544 23.920491 76.563432
100 463.012795 209.092978 23.889547 77.001289
101 463.067056 209.338268 23.987494 77.458226
102 463.077103 209.349281 23.989351 77.456275
103 463.147806 209.333450 23.982920 77.457945
104 463.207933 209.355929 23.992627 77.460972
105 463.600151 209.296216 23.954626 77.467239
106 464.289057 208.808916 23.884377 77.760310
107 464.467841 208.885613 23.961024 77.961881
108 464.851555 208.558146 23.929982 77.952069
109 465.458762 207.928012 23.879759 78.161609
110 465.638004 207.963033 23.958172 78.510612
111 465.993516 207.855531 23.917126 79.042202
112 466.337642 207.811947 23.935123 79.553425
113 466.866969 207.571699 23.926996 80.146984
114 467.589728 206.967107 23.926017 80.450878
115 468.031607 206.593680 23.984377 80.481706
116 468.042812 206.570338 23.986632 80.457953
117 468.071876 206.551917 23.989426 80.449968
118 468.766920 205.833446 24.044191 80.254218
119 469.072986 205.889124 24.515219 80.407484
120 469.398125 205.876173 24.977798 80.447777
121 469.713660 205.364939 25.031750 80.306795
122 470.119302 204.885926 25.544469 80.212252
123 470.375689 204.954745 26.024126 80.349618
124 470.808269 204.425270 26.579145 80.137193
125 471.026265 204.561721 27.010219 80.440898
126 471.281220 204.534104 27.493363 80.424845
127 471.355613 204.360934 27.523234 80.365494
128 471.616004 204.322704 27.992784 80.385942
129 471.770311 203.879342 28.039401 80.234511
130 472.069684 203.944493 28.496900 80.453573
131 472.197543 203.854170 28.515639 80.466513
132 472.453303 203.845537 28.986650 80.459991
133 472.629830 203.704028 28.996217 80.451155
134 472.631234 203.714639 28.987418 80.448947
135 472.737847 203.469806 29.003006 80.445811
136 473.037967 203.380784 29.495565 80.399876
137 473.214073 203.268956 29.479917 80.476520
138 473.611067 202.901833 29.446220 80.569677
139 474.388892 202.322618 29.347476 81.257242
140 474.536242 202.375592 29.524117 81.428703
141 474.775391 202.404793 29.986917 81.452763
142 474.902153 202.299066 30.001041 81.451667
143 475.403567 202.229446 30.516135 81.394470
144 475.644252 202.277937 30.983846 81.456070
145 475.651081 202.295627 30.983846 81.456070
146 475.667436 202.286494 30.983072 81.442756
147 475.702199 202.214117 30.989719 81.396187
148 475.710705 202.253902 30.982355 81.455056
149 475.799301 201.868119 30.963567 81.348523
150 475.839618 201.897549 30.978207 81.440549
151 476.107215 201.089048 30.956914 81.339180
152 476.318449 201.071638 30.911125 81.505654
153 476.523414 201.284148 30.941370 81.996915
154 476.761232 201.017777 30.906075 81.949885
155 476.946983 200.901489 30.914157 81.947007
156 477.243726 200.789601 30.869993 81.959304
157 477.570453 200.640885 30.850560 81.880720
158 477.650574 200.660893 30.984955 81.917943
159 477.657632 200.693093 30.983973 81.953580
160 477.675576 200.405640 30.978472 81.848172
161 477.721572 200.148980 30.974297 81.795105
162 477.745775 199.912929 30.984609 81.759558
163 477.785798 199.459543 30.976540 81.624493
164 477.902545 198.899622 30.907134 81.691183
165 478.029709 198.957425 30.944965 81.880512
166 478.225107 198.925192 30.880738 81.932907
167 478.346865 198.909550 30.927008 81.990240
168 478.441228 198.846727 30.916220 81.898671
169 478.529521 198.807992 30.932559 81.887359
170 478.616846 197.492204 30.827186 81.648505
171 478.802917 196.856668 30.877412 81.509584
172 479.196005 195.679954 30.854408 81.440732
173 479.285271 195.671075 30.971054 81.419913
174 479.342461 195.605285 30.988027 81.339643
175 479.812996 195.335346 30.928998 81.333973
176 480.086775 194.646346 31.040069 80.914952
177 480.567745 193.923976 31.515567 80.647484
178 481.118255 193.701180 31.996806 81.024812
179 481.288690 193.745986 31.943558 81.502728
180 481.918215 194.100476 31.999863 82.353720
181 483.540212 192.439003 31.931941 84.139947
182 483.673130 192.648507 31.990042 84.712858
183 483.700755 192.785435 31.976411 85.028814
184 483.790917 193.031571 31.976878 85.565272
185 483.838691 193.182473 31.962462 86.014693
186 483.979808 193.444142 31.962857 86.575811
187 484.076134 193.653295 32.001653 86.991317
188 484.324000 193.653073 32.483065 86.953106
189 484.332040 193.671683 32.482417 86.948866
190 484.346361 193.694325 32.483378 86.938631
191 484.374426 193.706615 32.481560 86.906402
192 484.711448 193.774630 32.422782 87.174485
193 484.791047 193.901914 32.478794 87.474941
194 484.846277 193.938334 32.470188 87.528430
195 485.072551 194.072773 32.447063 87.962402
196 485.720011 193.762848 32.642174 88.053556
197 485.902696 193.980517 32.984763 88.461421
198 486.163136 193.789165 32.979317 88.461872
199 486.961374 193.187263 32.822954 88.807225
200 487.358932 192.921030 32.887314 88.949957
201 487.838619 192.234961 33.017216 88.657020
202 488.361011 192.414429 33.366695 89.470533
203 488.709171 192.407957 33.371332 89.892376
204 488.902759 192.422943 33.469651 90.128055
205 489.649962 191.658808 33.277426 90.857071
206 489.878192 191.729704 33.447417 91.234357
207 490.589518 190.123658 33.408031 91.667668
208 491.192265 189.913634 33.369748 92.081355
209 491.650865 189.883392 33.354136 92.832870
210 492.578477 189.463791 33.415719 93.621738
211 493.178998 189.252884 33.340271 94.260021
212 493.762516 189.328718 33.278787 94.782799
213 495.223200 188.459492 33.158393 96.441214
214 495.725447 187.668009 33.344089 96.684013
215 496.624874 186.157913 33.352617 96.233302
216 497.069702 185.489606 33.385656 97.035469
217 497.481009 185.130591 33.391805 97.183383
218 498.818385 181.695994 33.221470 98.001612
219 499.916171 179.438543 33.220999 97.713058
220 500.286986 179.071904 33.505644 97.447674
221 501.424135 176.831038 33.976803 96.783448
222 501.911853 176.193976 33.984999 96.881226
223 502.593875 174.944550 33.733258 97.278837
224 503.052575 174.466552 34.012062 97.207935
225 504.023036 174.012386 34.284946 97.493575
226 504.825238 173.351857 34.391372 97.836655
227 505.638513 172.749630 34.365297 97.611491
228 506.853692 172.057332 34.208731 97.933204
229 508.141020 171.084524 34.250313 97.565088
230 508.733016 170.879681 34.336906 98.035720
231 509.753426 170.225751 34.213714 98.487281
232 510.494302 169.797390 34.272445 98.508398
233 511.338305 169.160063 34.170239 98.880208
234 511.872888 168.918076 34.330791 99.051092
235 512.581303 168.067875 34.290396 99.299591
236 512.956136 167.900104 34.377523 99.411367
237 514.911238 166.126084 34.130623 99.602164
238 515.138317 166.257167 34.466318 99.942322
239 516.061508 165.380449 34.191209 100.111651
240 517.199906 165.091962 34.287961 100.657348
241 517.740805 164.908643 34.454016 100.762491
242 518.927038 164.247741 34.435608 100.798886
243 520.255519 163.591613 34.232214 100.698886
244 521.057849 163.032241 34.166799 100.701169
245 522.639540 162.619391 34.122408 100.839057
246 523.641755 162.374688 34.147696 100.860580
247 524.377577 162.295259 34.350743 100.802373
248 525.201215 162.319968 34.257221 100.772427
249 525.919648 162.348794 34.226506 101.093783
250 527.541567 162.579882 34.279381 101.414658
251 528.222107 162.595701 34.254352 101.532408
252 528.620426 162.828033 34.336023 101.887643
253 530.325218 163.056272 34.478466 101.990234
254 530.495808 163.007430 34.401158 102.049912
255 532.313772 162.901331 34.359965 101.539268
256 533.226929 162.804878 34.224548 101.941679
257 535.682219 163.471991 33.982465 101.778627
258 539.659087 163.079397 32.713366 103.890292
259 539.893439 163.111518 32.940417 103.960783
260 542.069485 161.945677 32.345908 103.830751
261 543.106050 160.925854 32.055769 104.952401
262 543.473283 160.971568 32.439752 104.948375
263 543.663678 160.320142 32.464194 104.866539
264 542.483300 164.761701 30.271768 106.847110
265 543.391698 160.695250 29.760719 100.882018
266 545.893316 158.098345 29.014290 100.578639
267 544.143639 150.318348 28.776135 100.202861
268 539.820668 155.063536 28.532336 99.581769
269 536.101886 158.185102 28.481042 98.536506
270 532.355243 157.215481 27.970956 98.102427
271 527.426163 156.925368 27.555268 97.535413
272 522.199002 155.279062 27.673372 96.499176
273 518.090219 153.845322 27.468250 95.081484
274 513.037451 152.930467 27.231344 94.056365
275 508.178153 151.271835 27.038377 93.667852
276 503.598435 146.794336 26.993336 93.044080
277 499.326658 140.260877 26.359786 92.800080
278 495.436976 140.467945 25.819787 92.304768
279 492.461290 141.605725 24.994937 91.982730
280 489.753028 140.951074 24.205161 90.790272
281 487.335427 139.048711 23.516924 90.426729
282 484.377886 137.259536 23.334789 88.928072
283 482.054680 139.796605 22.896471 86.747220
284 480.631254 142.862544 22.057691 85.694904
285 479.123431 144.717043 21.526407 84.980447
286 477.361221 146.590754 21.303054 83.026672
287 475.365490 146.800519 20.632312 82.056753
288 472.886695 144.364230 20.209439 80.882275
289 470.545936 140.626229 19.659490 80.199711
290 468.854523 137.776559 19.321724 78.376685
