2 805.174842 460.774251 71.399426 52.552868
3 814.696747 460.153169 70.136474 50.906882
4 823.396027 459.511514 68.256709 49.142689
5 826.066387 460.867590 70.147918 49.612862
6 833.020610 463.675261 68.927762 48.275518
7 833.732232 463.946506 68.732742 48.371735
8 837.947674 462.052109 67.234952 48.711527
9 839.769532 458.600161 66.442126 48.770177
10 839.789816 458.711313 66.527083 48.967006
11 840.163798 458.747894 66.942148 48.960817
12 842.334916 459.436419 66.733780 48.453826
13 843.661748 459.495509 66.778510 48.303771
14 843.765416 459.609410 67.027421 48.474704
15 846.339621 460.227725 67.332028 48.018467
16 852.303290 461.016893 66.735107 47.498248
17 854.663707 460.543041 66.957381 47.049104
18 857.953536 459.473285 67.780581 46.870885
19 862.281702 457.020042 67.923957 45.205140
20 863.284835 457.150681 68.102362 45.387742
21 870.483563 455.969057 68.250913 45.201644
22 874.792415 454.361663 67.804712 45.110455
23 879.026549 450.828335 67.244755 44.547342
24 879.274771 450.626691 67.688140 44.923563
25 882.988763 457.392224 67.175171 44.752679
26 884.878270 460.798870 67.274356 44.369398
27 885.171069 462.026662 67.390164 43.996333
28 887.342739 455.396054 67.153647 43.261957
29 888.920058 453.269657 67.936475 43.465964
30 889.887306 455.211524 67.458893 42.835133
31 892.156135 458.222375 66.883651 42.426187
32 893.876467 459.687482 65.902391 42.422731
33 895.239344 460.873971 65.369118 42.397493
34 895.294263 460.940389 65.522709 42.478119
35 895.536933 460.754869 66.021095 42.528621
36 896.438040 456.568375 65.667520 42.410203
37 896.602974 456.525763 65.917750 42.538407
38 898.029095 453.820256 63.785163 42.540985
39 897.773290 457.259877 62.458182 41.774579
40 897.591865 457.433795 62.417483 41.967292
41 896.238876 455.686253 62.758756 42.062228
42 895.098132 452.396851 62.416666 41.732275
43 893.283034 449.335706 61.653391 41.624156
44 892.620339 450.109905 62.095335 41.983560
45 890.655918 453.299776 62.005353 41.987811
46 887.946404 460.379220 61.824399 41.161555
47 886.719001 460.892446 61.451489 41.472201
48 886.593726 460.864433 61.363766 41.488713
49 884.496194 461.735883 60.974209 41.410968
50 883.253651 461.300202 60.760456 41.792319
51 881.515420 457.168412 59.925405 41.128031
52 881.422089 457.436648 59.776869 41.486621
53 878.270481 471.178490 59.242933 40.370941
54 878.304425 470.879580 59.479150 40.630309
55 877.734709 464.642627 59.001082 41.029507
56 874.695685 456.667331 59.420238 39.215853
57 873.786895 456.151576 59.492308 39.637780
58 871.648516 459.699208 58.436261 39.762316
59 870.469794 461.699791 58.230440 39.728256
60 870.213601 461.843101 58.303237 40.028400
61 866.562820 460.318862 57.872676 38.597285
62 865.601021 461.777906 57.677596 38.735305
63 864.807267 470.844381 55.559865 38.464052
64 864.151186 474.740493 54.346664 37.826857
65 860.606847 467.313938 54.152426 36.771422
66 855.907892 467.072765 53.418234 36.968795
67 855.366466 467.075259 53.211912 37.102149
68 850.752442 464.325932 53.413049 37.181686
69 847.242280 463.222824 53.174232 37.696445
70 840.695296 462.614176 53.718505 38.435519
71 837.498946 465.751392 54.196096 37.607166
72 835.080156 466.151998 54.579850 37.739328
73 829.885180 468.841023 53.516351 36.521106
74 824.325191 466.039109 53.774280 36.389752
75 819.502474 461.481144 51.290679 36.548553
76 814.654303 458.569885 51.265141 36.499178
77 809.170423 459.458569 51.412262 36.012401
78 807.432503 459.196258 51.935243 36.469754
79 805.268813 460.083726 51.724484 36.373791
80 803.661903 463.265252 51.091333 36.469258
81 797.991826 463.990583 52.625168 36.070553
82 793.880582 462.423349 57.555327 35.402752
83 794.232868 462.676917 57.897292 35.394628
84 794.605060 463.941822 57.145634 35.324204
85 794.657011 464.215350 57.461573 35.432621
86 796.328063 463.335151 56.579803 35.527943
87 797.249506 461.708998 54.063419 36.204852
88 797.425587 461.806926 54.267270 36.534557
89 797.488135 461.237222 54.176108 36.727517
90 797.640779 461.387354 54.510850 36.980707
91 796.967603 462.046292 54.032949 36.765170
92 797.117326 462.213610 54.365647 36.980157
93 792.766729 454.699010 56.427349 35.433862
94 792.766371 454.743993 56.494423 35.484318
95 794.178206 457.094222 56.016899 35.037834
96 793.827651 457.248400 56.254193 35.493529
97 792.943375 456.906292 56.138437 35.394559
98 792.636134 456.181698 55.530547 35.592347
99 786.615458 461.672905 55.196709 36.018103
100 784.054364 463.208647 56.565068 35.765914
101 785.213322 463.535160 56.396754 35.793551
102 785.667259 463.988181 56.049471 35.681769
103 786.894312 466.004054 56.240192 34.715760
104 788.828370 466.501291 56.201876 34.760423
105 790.612181 463.251422 54.509895 35.397930
106 790.870814 463.301501 54.911561 35.476614
107 790.904538 463.326205 55.018416 35.481383
108 790.199556 465.639157 55.503215 33.897014
109 790.438952 465.702782 56.019416 33.982495
110 789.636196 461.947021 55.886094 32.591052
111 795.889424 464.503644 54.150623 33.032053
112 798.161860 466.266298 52.550471 33.305599
113 800.369457 463.160025 50.856865 33.311295
114 800.432831 463.266331 51.017682 33.482753
115 801.448571 459.976362 50.559531 33.364221
116 801.705208 460.101574 50.954415 33.470143
117 801.733346 460.136875 50.999543 33.479862
118 802.008385 460.181195 50.869190 33.455822
119 804.042311 459.394948 50.155071 33.648442
120 806.472402 456.114903 48.948498 33.743585
121 806.630121 456.415833 48.835910 33.998131
122 808.554781 461.565612 47.601283 33.158781
123 809.590847 465.985173 47.310734 33.224714
124 810.531149 461.962052 47.071580 32.894907
125 810.737729 462.026373 47.516469 32.983010
126 811.285899 463.284337 47.823633 32.968406
127 811.366371 463.311909 48.016642 32.983010
128 813.218210 458.874206 48.062160 33.125617
129 814.924455 456.424400 47.973127 32.319852
130 815.253210 456.854088 47.886674 32.500501
131 815.650877 456.513187 47.846867 32.872423
132 818.113791 449.869816 46.117893 32.893611
133 818.776059 446.126119 46.050493 32.912225
134 819.002580 446.185424 46.493714 32.976072
135 819.128393 452.419991 45.484480 32.295843
136 816.999971 452.039491 46.104464 32.533503
137 814.337183 451.815374 46.094377 32.971235
138 810.900335 451.415988 45.439025 33.052088
139 810.908664 451.657442 45.472518 33.481480
140 808.711001 456.464991 44.383324 33.603066
141 808.216305 462.552672 43.873947 33.432157
142 808.285605 462.831420 43.952885 33.363705
143 807.502567 459.507604 43.812549 33.278165
144 807.589320 459.629506 44.014974 33.482766
145 807.009954 459.655831 44.548518 33.427198
146 804.868693 463.642442 43.971828 33.010253
147 801.983941 466.372326 43.823518 33.301307
148 801.470589 466.529235 43.980654 33.425333
149 801.052719 467.174761 43.919782 33.327829
150 796.006575 464.571097 44.521385 31.679772
151 796.172270 464.769923 44.893072 31.985715
152 795.844012 465.339826 44.786833 32.043541
153 793.000584 460.507158 44.623858 32.281603
154 792.830641 457.513563 44.078906 32.035820
155 791.765488 461.860428 43.598871 31.849595
156 789.575490 461.342890 44.051846 31.610353
157 786.231395 459.423396 45.516426 31.042723
158 786.466757 459.653500 46.004850 31.488419
159 786.072989 457.685362 44.884179 31.606416
160 784.309380 455.433702 44.446941 31.225105
161 783.981199 457.729650 43.960072 31.613084
162 783.773700 463.747338 43.083345 31.464772
163 784.466804 467.365812 42.990859 31.724233
164 784.922691 468.067053 42.781187 32.010184
165 787.391806 464.165966 42.588454 30.748072
166 787.814743 459.761999 41.791804 31.090615
167 787.912093 459.977931 42.014562 31.483783
168 788.147985 459.997280 42.514735 31.483783
169 788.411417 453.302354 42.778598 31.303974
170 786.865262 453.984965 43.338244 31.292187
171 787.111475 459.443886 42.468071 30.073263
172 786.978804 455.782201 42.890007 30.389959
173 786.534840 451.107612 43.220689 30.854909
174 786.860030 454.502228 43.357049 30.843656
175 787.426002 460.036492 42.956153 30.283321
176 787.519799 460.475962 42.878905 30.501943
177 787.573438 460.736052 43.014908 30.984040
178 787.606685 465.120628 43.093569 30.102295
179 786.999421 462.716121 43.464786 30.862980
180 786.483328 456.837153 43.943185 30.999105
181 785.854174 455.038012 44.659132 31.158671
182 785.834233 456.394109 44.893452 31.570029
183 785.736934 457.070005 44.967998 32.225006
184 783.633774 455.674998 45.897315 32.637801
185 783.031937 450.496248 46.057280 32.630886
186 783.245827 450.692579 46.516122 32.983010
187 782.164990 455.688730 46.598416 32.991714
188 781.648395 463.639668 46.177351 32.125677
189 783.111275 473.685359 45.554325 31.631282
190 783.721507 461.406273 45.835732 32.781707
191 784.514685 456.709358 45.633863 32.110973
192 784.328627 452.954712 46.147725 32.109870
193 784.497294 453.161373 46.516122 32.483268
194 784.753045 453.532193 46.856059 32.550234
195 784.924496 454.404811 46.693498 32.646452
196 785.061626 454.304891 46.953136 32.904329
197 785.135331 452.408617 46.827137 31.781479
198 785.068716 453.363509 46.690750 31.729161
199 785.313163 452.473248 45.694375 31.813434
200 784.984664 453.552036 45.475645 32.030083
201 784.989533 453.798592 45.515775 32.483268
202 783.831929 459.004001 45.533922 32.495805
203 784.057579 459.017695 46.015949 32.483268
204 784.695985 456.690408 45.985730 32.452231
205 784.731056 456.815769 45.980079 32.436306
206 784.808858 456.870364 45.942841 32.482976
207 785.459158 456.891658 45.659660 32.426866
208 786.432133 459.701188 45.485673 32.305902
209 788.345472 455.931723 44.358222 31.663946
210 788.386542 456.002112 44.498580 31.998947
211 787.962459 452.569293 44.001636 31.093587
212 790.410401 446.166579 43.534138 31.180962
213 790.298321 444.620299 43.323215 31.831940
214 790.232438 447.524738 42.853320 31.375114
215 790.389998 452.312334 42.473607 31.556401
216 790.868772 449.738215 43.299988 31.027275
217 791.583135 442.429593 44.379159 31.091067
218 793.839901 445.437795 43.756278 31.103219
219 795.460577 447.418526 43.403362 31.241944
220 796.571339 448.390051 43.536992 31.576903
221 797.177649 449.845014 45.868310 31.429236
222 798.495845 453.224222 45.352664 33.304430
223 798.573285 453.354144 45.503061 33.474588
224 799.208669 453.503801 45.880143 33.417366
225 800.286760 457.244119 45.762491 32.350000
226 801.503490 458.132616 45.363053 32.099021
227 803.869990 457.548990 44.687297 31.992677
228 803.999384 457.621722 45.010692 31.956207
229 803.527605 462.264166 45.292310 32.274429
230 803.629080 462.424945 45.397903 32.431151
231 802.027505 459.546770 45.012799 30.455579
232 800.406281 455.381967 45.111963 30.832168
233 800.578894 459.120821 44.501915 31.747967
234 799.017995 465.930784 44.070488 30.443648
235 799.124764 464.416689 44.549749 30.254917
236 799.307681 462.661341 44.778250 29.714422
237 799.379103 462.774912 45.046885 30.025353
238 799.161575 464.990816 44.806652 29.726046
239 799.258850 465.122450 45.010012 29.989879
240 802.162567 464.051168 44.078687 29.533773
241 802.464367 464.317083 44.448202 29.991448
242 806.066389 462.684499 43.632888 29.361082
243 807.283029 463.078016 43.317800 29.692352
244 810.462196 462.233923 44.044640 30.045967
245 813.536770 460.756178 44.067119 29.345918
246 815.606075 459.323054 43.883118 29.540755
247 820.590080 460.324945 41.826870 30.443062
248 822.916519 462.279350 40.402361 29.686362
249 826.711318 460.703131 40.774496 29.770044
250 829.721833 458.323584 39.070987 29.070059
251 831.558141 454.887335 38.286393 29.545888
252 833.656979 455.945946 38.726304 29.914325
253 834.001580 459.310037 38.861702 29.862343
254 833.491056 464.019331 38.816894 29.646046
255 832.645143 464.032257 39.158241 29.885645
256 828.467829 462.463973 39.842830 28.879349
257 825.848502 462.170669 40.671579 29.288982
258 822.270060 462.188875 40.947578 29.475659
259 819.974817 461.818245 40.064980 29.632604
260 820.133866 462.002201 40.404750 29.982699
261 815.091261 463.068624 40.026292 29.963686
262 810.611526 463.529473 40.237099 29.824745
263 809.271844 463.860638 39.130799 29.986575
264 807.441320 464.327560 38.641631 29.966495
265 804.750557 463.902052 38.473198 30.224660
266 804.240642 463.181315 38.290584 29.946261
267 804.197124 462.920827 38.345473 29.901526
268 804.014734 464.326543 38.344677 27.914646
269 803.092765 465.568461 38.041584 27.016318
270 795.807488 465.132548 42.862138 26.214030
271 791.282992 468.830250 50.349513 24.852442
272 792.766346 480.488227 55.801299 23.212812
273 794.804934 481.448916 63.312755 22.623429
274 800.466137 481.768254 67.738325 22.533131
275 819.786202 478.023981 72.730045 23.065756
276 811.032593 481.545096 75.728933 23.316769
277 834.194805 479.214757 79.492579 24.246721
278 851.880187 488.039203 80.832198 25.193296
279 860.260444 489.019316 81.537435 26.103983
280 862.875822 493.097097 86.354760 27.035619
281 859.791429 498.323017 90.634586 28.477459
282 865.073598 499.337117 91.162664 29.096191
283 870.601378 499.864235 92.913719 29.588882
284 869.325176 499.060220 92.758439 29.165455
285 866.429165 501.990707 92.396156 29.240877
286 852.430743 506.749125 93.373001 29.518126
287 853.327188 504.874576 91.148853 31.029282
288 855.786427 510.544693 89.866728 32.491408
289 860.427538 502.942053 87.368088 33.391618
290 857.382967 505.900090 88.275260 33.776024
291 850.329834 516.581622 89.768801 33.855420
292 852.228965 518.453004 89.318131 33.773838
293 850.777611 518.542094 89.694423 34.027931
294 850.817236 518.108405 89.851543 34.392196
295 853.678486 518.381884 88.169991 35.212820
296 853.518309 519.527806 85.738523 36.944867
297 863.449967 522.593945 81.935509 37.960752
298 872.113735 528.029233 79.058560 38.919218
299 862.942777 523.563368 77.544722 41.358101
300 862.431471 520.858049 75.446498 42.400918
301 844.307586 514.096800 73.689508 46.310502
302 843.569455 518.391022 70.693862 48.580433
303 849.038167 523.077946 71.054500 50.286684
304 842.806578 529.255978 71.337723 50.352479
305 849.473221 522.597914 72.102626 51.066917
306 871.627417 524.479003 73.899913 53.346471
307 871.796483 528.112795 78.857947 50.470413
308 860.458666 509.737739 80.985433 49.412335
309 858.632486 513.676765 85.400573 49.006539
310 855.498568 513.574384 87.229070 49.003122
311 853.516390 512.325595 86.503161 49.423945
312 853.438179 516.548560 88.872223 48.805681
313 854.460656 512.614891 90.140726 48.957389
314 856.454926 514.307870 89.685162 47.537873
315 863.345599 522.226951 89.211654 46.546275
316 864.112314 527.141998 93.185097 45.575149
317 881.389475 529.092545 98.197176 44.162327
318 878.038665 524.169779 101.014654 42.394172
319 897.047778 551.789515 97.046433 40.363270
320 910.529151 566.276681 95.042439 39.817911
