65 0.570430 223.297414 37.972114 106.006948
66 1.503745 223.298607 42.158814 105.432355
67 1.771522 223.173215 43.913174 105.021371
68 3.401695 223.659151 44.420108 104.736662
69 6.018373 223.053710 44.214862 104.953918
70 8.749761 222.335892 44.312135 104.600683
71 10.392404 221.234641 43.537017 106.361772
72 12.655050 219.548511 43.430924 107.204388
73 14.560392 218.450648 42.885966 107.682147
74 17.555382 217.438609 42.329778 107.736457
75 18.480323 215.354275 42.355312 107.682919
76 18.898274 215.403165 42.400081 107.862376
77 24.662923 214.417697 41.740570 108.097059
78 26.765253 213.109191 41.744501 109.675859
79 30.553823 211.883348 40.520237 112.144115
80 31.813922 211.049835 41.110186 112.495585
81 32.010167 211.722396 42.424676 111.198619
82 34.002329 212.456252 43.747442 110.163166
83 35.614055 214.326826 45.069779 108.245479
84 37.446227 214.864091 45.941468 107.760836
85 41.084876 215.559373 46.044424 107.312156
86 41.320123 215.691535 46.516137 107.444034
87 43.240599 215.432272 46.589789 107.245940
88 47.800897 214.883855 46.075707 107.012400
89 50.121097 214.489786 45.909537 107.395450
90 54.934579 212.021345 45.032578 107.295283
91 58.356177 208.186439 44.890199 104.184088
92 60.704317 206.912908 44.521573 105.567940
93 63.230420 207.290636 44.221584 105.694765
94 65.435889 211.974089 45.807159 102.694399
95 67.856457 212.207092 47.130608 101.420928
96 69.772071 211.125088 47.897367 101.475897
97 72.637331 211.118797 47.980337 100.821059
98 74.871801 212.090718 47.843626 100.304441
99 78.545831 211.994192 47.532028 100.888821
100 80.564759 211.199743 47.170617 101.575051
101 83.632550 210.204351 46.863648 102.594149
102 85.841429 209.940033 46.202037 102.830546
103 88.993272 205.366428 45.346014 104.945351
104 89.792654 204.596396 45.054840 105.656475
105 91.024859 203.808880 45.206090 106.171498
106 94.356139 199.284647 44.999521 106.737868
107 96.192318 199.496689 44.749207 106.336123
108 96.887334 199.917042 45.073278 106.158793
109 100.425289 200.081196 46.083440 105.094109
110 102.921250 199.330324 46.710490 104.318898
111 106.399919 199.035543 47.248342 103.745323
112 109.815037 198.711747 47.640102 102.688133
113 111.379767 198.911137 47.802814 102.615671
114 112.035708 199.243286 47.797845 102.892803
115 113.693070 198.817206 47.680721 103.092286
116 116.429278 197.405642 47.328282 104.297864
117 121.436632 195.914205 44.976975 105.048089
118 124.911003 195.129415 42.362399 105.160553
119 126.222468 195.079210 41.268578 105.227652
120 128.083689 192.595768 40.653976 106.103610
121 129.900314 192.053265 40.336628 106.708328
122 132.776836 190.187672 39.363767 107.857137
123 134.146925 186.573342 38.489866 108.738250
124 134.886935 186.577381 38.272971 108.937822
125 136.844383 186.444229 37.813703 109.005894
126 139.373459 187.112286 37.354947 108.591613
127 143.048423 186.354979 36.466379 109.549659
128 143.832296 187.409558 36.365976 109.645649
129 144.076011 187.753101 36.568283 109.731603
130 145.790991 188.165359 37.102596 109.756024
131 148.626857 188.782206 37.586337 108.905592
132 150.901110 189.482021 37.928769 108.455050
133 153.846463 188.916228 37.241436 108.140284
134 155.761905 187.941340 36.633970 109.476626
135 158.604032 186.205890 36.562647 109.164240
136 159.758531 185.122203 37.045706 108.912873
137 162.176712 183.112168 38.135421 106.451711
138 166.086921 181.417180 38.496874 105.320978
139 169.545653 179.951044 38.433049 104.530492
140 169.987598 180.120910 38.582416 104.438989
141 173.184116 177.579009 38.993703 102.317050
142 173.951494 177.280753 38.853760 101.750045
143 175.718488 176.636243 38.628564 101.122830
144 177.141073 175.716666 38.546759 100.995305
145 179.491770 175.632108 38.693769 99.868058
146 181.997540 176.238025 38.732022 99.157357
147 183.462005 176.313052 38.732236 99.016580
148 186.150081 177.928616 39.088237 99.030168
149 187.964244 178.754515 39.443649 98.989152
150 190.889202 180.784713 39.121278 98.567599
151 191.513888 181.294796 39.461801 98.794329
152 194.072712 181.959383 39.183868 98.311006
153 195.695911 181.972935 39.040603 98.066885
154 198.580793 181.279074 39.209424 97.978340
155 199.427877 181.358546 39.181727 97.921274
156 202.797308 180.963068 38.859615 97.796192
157 204.064273 180.430504 38.712979 97.450394
158 207.485344 179.325849 38.575526 97.310444
159 207.908229 179.460163 38.927231 97.357280
160 210.266098 181.369314 39.188133 96.041404
161 211.319581 179.876485 39.531811 96.352389
162 211.758973 180.766680 40.514753 95.551318
163 213.324401 180.902256 42.360755 94.251018
164 215.340923 181.726907 44.306391 92.952935
165 215.580703 181.298582 44.708984 92.850058
166 218.338977 182.233694 45.996084 92.803991
167 221.751851 181.774675 46.025615 96.966865
168 226.845210 180.839240 45.425156 105.883298
169 228.139994 176.197011 44.805964 112.869920
170 230.749038 176.792849 44.018811 118.300528
171 231.536020 174.537267 44.179538 122.243165
172 232.912941 171.797009 43.915796 129.048176
173 232.937499 172.068574 44.036284 129.453224
174 233.648091 172.875648 45.086468 131.024099
175 236.258003 171.789934 46.069557 133.977395
176 237.847221 171.712767 47.264795 133.141785
177 240.991074 168.457245 47.305445 130.465842
178 243.718510 166.840965 47.523497 126.952281
179 246.721432 164.032021 48.294303 116.755101
180 246.823316 164.146353 48.527440 116.806247
181 247.061433 164.303851 49.022286 116.818292
182 247.484598 164.798451 49.241257 116.058037
183 250.479245 162.114415 49.140758 115.360755
184 250.673602 162.274300 49.529384 115.403889
185 250.900877 162.363568 50.017335 115.440536
186 251.196027 162.403004 50.530093 115.336450
187 251.460530 162.470823 51.071096 115.030389
188 255.453364 160.702622 53.181322 111.877203
189 261.478056 159.337547 57.725245 105.970110
190 262.458107 157.670313 58.600888 104.809297
191 264.323343 158.181138 59.484291 104.186677
192 265.656209 160.635875 59.654924 105.471944
193 265.837842 160.774517 59.989766 105.403447
194 265.919188 161.149226 59.879345 105.052721
195 266.319113 161.913075 59.560753 104.689927
196 266.626564 162.698205 59.825523 104.324824
197 267.615869 163.557179 59.337007 103.135913
198 269.210880 164.972051 58.364915 100.286185
199 270.712076 165.657724 56.924790 99.163749
200 273.607373 164.307889 54.648824 99.085636
201 274.018452 165.199109 53.937696 99.160842
202 274.118507 165.520005 53.828559 99.253944
203 274.228238 165.738854 53.904926 99.309365
204 274.429609 165.861263 53.645024 99.385287
205 274.598422 165.954122 54.018722 99.448773
206 274.830306 166.015239 54.518896 99.448773
207 274.965471 166.239359 54.775668 99.454163
208 273.698166 168.067770 54.609791 99.235844
209 270.514160 168.278271 54.968335 98.917348
210 267.301239 171.727707 54.786575 97.425972
211 266.871490 178.113822 54.156736 97.007840
212 274.222869 179.434649 53.055608 94.461373
213 271.514120 194.900956 52.539738 94.333734
214 278.420324 194.668734 50.790879 91.488386
215 278.516324 191.012873 50.866568 90.620464
216 281.199668 187.058332 50.689572 90.508080
217 282.437074 177.920616 50.771706 91.267274
218 281.456695 173.394722 51.127605 90.396630
219 280.131680 180.800339 51.114284 90.875468
220 282.368758 181.755512 51.077713 90.726065
221 282.194082 181.074836 51.241288 90.779381
222 281.755636 178.996952 51.430206 89.379975
223 280.312214 180.811426 51.120637 87.893790
224 280.428008 183.408583 51.149776 86.463934
225 281.948960 181.565804 50.632213 84.067439
226 282.613165 179.111152 50.570884 83.690777
227 284.262521 180.045961 50.672262 82.644037
228 285.921987 178.338551 50.698188 81.895163
229 285.353478 178.468811 50.824862 81.583242
230 284.830463 176.582431 50.962539 81.552763
231 285.518011 176.416819 50.393633 82.734537
232 285.887458 175.354643 50.028048 83.586997
233 285.855028 176.009596 50.054792 83.562763
234 284.417107 174.869808 50.236222 83.132916
235 282.981524 175.081126 50.386057 82.501091
236 282.271045 173.322130 50.515674 82.490293
237 280.610781 170.954893 50.998132 81.750866
238 280.100633 170.200407 51.002048 81.498886
239 280.174937 170.051165 51.544254 81.169119
240 280.250996 170.061965 52.030910 81.268770
241 280.237610 169.468240 52.596801 80.844701
242 280.489883 168.282473 53.029556 80.154865
243 280.094552 168.589954 53.376689 80.014728
244 280.042953 168.743002 53.420057 80.338417
245 279.951340 168.874778 53.503822 80.417310
246 279.856269 168.936559 54.049799 80.297364
247 279.244527 169.460627 54.773494 78.604065
248 279.154961 169.875006 55.055130 78.092462
249 277.771056 171.460222 55.543254 78.013223
250 277.807262 171.842871 56.073500 78.011494
251 277.661107 169.892110 56.465787 77.527580
252 277.243152 169.774165 56.458276 77.598067
253 276.244418 169.973841 56.514993 77.667488
254 276.462704 169.925395 56.782687 76.857318
255 276.564897 169.072880 56.742989 75.633571
256 276.565017 169.392765 56.916276 75.656930
257 276.510796 169.609266 56.937402 75.885990
258 276.557334 169.633076 56.788186 75.692340
259 276.524283 169.979972 56.940254 75.958408
260 276.560799 170.072258 56.990242 75.887226
261 276.622869 169.774936 56.970711 75.796663
262 276.444660 169.884254 57.018142 75.971258
263 276.674243 169.778411 57.424172 75.695580
264 276.661427 169.968318 57.503323 75.956824
265 276.844178 170.021771 57.929302 75.939367
266 276.870210 170.079205 58.020109 75.960872
267 277.104063 168.917908 58.016251 75.209367
268 277.116954 168.176241 58.406764 75.246069
269 277.162841 168.340753 58.437292 75.416207
270 277.048907 168.380906 58.340709 75.498798
271 276.687675 168.556870 58.345253 75.363390
272 274.942020 169.027125 58.092887 75.277156
273 275.072121 169.143479 58.498190 75.470472
274 274.866654 169.210876 58.501930 75.339665
275 273.867747 170.227839 58.815445 74.836037
276 273.946718 170.337962 59.020982 74.958290
277 274.134323 170.391626 59.489173 74.960561
278 274.125761 170.439666 59.520604 74.959420
279 274.268379 170.572269 59.907440 74.932634
280 274.406601 170.419410 59.872421 74.767095
281 274.834378 170.137958 59.619132 74.394994
282 273.630258 171.515787 59.678925 74.144284
283 274.296175 170.483113 59.652566 73.575382
284 274.464857 170.749438 59.894131 73.886196
285 274.516407 170.711466 59.983744 73.821852
286 274.265792 171.280765 59.747146 73.669911
287 274.363704 170.729720 59.951085 73.782409
288 274.527253 170.377120 59.788439 73.709134
289 273.413703 170.796636 59.606395 73.390185
290 273.676998 170.154157 60.050048 73.207336
291 273.016921 170.046679 60.328201 72.920934
292 273.429012 169.361521 60.174581 72.356567
293 273.621144 168.690451 60.218752 71.204602
294 273.678961 168.063160 60.511574 71.077765
295 273.888898 168.310601 60.962734 71.460492
296 274.032527 167.666585 61.011824 71.294138
297 274.294946 167.669624 61.493563 71.486161
298 274.279801 167.697222 61.507097 71.468630
299 274.237165 167.595924 62.052222 71.747296
300 275.201249 165.127610 62.277031 72.478602
301 275.291800 165.062575 62.498128 72.470764
302 275.322246 164.779975 62.492496 72.467510
303 275.254440 164.503921 62.482032 72.650752
304 275.539021 163.305455 62.436327 73.387499
305 275.244391 163.129456 62.420547 73.718230
306 275.095835 163.116067 62.434599 74.318106
307 275.134889 162.783325 62.562132 74.631771
308 275.871642 161.099721 62.704399 75.389121
309 276.038103 161.078363 63.007144 75.531501
310 276.367442 160.654128 63.521014 76.091683
311 276.635832 159.997518 64.015585 76.544003
312 276.867057 160.112477 64.509771 77.053514
313 277.103737 160.308887 65.012512 77.473507
314 277.221641 159.733671 65.237173 77.661064
315 277.196085 159.026385 64.858328 78.077135
316 277.224115 159.248037 64.970676 78.473671
317 277.212682 159.281763 65.011589 78.462482
318 277.343472 159.039465 65.273927 78.446817
319 277.435963 158.411664 65.056694 78.621050
320 277.698335 157.341077 64.576698 79.195135
321 277.877466 157.048023 64.720052 79.569843
322 278.059500 156.946787 64.649050 79.995277
323 278.143876 156.829138 64.661882 79.928505
324 278.312203 156.902422 64.997056 79.932899
325 278.299573 156.968142 64.996095 79.955776
326 278.271567 157.024010 64.975328 79.969120
327 278.276005 157.049135 65.015472 79.961201
328 278.507746 157.097080 65.522709 79.958813
329 278.721640 157.099989 65.991625 79.965767
330 278.718116 157.058893 65.998993 79.997177
331 278.708017 157.088850 66.022883 79.958813
332 278.941915 157.039173 66.507522 79.986828
333 279.177391 157.074305 67.023229 79.958813
334 279.403143 157.119251 67.519946 79.961212
335 279.615641 157.148663 67.990662 79.972076
336 279.492718 157.118477 67.922115 79.997250
337 279.322617 156.871729 67.898309 80.050713
338 279.332305 157.125427 68.021916 80.459484
339 279.558863 157.174927 68.522995 80.458083
340 278.937873 157.121302 68.820731 80.492592
341 278.754219 157.111138 69.081794 80.501455
342 278.894307 157.360650 69.518588 80.975698
343 278.558037 157.203598 70.227448 81.257883
344 278.616671 157.277333 70.569937 81.571705
345 278.365490 157.452541 71.107251 82.013400
346 275.524709 156.729756 71.931717 82.294025
347 275.453189 156.871583 72.016940 82.461192
348 274.003023 156.794008 72.666257 82.701440
349 273.743062 156.835543 72.977642 83.085361
350 272.536287 156.940281 73.025950 83.400436
351 268.070869 157.267285 73.936661 82.442928
352 267.874962 157.011667 74.095812 82.243997
353 267.505537 155.834335 75.104522 82.069481
354 267.054700 154.955064 75.753585 82.224469
355 267.167180 155.119466 76.025368 82.450720
356 267.405058 155.154444 76.507624 82.408010
357 267.702388 155.290144 76.874198 82.316739
358 267.837826 155.313006 76.003075 80.730045
359 267.971062 155.056918 76.604787 80.247994
360 268.167615 155.306287 76.920505 79.989033
361 268.130658 155.295780 76.796095 79.527290
362 268.084280 155.047603 76.827385 79.283054
363 268.202953 155.211347 76.927246 79.353195
364 268.330959 155.348568 76.611907 79.072714
365 268.546228 155.573853 76.321685 79.054070
366 268.698076 155.877813 76.307856 79.250675
367 268.855340 156.071643 76.149559 79.240948
368 269.042278 156.226894 76.478062 79.421165
369 269.199994 155.844450 76.222289 79.604787
370 270.501273 154.393451 74.643735 79.802078
371 270.680661 154.478523 74.974827 79.896969
372 270.683109 154.470167 75.005146 79.937222
373 270.923854 154.501239 75.518425 79.964970
374 271.165548 154.484636 76.017881 79.992386
375 271.428823 154.434560 76.499788 79.973156
376 271.420586 154.436458 76.520614 79.969173
377 271.648302 154.474996 77.025540 79.958893
