5 328.730586 114.225546 75.461233 133.444512
6 327.635599 116.319965 74.363258 132.359979
7 327.287521 117.190806 73.510280 131.574703
8 327.144910 118.343847 73.148674 131.370909
9 327.202172 118.639056 73.209754 131.425219
10 327.687729 119.078744 73.327829 131.253611
11 330.610239 120.378142 73.296970 129.486522
12 336.743823 121.929456 74.135240 127.959834
13 342.244326 123.837064 74.710386 130.476367
14 349.559028 125.518251 75.409470 130.087956
15 358.036431 126.758154 78.040756 129.185785
16 367.156048 127.583079 77.596735 132.772969
17 378.437463 125.757688 78.136734 135.140073
18 392.162887 125.643488 77.988001 133.775456
19 404.298432 126.208407 76.780424 133.902948
20 418.519009 127.420489 76.254443 131.098455
21 430.231519 127.940481 76.429101 128.961118
22 441.198453 128.339353 76.351425 128.008943
23 450.807283 128.229053 76.019322 128.808476
24 460.580940 126.932805 76.623033 128.616159
25 468.144465 126.918187 77.663397 129.257655
26 475.948591 127.037149 77.166308 130.074699
27 482.843272 127.442965 75.386750 130.226872
28 489.005032 128.682663 74.165385 130.947221
29 495.862161 129.536066 73.573041 130.932368
30 499.984053 129.331850 73.960854 131.513205
31 504.945621 129.925177 74.193501 131.997400
32 509.578287 130.469286 74.590836 131.673146
33 511.842169 129.941649 75.216322 134.127664
34 514.562710 130.187648 75.805348 136.514820
35 517.018746 129.705882 75.860510 138.032123
36 518.787829 129.101762 76.742691 138.357653
37 520.204515 129.056312 77.416023 139.210420
38 522.014591 129.147494 77.308237 138.877590
39 522.929371 129.247122 77.243629 138.430605
40 523.798775 129.312040 77.048278 138.041141
41 524.706117 129.569669 77.042761 138.198690
42 525.461550 129.790415 77.014051 138.067683
43 525.962370 129.985645 77.260196 138.138691
44 525.993706 130.285399 77.369091 138.437300
45 525.061294 130.373558 76.875148 138.287754
46 523.837880 130.561131 76.309172 138.335985
47 522.169288 130.689057 75.813075 137.981326
48 518.737335 130.760704 75.257207 136.247685
49 515.286307 131.298160 74.798391 134.713099
50 512.590179 131.054883 74.765500 132.928966
51 506.961193 130.704006 76.206958 131.886807
52 501.526584 130.290749 76.828948 131.303617
53 494.341234 131.509124 77.795473 130.166497
54 487.544215 129.886911 78.467780 128.704227
55 478.627991 130.279990 79.178671 128.029888
56 469.699617 129.414480 79.272784 128.312570
57 461.141719 128.007624 79.104758 129.075230
58 451.259478 126.645466 80.961473 128.636143
59 443.319054 125.655628 80.263197 128.535031
60 432.347613 125.637464 80.447638 126.622660
61 423.451006 124.917644 79.891035 125.785436
62 414.460586 126.014083 78.962566 125.533419
63 406.455021 124.862916 77.723977 126.667902
64 399.052010 125.413710 76.581656 126.805129
65 393.101860 123.997539 75.912374 127.019790
66 386.657881 124.680730 75.159777 126.627834
67 379.774698 125.263652 74.901678 127.446327
68 372.664871 123.397819 75.885150 132.354638
69 369.786995 121.956445 75.584230 133.251815
70 364.887525 120.542846 75.452249 135.199968
71 361.647049 118.953257 75.434247 135.092812
72 359.385140 118.037297 75.308960 135.554086
73 357.709469 117.455389 75.450819 135.612029
74 356.605573 117.070706 75.355052 135.822156
75 355.781329 116.504029 75.248964 136.023028
76 354.967543 115.944636 74.895155 136.126992
77 354.964180 115.517026 74.916698 135.597558
78 355.038729 114.816530 74.793395 135.262365
79 355.267030 113.587262 74.738982 134.325694
80 355.546638 113.155232 74.883488 133.723394
81 355.728876 113.048410 74.882977 133.617626
82 356.212103 112.664781 74.768182 133.535520
83 358.184951 111.618324 74.310815 133.508006
84 358.412146 111.788694 74.389303 133.805756
85 358.761608 111.755640 74.342144 133.884533
86 360.795605 110.994487 73.967007 134.563635
87 360.905059 111.192469 73.929068 134.935421
88 361.026182 111.226844 73.941655 134.944613
89 361.069589 111.260132 73.967488 134.980437
90 361.088590 111.280792 73.967459 134.969114
91 360.676189 111.329812 74.059503 134.786024
92 359.759924 111.427788 74.428870 134.610968
93 357.116988 110.990206 74.557734 133.698384
94 354.736439 110.950456 74.718772 133.179643
95 351.605888 110.167316 74.872134 132.501197
96 348.302257 109.966871 74.561416 132.067964
97 345.382549 109.473513 74.677956 131.649692
98 342.642265 108.591182 74.822946 130.768165
99 339.420063 107.650943 74.424387 130.041639
100 335.816899 108.398408 74.188124 128.048962
101 333.910025 108.572537 74.895503 127.150272
102 331.282025 109.876943 75.316336 125.188046
103 329.446946 110.769936 75.064821 124.662484
104 327.024671 111.759443 74.486130 124.161452
105 323.744526 113.775399 73.367494 122.870635
106 317.007825 115.753042 73.774307 119.989856
107 313.846203 118.056774 74.572560 118.799194
108 308.828378 120.093258 75.251462 117.268185
109 304.966874 121.064248 75.745067 116.363106
110 301.501877 126.930908 79.596486 116.926002
111 298.040365 130.030261 85.544083 114.569556
112 296.755396 142.723966 86.321212 121.555101
113 293.298807 147.964347 86.580435 121.254179
114 291.799746 153.812176 86.963535 120.128824
115 289.601154 155.199579 85.221902 119.338704
116 287.477915 157.261937 82.800597 117.274395
117 285.526260 159.301566 80.151221 115.107085
118 284.441287 160.807937 78.245872 113.781301
119 283.232577 162.417248 76.137722 112.087700
120 279.238695 165.083182 75.654811 110.047286
121 275.083300 165.721948 75.620187 108.651480
122 274.656332 165.179469 75.713116 109.065177
123 269.841722 165.952721 75.391124 108.694307
124 267.184492 163.275526 75.082976 110.845423
125 265.199612 159.817485 75.151390 113.004212
126 266.170218 153.200025 74.631755 115.258982
127 266.760065 147.864786 73.984190 115.864743
128 267.218741 139.217497 72.987441 115.036683
129 267.226886 136.055623 72.250462 113.761110
130 267.743541 134.673899 70.915369 113.398426
131 268.303777 134.196124 70.572277 112.963309
132 269.724294 133.438512 69.971587 112.136828
133 272.315882 131.959864 69.417737 111.693728
134 275.185830 130.576228 68.947948 111.934492
135 277.285766 130.017241 68.337405 112.295136
136 279.914168 129.420496 68.454686 113.012999
137 285.617823 128.343124 67.674421 114.958545
138 290.261002 126.277189 67.155788 116.097416
139 295.242168 123.650063 67.467546 118.896060
140 300.693068 120.335457 69.137192 118.750498
141 305.721694 117.811064 69.256539 120.574318
142 311.588891 113.033597 71.426803 122.908373
143 318.799318 109.774276 71.861664 123.885583
144 324.220194 105.969132 72.315733 123.795542
145 329.309279 102.386167 72.556364 125.032720
146 333.644218 99.662518 73.974941 125.546019
147 339.853359 98.122650 75.508556 126.601686
148 344.542270 96.853516 75.417194 128.875134
149 351.090948 95.035337 75.309294 133.329786
150 353.638062 92.532705 75.860811 135.976274
151 356.726580 90.822973 76.399988 137.470821
152 358.781161 89.837728 77.585065 137.973701
153 359.624775 88.808648 79.116335 140.288535
154 359.815736 88.868964 79.499310 140.529780
155 359.826509 89.078909 79.480087 140.998689
156 359.656207 88.920811 79.463020 140.966208
157 358.391337 88.033577 79.207941 141.042405
158 354.576211 85.262873 78.974413 141.840925
159 350.011800 84.032151 78.903463 142.370595
160 346.560182 83.713423 79.081405 143.536967
161 341.925164 86.819814 79.592304 142.967038
162 339.093227 90.258091 80.411610 141.613048
163 338.948178 92.285143 80.817843 139.634609
164 340.745525 96.506917 81.039991 139.193600
165 345.716100 99.245922 81.327156 139.451687
166 352.808344 101.908758 82.716710 138.129700
167 362.466086 102.585386 82.021003 139.293025
168 372.220878 103.216820 82.729701 140.333294
169 383.628807 105.835783 82.588311 139.003184
170 399.028016 110.483470 81.233787 139.730587
171 414.780385 114.172130 79.561424 136.036224
172 432.770043 120.035416 78.795837 134.260911
173 448.921584 127.358449 78.376793 138.756363
174 463.314107 126.843738 79.120955 138.904159
175 475.411465 124.422907 79.418709 138.660519
176 484.846188 122.237507 77.983161 138.460014
177 493.142680 121.108846 76.528522 138.909394
178 501.354751 120.532187 76.052594 138.508107
179 507.235961 120.460770 75.717747 138.644273
180 512.774106 122.136842 75.207189 139.189675
181 517.453125 125.146824 74.911269 139.029825
182 520.874105 127.347528 75.445819 138.703318
183 522.744749 129.941588 75.298627 132.582695
184 522.973369 130.129699 75.365557 132.693387
185 521.171498 130.914403 75.474284 131.328970
186 514.640410 134.292164 75.928652 127.257310
187 506.213055 138.790874 77.463113 119.128727
188 494.062009 142.560938 79.210726 117.041470
189 481.167117 144.348402 79.323356 116.169097
190 465.452567 143.870495 79.367125 117.597770
191 450.193408 140.010571 80.629502 122.184600
192 434.323195 135.504572 82.593124 120.315587
193 417.192694 134.990323 82.980645 116.701256
194 399.999765 136.301164 82.183208 114.688221
195 385.262647 137.725680 79.890142 114.398687
196 367.358011 137.286550 80.892303 111.819355
197 352.479304 138.276909 80.065995 110.115556
198 338.825206 136.988665 78.886303 108.064845
199 326.208690 136.137137 77.587340 104.988709
200 315.475439 136.117037 75.544065 105.391130
201 305.635854 133.267188 73.807463 104.069057
202 293.259979 132.130716 73.074781 103.580995
203 283.878180 131.016871 71.204618 104.693243
204 274.921021 129.479266 71.811608 103.980517
205 268.329707 127.464913 70.547401 106.707191
206 261.009484 129.478676 70.103119 106.177818
207 256.197573 131.251666 71.093102 105.851530
208 248.949019 137.411897 68.808147 110.572353
209 249.212975 135.010714 67.910636 111.094404
210 249.025141 135.663382 64.131022 113.209894
211 249.521262 133.642447 62.871907 114.223068
212 252.440648 134.078679 59.817907 119.541479
213 255.094284 134.990631 59.189283 120.994497
214 260.929895 127.680510 61.709120 119.571201
215 266.860914 120.209847 65.914834 118.524433
216 265.266412 121.347959 68.363913 113.503325
217 266.235105 122.471304 69.558178 111.007268
218 267.374485 123.632983 72.450560 109.084464
219 268.846604 125.477602 75.442139 105.851314
220 273.685051 129.563605 74.702580 104.589817
221 279.411439 134.610288 74.061313 101.793166
222 283.109333 140.654062 73.536298 99.214070
223 291.452809 144.470484 73.453851 94.294003
224 295.338742 150.643750 72.447715 91.195015
225 301.920718 154.882244 72.134360 87.807294
226 306.487137 155.640719 73.043016 85.964708
227 311.800381 154.072048 74.195049 84.839101
228 317.158065 151.233468 74.574487 83.575954
229 328.294139 155.553927 74.254771 92.228632
230 335.298843 157.619501 73.529996 102.089914
231 345.358681 160.132147 72.378046 102.738837
232 346.631295 159.905649 72.900491 102.519437
233 346.695892 160.154751 72.968672 102.983733
234 346.513193 161.338478 72.821770 102.696194
235 346.492482 165.058377 72.008438 103.385994
236 348.092808 165.877119 70.855987 102.731540
237 350.102507 169.300583 67.987188 104.256828
238 350.967859 171.021670 65.723722 102.267923
239 350.892422 171.817287 65.019721 102.237244
240 349.580886 172.877316 64.423008 101.339141
241 345.363509 174.316663 62.385544 99.607707
242 338.978815 175.371269 62.014009 98.278999
243 332.360573 175.025729 62.582067 97.072990
244 323.877885 175.465151 62.378658 96.419112
245 315.679686 175.580585 61.663154 96.555213
246 307.846263 175.783187 61.513842 96.722476
247 298.580353 175.123304 62.770744 96.121430
248 288.579453 172.998910 64.970564 94.901584
249 280.307975 172.726922 65.126594 93.454620
250 272.436683 173.042062 64.645037 92.196521
251 263.535832 173.183684 63.217028 92.190128
252 255.973891 171.757465 62.903861 91.839694
253 250.346926 169.992220 61.769847 94.101637
254 244.955784 169.178981 60.878322 97.422109
255 240.012647 168.174106 59.393271 98.141668
256 236.196942 167.483134 58.387643 98.537077
257 232.465033 166.924631 58.081051 97.309017
258 229.672286 167.132154 58.316978 96.799943
259 228.062982 167.089792 58.486016 96.742754
260 226.472479 166.899795 58.405403 96.967780
261 224.946872 166.640537 58.229104 96.955361
262 224.521235 166.591784 57.948918 96.885033
263 224.391908 166.765062 57.739838 96.911661
264 224.529343 166.830351 57.966306 96.976716
265 225.660644 167.386971 57.851589 96.345818
266 230.097555 168.236324 58.067039 96.297484
267 234.831138 168.361403 58.133268 96.646810
268 241.014808 168.958667 58.565760 97.464100
269 246.928478 169.389072 59.296897 98.413523
270 253.742238 169.047756 60.823142 98.731813
271 261.962300 170.873064 62.005848 97.618396
272 271.900009 173.356563 62.261936 98.183303
273 282.371689 174.013566 64.934623 97.066870
274 294.121865 176.193500 65.556102 97.921977
275 306.362094 177.281737 66.508022 99.220453
276 318.530043 175.903090 67.188883 99.939230
277 331.272895 173.439174 66.974472 101.072135
278 342.395345 169.392095 67.127748 100.648096
279 352.549720 165.978048 68.000606 100.867977
280 361.695942 164.068417 68.048165 102.610210
281 369.892689 161.506791 67.302392 103.409480
282 378.503988 159.820153 66.118542 104.901788
283 385.201839 159.182348 65.070293 105.938122
284 391.119599 158.440589 64.337911 106.589301
285 395.984859 157.931182 63.291292 107.867984
286 397.783692 158.487496 62.820357 108.349818
287 398.762464 158.491247 62.596117 108.423031
288 399.432431 158.323886 62.720107 108.254359
289 399.629461 158.404769 62.936476 108.456934
290 399.763368 158.184639 62.874370 108.426679
291 399.848470 158.091570 62.939411 108.413874
292 399.930278 157.794163 62.834866 108.198385
293 400.048317 157.656797 62.813663 108.222401
294 400.186247 157.504308 62.801136 108.257251
295 400.309065 157.397735 62.817572 108.346367
296 400.416309 157.296302 62.851773 108.385822
297 400.516666 157.044745 62.790544 108.284025
298 400.477619 156.847066 62.571661 107.930465
299 400.659765 156.758531 62.504466 107.650764
300 400.953612 156.851591 62.624380 107.773041
301 401.239117 156.828759 62.747931 107.715384
302 401.476564 156.866335 62.890390 107.860959
303 401.698095 156.776066 62.860689 107.756165
304 401.961699 156.812398 62.883027 107.849383
305 402.149088 156.859532 62.918707 107.923128
306 402.232038 156.869551 62.931213 107.914780
307 401.120957 156.754179 62.199435 107.909873
308 396.461526 156.741209 61.906248 107.233946
309 392.158466 156.423123 61.930415 107.005910
310 386.209004 157.283755 61.546188 107.655015
311 377.852107 157.735354 64.098103 106.917261
312 368.073695 158.394288 65.668002 105.870729
313 357.848635 159.078728 66.354196 104.919753
314 348.042191 161.317083 66.597204 103.987196
315 336.301294 160.717051 66.327413 103.684060
316 325.093281 161.140278 65.819054 103.343201
317 311.374774 161.355039 66.578604 101.322107
318 298.410920 160.067906 66.122932 104.694022
319 287.597727 156.614949 68.836920 104.900150
320 276.330254 153.585754 70.757991 103.113076
321 268.774426 152.118420 70.235940 104.006723
322 261.208335 147.684042 68.744854 103.235472
323 256.262700 145.220105 67.540392 104.308658
324 251.958763 143.945934 66.831474 105.357516
325 247.697817 142.455441 66.079109 105.309344
326 244.156990 143.062530 64.976528 106.463532
327 243.372960 143.265452 63.844054 106.385829
328 243.462243 143.080871 62.268506 106.119675
329 243.548706 143.076346 62.258053 106.045232
330 243.754375 143.017252 62.296465 106.081709
331 244.007523 143.155230 62.377957 106.366796
332 244.261872 143.207786 62.373197 106.396118
333 244.587347 143.001850 62.311283 106.153303
334 244.944618 143.099257 62.318406 106.301793
335 245.584315 143.119570 62.203097 106.198180
336 246.181681 142.941913 62.222782 106.067927
337 246.523390 143.073172 62.321433 106.297284
338 246.914315 143.049446 62.266880 106.229747
339 247.335398 143.060449 62.280896 106.258191
340 247.486822 143.176625 62.450981 106.468926
341 247.557844 143.188536 62.452492 106.469794
342 247.729596 143.159981 62.390727 106.403893
343 248.038780 143.122272 62.320614 106.349946
344 248.440116 143.106158 62.287033 106.360951
345 248.631519 143.157086 62.428457 106.447287
346 248.785051 143.150332 62.417412 106.427146
347 248.966044 143.152490 62.408814 106.426151
348 249.132932 143.164140 62.420309 106.431194
349 249.288831 143.171709 62.418392 106.423531
350 249.406755 143.198614 62.441030 106.457825
351 249.544979 143.187780 62.416843 106.427055
352 249.653357 143.215741 62.445021 106.454478
353 249.747765 143.230732 62.447423 106.456824
354 250.006672 143.146808 62.351513 106.251807
355 250.310117 143.162492 62.366554 106.216051
356 250.500683 143.229546 62.400296 106.306267
357 250.669154 143.268078 62.410039 106.344578
358 250.834137 143.296108 62.413532 106.360819
359 250.969389 143.332674 62.435412 106.400023
360 251.054761 143.374395 62.458956 106.453513
361 251.118687 143.397938 62.464333 106.474380
362 251.242435 143.376952 62.425956 106.412099
363 251.359309 143.387279 62.423837 106.400917
364 251.487513 143.402628 62.421817 106.411602
365 251.594855 143.431206 62.439999 106.449522
366 251.717534 143.425493 62.425828 106.441747
367 251.845562 143.431605 62.431213 106.445134
368 251.953669 143.445428 62.443256 106.465031
369 252.034853 143.459013 62.456039 106.472983
370 252.103063 143.470449 62.459713 106.475340
371 252.167764 143.481616 62.461409 106.476340
372 252.219470 143.495584 62.467232 106.480504
373 252.268365 143.507368 62.467185 106.480413
374 252.296795 143.521575 62.472540 106.484567
375 252.322547 143.533704 62.472540 106.484567
376 252.348299 143.545834 62.472540 106.484567
377 252.374051 143.557963 62.472540 106.484567
378 252.396400 143.570164 62.474632 106.479468
379 252.400316 143.591973 62.483680 106.442640
380 252.361379 143.612644 62.499425 106.461237
381 252.331087 143.642375 62.461296 106.480581
382 252.181850 143.614048 62.477216 106.496262
383 252.205264 143.620330 62.472540 106.484567
384 251.954069 143.592692 62.438965 106.504499
385 250.729879 143.714102 62.104464 106.838445
386 249.694180 143.730592 62.042150 107.176810
387 248.326738 143.926393 62.076014 107.536451
388 246.045689 144.162009 62.228632 107.624206
389 245.683954 144.134947 62.422186 107.543142
390 243.476988 144.512742 61.827487 107.228708
391 242.727243 144.599455 61.511185 107.529239
392 241.155818 144.771122 61.240338 107.200745
393 239.632800 144.371658 60.893402 106.972355
394 238.550240 144.482870 60.750512 106.631083
395 237.108622 144.274590 60.457520 106.354552
396 236.403361 144.163870 60.394674 106.059999
397 232.693895 143.678675 60.846184 105.210037
398 232.478690 143.791787 61.079568 105.466642
399 230.804164 143.666990 61.379994 105.537705
400 228.047917 143.588652 61.329672 105.770517
401 227.289797 143.627334 61.244282 106.059997
402 225.827500 143.736679 61.354534 106.240559
403 222.821673 143.864435 61.534786 106.083136
404 221.391375 144.442741 61.774747 106.512097
405 220.042924 144.304092 61.626519 106.203359
406 218.638352 144.445780 61.360675 106.404497
407 218.392857 144.454875 61.487516 106.478173
408 216.994760 144.211497 61.313267 106.303936
409 215.666585 143.962812 61.203296 106.479301
410 214.065299 143.613764 61.613950 106.849424
411 213.464471 143.373509 62.044396 106.952218
412 212.783520 143.224738 62.560120 107.035414
413 212.424554 143.221465 62.840072 107.521032
414 211.239478 142.963413 62.709518 107.933413
415 211.214691 142.837345 62.993100 108.083453
416 210.641152 142.599435 62.762543 108.649649
417 210.865387 142.470669 62.914759 108.575581
418 213.952029 141.264864 63.018745 109.498832
419 218.719960 140.026538 62.965755 110.182678
420 221.990243 140.591300 62.976070 111.149468
421 222.046070 140.766720 62.963858 111.476675
422 222.156886 140.771067 62.949847 111.455222
423 224.563542 140.553086 62.474879 110.776680
424 226.259549 140.944417 62.509802 110.632329
425 226.534286 141.130851 62.967766 110.980326
426 226.586713 141.142530 62.966033 110.978955
427 226.634690 141.155498 62.967409 110.980046
428 226.724312 141.160034 62.951349 110.962008
