74 470.631455 463.215962 57.509340 227.856955
75 471.302406 464.764583 58.162867 226.927206
76 470.987871 464.222340 59.433968 228.116993
77 470.574481 463.928177 59.491894 228.915214
78 470.271563 463.755935 60.059345 229.401360
79 471.886451 468.819297 62.631984 226.768995
80 468.484893 474.032361 66.016481 230.270674
81 465.879821 477.465412 67.201114 229.082742
82 462.090563 479.686742 69.938250 231.074024
83 460.634067 481.246373 74.978645 229.514433
84 458.567892 482.373644 81.016538 230.129063
85 456.074270 488.575101 86.827021 227.638809
86 458.901372 493.100929 94.691446 224.713602
87 460.555499 500.545819 99.218428 217.631789
88 464.892162 509.385758 100.996088 210.614242
89 483.853613 518.356456 104.353482 201.643544
90 488.431537 521.150428 102.949745 198.849572
91 498.563636 528.836560 101.909360 191.163440
92 506.081551 529.633776 101.741371 190.366224
93 511.859909 535.444727 103.594173 183.924884
94 517.853536 539.422276 105.667177 180.577724
95 526.419968 544.534714 106.379126 175.465286
96 546.542535 548.934350 107.269446 170.780522
97 554.978319 549.056067 104.691388 170.090684
98 577.064949 555.690304 106.201289 164.309696
99 594.224946 558.643399 106.492718 161.000687
100 594.466409 564.252796 106.959288 155.747204
101 598.888856 566.431521 105.886597 153.499911
102 597.441154 574.962590 107.842265 144.590062
103 599.178471 583.399055 112.064971 136.600945
104 615.268258 590.747870 112.466344 127.727085
105 656.674200 595.786354 112.937897 122.878210
106 688.188574 594.399479 116.294641 121.131198
107 691.820575 601.322249 118.888716 114.342292
108 694.817546 608.622396 121.514276 108.638806
109 704.065002 615.491122 123.515442 101.818959
110 713.720369 621.897971 123.015818 93.825704
111 726.530621 626.218371 126.891617 86.430406
112 743.812541 624.047801 129.079670 80.470075
113 752.382335 621.715627 120.919898 80.619217
114 754.387319 631.708849 134.999562 72.729854
115 744.944873 639.486346 141.279903 65.122823
116 755.863057 644.887945 144.083095 59.510992
117 761.290476 646.906867 143.366236 56.339550
118 758.320900 648.553232 149.572922 53.735305
119 743.212560 650.442520 145.121512 52.050435
120 746.448125 650.294234 138.412485 52.958955
121 746.188664 650.741625 137.205783 53.025639
122 749.344687 650.652367 130.915899 52.735261
123 746.672329 650.052088 127.939807 52.845846
124 739.943679 644.070384 121.257843 57.874958
125 759.663715 645.386626 121.044440 57.791464
126 766.225363 648.426463 127.358935 56.013139
127 762.823715 650.315624 128.041571 53.616607
128 769.160373 650.284116 122.349432 53.781091
129 775.907142 650.414417 117.351074 53.166395
130 803.885939 649.213464 112.372542 54.180694
131 813.937377 645.801955 107.894669 57.979130
132 821.507395 646.845144 107.527837 58.504757
133 817.353361 652.533890 112.413682 55.054728
134 828.640200 655.854535 115.283757 52.329838
135 860.294235 656.557852 120.092183 51.144679
136 886.233090 656.554758 121.695731 50.930074
137 899.668031 656.237778 117.547934 50.109783
138 906.593447 655.426175 116.895280 50.390750
139 914.996323 654.939817 118.046262 50.014262
140 930.154364 658.269789 120.599383 48.198371
141 936.570206 660.054052 121.983450 45.947302
142 944.439633 660.621076 128.190205 43.490953
143 947.012680 658.171068 128.835840 44.272454
144 951.298711 653.399131 126.971334 46.431077
145 947.468953 649.809474 133.413895 49.850607
146 947.143427 649.944789 133.535546 50.107529
147 948.018807 649.997140 133.961126 50.885280
148 952.166998 651.096702 132.661695 50.702159
149 953.590827 651.408519 135.356574 51.017325
150 953.610463 648.815101 137.329550 53.166608
151 952.933664 649.836740 138.190073 52.631868
152 955.148766 651.361867 137.576020 51.823351
153 956.071980 652.138471 137.698192 51.184167
154 955.818100 651.660650 137.615194 52.010260
155 956.293880 651.634047 137.707872 52.700687
156 954.362809 649.615819 137.960432 54.818888
157 954.296364 648.604551 138.003698 55.414922
158 955.003645 649.206506 138.015193 54.965598
159 955.390760 649.965689 138.357534 54.161050
160 955.244530 651.797860 138.355949 53.039072
161 957.622456 651.901770 135.475801 53.042750
162 956.845101 652.069879 134.972402 51.525608
163 958.685336 650.971493 133.478743 51.766610
164 956.744924 644.751985 132.040729 56.049078
165 958.789407 642.329394 130.509826 57.820455
166 958.940258 640.165229 130.756684 59.700723
167 958.426446 639.146989 131.016297 61.035527
168 964.635808 638.798487 129.905623 61.095736
169 967.239868 637.528304 127.876579 62.189765
170 968.082652 635.781565 127.482281 63.216910
171 968.316325 635.187182 127.205112 63.925295
172 968.500789 635.081800 127.399254 64.055392
173 968.268670 634.447949 127.431585 64.753509
174 969.092390 633.968660 126.643295 64.742340
175 966.654247 632.678064 129.037800 65.341453
176 966.841795 632.604162 128.849095 65.266388
177 966.371316 633.174787 129.644793 65.269389
178 965.162291 631.321915 130.403994 67.154082
