2 275.647218 280.733881 43.381908 94.276206
3 275.708875 280.835103 43.469507 94.448851
4 275.726734 280.850002 43.469507 94.448851
5 273.409518 273.037534 42.261746 101.893406
6 273.522878 273.080005 42.477890 101.938659
7 272.026007 270.296049 42.879550 109.973429
8 271.353700 270.438750 43.378010 112.336998
9 271.213668 270.402046 43.671897 112.918205
10 266.925225 265.774679 43.763748 125.036085
11 266.212550 268.555826 45.083092 142.636426
12 265.749152 264.830641 46.358573 152.281487
13 265.718327 264.618522 46.599845 153.029145
14 265.593973 264.197058 46.980879 154.350915
15 265.121127 254.522237 45.958977 160.067911
16 265.135396 254.721246 45.976069 160.403477
17 265.141119 254.752471 45.976069 160.403477
18 265.146842 254.783696 45.976069 160.403477
19 265.569044 244.132189 45.377832 162.275666
20 265.628765 244.157448 45.477388 162.420003
21 265.640210 244.095467 45.477488 162.422708
22 265.651687 244.030762 45.477358 162.423056
23 265.663323 243.965039 45.477373 162.423281
24 268.744622 227.146210 45.492912 166.610952
25 268.764733 226.981435 45.636560 167.227301
26 268.935127 226.889500 46.078644 167.634725
27 269.152820 226.755171 46.592421 168.128807
28 269.342040 226.821541 47.019930 168.509360
29 271.853484 220.285504 47.903284 169.024764
30 271.898123 220.450186 47.994454 169.380639
31 271.897176 220.437004 47.994427 169.380631
32 272.131234 219.405841 47.995459 169.446980
33 272.143894 219.365938 47.984814 169.392237
34 274.044303 212.444183 48.306702 168.691211
35 274.902018 211.471727 48.747059 168.316982
36 275.037811 211.526003 48.981163 168.378724
37 275.577184 210.117623 49.164272 167.578291
38 275.947006 210.022695 49.562566 167.633976
39 276.158937 210.187875 49.973989 167.898967
40 277.290872 205.366577 49.767730 165.344711
41 277.406163 205.422606 49.958382 165.414636
42 277.424827 205.444651 49.962029 165.411416
43 277.441712 205.468291 49.961936 165.411495
44 280.172366 198.733691 48.654406 163.170762
45 280.388564 198.713982 48.766460 163.631562
46 280.503824 198.663245 48.727536 164.194354
47 281.619967 196.027960 49.224486 163.756188
48 281.751044 196.132419 49.474244 163.901396
49 281.757218 196.164298 49.474249 163.901373
50 281.763405 196.196181 49.474244 163.901380
51 281.769565 196.228083 49.474249 163.901373
52 285.590662 184.269518 47.530501 163.666792
53 285.822608 184.415492 47.963848 163.911367
54 285.837878 184.439187 47.963855 163.911359
55 285.849437 184.466100 47.975029 163.901373
56 285.855408 184.498006 47.975029 163.901373
57 286.742950 179.526750 47.873360 161.658466
58 286.856968 179.549773 47.795508 162.072319
59 287.136258 178.402184 47.811594 161.430166
60 287.231819 178.389556 47.970220 161.407835
61 287.244704 178.409332 47.972589 161.405772
62 287.811704 169.495363 46.935612 159.429038
63 287.849220 169.488017 46.934727 159.431512
64 287.887605 169.478582 46.933320 159.432501
65 288.001028 169.370222 46.668243 159.271050
66 288.254178 169.388259 46.655248 159.246613
67 288.512365 169.502578 46.673451 159.154198
68 288.621644 169.470980 46.224247 159.199276
69 288.635869 161.338606 44.550354 158.016811
70 288.864539 161.506814 44.904382 158.460699
71 288.915742 161.455458 44.907238 158.458001
72 288.954664 161.317818 44.870718 158.255669
73 289.018207 161.362553 44.869134 158.271911
74 289.082537 161.399167 44.869143 158.271926
75 289.101188 155.836973 43.916881 155.596191
76 289.046594 155.718457 43.723697 155.957101
77 289.130057 155.609127 43.741239 155.660894
78 289.201153 155.661677 43.746384 155.674551
79 289.206969 154.159950 43.515897 155.693535
80 289.367468 153.760602 43.600030 155.584826
81 289.489205 153.795165 43.721121 155.675912
82 289.526663 150.742362 43.509114 154.747084
83 289.769620 150.819522 43.920136 154.825514
84 289.807064 150.857445 43.920105 154.825447
85 289.788147 147.384074 43.628060 153.818508
86 289.969367 147.448986 43.969360 153.909722
87 290.002263 147.391584 43.888623 153.902143
88 290.051435 147.362879 43.947200 153.921647
89 290.059510 146.747416 43.896069 153.850285
90 290.109671 146.574819 43.923269 153.947819
91 290.146446 146.346560 43.921842 153.949427
92 290.212521 142.507035 43.803391 153.209517
93 290.305902 142.627866 43.970457 153.409685
94 290.315749 142.648621 43.970461 153.409678
95 290.417088 141.727270 43.906155 153.411442
96 290.519867 141.005064 43.920963 153.404796
97 290.875552 137.751308 43.807721 153.444716
98 291.203740 136.135280 43.832586 153.674540
99 291.281476 136.281664 43.977110 153.907386
100 291.452371 134.591899 43.886020 154.447118
101 291.598775 133.656170 43.906705 154.818179
102 293.029728 129.158969 43.439843 156.106400
103 293.053903 129.339158 43.477370 156.405883
104 293.059315 129.369605 43.477370 156.405883
105 294.614886 121.942707 42.884581 158.654476
106 294.666760 122.098592 42.977630 158.904379
107 294.673695 122.119821 42.976796 158.914569
108 294.680905 122.136811 42.976871 158.913682
109 294.688164 122.153722 42.976826 158.914221
110 295.663834 116.096534 42.596438 160.682412
111 295.873638 116.123835 42.971128 161.005005
112 296.011932 115.650203 42.926934 161.718198
113 296.157612 115.134700 42.926698 162.219491
114 296.284897 114.670347 42.936686 162.680403
115 299.099035 104.854545 42.757005 162.936476
116 299.214697 104.869006 42.977630 162.901974
117 299.243482 104.697219 42.965135 163.076932
118 299.274743 104.676182 42.966152 163.574961
119 299.330046 104.505562 42.948141 164.178158
120 299.378938 104.383481 42.953716 164.600081
121 299.425243 104.288751 42.953663 165.098875
122 299.868493 103.163547 42.737524 166.033271
123 300.008612 103.231829 42.962828 166.487480
124 300.046951 103.011389 42.955949 166.529963
125 300.279788 102.316937 42.852123 167.131066
126 300.444180 102.011952 42.913131 167.550103
127 302.049283 94.729912 42.445537 168.351557
128 302.070747 94.786248 42.477890 168.398666
129 302.304401 93.796195 42.349992 168.488912
130 302.379600 93.742853 42.470797 168.395750
131 302.389647 93.753270 42.475870 168.394769
132 302.633488 91.421385 42.355338 168.060204
133 302.763085 91.000853 42.417320 168.392094
134 302.880291 90.581297 42.411492 168.393966
135 304.914382 86.359408 42.238290 166.269333
136 305.081751 86.092717 42.443714 165.620829
137 306.769244 82.370368 42.661691 161.575396
138 306.976806 82.637601 42.917418 161.361417
139 307.369577 82.769340 42.879642 159.741764
140 307.546481 82.954831 42.925488 159.416954
141 307.594729 83.061496 42.939970 159.174779
142 310.428711 82.785676 44.501044 153.310556
143 310.672082 82.864105 44.976590 153.407687
144 312.089580 83.802788 45.315713 152.095741
145 314.230758 85.386590 46.152436 151.252667
146 314.525678 85.507966 46.561541 151.263419
147 317.651334 85.574569 48.163451 149.301762
148 317.814731 85.657905 48.475835 149.406443
149 317.821714 85.688886 48.475696 149.406927
150 322.623602 85.560804 50.616163 148.428889
151 322.808600 85.580598 50.973468 148.410694
152 323.312610 84.790737 52.280357 147.577781
153 323.434167 84.864669 52.622711 147.579617
154 323.618065 85.007810 53.014289 147.838680
155 327.288604 84.097231 56.123751 144.328257
156 327.468770 84.165236 56.472073 144.410295
157 327.959527 83.565673 57.001132 143.769043
158 328.244670 83.578052 57.609393 143.713319
159 328.434744 83.655496 58.006054 143.856800
160 330.970301 79.616389 58.970295 143.297651
161 330.977147 79.702332 58.969306 143.413701
162 330.984487 79.730250 58.969306 143.413701
163 330.989402 79.731064 58.988432 143.401815
164 330.984768 79.738006 58.988294 143.401877
165 334.361486 71.424416 58.742034 144.289603
166 334.482462 71.514276 58.969306 144.413100
167 334.605866 71.243150 58.904760 144.722756
168 334.668982 71.320983 58.955797 144.967877
169 334.709348 71.272902 58.954098 144.971742
170 335.467262 69.625529 58.468583 146.220007
171 336.660322 66.948025 57.623970 148.358662
172 337.182116 66.039451 57.762400 149.246674
173 337.767740 65.450106 57.570303 150.286639
174 338.038880 64.371784 57.604013 151.240956
175 338.474654 63.309188 57.524479 152.297799
176 338.985268 62.366172 57.599771 153.104742
177 339.266925 62.443374 57.736986 153.599845
178 339.551459 62.283439 57.598076 154.241859
179 340.147960 61.532307 57.298713 154.949859
180 342.316874 58.090418 56.299250 155.273880
181 343.908905 55.927070 55.123798 156.305887
182 344.545801 55.647889 54.531882 156.743837
183 345.112138 55.408915 54.061438 157.293614
184 345.331126 55.225076 53.226952 157.632262
185 345.600696 54.903133 53.185608 158.339189
186 345.864362 54.551417 53.175322 158.786239
187 346.019440 54.641421 53.472168 158.904379
188 346.026096 54.672354 53.472168 158.904379
189 346.032752 54.703288 53.472168 158.904379
190 346.080113 54.385030 53.420386 159.096386
191 346.114040 54.538702 53.466068 159.423511
192 346.447071 53.867036 53.456083 159.606531
193 347.165046 52.399693 53.414814 160.350693
194 350.426671 46.868236 53.738398 160.295911
195 350.550144 46.953244 53.971908 160.403477
196 350.556862 46.984470 53.971908 160.403477
197 350.563580 47.015695 53.971908 160.403477
198 350.570298 47.046920 53.971908 160.403477
199 352.668619 48.112082 53.908117 158.848018
200 354.968947 48.050435 53.909262 157.833675
201 355.534741 45.434087 54.030418 156.997711
202 355.762136 45.418567 54.471648 156.905582
203 355.768916 45.449112 54.471648 156.905582
204 355.775697 45.479656 54.471648 156.905582
205 359.764904 44.752006 56.429867 149.179444
206 359.791952 44.851704 56.480899 149.351224
207 359.849841 44.168652 56.597484 149.565812
208 360.041695 44.245320 57.050973 149.930298
209 360.274478 43.842634 57.573053 149.719005
210 360.487600 40.340277 58.194030 148.789344
211 360.623402 38.238029 58.416884 149.038047
212 362.285830 30.846983 58.496781 148.945429
213 362.278179 30.612276 58.566239 148.796111
214 362.518697 30.307935 59.092159 148.704849
215 363.645050 27.952023 62.915674 147.219746
216 363.563352 27.933724 63.671846 147.940745
217 364.789947 29.213215 68.366138 146.174961
218 364.278322 30.447301 70.627236 145.412409
219 363.737642 31.634809 73.609506 144.684135
220 370.706987 35.833170 75.855279 137.888449
221 371.074936 37.441310 75.981485 137.026272
222 371.108013 38.587588 75.987320 136.834711
223 371.437665 39.027883 75.851247 136.525232
224 372.847026 40.458264 76.450774 135.970255
225 375.556657 42.737122 78.127621 133.931082
226 374.991592 43.819542 78.774973 133.200263
227 378.958555 44.983084 79.337189 132.393921
228 385.859178 47.983887 79.673022 129.954662
229 385.114658 47.174102 80.187054 130.367736
230 390.001621 54.387985 82.374132 131.839012
231 395.526560 61.251157 84.301206 135.431909
232 395.985787 75.773897 87.804351 137.337995
233 404.628623 70.762576 88.894988 139.689599
234 417.850918 92.556642 86.502120 145.621410
235 419.037813 105.050624 86.996001 153.270287
236 419.152079 105.415484 86.863805 154.445819
237 419.492176 109.527201 86.501867 156.598963
238 419.710349 109.900489 86.890559 157.420628
239 419.733653 109.976187 86.915715 157.699523
240 419.579053 112.738314 86.667603 158.340184
241 419.707858 112.879834 86.932795 158.429939
242 418.154035 129.187614 86.377421 158.638891
243 417.721539 136.561658 86.218246 158.468803
244 417.643427 143.036582 86.007109 158.922840
245 418.469293 133.112134 86.057104 157.882039
246 418.664669 127.916756 86.157684 157.511290
247 418.737962 128.450380 86.450376 157.821150
248 418.662417 128.839290 86.449840 157.820517
