326 521.451077 54.376074 29.485216 124.555984
327 515.969705 53.418762 30.073235 123.638028
328 510.860348 54.650751 30.974092 123.539448
329 505.303687 55.842510 32.350798 123.604441
330 502.948417 56.151001 33.926355 123.504012
331 502.289876 55.990398 34.193540 124.104290
332 502.554982 55.841685 34.553775 124.629466
333 503.197420 55.261366 35.098654 125.235856
334 511.076843 48.349592 37.523142 127.112729
335 513.997423 56.821938 39.085426 126.569184
336 513.645395 62.435533 44.251534 125.296924
337 511.836591 63.201071 45.941341 124.626202
338 504.618964 66.548704 49.134595 124.149770
339 504.444953 68.232552 51.572325 123.904106
340 503.251644 69.403821 53.372641 123.743054
341 503.090109 69.771655 54.439950 124.293061
342 502.644295 69.827151 55.101520 124.781105
343 503.731230 69.787128 55.920862 125.392789
344 505.539149 69.630409 56.259237 126.157256
345 507.915191 70.364017 56.626064 126.676755
346 511.703861 72.576120 56.751808 126.374723
347 518.058081 74.039953 56.298361 125.869307
348 544.323697 72.982689 56.601245 125.357368
349 553.195427 73.972326 56.824800 124.378367
350 553.277983 74.028726 56.998587 124.489017
351 553.273645 74.029800 56.998587 124.489017
352 553.269307 74.030875 56.998587 124.489017
353 553.264969 74.031949 56.998587 124.489017
354 553.260631 74.033024 56.998587 124.489017
355 553.256293 74.034099 56.998587 124.489017
356 553.251955 74.035173 56.998587 124.489017
357 553.247617 74.036248 56.998587 124.489017
358 553.243279 74.037322 56.998587 124.489017
359 553.238942 74.038397 56.998587 124.489017
360 553.234604 74.039471 56.998587 124.489017
361 553.230266 74.040546 56.998587 124.489017
362 553.225928 74.041620 56.998587 124.489017
363 553.221590 74.042695 56.998587 124.489017
364 553.217252 74.043769 56.998587 124.489017
365 553.212914 74.044844 56.998587 124.489017
366 553.208576 74.045918 56.998587 124.489017
367 553.204239 74.046993 56.998587 124.489017
368 553.199901 74.048067 56.998587 124.489017
369 553.195563 74.049142 56.998587 124.489017
370 553.191225 74.050216 56.998587 124.489017
371 553.186887 74.051291 56.998587 124.489017
372 553.182549 74.052365 56.998587 124.489017
373 553.178211 74.053440 56.998587 124.489017
374 553.173873 74.054515 56.998587 124.489017
375 553.169535 74.055589 56.998587 124.489017
376 553.165198 74.056664 56.998587 124.489017
377 553.160860 74.057738 56.998587 124.489017
378 553.156522 74.058813 56.998587 124.489017
379 553.152184 74.059887 56.998587 124.489017
380 553.147846 74.060962 56.998587 124.489017
381 553.143508 74.062036 56.998587 124.489017
382 553.139170 74.063111 56.998587 124.489017
383 553.134832 74.064185 56.998587 124.489017
384 553.130495 74.065260 56.998587 124.489017
385 553.126157 74.066334 56.998587 124.489017
386 553.121819 74.067409 56.998587 124.489017
387 553.117481 74.068483 56.998587 124.489017
388 553.113143 74.069558 56.998587 124.489017
389 553.108805 74.070632 56.998587 124.489017
390 553.104467 74.071707 56.998587 124.489017
391 553.100129 74.072782 56.998587 124.489017
392 553.095791 74.073856 56.998587 124.489017
393 553.091454 74.074931 56.998587 124.489017
394 553.087116 74.076005 56.998587 124.489017
395 553.082778 74.077080 56.998587 124.489017
396 553.078440 74.078154 56.998587 124.489017
397 553.074102 74.079229 56.998587 124.489017
398 553.069764 74.080303 56.998587 124.489017
399 553.065426 74.081378 56.998587 124.489017
400 553.061088 74.082452 56.998587 124.489017
401 553.056751 74.083527 56.998587 124.489017
402 553.052413 74.084601 56.998587 124.489017
403 553.048075 74.085676 56.998587 124.489017
404 553.043737 74.086750 56.998587 124.489017
405 553.039399 74.087825 56.998587 124.489017
406 553.035061 74.088899 56.998587 124.489017
407 553.030723 74.089974 56.998587 124.489017
408 553.026385 74.091049 56.998587 124.489017
409 553.022047 74.092123 56.998587 124.489017
410 553.017710 74.093198 56.998587 124.489017
411 553.013372 74.094272 56.998587 124.489017
412 553.009034 74.095347 56.998587 124.489017
413 553.004696 74.096421 56.998587 124.489017
414 553.000358 74.097496 56.998587 124.489017
415 552.996020 74.098570 56.998587 124.489017
416 552.991682 74.099645 56.998587 124.489017
417 552.987344 74.100719 56.998587 124.489017
418 552.983007 74.101794 56.998587 124.489017
419 552.978669 74.102868 56.998587 124.489017
420 552.974331 74.103943 56.998587 124.489017
421 552.969993 74.105017 56.998587 124.489017
422 552.965655 74.106092 56.998587 124.489017
423 552.961317 74.107166 56.998587 124.489017
424 552.956979 74.108241 56.998587 124.489017
425 552.952641 74.109316 56.998587 124.489017
426 552.948303 74.110390 56.998587 124.489017
427 552.943966 74.111465 56.998587 124.489017
428 552.939628 74.112539 56.998587 124.489017
429 552.935290 74.113614 56.998587 124.489017
430 552.930952 74.114688 56.998587 124.489017
431 552.926614 74.115763 56.998587 124.489017
432 552.922276 74.116837 56.998587 124.489017
433 552.917938 74.117912 56.998587 124.489017
434 552.913600 74.118986 56.998587 124.489017
435 552.909262 74.120061 56.998587 124.489017
436 552.904925 74.121135 56.998587 124.489017
437 552.900587 74.122210 56.998587 124.489017
438 552.896249 74.123284 56.998587 124.489017
439 552.891911 74.124359 56.998587 124.489017
440 552.887573 74.125433 56.998587 124.489017
441 552.883235 74.126508 56.998587 124.489017
442 552.878897 74.127583 56.998587 124.489017
443 552.874559 74.128657 56.998587 124.489017
444 552.870222 74.129732 56.998587 124.489017
445 552.865884 74.130806 56.998587 124.489017
446 552.861546 74.131881 56.998587 124.489017
447 552.857208 74.132955 56.998587 124.489017
448 552.852870 74.134030 56.998587 124.489017
449 552.848532 74.135104 56.998587 124.489017
450 552.844194 74.136179 56.998587 124.489017
451 552.839856 74.137253 56.998587 124.489017
452 552.835518 74.138328 56.998587 124.489017
453 552.831181 74.139402 56.998587 124.489017
454 552.826843 74.140477 56.998587 124.489017
455 552.822505 74.141551 56.998587 124.489017
456 552.818167 74.142626 56.998587 124.489017
457 552.813829 74.143700 56.998587 124.489017
458 552.809491 74.144775 56.998587 124.489017
459 552.805153 74.145849 56.998587 124.489017
460 552.806083 74.146532 56.998337 124.487569
461 552.806934 74.147957 56.998345 124.487622
462 552.808014 74.149337 56.998334 124.487557
463 552.815647 74.155648 56.997766 124.485758
464 552.919156 74.182407 56.994510 124.473736
465 552.990954 74.213426 56.996825 124.475690
466 553.100409 74.244400 56.976307 124.476004
467 553.119113 74.252991 56.997051 124.486749
468 553.128184 74.256434 56.996931 124.486607
469 553.124674 74.258714 56.998587 124.489017
470 553.120336 74.259788 56.998587 124.489017
471 553.115998 74.260863 56.998587 124.489017
472 553.111660 74.261937 56.998587 124.489017
473 553.107322 74.263012 56.998587 124.489017
474 553.102985 74.264086 56.998587 124.489017
475 553.098647 74.265161 56.998587 124.489017
476 553.094309 74.266235 56.998587 124.489017
477 553.089971 74.267310 56.998587 124.489017
478 553.085633 74.268384 56.998587 124.489017
479 553.081295 74.269459 56.998587 124.489017
480 553.076957 74.270533 56.998587 124.489017
481 553.072619 74.271608 56.998587 124.489017
482 553.068282 74.272682 56.998587 124.489017
483 553.063944 74.273757 56.998587 124.489017
484 553.059606 74.274832 56.998587 124.489017
485 553.055268 74.275906 56.998587 124.489017
486 553.050930 74.276981 56.998587 124.489017
487 553.046592 74.278055 56.998587 124.489017
488 553.042254 74.279130 56.998587 124.489017
489 553.037916 74.280204 56.998587 124.489017
490 553.033578 74.281279 56.998587 124.489017
491 553.029241 74.282353 56.998587 124.489017
492 553.024903 74.283428 56.998587 124.489017
493 553.020565 74.284502 56.998587 124.489017
494 553.016227 74.285577 56.998587 124.489017
495 553.011889 74.286651 56.998587 124.489017
496 553.007551 74.287726 56.998587 124.489017
497 553.003213 74.288800 56.998587 124.489017
498 552.998875 74.289875 56.998587 124.489017
