2 336.790413 523.862348 89.683816 129.734043
3 336.020719 523.616580 90.510221 129.823226
4 334.056834 523.636017 92.486000 129.295652
5 334.050610 523.727237 92.501641 129.488453
6 334.254091 523.703771 93.019978 129.486619
7 329.731285 523.041353 94.571587 129.759346
8 322.828985 521.374487 98.037030 130.403144
9 318.368706 521.711549 99.661605 130.609931
10 317.434087 521.290872 100.450377 131.447529
11 316.687630 520.398800 100.866087 132.049018
12 316.131972 520.515140 101.386830 132.625389
13 307.994102 518.861750 103.375291 134.042170
14 303.162269 517.049023 104.639587 136.683931
15 295.430335 516.424052 107.172336 140.964677
16 293.157948 519.364512 110.137035 146.269898
17 293.331343 516.778430 110.603753 148.244781
18 293.330687 514.970333 111.174242 149.653309
19 284.481967 513.205200 113.406028 152.746546
20 278.727970 512.682778 114.893172 154.389347
21 275.758403 511.548607 115.469048 155.570297
22 275.245283 511.293715 115.800146 156.311464
23 275.379316 511.167331 116.054506 156.615072
24 275.663431 511.434838 116.639162 157.205335
25 276.099719 512.451835 117.083958 157.492670
26 276.306552 512.446683 117.500303 157.485986
27 276.547342 512.446878 117.997626 157.486369
28 276.367446 512.252504 118.004192 157.558211
29 274.094642 511.521526 118.641930 158.539670
30 273.275131 511.425230 119.212057 159.238725
31 270.609267 511.066504 119.946483 160.468894
32 268.444780 510.499515 120.527573 161.312659
33 265.818330 510.564608 121.435684 162.436917
34 265.744767 510.066447 121.582558 162.890460
35 265.828274 510.185565 122.039733 163.103506
36 264.603812 513.521950 122.339266 163.967193
37 265.285945 517.021573 121.971682 163.896063
38 266.150744 520.196315 121.691648 163.490667
39 266.219800 520.498113 121.977533 163.414709
40 264.157102 523.387534 121.830376 163.360891
41 264.384423 525.715424 121.643864 163.174817
42 265.813910 526.704336 121.611629 163.232564
43 267.177465 526.240726 121.807316 163.642352
44 267.849097 525.371246 121.538534 164.338909
45 267.885779 525.358691 121.897119 164.519320
46 264.074422 525.994365 121.573956 165.103060
47 264.262290 526.093763 121.903012 165.523012
48 264.285292 526.286862 121.914519 166.000784
49 264.307497 526.286961 121.916322 166.561967
50 260.962141 526.450769 121.500488 167.077060
51 260.208533 526.799440 121.715389 167.435864
52 250.810990 527.006112 121.789677 167.426240
53 250.569864 525.194132 121.611792 168.047582
54 248.969977 523.208113 121.824297 168.994311
55 246.246918 519.607231 121.774767 169.933655
56 244.091325 517.734847 121.665545 170.783443
57 237.895786 516.757147 121.673102 171.543548
58 237.521124 516.623083 121.868596 172.009309
59 237.762425 515.193079 122.076284 172.716781
60 237.791907 515.120925 122.440898 172.914051
61 237.656302 513.293556 122.645961 172.988896
62 238.623121 511.016457 123.301143 173.372760
63 238.711620 511.073922 123.496938 173.484695
64 238.128338 511.621578 123.339874 173.267029
65 237.737498 512.597592 123.044196 172.698698
66 237.966389 512.725210 123.473771 172.972711
67 239.504268 512.065136 123.613492 172.884048
68 244.180545 510.216694 124.010773 173.620948
69 246.421105 508.478287 123.481044 175.344905
70 252.468924 512.148638 121.485029 177.806532
71 253.676861 508.780038 118.688310 181.592462
72 251.455534 499.934194 116.598417 188.483451
73 256.036785 501.171450 117.760707 187.518073
74 266.501344 479.753451 119.524948 188.431167
75 270.566501 458.266737 123.639147 196.525635
76 273.378292 409.263120 128.707732 205.862991
77 267.570262 398.406558 130.397712 210.874037
78 259.585205 387.010685 132.474346 213.367093
79 247.334886 368.913627 135.124163 214.826679
80 233.452075 357.399987 137.497269 217.459619
81 229.010356 350.437077 137.482651 216.605940
82 220.467097 344.899493 137.649148 214.866683
83 219.176533 344.572946 137.981687 214.433023
84 218.396791 344.443674 137.913370 214.318665
85 216.940864 343.988475 138.081978 214.214481
86 206.493149 338.614136 139.166509 215.352323
87 194.054312 337.132593 139.585869 215.196811
88 188.930468 339.680965 138.703468 217.609342
89 181.656016 337.425432 136.287045 218.513973
90 169.660227 342.942747 133.778360 219.626345
91 165.768316 336.176683 130.631937 219.340121
92 166.302218 333.306482 129.453525 219.885788
93 167.560445 322.522665 125.934266 222.261440
94 167.652072 315.857821 122.218496 224.338829
95 167.802357 315.749688 119.874367 225.248568
96 166.782030 316.447941 116.705870 227.021740
97 162.216725 321.675555 113.908294 229.830995
98 160.466808 321.721310 113.188789 230.726438
99 153.099311 326.850612 112.604211 229.899894
100 151.045226 327.801932 112.571784 229.354336
101 138.902558 330.415201 112.694720 228.459949
102 136.910375 329.918845 112.810145 228.514284
103 131.485606 331.146594 112.800004 228.746044
104 100.908738 338.343634 113.062725 226.527536
105 89.960142 334.894419 112.337351 225.984365
106 87.415058 334.722861 111.938378 225.669064
107 76.509448 333.900845 111.605139 225.965979
108 71.097874 330.083774 111.350372 224.670339
109 64.257026 326.906154 110.997064 222.052521
110 61.031407 330.663663 110.988758 222.163081
111 55.136353 330.451227 110.834565 222.458060
112 42.498873 339.142394 112.710430 219.138138
113 13.857675 348.432941 114.469672 216.354888
114 10.233297 351.495736 113.381874 214.534184
115 8.916235 356.365357 113.220941 213.946505
116 7.366355 364.466494 113.034462 213.749117
117 7.188016 363.501278 113.042434 214.638280
118 6.523461 368.622883 112.326554 217.923932
119 6.125552 389.322816 110.943310 222.422938
120 5.235162 414.646135 110.681585 220.727757
121 5.750629 432.537734 112.651345 216.926223
122 3.246258 426.543909 113.778927 213.276210
123 2.636826 413.553829 114.015862 212.064462
124 2.896639 413.987964 114.503833 212.319403
125 3.111558 414.521288 115.055812 211.922005
126 3.352179 416.064335 115.543906 211.337844
127 3.424630 415.400003 116.058079 210.999819
128 3.927348 420.328081 116.704741 209.336310
129 4.197331 421.048430 116.950654 209.109901
130 4.322654 422.269376 116.979620 209.061800
131 4.322490 422.481043 116.997099 209.481519
132 4.313586 422.482851 116.997099 209.481519
133 4.304682 422.484660 116.997099 209.481519
134 4.295778 422.486468 116.997099 209.481519
135 4.293206 422.527136 117.001557 209.454367
136 4.520352 422.554658 117.502006 209.475935
137 4.758906 422.559258 117.997074 209.481519
138 5.124742 415.155363 119.285201 208.987596
139 1.501139 413.671863 129.702452 210.635145
140 12.289317 368.500582 130.637977 217.277449
141 8.796610 294.369839 132.636638 223.748917
142 12.930077 289.091999 136.892628 224.265149
143 27.882893 279.560456 146.557563 222.850938
144 36.651784 257.942998 155.732331 224.467004
145 77.616913 249.375568 157.624172 230.511968
146 98.888560 234.686886 155.305802 241.508460
147 99.784621 233.593271 152.861111 244.802519
148 116.869446 226.832812 151.733212 249.660317
149 123.506105 226.454720 149.532973 250.558329
150 124.804692 227.255387 148.565311 251.878759
151 123.190335 228.197246 147.804854 252.730555
152 122.305752 232.270328 146.537983 254.040615
153 142.106896 232.083481 145.873951 253.124683
154 146.160848 234.734227 143.165459 254.478026
155 151.180372 243.462973 141.565504 256.719487
156 158.522362 270.019321 140.262580 259.648808
157 163.185264 308.543787 140.133936 263.178738
158 166.444220 309.531700 139.695322 268.386044
159 150.032024 311.730249 138.750696 273.028730
160 161.057960 315.171314 136.804138 279.916325
161 159.865029 314.538036 135.964957 288.426989
162 152.046431 303.986506 135.857992 305.182029
163 152.465160 303.524718 135.655219 308.434481
164 151.830831 303.064045 135.079781 310.056054
165 152.564649 302.609512 134.343203 312.779826
166 155.380145 302.335579 133.089488 314.717808
167 158.139128 301.897204 131.945293 316.587488
168 158.844454 301.961977 131.379569 317.220932
169 160.921440 302.653833 130.376876 318.460818
170 166.033733 305.556893 128.376626 324.148250
171 176.905052 312.927837 124.867549 326.772929
172 181.562194 312.990946 122.334659 326.463491
173 188.420178 313.986917 119.333777 326.645225
174 190.013923 314.352008 118.471104 327.146165
175 191.129482 314.046253 117.948300 327.650449
176 192.273010 313.246390 117.665646 328.156090
177 194.753039 311.946359 117.728710 328.553634
178 195.264968 312.172758 117.883207 329.004659
179 198.426658 312.184013 117.483628 330.040375
180 204.571367 312.274054 116.516562 331.328144
181 205.503755 312.073430 116.961728 332.219257
182 208.292940 310.797949 117.176776 333.890643
183 212.385345 309.430069 117.689566 334.003137
184 222.402689 308.591797 119.460787 331.744044
185 228.276824 307.669309 119.183715 330.394880
186 229.422123 308.383168 119.296734 330.020849
187 237.151970 319.209119 122.126707 322.379855
188 236.675704 334.439956 127.334398 309.388596
189 236.950647 338.223158 128.733517 305.819195
190 249.708653 343.929997 141.081158 292.826509
191 260.665114 349.913873 159.682235 287.279244
192 264.145080 354.992650 167.722527 292.727501
193 279.307536 349.660256 174.352984 302.627936
194 304.987574 331.249505 169.748078 325.975531
195 324.950668 324.169290 166.961509 330.959038
196 326.251930 323.407818 167.485858 335.469912
197 326.236789 323.345176 167.473140 335.589044
198 325.538256 323.027545 168.190814 336.275606
199 307.419236 316.138129 171.205647 333.865799
200 295.744728 303.338450 177.676333 341.703581
201 282.735389 294.787247 186.639063 347.242935
202 293.222208 283.050418 190.425749 349.213033
203 314.301991 276.425125 190.627854 346.362761
204 341.979688 274.978392 192.621187 338.500429
205 349.358923 276.050884 191.587604 339.131242
206 350.686184 291.118856 183.711017 341.007290
207 366.679710 292.435590 178.065627 340.618157
208 374.041587 296.658150 173.662073 331.955261
209 366.811308 287.688895 178.666654 319.587424
210 378.247293 293.492335 178.418356 314.067947
211 405.057140 298.750839 174.086135 314.325185
212 416.563730 303.795424 171.604275 317.085357
213 415.845088 297.176491 169.982907 322.006992
214 413.632219 292.290634 167.196411 332.902124
215 418.931849 283.130034 158.440344 365.141269
216 417.654332 283.574538 152.870295 364.025366
217 414.428333 283.742419 148.904705 358.879129
218 407.169562 278.588728 148.113532 358.148922
219 405.404707 277.194725 150.624706 357.266846
220 441.008194 268.698478 153.058621 356.960567
221 471.714578 269.371915 154.023333 358.592271
222 482.904811 274.084574 151.736964 358.688307
223 468.456527 258.917419 144.008039 376.652173
224 477.046216 275.273599 141.749035 376.878998
225 497.233456 281.901927 146.293384 362.200326
226 506.258617 271.328229 151.602455 363.383160
227 506.683409 267.787947 152.276682 363.651127
228 510.368436 220.953048 153.540423 372.628292
229 515.986101 205.402840 153.705402 373.365165
230 520.844658 205.060559 157.999605 371.715059
231 524.123295 210.116497 158.231604 368.413077
232 551.402048 231.846378 162.559921 346.020652
233 604.120170 252.780433 165.457336 320.216947
234 594.308524 254.199893 164.562716 318.093108
235 611.529352 263.250817 164.462015 314.909776
236 629.151840 294.039923 165.404386 305.527133
237 645.870800 311.646267 163.518516 297.061654
238 637.987295 327.650182 159.994506 302.352856
239 637.858458 329.785364 161.339424 304.292367
240 638.421401 329.535772 161.338057 304.759351
241 629.566502 320.514802 160.284240 308.019048
242 618.026011 311.896424 155.676999 307.574950
243 601.631513 293.076325 152.618947 300.290968
244 579.425725 292.249975 152.338310 287.461337
245 564.070715 292.886982 153.607130 280.418937
246 551.551850 299.718893 156.356646 259.712029
247 550.693774 302.014747 162.037863 247.332942
248 547.981047 303.986504 163.781286 244.418949
249 546.181972 303.511052 164.365896 245.362403
250 541.280198 305.977346 165.615334 249.528168
251 533.075993 324.923124 165.785886 257.648075
252 523.724807 327.301081 168.012895 259.308028
253 489.090488 341.648400 173.600560 261.522976
254 484.724113 348.862479 175.985406 260.443006
255 552.689627 356.262045 176.912364 256.457301
256 592.851550 352.392901 168.436184 257.717877
257 592.909900 352.413940 168.355528 258.059125
258 596.228712 352.991629 166.668304 258.615041
259 606.159490 368.522417 160.526985 263.675568
260 614.994394 388.477016 150.475332 261.481758
261 613.619092 390.069750 143.210149 258.343611
262 606.130597 416.149594 141.007339 232.369911
263 607.171982 434.625874 141.303385 220.679978
264 596.194483 442.602311 144.895336 213.092567
265 589.079605 450.114080 147.488094 201.533016
266 585.879111 442.215036 150.332639 194.811161
267 586.626594 435.848589 151.769878 193.541930
268 604.710703 434.951100 154.281480 194.051656
269 636.790585 433.033182 149.989723 197.091791
270 628.869581 429.670687 149.770167 196.131774
271 626.393312 434.791868 150.237150 190.589555
272 658.908970 447.496784 150.067679 185.590656
273 661.142783 450.381569 149.848361 181.625698
274 665.678457 447.961032 145.605161 178.915849
275 670.353143 449.961364 143.776136 176.124856
276 671.895468 437.493600 138.402562 179.346216
277 680.890757 428.083830 130.862209 184.069078
278 680.377972 428.301912 130.426540 182.852377
279 672.539750 434.258464 129.607891 166.457170
280 669.720321 439.751012 129.294852 143.634570
281 659.392447 446.971706 131.402036 139.310747
282 660.876606 456.528996 131.352213 141.470253
283 667.494411 457.654095 128.899712 147.680457
284 670.654916 456.813778 120.600826 166.988160
285 670.977288 439.818634 114.782049 180.199696
286 668.534326 425.736940 107.414597 194.805589
287 668.700436 402.858827 103.964634 214.520433
288 671.863804 397.248953 99.759076 219.843998
289 671.109356 379.461217 97.526369 221.608653
290 668.477479 377.699929 99.013079 220.463611
291 646.776923 385.729043 111.347610 199.294022
292 646.653043 389.226330 112.637425 196.745977
293 658.107147 371.790369 111.301529 197.533468
294 661.320697 365.493016 109.922881 200.031935
295 662.719622 364.303067 109.484249 200.640818
296 671.872262 360.372070 108.805328 200.587160
297 703.714766 369.301449 110.112733 192.338553
298 707.861505 376.282003 108.806675 187.673805
299 706.802129 371.185059 107.702287 180.819467
300 708.633165 375.331080 107.852514 171.853966
301 705.538371 384.203199 109.461963 162.752500
302 715.053630 392.639891 109.823626 160.334751
303 719.883124 396.641431 107.932218 157.319070
304 729.532717 391.072897 101.517606 157.258518
305 724.945962 375.078237 96.080830 165.973997
306 728.015251 376.181298 91.493780 166.932715
307 729.520218 382.391534 90.250485 160.515184
308 725.726653 390.057615 91.522809 142.633112
309 719.948103 394.167225 93.435184 134.959223
310 720.882483 394.858477 94.142936 133.199764
311 727.279808 395.889854 92.757712 134.827373
312 740.831631 391.555944 87.675140 139.366422
313 742.258593 398.034359 83.309676 137.378729
314 745.041957 400.569172 79.846445 135.462472
315 744.904273 400.368431 79.627808 135.554474
316 745.028597 401.497795 79.903461 134.248885
317 744.191170 401.168042 78.540871 127.711346
318 745.424365 403.366409 79.254545 123.990833
319 747.283794 404.085890 80.016311 123.709724
320 761.522779 403.981242 81.994481 126.570185
321 760.278947 396.555519 77.818248 133.729846
322 767.098537 378.196169 73.187782 153.092201
323 773.062421 364.642013 67.360352 164.153745
324 776.484892 361.492159 64.432140 164.477919
325 777.086098 360.034894 63.664150 162.897375
326 777.045603 359.721920 63.986368 162.953871
327 775.350694 357.213243 65.756485 161.453602
328 779.920542 360.139219 69.964792 157.847862
329 781.267803 359.702733 70.908532 157.846607
330 781.915696 357.620886 71.522349 158.399379
