2 867.483033 389.092915 91.779636 281.352631
3 867.579418 389.041605 92.139569 281.643008
4 867.687858 388.702224 92.877511 282.634488
5 867.690011 388.435155 93.283720 283.483535
6 867.747405 388.137413 93.687352 283.793294
7 867.885814 387.947484 94.158372 284.286810
8 868.038360 387.872579 94.639897 284.656972
9 868.179970 387.780246 95.220527 285.270316
10 868.284023 387.368319 95.847600 286.088194
11 868.344059 386.861617 96.469899 287.272469
12 868.315962 385.806822 97.056001 288.819635
13 868.495077 385.460945 97.872723 289.455380
14 868.548136 385.403949 98.086778 289.550648
15 868.727162 385.562193 98.548927 290.044306
16 868.860188 385.556064 99.174302 290.727299
17 868.890304 385.215248 99.864617 291.477971
18 868.861822 384.817108 100.315843 291.903233
19 868.850739 384.459561 100.863849 292.445752
20 868.719824 383.984283 101.480642 293.077245
21 868.579094 383.615127 102.033013 294.136738
22 868.636634 383.228851 103.053333 295.122815
23 868.832276 383.366548 103.554411 295.527871
24 869.046883 383.595485 104.002941 295.986238
25 869.295433 383.602211 104.493552 295.973112
26 869.284231 383.597687 104.515901 295.997586
27 869.513413 383.572359 105.024673 295.996754
28 869.751097 383.573827 105.493490 295.973112
29 869.746851 383.576501 105.506635 295.986126
30 869.973259 383.559698 106.024600 295.996387
31 870.202545 383.539543 106.518907 295.990205
32 870.435443 383.525894 107.015118 295.988229
33 870.656617 383.492725 107.540757 296.011729
34 870.821814 383.626371 108.106674 296.582044
35 870.752120 383.434123 108.870948 297.337015
36 870.592991 383.149917 109.334944 297.792272
37 870.596431 382.993558 109.682252 298.145664
38 870.643095 382.967143 110.170579 298.622850
39 870.479317 382.732971 110.827983 299.121231
40 869.515819 381.991316 111.715578 299.525092
41 869.531212 382.023077 112.160089 300.069079
42 869.636114 382.114821 112.595975 300.535736
43 869.821083 382.262099 113.057455 301.006688
44 870.042285 382.421144 113.551864 301.501840
45 870.267767 382.306151 114.128636 302.136718
46 870.474359 382.142978 114.578621 302.618900
47 870.693066 382.230484 115.045448 303.004450
48 870.925563 382.401051 115.536470 303.496194
49 871.159479 382.363923 116.018237 303.483661
50 871.427637 381.893546 116.668632 303.688874
51 872.191858 378.318501 117.570162 305.935094
52 873.385864 373.850307 119.134338 309.365216
53 874.786196 371.793934 120.338377 310.981021
54 874.906947 371.102886 120.980707 311.560723
55 874.866824 370.101721 121.453281 312.978065
56 874.830712 369.787204 121.737959 313.262202
57 874.878113 369.550530 122.232347 313.754669
58 874.976798 369.380001 122.734339 314.230939
59 875.431505 368.824646 123.545114 315.056686
60 876.252792 368.294062 124.539068 316.101678
61 877.198031 367.287079 125.866252 317.406691
62 880.404655 364.903149 128.371092 318.991082
63 891.709177 362.085538 131.843901 320.449086
64 896.286256 360.300553 133.625654 322.382728
65 896.594435 360.318083 134.058848 322.531571
66 896.874483 360.525437 134.514770 322.997289
67 897.277290 360.495635 135.008208 323.030542
68 898.243688 360.709940 135.520566 323.621369
69 902.320130 361.005100 135.816877 324.298438
70 904.360806 361.194636 135.765295 324.770351
71 905.352075 361.208729 135.835761 325.132594
72 905.523181 361.384407 135.964294 325.503834
73 905.662848 361.625107 135.951389 326.012918
74 905.750765 361.862187 135.970020 326.492916
75 905.765781 361.865558 135.991608 326.470342
76 905.738784 361.896096 135.971453 326.478001
77 905.460714 361.924968 135.987782 326.482625
78 904.087032 361.888412 136.145166 326.432556
79 902.943359 361.701915 136.599709 326.529596
80 902.330096 361.562645 136.964123 327.089158
81 901.253238 358.345010 136.961300 329.702883
82 902.001130 358.290311 136.959373 330.113123
83 901.486117 358.110628 136.939873 330.551124
84 895.114446 357.297409 136.934615 330.875154
85 896.334726 354.674380 137.285386 332.029530
86 888.234540 350.124832 138.349960 330.887357
87 926.260062 356.083070 136.719086 330.899239
88 926.400545 356.133277 136.991547 330.969933
89 926.404798 356.148137 136.991547 330.969933
90 926.409051 356.162997 136.991547 330.969933
91 926.413304 356.177857 136.991547 330.969933
92 926.417556 356.192717 136.991547 330.969933
93 926.421809 356.207577 136.991547 330.969933
94 926.426062 356.222437 136.991547 330.969933
95 926.430315 356.237297 136.991547 330.969933
96 926.434567 356.252157 136.991547 330.969933
97 926.440519 356.267127 136.990933 330.970233
98 926.445079 356.281837 136.991547 330.969933
99 926.449331 356.296697 136.991547 330.969933
100 926.453584 356.311557 136.991547 330.969933
101 926.466271 356.328579 136.977469 330.997948
102 926.511728 356.339722 136.961575 331.037233
103 926.711843 356.595813 136.865022 331.716163
104 927.048361 356.713906 136.840459 332.220352
105 927.349451 356.795273 136.874396 332.633387
106 927.585023 356.938264 136.902069 333.084268
107 927.694239 357.159217 136.806666 333.422443
108 927.822622 357.198695 136.866479 333.442687
109 927.899006 357.201431 136.860612 333.443705
110 927.946096 357.203816 136.948235 333.466128
111 927.945450 357.190442 136.943839 333.474302
112 927.931578 357.137200 136.910555 333.507983
113 927.926142 357.269351 136.885286 334.021517
114 927.943519 357.414343 136.904362 334.486809
115 927.923261 357.285601 136.856445 334.498836
116 927.927008 357.137480 136.842419 334.497017
117 927.900407 356.943740 136.786297 334.519842
118 927.944205 357.079157 136.864591 334.967669
119 927.907733 356.863061 136.769560 335.019329
120 927.910147 356.828217 136.760774 335.527084
