2 607.000568 265.513438 77.001050 68.368461
3 607.267537 265.834106 77.479150 67.962851
4 606.583048 267.719889 77.643814 65.922866
5 606.838068 268.457599 78.053235 65.447941
6 609.822657 271.838885 78.268451 63.816950
7 609.938447 271.930376 78.495156 63.994186
8 610.229598 271.966029 78.349558 63.992456
9 613.919794 272.660090 77.656252 63.758264
10 619.499303 274.226597 78.114678 63.583743
11 624.113421 274.372750 77.378943 63.809888
12 624.173964 274.467773 77.495218 63.994186
13 624.176370 274.470646 77.495218 63.994186
14 627.977231 276.775405 77.119125 63.190030
15 634.730035 276.919350 77.060363 63.222873
16 636.003515 277.047480 77.133027 63.514528
17 636.270867 277.285897 77.454095 63.992380
18 640.266702 278.430513 76.720500 63.545444
19 640.568239 278.663891 76.927184 63.988339
20 641.970169 279.270640 76.669258 63.795731
21 647.571677 281.687954 76.600694 63.193207
22 647.771345 281.841318 76.995249 63.494232
23 647.901879 281.850003 76.932497 63.490632
24 655.049948 282.601087 77.069934 63.191673
25 661.506291 282.849373 75.993468 63.206501
26 665.217120 283.954446 75.762315 62.954927
27 665.335977 283.976949 75.995311 62.994277
28 667.670371 284.099559 75.513556 62.941385
29 673.957025 283.944158 75.183663 62.669528
30 674.723862 284.013267 75.286041 62.991225
31 674.830856 284.017621 75.495341 62.994277
32 675.790998 283.908245 75.243333 62.946071
33 677.510300 283.643393 75.196218 62.881964
34 680.683387 283.190481 75.264685 62.619186
35 685.101629 283.414943 75.223003 62.346848
36 685.240142 283.491486 75.495341 62.494323
37 690.916179 283.134569 74.887357 62.119019
38 691.802376 281.881682 74.810264 62.529555
39 692.741832 281.637073 74.820886 62.999492
40 698.452301 280.887678 74.832262 62.684758
41 698.536185 281.045266 74.995372 62.994277
42 700.021714 280.829710 74.720725 63.009532
43 708.795704 280.309829 75.285459 63.650926
44 714.811507 280.450671 74.979423 63.649692
45 714.832986 280.622007 74.989561 63.993210
46 714.842679 280.623620 74.992987 63.993463
47 716.241993 280.242398 74.579973 64.064728
48 722.560337 276.902737 74.711512 64.253285
49 724.740893 276.647885 74.693384 64.443332
50 732.316985 276.060066 75.080992 64.375248
51 732.526093 276.124687 75.496493 64.492502
52 738.087714 275.865482 74.772963 64.195020
53 742.404154 271.328312 75.184815 64.329621
54 748.384798 271.341453 75.611597 63.545112
55 750.560274 267.968018 75.654067 63.943756
56 750.733255 267.996106 75.995311 63.994186
57 754.508499 267.751863 75.286319 63.835437
58 759.135975 267.538841 74.907384 63.643155
59 764.507209 267.841544 74.340566 63.390594
60 766.520822 267.691684 74.317248 63.421526
61 766.612212 267.730888 74.495403 63.494232
62 773.419122 267.839809 74.056873 63.232786
63 774.085404 267.862794 74.366539 63.481499
64 779.940802 267.796970 74.283486 63.090038
65 780.054015 268.001545 74.493360 63.494192
66 780.062049 268.004134 74.493488 63.494229
67 786.400738 267.434465 74.845258 62.899758
68 789.602300 266.498319 74.581357 62.984535
69 792.891277 261.808941 74.271512 63.652353
70 797.416763 261.737995 74.280754 63.668512
71 797.525721 261.903547 74.495655 63.993655
72 803.351865 261.721307 74.424319 63.431793
73 807.658363 261.015642 74.268033 63.315654
74 811.534615 258.368495 74.681068 63.461654
75 812.219501 257.459900 74.963057 63.660065
76 812.328900 257.530685 75.002435 64.007574
77 817.815991 253.732435 75.245194 64.477991
78 818.189202 253.618423 75.538125 64.502319
79 825.658142 253.731188 75.981873 64.214989
80 827.212112 253.760933 75.742101 64.436018
81 827.341076 253.792890 75.995311 64.494141
82 832.070535 253.639813 75.390279 64.239767
83 837.346560 253.572854 75.245662 63.887018
84 840.817363 252.864349 75.449282 63.784778
85 841.646226 252.734912 75.444393 63.957013
86 842.609456 252.498004 75.442607 63.951523
87 847.322763 249.240696 75.233134 64.062698
88 851.676941 249.351926 75.208930 64.254724
89 857.672333 249.494324 75.641694 64.098256
90 862.811068 249.599684 75.721520 64.259073
91 862.950322 249.720113 75.995311 64.494141
92 869.461459 249.647811 75.548907 64.193882
93 869.687020 249.800835 75.995311 64.494141
94 869.591289 249.759363 76.037736 64.459196
95 868.627773 249.051432 76.722071 64.355428
96 868.748819 249.119993 77.002812 64.484988
97 872.904509 248.919524 77.655332 64.286913
98 879.925136 250.137198 77.914675 64.397561
99 886.297838 252.663977 78.064873 64.487006
100 886.508290 252.669463 78.494438 64.494319
101 886.505980 252.671177 78.494520 64.494525
102 883.440592 252.516124 78.278943 64.394519
103 882.087301 252.499676 78.254119 64.463357
104 882.210256 252.517963 78.495156 64.494141
105 887.653056 252.648284 77.567404 64.291099
106 887.869369 252.752701 77.995187 64.494141
107 890.178478 254.475201 77.819371 64.223734
108 896.194842 255.126652 77.830105 63.817051
109 896.279804 255.218093 77.995187 63.994186
110 896.282226 255.220966 77.995187 63.994186
111 896.284647 255.223839 77.995187 63.994186
112 896.287068 255.226712 77.995187 63.994186
113 897.212575 255.174620 77.901096 63.968237
114 904.778659 253.707860 78.006434 63.918677
115 912.555446 253.792046 78.621825 63.852203
116 912.744548 253.865911 78.995125 63.994186
117 914.926606 254.008878 78.541762 63.979428
118 915.178602 254.010253 78.989449 63.996606
119 915.188138 254.012117 78.993577 63.994400
120 915.356571 254.014450 78.931064 64.007095
121 915.416655 254.256812 78.983124 64.494464
122 920.119617 253.814648 78.571242 64.339192
123 921.681652 253.866443 78.660366 64.465498
124 921.851484 253.883660 78.995125 64.494141
125 921.853936 253.886556 78.995125 64.494141
126 921.856389 253.889452 78.995125 64.494141
127 921.858841 253.892347 78.995125 64.494141
128 921.861293 253.895243 78.995125 64.494141
129 929.055103 251.768148 79.773963 65.350840
130 936.278019 251.505547 80.527363 65.649109
131 936.514353 251.680958 80.995002 65.994005
132 937.238433 251.837048 80.744909 66.012780
133 942.420399 254.040312 80.411875 66.112429
134 942.479850 254.233816 80.488043 66.494048
135 950.922953 253.797676 80.005742 66.353273
136 951.170097 253.871005 80.495033 66.493959
137 951.789334 253.852992 80.250434 66.487338
138 957.832411 253.793325 79.517806 66.169290
139 958.073524 253.958645 79.995064 66.493959
140 963.464297 254.182688 79.898666 66.213345
141 963.514979 254.325981 79.995064 66.493959
142 967.216113 254.266172 79.618282 66.310383
143 970.845868 254.117650 79.512581 66.336001
144 971.089593 254.199615 79.995064 66.493959
145 977.745832 254.685710 79.645149 65.853532
146 977.923272 254.758910 79.995064 65.994005
147 984.490148 255.170684 79.693817 65.565070
148 988.440866 255.724297 80.117725 65.416652
149 994.596782 255.865538 80.019995 65.205440
150 998.688482 256.492957 80.316664 65.318334
151 998.780166 256.583755 80.495033 65.494050
152 1007.419090 257.163966 81.020272 65.346113
153 1013.347358 257.834990 81.020044 65.383814
154 1015.016635 257.836523 81.075593 65.479845
155 1016.342214 257.818984 81.159027 65.489281
156 1016.512716 257.824310 81.494971 65.494050
157 1022.779161 258.181355 80.925173 65.425425
158 1023.451592 258.237401 80.820913 65.494584
159 1026.505501 258.288242 80.459989 65.397678
160 1031.247136 257.893201 80.020071 65.418192
161 1031.487116 257.934071 80.495033 65.494050
162 1039.728107 257.545977 80.200490 65.396185
163 1044.201346 257.490265 80.213791 65.334257
164 1051.310205 257.448043 80.664355 65.198566
165 1057.476480 254.300136 84.332860 65.211971
166 1057.560066 254.444116 84.494786 65.494050
167 1070.072255 252.774944 85.998044 65.327073
168 1078.676587 251.708613 84.757942 65.540968
169 1078.816954 251.938875 84.984383 65.993533
170 1081.372308 251.808107 84.288030 65.966234
171 1081.478309 251.824955 84.494786 65.994005
172 1087.929632 250.921877 83.198166 66.010065
173 1092.653991 247.393514 87.891172 66.189632
174 1104.093781 245.805811 86.915224 67.291007
175 1111.325652 244.948906 86.305946 67.377965
176 1111.422695 245.009888 86.494663 67.493868
177 1118.915267 243.348239 85.784556 67.498059
178 1119.181378 243.325471 85.907404 67.490225
179 1126.407287 240.391699 84.513292 67.751055
180 1132.596339 240.137195 84.909295 67.727715
181 1132.641707 240.273302 84.994755 67.993823
182 1140.862930 239.595078 84.346565 67.564151
183 1147.528643 240.051005 84.284148 67.237375
184 1148.882831 239.312013 84.221964 67.402295
185 1150.527984 239.115569 84.176756 67.435843
186 1150.689622 239.147613 84.494786 67.493868
187 1154.370698 238.861180 83.737347 67.360150
188 1161.148395 238.192010 84.967292 67.060793
189 1169.111932 238.583489 84.890894 67.105361
190 1176.818695 238.087486 84.996871 67.358592
191 1176.820275 238.158154 84.994755 67.493868
192 1177.296354 238.128332 84.936784 67.482330
193 1185.550948 238.510788 84.721186 67.211976
194 1185.690372 238.654765 84.994755 67.493868
195 1190.346944 240.876076 84.165164 67.436750
196 1190.514378 240.907666 84.494786 67.493868
197 1197.815471 240.634388 82.184529 67.510676
198 1200.641315 241.191691 79.358685 68.319483
199 1206.627497 239.787951 73.372503 69.699369
200 1212.560189 239.968444 67.439811 70.899917
201 1218.755426 241.834539 61.244574 70.177780
202 1224.033442 244.194340 55.966558 69.317121
203 1228.527027 247.743072 51.472973 67.398671
204 1230.772254 248.610251 49.227746 66.223959
205 1232.927103 250.685611 47.072897 64.601491
206 1233.317544 251.082963 46.682456 64.591153
207 1236.666224 252.228368 43.333776 63.801716
208 1239.821117 251.576610 40.178883 63.964890
209 1240.460038 251.627842 39.539962 64.610709
210 1240.925530 248.061002 39.074470 65.983654
211 1241.281725 243.713110 38.718275 67.957786
212 1243.044155 238.850378 36.955845 69.688395
213 1245.276479 254.189779 34.723521 74.894792
214 1236.319669 264.141529 36.286133 79.192207
215 1228.197031 281.318512 41.511311 78.163807
216 1218.574750 286.877439 43.629968 71.993211
217 1218.314763 295.764158 46.477837 65.708281
218 1218.800130 300.954205 47.946892 61.073207
219 1222.512183 302.875550 50.569320 58.962275
220 1221.050403 302.069308 54.718970 58.178907
221 1216.581898 301.876431 59.356867 57.829689
222 1213.361719 300.649216 62.904422 56.981863
223 1216.380096 301.297261 62.304782 56.929553
224 1216.495586 301.305397 62.439013 57.024391
225 1216.571269 301.485075 62.400034 57.521633
226 1216.621377 301.673528 62.438083 58.009423
227 1216.659700 301.803962 62.436542 58.478839
228 1217.877523 300.423752 61.677638 58.462467
229 1213.426318 299.885877 64.770129 56.435769
230 1194.730069 295.559413 77.832591 54.388357
231 1187.686570 298.112869 88.881331 51.783093
232 1183.915218 299.177659 93.442285 50.621014
233 1182.689024 300.143967 95.093607 50.458002
234 1182.673434 300.314545 95.744170 50.404462
235 1182.801367 300.362288 95.994077 50.495413
236 1182.804347 300.364555 95.994077 50.495413
237 1182.818799 300.366757 95.982742 50.495434
238 1186.385702 300.458084 93.320064 50.416307
239 1188.792131 301.435221 91.207869 50.286719
240 1191.097859 302.436063 88.902141 50.260801
241 1191.727020 302.600194 88.272980 50.504294
242 1192.227915 302.913093 87.772085 51.007069
243 1193.031046 303.544321 86.968954 51.449051
244 1195.217528 304.170799 84.782472 51.559396
245 1197.644472 303.978607 82.355528 52.105812
246 1199.428131 304.087154 80.500561 52.500403
247 1203.319307 301.472299 76.369527 53.863006
248 1211.985300 291.076750 68.014700 56.750135
249 1222.386408 273.687978 57.613592 62.601317
250 1226.448617 266.408267 53.256444 67.127942
251 1227.981131 266.233144 51.853779 69.308405
252 1229.442464 265.777436 50.242508 71.576232
253 1231.853563 264.088798 48.045464 73.712161
254 1232.765515 289.882872 45.489821 77.523535
255 1186.350374 288.394893 46.941332 82.174022
256 1181.610587 275.172533 47.478845 91.939452
257 1173.238135 222.219557 47.787292 94.104322
258 1161.058927 232.661327 48.839127 94.163366
259 1163.221869 241.884327 49.250286 93.297260
260 1165.063348 253.588514 50.144671 90.748000
261 1162.183352 254.683266 51.771265 88.656523
262 1166.220947 277.236369 55.162174 88.734649
263 1164.137033 292.979260 58.804837 86.776061
264 1161.611924 292.066172 61.886396 84.299487
265 1159.637183 290.753910 66.161261 83.385527
266 1157.402081 291.296152 69.652858 83.048575
267 1159.007735 284.043857 73.648228 84.071645
268 1169.898598 283.194399 77.190481 87.981353
269 1178.454129 281.479782 80.700178 91.299593
270 1178.471630 281.361579 81.090959 91.513220
271 1178.493910 280.541961 81.505814 91.989480
272 1178.686610 280.444287 81.969787 92.007019
273 1178.679386 280.642528 81.984888 92.493900
274 1178.809746 279.806068 82.227445 92.640610
275 1181.297859 276.720081 82.909555 93.053366
276 1183.794863 271.490086 82.959160 94.199710
277 1184.734379 259.785887 83.091388 96.759373
278 1189.481575 264.413395 83.844344 98.889781
279 1189.862182 267.047973 84.655737 100.463772
280 1190.511580 268.544389 84.977558 100.721659
281 1190.487134 269.906766 85.090060 101.573645
282 1190.809373 270.588890 85.455145 102.048107
283 1190.923336 274.588772 85.560062 103.269491
284 1188.401995 330.884888 86.973669 107.619840
285 1177.285126 332.496169 98.611192 99.010468
286 1174.880093 334.191329 101.657710 95.176528
287 1177.536142 336.100993 100.208792 93.726260
288 1178.847150 337.186463 99.270371 92.885609
289 1179.816473 337.586989 98.387806 92.607890
290 1178.916574 336.701497 98.198754 92.745450
291 1178.461158 335.602530 98.134186 92.776311
292 1166.468809 325.793149 96.941030 93.555363
293 1130.500623 297.837609 99.911209 92.373483
294 1131.039218 297.145541 100.118766 92.975518
295 1131.911359 297.500478 100.792176 92.917738
296 1133.411720 298.092793 101.702619 92.860240
297 1134.189667 298.403564 102.319942 92.901681
298 1134.294026 298.460103 102.498700 92.988763
299 1139.969998 298.033629 102.143363 92.957122
300 1152.241692 297.424088 101.716135 93.343175
