2 275.270381 280.446462 42.681461 102.939110
3 275.172869 282.864752 43.571289 113.707324
4 273.631899 279.490604 45.012713 127.530743
5 267.689685 273.387696 46.784081 147.985974
6 266.989749 272.985336 47.902328 158.027364
7 266.959943 273.035995 48.055488 158.963214
8 267.145565 272.961982 48.534725 159.183098
9 267.270032 272.833148 48.988266 160.163227
10 264.258575 260.661188 48.545132 165.265387
11 264.486018 260.778408 48.996977 165.484966
12 264.487539 260.785838 48.996977 165.484966
13 264.489060 260.793268 48.996977 165.484966
14 264.490581 260.800698 48.996977 165.484966
15 264.938968 250.416807 47.259423 166.781755
16 265.053839 250.490908 47.419788 166.961410
17 265.088776 250.476757 47.422841 166.962366
18 265.118336 250.477299 47.431761 166.954682
19 265.441193 244.300741 46.904717 166.809242
20 266.097558 237.956646 46.359963 166.689516
21 266.167585 238.111801 46.497131 166.984830
22 266.169029 238.119298 46.497131 166.984830
23 266.170472 238.126796 46.497131 166.984830
24 268.615306 225.009897 45.454183 169.900143
25 268.638223 225.059736 45.497193 169.984558
26 268.639635 225.067368 45.497193 169.984558
27 268.641048 225.075000 45.497193 169.984558
28 268.642460 225.082632 45.497193 169.984558
29 273.417286 217.323432 45.598088 168.675409
30 273.618251 217.485639 45.997162 168.984648
31 273.619679 217.493226 45.997162 168.984648
32 273.621106 217.500813 45.997162 168.984648
33 273.622534 217.508400 45.997162 168.984648
34 275.451943 210.653546 45.910922 168.794700
35 275.564430 210.631981 46.038087 168.974809
36 275.839090 210.556432 46.514106 168.985785
37 278.428435 206.810480 47.453285 167.496194
38 278.451802 206.812295 47.497069 167.484785
39 278.453276 206.819815 47.497069 167.484785
40 280.216687 202.420088 48.174173 165.529154
41 280.379610 202.655424 48.497007 165.984921
42 280.381116 202.662876 48.497007 165.984921
43 280.382621 202.670329 48.497007 165.984921
44 281.688458 195.671997 48.852103 164.714721
45 281.762416 195.814549 48.996977 164.985012
46 281.763937 195.821957 48.996977 164.985012
47 284.089675 190.874405 49.984494 163.350112
48 284.097437 190.949263 49.996915 163.485148
49 284.098989 190.956603 49.996915 163.485148
50 284.100541 190.963943 49.996915 163.485148
51 284.102093 190.971284 49.996915 163.485148
52 286.144730 182.428654 50.296400 161.769092
53 286.323079 182.502827 50.587226 161.905851
54 286.529476 182.549816 50.996853 161.985284
55 286.563347 182.449336 51.002259 161.876697
56 286.812227 182.510903 51.496822 161.985284
57 287.651931 177.685765 51.886387 160.592201
58 287.711559 177.886364 51.995527 160.976861
59 287.777592 177.799068 51.998778 160.883339
60 288.185019 176.616967 51.999306 160.587326
61 288.185376 176.823219 51.996791 160.985375
62 288.303529 171.742402 51.898348 159.924956
63 288.354365 171.779840 51.996791 159.985466
64 288.355979 171.787023 51.996791 159.985466
65 288.307863 170.947634 51.926367 159.471046
66 288.312676 170.701970 51.950342 159.293235
67 288.309972 170.609289 51.959023 159.321962
68 288.329704 170.691311 51.993575 159.482355
69 288.022482 164.112219 51.540405 158.556394
70 288.252289 164.333938 51.996791 158.985557
71 288.253903 164.341076 51.996791 158.985557
72 288.142988 162.952937 51.883711 158.589610
73 288.171953 162.988499 51.971679 158.859860
74 288.157594 162.894259 51.972829 158.862180
75 287.875713 156.663222 51.631313 158.098125
76 288.056655 156.822017 51.953890 158.458039
77 288.065390 156.753557 51.949276 158.443271
78 288.077450 156.694032 51.948631 158.445304
79 287.994041 156.009088 51.830589 158.305906
80 288.071003 156.043269 51.964218 158.463178
81 288.081574 155.999365 51.964185 158.464168
82 288.053602 150.874590 51.283684 157.745800
83 288.161770 151.001607 51.496822 157.985648
84 288.163369 151.008700 51.496822 157.985648
85 288.418463 148.203906 50.875068 157.647392
86 288.602489 148.162484 50.617409 157.787699
87 289.214685 145.183383 49.711233 157.326119
88 289.397053 145.236092 49.844985 157.390171
89 289.796326 144.550029 49.096255 156.927987
90 290.002237 144.194350 49.065246 156.815312
91 290.214768 144.141579 49.273471 156.887944
92 290.744935 142.334540 48.233713 156.357462
93 290.935666 141.836376 47.857198 156.258096
94 290.985747 141.582203 47.582394 156.340362
95 291.284205 138.967074 47.129459 156.138263
96 291.509416 139.047251 47.317968 156.407040
97 292.655983 137.601275 46.494437 155.940133
98 292.630084 137.369026 46.292317 155.918487
99 292.703485 137.146059 46.298282 155.924282
100 292.945975 135.823878 45.961451 156.233961
101 293.129932 135.439821 45.588484 156.450688
102 293.486641 133.377962 45.445107 156.965421
103 293.648953 132.505881 45.159938 157.099082
104 293.787407 132.276840 45.353087 157.572826
105 294.468491 125.893294 44.638407 159.149248
106 294.648253 126.033540 44.983555 159.481374
107 294.866851 123.838057 44.768540 159.875844
108 294.999058 123.799000 44.978167 160.022690
109 295.042200 123.812994 44.966650 160.553917
110 297.267993 114.595110 43.876618 162.715497
111 297.329693 114.737276 43.997285 162.985193
112 297.331059 114.744594 43.997285 162.985193
113 297.332425 114.751912 43.997285 162.985193
114 297.333790 114.759229 43.997285 162.985193
115 299.523325 102.886962 43.599390 162.711767
116 299.723639 103.030994 43.997285 162.985193
117 299.725005 103.038311 43.997285 162.985193
118 299.726370 103.045629 43.997285 162.985193
119 299.804031 102.893666 43.969586 162.986476
120 299.895700 102.738901 43.969708 162.985761
121 299.987072 102.586880 43.969748 162.986795
122 300.703573 99.960574 43.844316 162.710220
123 301.515014 99.365636 43.896829 162.788496
124 301.606740 99.258151 43.994037 162.891878
125 302.861845 97.277922 44.119830 162.554180
126 303.154572 96.665263 44.605757 162.741737
127 303.371898 96.599796 45.005588 162.909272
128 303.619113 96.645074 45.497193 162.985193
129 303.884204 94.898105 45.638193 162.073159
130 304.048663 94.593639 46.005249 161.998944
131 304.262327 94.067786 46.503024 161.522594
132 304.420719 91.457126 46.967246 160.203135
133 304.503468 91.056454 46.958452 159.641337
134 304.504858 91.016638 46.988698 159.692993
135 304.573232 88.176718 47.121566 157.534744
136 304.760906 87.746811 47.512342 156.964998
137 305.082713 86.765462 48.087861 155.470488
138 305.443673 85.955720 48.686731 153.262223
139 306.315845 85.346118 49.322860 151.285969
140 308.241969 84.622950 49.845694 149.149016
141 308.497268 84.556799 50.230246 148.862386
142 311.685431 84.395899 51.094116 147.061471
143 311.889097 84.630306 51.516780 147.455641
144 315.125883 85.473707 52.656779 145.089876
145 315.329532 85.683542 53.027827 145.454570
146 315.565628 85.706181 53.496699 145.486783
147 316.799182 85.795559 53.753896 144.887640
148 316.924863 85.850598 53.998046 144.982417
149 316.928279 85.858325 53.997943 144.982742
150 320.337807 84.527319 54.140524 144.203346
151 320.517555 84.675570 54.496637 144.486874
152 321.062480 84.457275 54.907572 144.350164
153 321.305560 84.445231 55.227975 144.447021
154 321.646174 84.350272 55.698145 144.447441
155 326.125129 81.692671 59.342012 142.262114
156 326.204134 81.811539 59.496329 142.487056
157 327.808534 81.134516 60.539946 142.309708
158 328.038573 81.229587 60.996236 142.487056
159 328.040466 81.235985 60.996236 142.487056
160 329.796037 79.567371 61.299905 142.560828
161 329.896096 79.786882 61.496205 142.987010
162 329.898005 79.793301 61.496205 142.987010
163 329.899914 79.799721 61.496205 142.987010
164 329.901823 79.806141 61.496205 142.987010
165 331.570801 75.153070 60.869030 145.063319
166 331.636298 75.371334 60.996236 145.486783
167 332.885442 72.329629 60.365346 146.856334
168 332.952780 72.401385 60.496267 146.986647
169 332.954658 72.407985 60.496267 146.986647
170 334.478429 69.876295 59.820701 147.684913
171 335.367889 69.244788 59.528481 148.483516
172 336.017493 68.757818 59.611081 148.873532
173 336.521810 67.759534 59.279111 149.655574
174 336.592049 59.319561 57.928187 153.228714
175 336.752564 59.379703 57.812892 153.504706
176 337.035380 59.470101 57.751392 154.065855
177 338.229246 55.763467 56.740576 157.353041
178 338.679029 55.841784 56.453342 157.339162
179 338.923842 55.976441 56.012136 157.298892
180 341.961002 52.988266 55.334560 157.648897
181 342.859471 52.969440 54.828049 157.719825
182 344.256167 51.960528 54.228807 157.918527
183 345.157514 51.413226 53.706088 157.810060
184 345.711050 51.547027 53.265236 157.688769
185 345.865627 51.685171 53.355318 157.942026
186 345.978145 51.698540 53.345417 157.937174
187 346.065349 51.683152 53.418411 157.985399
188 346.116055 51.643553 53.418322 157.985467
189 346.166929 51.603860 53.418401 157.985648
190 346.241191 51.160622 53.439481 158.057228
191 346.383882 50.006317 53.431131 158.584822
192 346.963758 49.225895 53.554986 159.029652
193 347.425063 48.244789 54.069703 159.532217
194 352.899460 39.809079 54.563677 159.455261
195 353.117631 39.831365 54.996606 159.485511
196 353.119339 39.838525 54.996606 159.485511
197 353.121046 39.845686 54.996606 159.485511
198 353.122753 39.852846 54.996606 159.485511
199 354.001234 40.873219 54.762539 157.561398
200 354.938957 41.451577 54.619864 156.468694
201 355.174196 41.495184 54.946294 156.327467
202 355.784135 42.018626 54.408102 154.925285
203 356.006972 42.111542 54.278845 154.629675
204 356.287280 42.350163 54.286226 154.647975
205 360.116587 36.518243 54.629803 144.095354
206 360.344576 37.699436 54.996716 142.495206
207 360.512097 36.754797 54.927212 141.837399
208 360.548502 36.836023 54.996606 141.987101
209 360.550209 36.842398 54.996606 141.987101
210 360.551916 36.848773 54.996606 141.987101
211 360.553624 36.855148 54.996606 141.987101
212 362.751062 31.087484 55.724481 140.301947
213 362.888832 31.186437 55.996545 140.487237
214 362.890570 31.192745 55.996545 140.487237
215 366.762058 30.168626 58.846442 138.625851
216 366.492760 30.089439 59.669645 139.195514
217 368.613017 30.551028 62.004564 138.779036
218 368.860044 30.659674 62.501901 138.991470
219 369.109105 30.663866 62.996113 138.987374
220 375.171198 32.463991 63.396003 136.443447
221 375.687000 32.633997 63.439581 136.362918
222 376.185834 32.840448 63.436686 136.364447
223 376.222935 32.916490 63.494689 136.481385
224 386.209078 33.534744 65.244031 133.350190
225 386.873802 34.095702 65.972525 132.942689
226 387.202135 34.683297 66.382989 132.442772
227 387.291497 34.771105 66.521578 132.441248
228 387.584317 34.964739 67.051213 132.371755
229 387.817613 35.053363 67.499054 132.470457
230 405.836412 43.659540 72.708527 128.472292
231 406.013477 43.726255 72.990866 128.459933
232 406.049080 43.798334 72.990845 128.460454
233 406.083405 43.868847 72.991284 128.460852
234 418.240874 45.369667 71.936293 129.084483
235 418.276714 45.579025 71.991853 129.490509
236 418.281230 45.583913 71.995128 129.488434
237 432.248360 45.660610 70.843854 129.731231
238 432.895242 45.973144 70.835777 129.899138
239 433.081587 45.971232 70.958771 129.978391
240 453.586171 27.606136 68.670902 131.866639
241 453.889552 27.850730 69.171267 131.845312
242 455.532402 29.026716 69.897927 131.369486
243 455.640058 29.216785 70.043108 131.404082
244 455.887356 29.305991 70.509971 131.458139
245 482.830445 31.416335 74.091868 124.793585
246 485.919025 36.358284 73.378922 125.325346
247 488.922267 40.188926 71.683493 126.145790
248 489.392065 41.260882 71.758184 126.520792
