2 316.164481 29.549677 140.784447 200.061124
3 316.504618 29.605524 141.751986 201.225390
4 316.700264 29.625214 142.635236 202.164921
5 316.874490 29.667564 143.478937 202.791195
6 316.962261 29.654783 143.867955 203.190634
7 316.966232 29.611134 144.456351 203.607778
8 316.896987 29.497697 145.466798 204.623959
9 316.741914 29.358875 146.467737 205.564105
10 317.245498 29.136906 147.760500 207.521785
11 318.067855 29.166383 148.810850 208.720340
12 318.357104 29.105978 149.343336 209.657430
13 318.534639 29.089778 149.694044 210.421562
14 319.486357 28.865525 150.148458 211.385953
15 319.682036 28.877791 150.539757 211.569386
16 320.034403 28.998034 150.937761 212.009159
17 320.672726 29.029156 150.837987 212.478508
18 322.327121 28.727579 150.887295 212.557037
19 325.504354 28.304104 151.238278 212.701872
20 325.695074 28.421895 151.498310 213.027453
21 326.436135 28.423692 151.453080 213.602273
22 326.686778 28.488920 151.431328 214.018939
23 328.333168 27.785391 151.414582 214.137719
24 329.024809 27.707535 151.332986 214.458842
25 329.575280 27.525167 151.344335 214.475350
26 331.639353 26.537362 151.309075 214.399744
27 332.719104 26.111165 151.191799 214.538356
28 333.621439 25.981455 151.108765 215.276835
29 334.815822 25.745457 151.150130 215.676015
30 335.978671 25.503064 151.109271 216.364794
31 337.696042 25.157457 150.953014 216.840078
32 338.965378 25.008183 150.536448 217.200118
33 340.589342 24.958291 150.494118 217.624164
34 341.392703 25.003277 150.166175 218.091580
35 342.199025 25.195703 150.294403 218.537268
36 342.841065 25.393318 150.274482 219.063450
37 346.081005 25.547653 149.658675 219.622428
38 346.418265 25.736397 149.889693 220.061956
39 346.928700 25.867846 149.794357 220.566860
40 348.779020 25.496337 149.510393 220.977101
41 350.419895 25.092585 149.602625 220.806794
42 351.882683 25.011495 149.581089 220.837671
43 352.400678 25.069465 149.870632 220.984435
44 353.426895 24.875126 149.591861 220.884313
45 353.813898 24.857338 149.823618 221.031182
46 353.906674 25.085516 149.968865 221.468547
47 353.743521 24.759986 149.866626 221.426341
48 352.928190 23.274480 149.748223 220.102676
49 351.195966 21.473719 150.222809 218.580485
50 349.542808 20.877109 150.500624 217.643176
51 348.803154 20.849118 149.835116 216.986940
52 348.390424 21.016270 148.952823 216.104963
53 348.440670 21.437055 148.497359 215.745134
54 348.474479 21.725277 147.979601 215.012230
55 348.735794 21.960890 147.502009 214.377416
56 349.522576 22.135418 147.526872 213.710028
57 351.162031 22.290475 147.097421 212.777064
58 351.800866 22.461025 146.978112 212.690456
59 352.611391 22.684069 146.125571 212.636738
60 354.193887 22.945470 145.160171 212.728676
61 355.681241 23.188661 144.166298 212.730575
62 356.958388 23.414397 143.224654 212.623311
63 357.916408 23.640931 142.212672 212.641329
64 359.272138 23.963769 140.779007 212.317810
65 360.439984 24.334205 139.662056 211.674806
66 361.081069 24.669008 139.141656 211.352775
67 361.834052 25.022987 138.455249 211.092501
68 362.148544 25.342473 137.705912 211.157651
69 362.662720 25.767187 137.230980 211.394207
70 362.865588 25.842382 137.212261 211.408599
71 363.070813 25.855931 137.267087 211.528037
72 363.180602 26.012032 137.110878 212.106083
73 363.221459 26.132366 137.147109 212.474425
74 362.934621 26.018311 136.833386 212.415432
75 362.643260 25.994783 136.440431 212.410923
76 362.640611 25.978119 136.195641 212.367564
77 363.014299 26.063853 135.979138 212.153398
78 363.809971 26.350581 134.588206 212.211823
79 364.875962 26.655213 133.212265 212.116596
80 366.199847 27.259299 131.043823 212.178568
81 367.343177 27.608718 129.735620 212.439011
82 367.606431 27.693160 129.652385 212.355770
83 368.092984 27.910782 129.338306 212.326770
84 368.554917 28.250028 128.573484 212.271343
85 369.036921 28.628781 128.165110 212.259610
86 369.975604 29.456772 127.165106 212.379177
87 370.365032 30.139144 126.805628 212.377099
88 370.946666 32.044590 125.591298 212.401540
89 371.052183 33.837440 124.659474 212.088011
90 371.581081 36.849762 122.723871 212.621441
91 371.589908 38.244460 121.490776 212.578733
92 371.696829 39.708859 119.677615 212.696327
93 371.991815 42.166149 118.208611 212.436713
94 372.156049 43.659883 117.269503 211.816006
95 371.749169 46.394834 116.150254 210.531261
96 371.796073 47.288891 115.933163 210.304596
97 371.679565 48.313960 115.344678 209.411693
98 369.945263 51.908277 114.137766 207.828047
99 370.139080 52.187480 114.232241 207.573061
100 370.287635 52.685305 114.233268 207.133981
101 370.407739 52.737461 114.347830 206.805128
102 370.488918 52.853316 114.432697 206.592347
103 370.554892 53.210017 114.370385 206.305786
104 370.664169 53.529157 114.351947 205.715780
105 370.776349 53.841202 114.362872 205.476875
106 370.880101 54.025178 114.369353 204.978193
107 370.970987 54.174478 114.415493 204.619864
108 371.030057 54.413491 114.445140 204.827986
109 371.069225 54.547562 114.456289 204.850332
110 371.102344 54.657215 114.454820 204.871359
111 371.130290 54.751379 114.471123 204.892737
112 371.139411 54.884590 114.444594 204.845210
113 371.066435 55.909227 114.276695 204.629140
114 371.077142 56.457843 114.328546 204.647664
115 370.998087 57.136249 114.346094 204.552229
116 370.919512 57.881376 114.359170 204.603588
117 370.742719 58.664909 114.280440 204.358231
118 369.961604 60.090622 114.339996 203.684712
119 369.775786 60.657530 114.502659 203.817522
120 369.087699 61.725466 114.932102 203.543626
121 368.845575 62.074693 115.053043 203.854039
122 367.160082 62.437639 115.473041 202.894423
123 367.056247 62.574439 115.472171 202.918912
124 366.193439 62.388920 115.563468 202.804333
125 365.624981 62.437097 115.948775 202.653754
126 365.233444 62.517265 116.028077 202.429250
127 363.626800 62.806147 116.539603 202.241124
128 363.058505 62.806340 117.022891 202.447018
129 361.938501 62.218790 117.171242 202.463848
130 360.876195 61.930656 117.114043 202.424954
131 359.423883 61.432091 117.152338 202.236962
132 358.973648 61.129121 117.325494 202.423959
133 356.788183 61.011139 116.840216 202.368795
134 355.895260 60.843966 116.766000 202.406154
135 355.220194 60.562471 116.783184 202.301358
136 354.109636 59.912142 116.720470 202.344597
137 352.676878 59.741010 116.654766 202.189735
138 351.346011 59.577467 116.838042 202.149981
139 351.103732 59.306767 116.857925 202.469748
140 350.767458 58.486006 116.826437 202.274447
141 350.531986 57.771287 116.778347 201.179278
142 350.445997 58.362925 116.708698 200.298467
143 347.864021 61.044619 117.774945 197.806888
144 344.020611 61.760246 119.446698 197.536240
145 338.948264 62.125099 120.348457 197.616567
146 336.670348 61.382969 120.518927 197.690059
147 332.049374 60.579829 120.711704 197.617152
148 328.977780 62.322877 121.445660 197.213864
149 319.106251 67.546252 121.496964 196.429226
150 275.074705 110.721853 125.890899 201.927317
151 269.328347 107.564428 126.162923 209.012571
152 251.108807 104.999807 126.604417 215.561673
153 249.473656 104.590350 127.178284 216.709885
154 245.800994 103.156937 127.976105 218.033723
155 242.489565 102.199530 128.498779 219.247430
156 238.582931 101.363989 129.333419 220.669629
157 235.835972 100.722935 130.318545 222.361238
158 233.416241 100.142243 131.572611 224.313588
159 232.444646 99.855529 132.634127 225.589790
160 231.753886 99.508132 133.630965 226.808961
161 231.000267 98.795604 134.777144 228.421651
162 230.360835 98.237703 135.585563 229.471256
163 230.069864 97.861362 136.390967 230.274739
164 229.722454 97.672441 136.777764 230.957142
165 229.408112 97.398637 137.275927 231.384873
166 229.243799 97.273475 137.691496 231.774656
167 229.018259 97.127227 138.220337 232.332996
168 228.691960 96.859166 138.809479 232.985886
169 228.230227 96.315296 139.345254 233.607567
170 227.794234 95.965608 139.855197 234.612496
171 227.562937 95.866769 140.230479 235.318364
172 227.329516 95.502791 140.792824 235.895234
173 227.011412 95.005144 141.393938 236.544156
174 226.694985 94.751415 141.862617 237.481424
175 226.476609 93.916818 142.474166 238.127534
176 226.283966 93.628997 142.828875 238.857940
177 226.097125 92.666601 143.639158 239.740994
178 226.034296 91.956714 144.574599 240.602154
179 225.988006 91.272195 145.671197 241.692816
180 225.995663 90.809453 146.529843 242.487046
181 226.113927 90.167229 147.595773 243.044608
182 226.073267 89.768965 148.651047 244.027150
183 226.050000 89.089380 150.078236 245.184236
184 225.697406 88.466612 151.591875 245.980874
185 225.418220 87.406651 154.072269 246.664246
186 224.617131 86.453145 156.288888 247.802651
187 223.853014 85.980704 157.923375 248.587056
188 222.822490 85.560304 159.739411 249.836340
189 221.329264 85.031950 162.860382 250.809741
190 219.232488 84.309468 166.935562 252.067469
191 215.303646 84.265088 172.820846 253.978144
192 209.764028 84.829641 181.156742 255.186604
193 202.664811 86.461954 191.907946 258.783747
194 191.482490 92.979082 205.108237 269.643449
195 185.299269 94.430630 211.795948 270.000077
196 177.146824 96.502342 217.288183 269.944722
197 172.717258 95.194923 223.043929 272.817697
198 172.388939 95.103294 225.001231 273.757823
199 172.114442 94.703624 226.876375 275.510928
200 171.812399 94.851258 227.643163 276.962245
201 171.805789 94.727987 228.412751 277.456112
202 171.502874 94.482785 229.294070 278.437967
203 171.103964 93.404770 231.520252 280.114200
204 170.783106 92.113321 235.285366 282.736468
205 170.095710 91.142088 240.882262 286.247868
206 170.072678 91.455656 252.600108 291.117644
207 171.713762 92.982258 262.609853 295.772480
208 170.126924 94.010305 268.508893 299.958900
209 166.617987 98.352044 277.508763 304.112248
210 171.764614 102.085124 283.963457 311.017948
211 186.477934 97.766831 289.931554 319.488453
212 188.202650 101.644338 295.764884 321.005289
213 191.010507 103.954280 304.085437 323.732661
214 189.616572 99.420324 309.147274 323.829484
215 190.563219 97.357464 311.759408 323.453442
216 191.027851 96.701566 313.725159 324.811507
217 193.808700 96.604004 318.201725 330.966750
218 195.222070 97.687675 325.440898 335.990051
219 194.406252 100.000980 331.409081 340.579218
220 192.198228 105.120065 338.382292 345.716207
221 187.923805 103.934091 342.352890 348.226712
222 187.998569 104.319885 342.984953 348.985787
223 188.445876 105.236106 344.173852 350.813753
224 188.610165 105.328410 344.448649 350.940433
225 188.538149 105.264131 344.599761 351.127067
226 188.559957 105.034762 345.281195 351.889723
227 186.657253 102.776285 348.253075 354.342082
228 184.890460 100.787223 351.424679 356.454866
229 181.290418 98.047413 356.001924 358.883702
230 176.885012 91.207664 361.328924 362.119684
231 176.740306 89.651155 363.716919 362.527916
232 179.740211 88.880443 366.934804 363.767957
233 181.782010 89.022691 367.523178 366.204097
234 182.598106 88.733687 368.075964 366.790959
235 183.520679 88.623344 368.653785 367.679557
236 185.029515 88.779863 369.169372 369.700837
237 186.255465 88.218521 369.788989 370.932978
238 187.631812 86.906285 370.151042 371.255329
239 189.136090 86.590045 370.241481 369.776769
240 189.991526 86.923239 369.273358 369.690031
241 189.590756 85.089402 367.347259 369.985145
242 189.879200 84.806532 366.402592 370.156811
243 188.979284 84.041644 364.929092 370.708786
244 188.851849 83.907774 364.285421 371.049675
245 189.071505 83.883516 363.970253 371.757392
246 188.159539 82.028609 363.034212 371.268489
247 187.883327 81.772768 362.816212 370.843695
248 186.539943 80.513205 362.295897 369.613318
249 185.712925 79.294650 362.525945 369.088070
250 185.143396 77.978868 363.471381 367.942909
251 183.040371 76.833005 363.375306 365.824430
252 180.757594 76.810160 366.046222 370.025586
253 179.378186 75.497616 367.124700 368.587055
254 178.597017 75.137133 369.169805 370.421383
255 175.758810 74.019177 371.653252 372.718687
256 176.270756 74.134435 374.277763 373.697497
257 177.175339 74.237749 377.145150 377.336580
258 175.796072 67.849791 376.179044 374.441374
259 175.591209 68.135342 376.418099 374.581520
260 175.216172 68.588091 376.320237 374.794579
261 174.870175 69.250221 376.835953 374.941438
262 174.495409 70.462553 377.507053 374.361974
263 175.004462 72.048243 380.141628 374.173314
264 174.807276 72.222926 380.908014 372.393470
265 174.438214 73.036945 381.727972 371.656651
266 174.254297 73.116983 382.764528 370.342707
267 172.767586 72.850615 384.007946 367.403873
268 170.666701 73.067345 384.431063 365.301556
269 164.152273 74.896963 383.467004 361.997554
270 166.651539 84.102555 383.017066 361.013073
271 192.937699 87.851073 387.190806 355.626939
272 195.019512 88.469543 385.501942 348.258045
273 185.050019 89.727392 383.585549 345.447198
274 180.146935 88.186915 380.548627 344.925098
275 179.369976 86.409570 379.977988 341.716141
276 175.874744 86.653864 378.208657 339.940174
277 176.404934 88.958840 378.801858 339.719784
278 174.956851 86.521555 377.742686 338.602551
279 174.881129 88.280585 378.505712 338.355494
280 174.874992 88.006341 379.295172 338.150339
281 175.052576 88.481086 379.501846 337.719021
282 174.715623 87.523019 379.426580 337.531460
283 175.965812 88.233307 379.784288 337.097072
284 177.401035 88.678890 380.323493 338.076895
285 180.455649 89.854605 380.350369 339.323801
286 190.509020 89.488452 378.303003 338.830730
287 192.720432 88.366709 375.088332 338.712364
288 192.974860 88.393720 373.110117 338.815495
289 190.123192 87.349346 371.214228 338.424097
290 189.772482 86.693657 369.837600 338.337396
