42 978.910628 114.233937 46.053204 57.106307
43 951.998906 134.467343 55.750832 50.413629
44 947.519951 170.275856 60.403038 50.856388
45 958.717967 201.444891 63.614252 53.263604
46 926.610356 200.623415 65.630319 56.367020
47 926.744587 174.281615 60.172043 65.473864
48 947.509056 170.952045 69.745905 59.552556
49 935.656030 121.065957 69.171723 59.994009
50 882.370426 153.701426 71.077191 60.221706
51 838.825600 193.369567 71.818631 61.654869
52 817.532273 243.192563 70.060903 63.628256
53 805.167482 278.193962 68.619729 58.441479
54 788.894122 290.226483 70.527529 58.473804
55 780.652364 302.519724 79.252043 58.718234
56 806.796774 313.519863 73.137443 54.806861
57 839.881810 364.114071 71.539932 55.025890
58 842.264313 382.721358 74.604749 54.943145
59 787.852095 395.099556 75.376232 53.367324
60 757.738049 344.141522 76.477728 56.163296
61 695.176557 301.645096 79.007690 58.088316
62 686.477879 276.340734 79.284329 58.440533
63 680.589928 310.706491 77.408581 57.400235
64 674.583037 320.220582 73.383880 54.339945
65 669.831609 375.483559 71.457374 57.528166
66 629.309878 389.711137 81.883509 57.175149
67 623.039437 366.147893 80.977569 55.073484
68 624.143691 355.342259 75.995691 54.127638
69 600.816176 373.398139 71.736428 53.329491
70 604.938204 422.370334 70.260171 57.193243
71 617.140283 378.455372 74.423261 57.103893
72 627.712225 377.863572 68.276394 58.930374
73 625.924870 384.872721 69.288656 62.184317
74 623.182992 344.559557 69.056770 64.850265
75 632.743603 300.202517 71.054513 68.684604
76 625.763557 331.231486 77.354841 73.818496
77 606.593541 349.827714 84.450716 64.241614
78 613.580651 315.375876 89.377875 71.729661
79 605.128559 278.414232 89.735513 72.207793
80 564.034761 335.890370 89.262062 67.255999
81 553.696428 290.345676 90.219614 69.959094
82 532.529148 292.896784 92.194001 74.775640
83 501.872148 295.838226 107.428279 68.238512
84 473.916689 279.663959 108.028983 62.916428
85 430.175363 285.641825 115.459918 66.882327
86 427.538815 269.310498 117.053574 66.691153
87 424.998491 313.020500 118.294947 68.898042
88 420.678027 374.719777 119.786465 69.585546
89 388.234338 389.723961 120.739657 66.039072
90 405.658980 376.677428 122.936500 69.098075
91 421.462674 376.696659 125.380977 68.251493
92 412.267874 412.879123 131.631173 69.712156
93 432.806345 439.212870 136.331288 77.377872
94 460.966925 450.721217 133.438059 74.572072
95 465.180083 450.921992 135.151257 74.740119
96 502.543885 507.749368 131.120514 85.000620
97 499.575988 573.343215 132.783916 85.437101
98 476.385045 537.086170 138.520781 81.591437
99 446.727852 466.653373 139.771474 84.084354
100 437.872151 438.122909 146.052382 84.687609
101 417.465316 487.066946 152.084012 83.459135
102 390.152433 471.517149 160.406828 76.365020
103 324.296143 397.715304 162.623773 81.402715
104 319.392100 383.935919 161.436052 85.503439
105 364.590987 407.924081 170.406669 79.776241
106 388.311045 401.688739 169.250489 76.362045
107 380.877198 413.394908 164.467969 73.792034
108 371.618039 428.974938 165.161302 71.535859
109 385.341676 442.919625 163.892778 69.335304
110 382.029293 416.598820 170.385613 69.692768
111 377.233377 399.884405 167.040450 71.167558
112 354.536684 405.651861 163.397873 65.957672
113 323.207592 375.413482 167.238371 65.615192
114 307.556794 338.851007 169.108962 68.254229
115 315.951065 306.714527 160.099380 70.151994
116 290.591891 295.022983 161.965258 68.463175
117 282.584749 242.705094 165.192026 69.319252
118 310.140921 212.069329 158.163925 72.037040
119 309.118035 208.549307 158.834073 71.294319
120 334.206391 207.653505 159.828196 71.231511
121 366.026813 205.334669 163.452980 71.597133
122 358.034461 208.401230 166.443598 72.232090
123 355.860250 263.430882 168.585243 73.429834
124 375.896854 283.069269 172.956191 73.858718
125 390.117803 290.142230 174.521151 72.249393
126 402.988274 303.367213 176.836340 72.233875
127 452.641004 281.210290 172.719890 71.007021
128 487.507578 257.596693 172.411158 70.765623
129 520.755809 240.546134 165.660110 69.041280
130 553.273239 273.742578 152.718952 75.172632
131 548.846107 285.116973 153.918437 72.959719
132 543.519294 214.192940 154.516997 75.723855
133 545.458237 150.985983 153.050601 78.820878
134 552.352596 203.040833 150.689199 82.061949
135 555.088282 263.659188 151.944751 83.007899
136 591.362097 226.800739 157.961694 80.825729
137 569.413541 139.823720 155.992039 86.960473
138 602.321883 128.280403 150.876653 91.937786
139 600.011192 155.825562 152.031420 109.310609
140 603.513268 209.020786 150.730386 101.926324
141 605.218613 194.844057 150.316805 100.712918
142 576.569205 245.682494 149.959474 100.293793
143 571.461993 253.033020 150.025399 96.319335
144 559.388798 285.504215 149.414584 93.751923
145 532.013426 276.851261 146.975850 92.350785
146 526.430176 258.859582 147.281810 94.533992
147 499.999903 286.236372 135.719156 94.296408
148 454.093281 271.847695 131.936706 93.664982
149 451.376801 262.549450 130.800033 97.354226
150 447.638170 203.289691 124.882825 93.618870
151 401.760021 150.379318 115.457568 91.685370
152 415.108635 194.664961 131.256313 99.414908
153 371.868283 213.757273 131.160081 100.793582
154 311.572830 200.104244 116.071672 92.098384
155 327.885694 203.018991 112.374144 81.269902
156 303.192710 248.087169 124.732120 80.381320
157 304.192872 294.514926 123.584580 84.426580
158 286.213312 317.971372 135.704521 85.054831
159 280.590569 341.919485 151.787048 88.190009
160 311.685308 360.409398 153.433154 88.652199
161 333.401688 356.975839 150.283285 90.118543
162 308.633603 340.279857 150.393387 90.343891
163 358.114732 382.511698 152.000269 90.589190
164 363.909538 389.460070 154.758407 90.079535
165 364.012123 386.866835 151.526034 91.210751
166 420.423683 449.446456 148.732925 101.017815
167 417.763499 440.172223 143.562498 102.698697
168 419.425283 385.172042 146.527370 102.244127
169 409.501963 373.586180 145.197225 101.195766
170 425.618345 394.236791 144.842300 100.228830
171 430.974024 331.634970 144.855923 104.367412
172 439.339586 251.892186 147.941123 108.772031
173 456.258602 257.812981 145.189686 108.659687
174 437.598525 294.854910 139.807706 107.975807
175 408.236210 321.487628 144.736293 106.127518
176 427.125341 324.476454 157.139962 96.334862
177 448.994760 316.607539 154.019585 91.425554
178 468.392824 323.089774 149.080198 90.992659
179 521.134700 291.837653 159.946862 91.421273
180 550.388320 271.888419 156.921387 91.490896
181 557.931001 301.038613 154.883738 91.210572
182 577.174162 319.752567 155.079726 88.753921
183 579.814631 349.161928 151.025803 88.843606
184 558.610558 342.367073 155.716401 85.203595
185 584.778427 276.572421 151.616383 89.990435
186 595.828279 216.103428 151.369503 90.072196
187 590.335456 167.497098 153.562468 93.036880
188 575.981223 141.598941 160.488269 89.011030
189 607.685906 86.184734 167.917517 91.137420
190 613.709397 57.007535 168.795166 83.162568
191 641.486801 23.918338 165.169095 80.236036
192 651.499950 33.683126 162.676129 84.765531
193 640.945704 109.767871 177.454650 87.362683
194 640.394360 110.441304 179.841950 86.577403
195 645.965064 115.144721 180.181094 86.210328
196 625.886124 157.768282 182.519663 87.298481
197 625.278899 194.706909 189.442023 87.060412
198 628.865521 240.270431 189.355179 88.422835
199 632.136310 262.315397 189.419082 82.567596
200 646.154548 274.365390 205.000862 85.943366
201 641.793764 299.088726 218.501377 84.601295
202 640.675715 298.855323 218.923006 81.041707
203 657.855813 272.463076 216.761642 81.902378
204 655.221196 230.632009 223.174511 82.272066
205 653.931988 193.247298 227.114789 82.377329
206 644.511066 188.450775 230.411626 77.708765
207 637.084165 189.255889 228.037225 77.287934
208 621.883115 190.339371 240.244387 73.118748
209 616.784502 187.615090 243.572122 70.982021
210 618.917990 193.953279 235.065558 72.887380
211 612.845110 240.912745 234.602852 76.271340
212 611.156459 270.280160 232.814681 76.138386
213 616.159807 279.450937 232.194614 77.524610
214 627.078665 301.522664 238.657189 78.014621
215 619.761388 351.652924 230.199340 84.740481
216 620.149125 341.289264 224.027014 83.206091
217 594.293972 283.917851 228.707855 83.920133
218 594.791131 284.133182 228.743412 83.991508
219 611.535758 277.436408 228.705892 83.968449
220 643.410793 243.537805 232.992381 83.208430
221 640.652170 256.317454 223.752015 83.983086
222 607.499780 218.457066 225.192743 84.662795
223 533.300377 184.614433 253.454366 90.384321
224 442.433320 170.460918 269.572421 89.834267
225 419.244273 144.120260 268.599835 91.590303
226 433.520258 189.148454 245.608342 79.745681
227 441.195869 240.926988 220.891825 66.147423
228 438.087715 229.770833 225.001096 64.435856
229 433.214806 210.984726 233.311821 64.356240
230 443.775440 240.833196 214.202117 63.873968
231 464.586742 268.914852 212.756191 65.527747
232 471.163734 268.035480 205.472413 65.665574
233 471.837510 288.740682 201.115769 67.080182
234 468.999888 342.742261 195.510513 69.523212
235 488.822987 359.805185 191.139758 70.213202
236 481.425709 303.716111 195.694642 71.901924
237 494.265706 281.586803 191.722351 75.559308
238 512.267825 315.967909 186.148352 83.400102
239 463.267439 295.644108 188.507153 81.443596
240 479.947785 245.991580 200.117955 81.342915
241 533.405817 246.949528 194.083299 83.840120
242 517.558443 282.601678 193.302998 82.284618
243 541.236398 244.366904 194.392822 82.842982
244 562.522950 238.859827 200.375311 83.421548
245 552.952470 278.377206 192.386180 83.669425
246 558.549086 265.279975 193.443870 83.898442
247 559.972465 241.962993 191.274090 85.731811
248 560.937401 252.116046 193.254787 86.199250
249 606.763572 281.616297 192.181103 88.193875
250 623.584648 267.190077 182.548269 83.911141
251 592.961301 221.993471 185.255375 83.428048
252 625.658166 227.248125 182.778221 87.740242
253 608.164841 222.400830 184.392060 79.216558
254 609.445423 152.663856 188.045794 80.404771
255 603.039568 214.960092 185.581563 86.056838
256 575.021550 273.533412 189.653212 85.278322
257 496.607508 173.912537 203.246344 91.680970
258 525.557066 139.179302 193.174710 86.984253
259 448.517067 244.442891 196.664446 97.664058
260 420.145230 322.187077 200.416448 96.522985
261 420.986357 322.444104 200.099077 96.348551
262 386.813002 353.766040 214.025565 99.525288
263 342.571912 412.063985 221.147627 97.818489
264 357.523919 422.285267 223.794054 95.544462
265 367.413284 403.859186 222.535294 101.027131
266 321.121538 407.230142 240.429802 99.428921
267 339.433748 375.184986 258.347752 100.336382
268 338.103756 386.481562 272.623394 103.205425
269 340.923877 433.689400 285.628570 101.194462
270 328.768734 420.806574 302.659840 102.462830
271 324.699231 408.576349 304.715893 103.425019
272 334.970041 383.174668 311.975311 99.127844
273 323.237084 326.538730 331.760308 99.100520
274 290.772122 282.045066 346.139199 97.619885
275 337.922522 258.630334 345.381995 100.287966
276 353.145915 275.476837 365.283112 104.199876
277 360.984219 253.693998 372.410168 106.287598
278 148.849224 219.350500 410.924968 100.297274
279 179.988052 255.694577 388.049342 118.432856
280 206.639729 271.280438 381.721620 116.680600
281 196.281857 193.597295 383.077191 118.178038
282 218.988067 175.805392 378.490101 113.543188
283 252.509839 195.691594 372.126428 108.563371
284 282.172987 184.577175 366.506453 107.692269
285 294.065243 193.250186 358.780828 110.337482
286 301.191751 293.514286 349.153054 131.113200
287 287.124156 335.183655 343.625326 120.581488
288 294.597450 295.339266 338.524366 119.049252
289 265.800008 320.395447 314.463529 121.775230
290 264.622240 332.118645 307.746553 115.677053
291 278.853886 304.830915 298.222539 110.905701
292 279.501126 305.070218 297.628847 111.018271
293 280.524310 311.046068 293.360915 110.426737
294 286.101568 296.498328 286.637188 109.066805
295 295.967146 286.875207 283.983598 106.742513
296 302.399241 303.852005 274.299713 103.793952
297 302.451687 303.963152 274.490890 103.978676
298 302.487329 303.952247 274.218779 103.976419
299 308.814868 314.630917 261.031535 100.795822
300 313.088976 319.847936 257.236450 96.061598
301 321.118196 310.304249 250.961398 95.078470
302 327.052134 319.709909 244.714384 94.207615
303 331.136025 334.297489 237.386496 91.799123
304 330.604778 321.544301 234.909467 92.836113
305 316.937360 337.349192 231.336608 91.571957
306 308.477645 360.093017 234.518709 91.796158
307 313.763241 350.680765 234.303814 92.431733
308 318.719259 333.844933 228.581300 92.705276
309 292.719908 354.170529 219.578709 93.621906
310 247.365378 366.515400 224.615705 93.548133
311 263.031962 360.016576 225.234103 94.155831
312 263.643103 362.202014 224.965871 94.120374
313 230.667924 383.989518 221.111419 93.324599
314 230.899339 384.429350 221.442828 93.216992
315 214.323927 413.599256 216.419167 94.086845
316 213.397639 411.545991 216.334504 94.023668
317 223.863148 428.747395 219.851161 94.847728
318 263.933627 515.034371 220.849430 100.302437
319 293.776793 577.925238 225.168557 96.409194
320 312.008271 561.242175 221.205735 96.484412
321 332.646292 528.504181 213.968109 97.196995
322 340.486589 486.810504 211.100944 95.807124
323 337.683469 467.120672 206.936964 96.115340
324 318.779384 468.627847 210.394870 95.588631
325 308.048786 433.099934 210.460192 97.456574
326 347.501627 400.881908 206.334831 97.638027
327 323.850810 371.785320 217.164090 100.262535
328 228.567672 400.615430 214.358696 105.675801
329 209.757074 505.648026 216.214515 110.479689
330 271.741506 559.570159 214.519473 110.150894
331 298.448638 551.446584 198.456349 97.409302
332 292.877920 458.662714 195.133241 101.557073
333 329.342883 433.734148 192.707181 104.066325
334 374.646307 502.923202 200.123439 104.237757
335 383.172775 558.329830 209.301360 101.244401
336 355.544158 539.337843 205.851568 100.818412
337 386.755959 517.732354 207.879670 100.683077
338 425.843637 514.056031 208.628517 101.438223
339 391.505325 496.248666 212.922612 104.471048
340 387.812534 500.758389 206.882275 106.117684
341 406.290969 516.629964 205.518670 101.598836
342 388.673641 491.736875 204.168098 97.506340
343 360.964693 438.134855 207.596015 102.149188
344 391.434285 421.994534 211.444685 103.372761
345 431.782236 452.328184 211.481282 97.950275
346 435.820726 493.248581 208.618312 97.396640
347 411.265282 518.288224 212.044033 101.679560
348 420.731340 505.288244 207.799125 100.027844
349 417.199708 462.147396 215.376195 100.592140
350 374.690451 459.223496 215.966600 108.095576
351 365.508021 459.236739 218.845813 108.906450
352 349.983493 425.783865 230.809051 108.625206
353 289.062405 394.373732 236.262359 114.294841
354 255.904625 403.278659 234.757628 115.183876
355 262.863714 414.482661 233.339543 113.889809
356 308.530695 335.909616 228.692687 119.185303
357 340.671640 252.681554 233.688012 120.210099
358 338.423590 271.042193 230.188330 119.575619
359 351.981847 359.659833 235.421846 119.007591
360 358.234742 433.843061 236.171042 118.348689
361 370.801963 442.522068 234.339458 111.565190
362 370.834779 442.746064 234.501990 111.977431
363 379.015327 405.568414 231.379996 110.006953
364 382.832941 379.282995 221.395023 108.084949
365 382.837594 379.496687 221.502017 108.478271
366 384.656351 400.978120 216.280056 106.909744
367 403.202012 440.555560 216.220336 105.400392
368 403.293272 440.611039 216.499680 105.479042
369 393.298402 428.747144 213.814707 103.773014
370 393.360497 428.865229 214.010163 103.982008
371 393.569371 428.883081 214.498936 103.978706
372 390.365360 430.423836 215.309681 103.585503
373 390.413980 430.636996 215.501963 103.979172
374 391.044653 425.006942 212.830221 103.998363
375 373.034600 420.807333 208.373583 103.326558
376 372.965320 420.543620 208.611769 103.543114
377 376.879296 421.253106 210.008280 103.580003
378 377.080440 421.468788 210.502058 103.979142
379 375.107874 412.222291 207.451986 104.711443
380 377.269896 410.789866 206.992815 104.445533
381 378.122127 410.109974 207.447441 104.479286
382 378.304936 410.304840 207.207562 105.817482
383 378.639742 410.423514 207.427039 105.942167
384 380.979553 405.533356 206.112473 105.910212
385 384.184945 411.652707 201.454085 105.546624
386 385.774992 414.158412 201.607478 106.032778
387 385.442171 414.961241 201.372747 106.083730
388 387.390555 416.397175 199.511780 106.009338
389 388.612687 417.068038 199.441309 106.342440
390 391.058338 424.873313 197.779107 104.089821
391 408.518058 407.689954 196.191420 103.842114
392 409.627183 393.410196 196.827167 102.524016
393 401.449941 398.405146 195.060776 103.056079
394 407.020131 413.472481 193.912929 100.566577
395 407.076238 413.694572 194.057604 100.964010
396 407.207354 413.711026 194.524494 100.958409
397 407.402994 413.737563 195.001776 100.979773
398 407.481818 416.785634 196.398349 101.327617
399 402.933294 422.120438 196.311076 99.346696
400 404.611748 421.578522 199.355893 99.599213
401 404.560666 404.603170 198.701107 102.987323
402 402.820538 402.219767 200.949527 104.717161
403 403.468819 402.610510 201.300050 104.871461
404 403.500816 402.636427 201.532755 104.955820
405 403.609404 402.033480 202.199356 105.291565
406 403.683164 402.129331 202.536915 105.448803
407 400.270603 392.863271 207.328097 106.481537
408 400.227472 392.868796 207.560019 106.419072
409 398.785954 390.637420 210.137742 106.018164
410 398.921623 390.884391 210.501917 106.478671
411 398.934165 390.730731 210.971607 106.150795
412 392.099900 383.157581 211.565845 105.836457
413 389.647083 383.192988 211.254041 106.173879
414 383.646104 386.216288 213.721164 105.184879
415 373.955144 386.179445 214.386917 103.793559
416 352.672027 384.915553 214.485312 102.581750
417 349.201450 385.075829 213.904946 102.998320
418 347.351198 387.306381 212.825136 103.467661
419 334.883490 392.239086 214.521646 104.025788
420 322.770013 376.409921 215.610343 106.653072
421 322.540783 376.344874 216.236131 107.014005
422 322.625962 376.593982 216.501972 107.478471
423 317.984128 371.528864 219.338236 107.288312
424 318.017607 371.640818 219.501999 107.478471
425 318.033164 371.661322 220.048560 107.460181
426 320.310448 368.723315 220.167392 107.717824
427 319.379599 369.063197 220.795693 107.732332
428 319.375887 369.255034 220.902944 107.983804
429 319.917936 369.332052 221.344659 107.911222
430 324.349260 370.610786 220.794209 108.005047
431 325.196694 370.704837 221.742009 108.446768
432 325.277746 370.737620 222.002022 108.478271
433 331.532633 376.139980 221.479418 107.842777
434 332.433845 376.113957 220.406987 108.266236
435 334.990589 376.317876 216.617568 108.864884
436 336.127420 376.856511 216.887431 108.828300
437 336.019637 376.890007 216.233095 109.026523
438 337.153026 375.896711 214.427016 109.092759
439 338.692658 374.408379 213.213226 109.339495
440 338.863390 374.508734 213.350042 109.543306
441 339.185775 374.766260 212.937020 110.084485
442 342.754759 376.141423 210.892011 110.003028
443 347.471787 376.451272 209.841908 110.182224
444 347.842809 376.513926 209.918590 110.515586
445 358.979001 379.540539 205.422452 110.441309
446 359.473752 379.586719 205.422088 110.436144
447 361.521906 376.232492 203.236871 109.959817
448 361.609523 376.258835 203.501853 109.977970
449 362.106530 376.360598 204.234374 109.931891
450 365.605947 374.744908 203.445219 109.336292
451 365.594533 374.826668 203.502649 109.478665
452 366.519326 376.362256 203.780256 109.277121
453 366.935283 376.570224 204.395033 109.399818
454 366.808615 376.598150 204.574305 109.388195
455 366.977191 376.660276 205.001867 109.478070
456 367.795305 376.743803 206.029577 108.651220
457 370.242427 380.669938 207.641221 109.203592
458 373.909010 382.682332 209.259206 108.616832
459 377.559251 376.945707 207.560123 105.820378
460 377.747164 377.062009 208.059321 105.955839
461 385.597345 386.133614 206.266985 100.430268
462 389.695508 381.819249 206.382184 100.530344
463 389.740237 381.902313 206.451220 101.009536
464 392.039399 387.249296 211.937607 99.818896
465 392.024812 387.345532 212.001931 99.979973
466 392.227955 387.361229 212.501935 99.979973
467 393.900511 387.261113 213.075027 99.275665
468 394.166251 387.370367 213.551666 99.445950
469 395.871534 384.255308 214.296741 98.556750
470 395.928343 384.482385 214.501023 98.979744
471 396.131400 384.498141 215.001958 98.980173
472 396.513987 383.320518 215.540035 98.234852
473 396.708127 383.457784 216.004079 98.481959
474 396.909332 383.472403 216.501972 98.480273
475 397.720943 382.973584 217.124551 98.597192
476 399.744755 383.770304 216.705368 98.880208
477 400.736147 383.986120 216.621079 98.909452
478 400.879551 384.014966 216.990408 98.993797
479 400.866280 383.988398 216.954720 98.965175
480 400.935752 383.983958 216.913351 98.987873
481 400.923574 384.011647 217.005360 98.976250
482 397.753269 392.300993 215.230593 98.387415
483 397.839872 392.354144 215.495900 98.465135
484 397.795382 392.377175 215.501963 98.480273
485 397.997754 392.392637 216.001967 98.480273
486 398.200015 392.408099 216.501972 98.480273
487 398.284651 392.378001 216.981416 98.451078
488 398.247080 392.408061 217.001976 98.480273
489 398.247701 392.333062 217.502531 98.413428
490 397.654322 392.509396 217.117491 98.386303
491 397.630426 392.850783 217.742178 98.384105
492 398.180232 390.225216 217.950000 97.841098
493 398.158153 390.310237 218.001985 97.980373
494 395.721691 397.146749 220.280422 98.142545
495 395.635568 395.772887 222.400526 97.962474
496 395.165911 394.525714 222.833980 98.073385
497 392.358233 399.354424 225.946088 99.495534
498 392.336383 399.362313 226.002058 99.480073
499 392.082607 398.373961 226.693532 99.775335
500 391.423290 400.925883 226.164350 100.006957
501 391.445667 401.136079 226.224018 100.468879
502 382.945647 393.761889 224.004047 100.892132
503 383.157623 393.825035 224.495022 100.982590
504 382.893825 387.928785 222.204282 100.529751
505 377.582798 373.010560 219.517740 101.893626
506 377.776417 373.069544 220.002004 101.979572
507 378.088963 367.998026 218.764937 101.077641
508 374.339174 352.150480 216.987163 103.673341
509 373.878244 353.729054 215.802789 103.797832
510 373.921911 354.001411 215.821486 103.976439
511 373.752821 354.018641 216.058966 103.933146
512 373.479925 355.258049 216.266121 104.298642
513 373.516857 355.364582 216.571170 104.461527
514 369.437477 350.951302 215.896319 104.846489
515 369.442671 351.034026 216.001967 104.978971
516 365.001679 345.199908 217.977534 103.685572
517 364.379001 347.571224 217.700976 103.676904
518 364.678753 348.770951 217.738034 103.854083
519 360.732163 339.593976 218.653984 104.010285
520 360.861217 339.852043 218.992993 104.464198
521 361.411847 340.900892 217.872028 104.376547
522 359.834735 335.233040 218.331612 103.584518
523 359.871742 335.446692 218.501990 103.979172
524 359.850990 340.142227 219.936483 103.756562
525 357.592050 335.538200 219.447522 103.718675
526 357.570886 335.684774 219.501999 103.979172
527 357.931966 343.788544 218.764040 103.381971
528 356.727019 341.626042 217.360846 103.531837
529 356.749625 341.866035 217.501981 103.979172
530 356.956119 341.896623 218.001580 103.983456
531 356.564410 341.604477 216.818235 103.779483
532 348.496747 337.695682 217.219675 103.397751
533 348.376561 337.954502 217.122706 103.536610
534 344.386876 343.271810 217.594295 103.382244
535 329.869953 349.813849 213.578081 103.785219
536 327.432199 349.663932 214.360437 103.931911
537 314.024686 353.410750 216.608269 103.992006
538 313.236631 353.887612 218.699648 103.814157
539 307.351147 358.726652 215.852466 103.669510
540 290.588528 367.138960 216.278596 102.221169
541 269.635905 349.792923 211.469997 102.762683
542 268.140854 331.608615 206.356909 102.600839
543 270.767772 330.397404 206.451456 102.694230
544 270.728553 330.557047 206.572590 102.972948
545 269.843313 327.676837 206.485765 100.762125
546 270.712114 327.396215 206.423550 101.014342
547 275.581419 327.864694 213.187712 98.038297
548 271.208687 323.841748 214.429793 97.009836
549 270.478592 329.517633 211.788710 98.923011
550 270.538454 329.561754 212.001931 98.980173
551 270.504064 329.619064 212.539386 98.960837
552 269.595132 332.880639 213.642783 98.291363
553 269.727525 332.990556 214.001949 98.480273
554 269.930227 333.006018 214.501954 98.480273
555 266.101528 339.718496 214.518043 99.586089
556 267.324730 337.433906 214.108855 99.186893
557 264.995533 326.162743 213.008602 100.919653
558 266.852720 344.713983 214.973766 100.005542
559 271.895252 358.199371 213.518186 99.519154
560 274.646094 352.723652 210.484818 99.554329
561 276.062016 350.310102 209.053206 99.998960
562 281.571952 361.396352 208.437521 99.618330
563 282.005209 361.755424 207.784928 99.864426
564 289.260702 343.500722 207.394295 100.766871
565 289.268743 343.623027 207.501890 100.979773
566 296.935292 362.483938 206.221089 100.319178
567 293.626418 370.326013 205.310126 99.495169
568 290.312164 368.269995 206.443762 98.759550
569 285.544227 381.313665 208.165459 98.556449
570 281.729158 392.348275 206.537249 98.189245
571 281.915830 392.509251 207.001885 98.480273
572 282.112724 392.261497 207.627202 98.374214
573 281.586837 388.821436 207.206602 97.014247
574 281.688724 389.069854 207.501890 97.480474
575 283.835391 392.307238 209.854051 95.843908
576 280.805477 384.870997 206.758624 94.929561
577 280.951986 384.382536 206.924333 95.052566
578 289.705655 388.249462 206.794042 94.654069
579 287.152159 370.445486 199.896851 95.007977
580 280.257275 344.241189 197.847700 98.568192
581 280.153737 345.468732 197.639547 98.779048
582 280.301673 355.645395 197.339179 96.793588
583 277.650924 352.880301 198.082361 95.507659
584 277.816875 353.131928 198.501808 95.980774
585 275.655266 357.639944 196.750324 95.297044
586 275.737560 357.746849 197.001794 95.480874
587 276.668276 356.505640 197.846085 95.374160
588 276.307200 355.853145 198.929041 95.097968
589 274.845980 356.443246 198.916031 95.228084
590 274.844989 356.584632 199.001812 95.480874
591 275.050998 356.599623 199.501817 95.480874
592 275.256898 356.614614 200.001822 95.480874
593 275.460068 356.630339 200.499627 95.481425
594 275.416954 356.645054 200.501826 95.480874
595 275.122576 355.981389 203.590757 95.297561
596 269.400848 362.998625 200.588768 95.230766
597 269.602285 363.268649 200.976902 95.453802
598 274.695670 360.221388 204.104760 95.010613
599 274.849126 360.471510 204.501863 95.480874
600 274.662848 360.988712 204.576090 95.501466
601 274.830531 361.243435 205.001867 95.980774
602 275.035218 361.258505 205.501872 95.980774
603 275.301649 366.309231 204.281277 96.308762
604 275.366847 366.410335 204.501863 96.480674
605 273.493454 354.060353 203.644439 97.557687
606 273.754833 354.361862 203.848271 97.998734
607 271.369412 362.970646 205.112804 95.726808
608 269.737132 358.766562 206.006775 95.757578
609 270.482253 359.533495 206.265954 96.147345
610 270.554759 359.743648 206.510428 96.464454
611 270.752058 357.848545 206.826960 96.143869
612 270.793875 358.032096 207.001885 96.480674
613 272.116471 360.661449 207.506649 95.933857
614 272.318227 360.699977 208.001894 95.980774
615 273.266763 363.004840 208.406783 95.877580
616 273.268344 363.071507 208.501899 95.980774
617 273.472259 363.086576 209.001903 95.980774
618 273.676064 363.101646 209.501908 95.980774
619 273.879758 363.116716 210.001913 95.980774
620 274.083342 363.131785 210.501917 95.980774
621 274.286816 363.146855 211.001922 95.980774
622 274.562147 363.173977 211.460476 95.982912
623 274.536234 363.187978 211.501926 95.980774
624 274.739487 363.203048 212.001931 95.980774
625 274.942630 363.218117 212.501935 95.980774
626 275.214840 363.248627 213.001341 95.945650
627 275.825811 364.025257 213.677965 95.808751
628 277.139028 365.887799 214.228587 95.553731
629 278.339844 365.701263 213.363273 95.681516
630 278.362100 365.865962 213.501944 95.980774
631 279.770532 367.285922 213.972642 95.735426
632 283.565348 369.937081 212.563202 95.560126
633 283.737748 370.162474 213.001940 95.980774
634 283.940670 370.177544 213.501944 95.980774
635 286.176182 373.853221 212.620632 95.257159
636 286.562316 371.118834 212.449937 95.308180
637 291.232046 362.909833 210.379258 96.310985
638 291.246958 363.009826 210.501917 96.480674
639 291.309503 363.598709 211.031311 96.255721
640 291.496267 363.750436 211.511699 96.460777
641 291.693957 363.796975 212.009442 96.466115
642 291.893344 363.819403 212.501935 96.480674
643 292.090618 363.906725 213.026245 96.423077
644 292.281389 363.950672 213.501944 96.480674
645 292.485854 363.979675 214.001153 96.468190
646 290.267888 373.494946 215.295945 94.585251
647 290.323376 373.707720 215.501963 94.980974
648 290.332557 373.418405 215.647380 94.952204
649 290.462219 373.448967 216.002379 94.980254
650 290.664274 373.464239 216.501972 94.980974
651 290.866425 373.479152 217.001976 94.980974
652 291.052743 373.493693 217.480471 94.981726
653 291.015537 373.508230 217.501981 94.980974
654 291.219057 373.531079 217.999563 94.972159
655 291.172196 373.550399 218.001985 94.980974
656 291.345010 373.569660 218.477131 94.983683
657 291.213383 373.685831 218.493801 94.925981
658 291.169296 373.728240 218.501990 94.980974
659 291.347572 373.859541 219.004501 95.015406
660 290.875619 375.028599 219.502407 95.395144
661 290.878572 375.363726 220.066394 95.413997
662 290.915214 375.294791 220.456460 95.395258
663 290.118259 373.251569 219.099795 95.798975
664 290.270969 373.357630 219.501968 95.980728
665 287.527604 379.362290 218.892684 94.912038
666 285.392924 374.676701 216.154522 95.052692
667 285.506148 374.843332 216.491421 95.474945
668 285.253826 377.906775 217.038878 94.991195
669 285.437416 377.916577 217.501981 94.980974
670 285.639346 377.931490 218.001985 94.980974
671 285.843552 377.954955 218.512565 94.982976
672 286.039974 377.968866 219.001995 94.980974
673 286.018102 373.167488 216.491446 95.104560
674 286.223213 373.412212 216.313681 95.488625
675 286.269617 373.423327 216.501972 95.480874
676 286.471768 373.438319 217.001976 95.480874
677 286.673809 373.453310 217.501981 95.480874
678 286.875739 373.468301 218.001985 95.480874
679 287.222799 373.898766 218.016824 95.428738
680 289.652969 375.931487 217.997278 95.000380
681 296.620749 376.385384 218.432008 94.763984
682 298.270153 376.863660 217.620666 94.798381
683 299.640957 377.804658 217.679219 94.716144
684 300.767464 378.029167 217.463678 94.876269
