2 498.873118 117.996103 290.874145 97.920288
3 498.763845 118.057875 290.965588 97.858670
4 498.591089 118.169747 290.985736 97.836716
5 498.272012 118.378471 291.379383 97.582229
6 497.898299 118.863873 292.206930 97.260978
7 497.493155 119.301702 293.503466 96.548465
8 497.451691 119.620457 294.254039 96.604045
9 497.146365 119.916103 294.995825 96.456525
10 497.023287 119.932213 294.866563 96.425718
11 496.964840 119.963726 294.866563 96.425718
12 496.906392 119.995239 294.866563 96.425718
13 496.847945 120.026753 294.866563 96.425718
14 496.789498 120.058266 294.866563 96.425718
15 496.731051 120.089779 294.866563 96.425718
16 496.672604 120.121292 294.866563 96.425718
17 496.614157 120.152805 294.866563 96.425718
18 496.443021 120.239955 295.040470 96.369263
19 496.547409 120.299696 295.366337 96.425718
20 496.488863 120.331209 295.366337 96.425718
21 496.410294 120.366326 295.388896 96.428493
22 496.340468 120.396451 295.366337 96.425718
23 496.281922 120.427965 295.366337 96.425718
24 496.199943 120.482467 295.402648 96.393379
25 496.113914 120.539302 295.380794 96.412839
26 496.048139 120.577255 295.366337 96.425718
27 496.024044 120.611644 295.338029 96.418673
28 496.057981 120.653283 295.299421 96.409526
29 496.072980 120.696238 295.333379 96.417523
30 496.030913 120.731849 295.366337 96.425718
31 495.972367 120.763362 295.366337 96.425718
32 495.913793 120.794889 295.366394 96.425686
33 495.855218 120.826418 295.366337 96.425718
34 494.731751 120.329640 295.682656 95.467391
35 491.462224 119.057025 296.966990 94.031078
36 490.397781 118.606643 297.334749 94.028611
37 490.353230 118.836682 297.365362 94.427177
38 490.282067 118.867362 297.374058 94.426821
39 489.258454 118.865703 298.276735 94.385103
40 487.335836 118.864149 299.045388 94.244413
41 483.629051 119.056907 300.354106 93.674638
42 478.342324 118.756583 301.827220 93.382895
43 478.300579 118.809683 301.863397 93.428028
44 478.240745 118.840216 301.863397 93.428028
45 478.171723 118.869109 301.877365 93.424193
46 478.104905 118.901560 301.863397 93.428028
47 478.045071 118.932093 301.863397 93.428028
48 477.985237 118.962627 301.863397 93.428028
49 478.100815 119.761214 301.412763 93.052209
50 477.126496 122.908036 301.053390 91.979293
51 477.720704 125.657278 300.322338 90.464940
52 478.320062 129.303569 301.008492 88.891759
53 478.464662 129.397760 301.288606 88.908918
54 478.467249 129.531811 301.328688 88.880943
55 478.424982 129.586149 301.363623 88.931492
56 478.365247 129.615213 301.363623 88.931492
57 478.305512 129.644277 301.363623 88.931492
58 478.245777 129.673341 301.363623 88.931492
59 478.203913 129.645970 301.350842 88.949095
60 477.654948 128.749115 302.059309 89.607838
61 477.737137 128.874107 302.405117 89.990623
62 478.089653 127.522074 302.362709 90.750439
63 478.029951 127.641547 302.363171 90.929952
64 477.970018 127.671264 302.363171 90.929952
65 477.910085 127.700982 302.363171 90.929952
66 477.850152 127.730699 302.363171 90.929952
67 477.790219 127.760416 302.363171 90.929952
68 477.809807 127.887423 302.192776 90.899990
69 477.875791 128.048191 302.265965 90.859045
70 477.786339 128.654466 302.543735 90.735438
71 478.198425 129.837363 302.772499 90.659107
72 478.661359 130.958181 302.818040 90.680343
73 478.329644 132.213020 302.355525 90.817440
74 477.489499 139.736361 297.483985 90.897521
75 477.371281 139.782293 297.365433 90.929952
76 477.533596 140.088666 297.042717 90.883336
77 474.492656 144.881228 294.263386 91.804313
78 474.525582 144.980419 294.313623 91.920549
79 474.493817 145.014779 294.366789 91.929182
80 474.471952 145.052473 294.309270 91.920856
81 474.442364 145.086680 294.366789 91.929182
82 474.436002 145.122076 294.252396 91.926690
83 474.434851 145.153366 294.366789 91.929182
84 473.416295 145.292165 294.628759 91.832499
85 472.883585 145.547320 294.748881 91.814811
86 465.043934 147.663860 295.340020 90.697200
87 464.998546 147.809953 295.366337 90.929952
88 465.116597 147.933189 295.020316 90.863918
89 465.231061 147.995924 295.366337 90.929952
90 465.172515 148.025641 295.366337 90.929952
91 465.025974 147.963800 295.185992 90.901929
92 464.531107 144.347711 294.457906 90.662665
93 464.427201 144.511071 294.366789 90.929952
94 464.079836 143.771371 294.115914 91.045006
95 464.146926 143.993532 294.366789 91.429567
96 464.076108 144.023500 294.372631 91.427970
97 464.018687 144.054567 294.358308 91.429388
98 463.843488 143.959256 293.295783 91.380840
99 462.574434 143.419679 291.219123 91.186667
100 462.577070 143.507993 291.009810 91.372651
101 462.733623 143.526240 290.983845 91.401325
102 462.294992 141.922431 290.082619 91.213050
103 462.381064 142.053694 290.338567 91.424043
104 462.343192 142.065380 290.384432 91.428987
105 462.864953 139.671103 291.716507 90.855973
106 462.882807 139.737810 291.867920 90.929952
107 462.824954 139.767527 291.867920 90.929952
108 462.767101 139.797244 291.867920 90.929952
109 462.709249 139.826961 291.867920 90.929952
110 462.651396 139.856678 291.867920 90.929952
111 462.593543 139.886396 291.867920 90.929952
112 462.535690 139.916113 291.867920 90.929952
113 462.481527 139.946203 291.859775 90.929787
114 462.427747 139.976003 291.867920 90.929952
115 462.369895 140.005720 291.867920 90.929952
116 462.370340 140.041360 291.739335 90.927266
117 462.417520 140.076560 291.778057 90.928077
118 462.462104 140.113055 291.741076 90.927305
119 462.467673 140.144095 291.867920 90.929952
120 462.438837 140.177080 291.805431 90.928117
121 462.412229 140.207715 291.867920 90.929952
122 462.387779 140.242335 291.801351 90.926073
123 462.587660 140.335309 291.397886 90.907601
124 462.591667 140.386794 291.212232 90.922094
125 462.690459 140.428438 291.194788 90.926320
126 462.755205 140.463616 291.289126 90.928294
127 462.791018 140.499664 291.248900 90.927453
128 462.774651 140.486943 291.327893 90.979532
129 462.736273 140.487106 291.363532 90.934048
130 462.512556 137.908684 289.826325 91.777974
131 462.476349 138.014332 289.868825 91.929182
132 462.418893 138.044376 289.868825 91.929182
133 462.361436 138.074419 289.868825 91.929182
134 462.303980 138.104463 289.868825 91.929182
135 462.246523 138.134507 289.868825 91.929182
136 462.189067 138.164550 289.868825 91.929182
137 462.131610 138.194594 289.868825 91.929182
138 462.074154 138.224638 289.868825 91.929182
139 462.016698 138.254681 289.868825 91.929182
140 461.959241 138.284725 289.868825 91.929182
141 461.875732 138.269119 289.858398 91.967989
142 461.809107 138.146231 289.848746 92.019210
143 461.527384 137.265044 289.670804 92.712298
144 461.568938 137.403471 289.868825 92.928412
145 461.511481 137.433842 289.868825 92.928412
146 461.454025 137.464212 289.868825 92.928412
147 461.396568 137.494582 289.868825 92.928412
148 461.382920 137.348695 289.801592 92.999809
149 461.359080 137.343367 289.868825 92.928412
150 461.301623 137.373738 289.868825 92.928412
151 461.256142 137.382436 289.860390 92.942909
152 461.212445 137.390241 289.854997 92.936049
153 461.161903 137.416793 289.868825 92.928412
154 461.104446 137.447163 289.868825 92.928412
155 461.046990 137.477533 289.868825 92.928412
156 460.989533 137.507904 289.868825 92.928412
157 460.932077 137.538274 289.868825 92.928412
158 460.874620 137.568644 289.868825 92.928412
159 460.926836 137.368039 289.801329 92.975902
160 460.903127 137.374664 289.868825 92.928412
161 460.845671 137.405035 289.868825 92.928412
162 460.788214 137.435405 289.868825 92.928412
163 460.730758 137.465775 289.868825 92.928412
164 460.699519 137.479946 289.888572 92.932364
165 460.632190 137.508341 289.868825 92.928412
166 460.586017 137.531735 289.877343 92.930111
167 460.528685 137.558551 289.872130 92.929069
168 460.478855 137.582855 289.875836 92.929814
169 460.425097 137.608068 289.874259 92.929499
170 460.386648 137.624471 289.885184 92.931681
171 460.622607 137.375523 289.835526 92.950169
172 460.666401 137.374673 289.859505 92.924381
173 460.695537 137.370088 289.890024 92.931095
174 460.858234 137.366079 289.780725 92.909601
175 460.886492 137.399119 289.857417 92.925144
176 462.474939 137.187651 289.863515 92.891211
177 462.465038 137.236059 289.841459 92.921526
178 462.614418 137.197319 289.911195 92.942049
179 463.694116 136.753984 290.013192 92.969774
180 466.622864 135.864952 291.496715 93.105131
181 466.572938 136.016772 291.422411 93.436062
182 466.825456 135.928444 291.699323 93.394933
183 466.952806 135.905488 292.035074 93.447845
184 467.694199 135.776884 292.825855 93.402717
185 467.707070 135.790376 292.908194 93.436744
186 468.122738 135.711881 293.267830 93.329162
187 468.259634 135.770718 293.494444 93.381540
188 469.215273 135.675901 294.030739 93.178039
189 469.635831 135.765556 294.518508 93.353995
190 469.776126 135.818013 294.885174 93.431706
191 469.711581 135.844751 294.868983 93.428505
192 469.780156 135.873971 294.775524 93.407657
193 469.989202 135.909839 294.710170 93.393733
194 470.268426 135.968389 294.642734 93.379680
195 470.789850 136.017974 294.504191 93.359194
196 470.982753 136.083829 294.819777 93.416503
197 471.135363 136.113803 294.745266 93.399984
198 471.578387 136.200197 294.417329 93.353162
199 471.679264 136.276402 294.213442 93.393751
200 471.992644 136.321345 294.158492 93.376658
201 472.728609 136.337821 293.907321 93.348721
202 480.010133 131.463857 292.306111 93.130379
203 480.000309 131.632533 292.380763 93.430631
204 479.956563 131.645349 292.382158 93.431327
205 480.710906 130.853445 292.324178 93.331529
206 480.674712 130.932228 292.367694 93.428028
207 481.235038 130.455495 292.220283 93.395566
208 481.299985 130.506276 292.327260 93.418188
209 481.376075 130.549416 292.271331 93.405682
210 481.494301 130.602367 292.245249 93.404844
211 481.610491 130.648438 292.279992 93.407684
212 483.279517 130.611005 291.620918 93.334588
213 483.621424 130.692275 291.663730 93.392106
214 494.183170 134.524401 287.740061 91.783675
215 494.359804 135.061813 287.832843 91.656602
216 494.320624 135.230792 287.868013 91.928327
217 495.837266 137.939248 287.268242 90.837405
218 497.220837 140.081396 286.582219 90.185303
219 497.321463 140.251276 286.831603 90.422556
220 497.283891 140.284720 286.870182 90.430337
221 497.092037 140.374508 287.123961 90.417934
222 497.158074 140.410263 287.369956 90.430337
223 497.065017 140.437672 287.445177 90.432369
224 496.170356 139.761712 288.899559 90.444504
225 495.227506 138.386682 290.676616 90.252483
