5 347.371764 267.989192 48.990586 57.931503
6 347.414264 267.913478 48.998797 57.892527
7 347.757175 267.733668 49.105477 57.805245
8 347.949345 267.788847 49.492577 57.928430
9 347.976573 267.727303 49.516836 57.890591
10 348.207011 267.768694 49.986343 57.944952
11 348.354025 268.412389 49.992580 57.920089
12 348.897700 270.528528 50.183606 58.071337
13 349.313438 272.666034 51.118866 58.529424
14 349.365528 278.006385 51.814164 59.340617
15 349.358391 279.162160 52.109695 59.614040
16 349.507543 279.473048 52.471684 59.964266
17 349.468942 279.647004 52.471674 59.969384
18 349.426959 279.899093 52.465944 60.006417
19 349.372500 280.657965 52.463425 60.613646
20 349.353189 280.940291 52.476050 60.974575
21 349.327786 280.992471 52.474177 60.951625
22 349.306350 281.033532 52.475246 60.952114
23 349.276415 281.074389 52.473189 60.954278
24 349.219135 281.114580 52.477404 60.959400
25 349.202742 281.137742 52.474738 60.952693
26 349.191691 281.158560 52.475767 60.953109
27 349.133677 281.193606 52.475622 60.959883
28 348.812612 281.335716 52.401789 61.146433
29 348.717747 281.523095 52.465638 61.482941
30 348.565676 281.535378 52.442339 61.487988
31 348.018508 281.397657 52.352758 61.516331
32 348.015294 281.615083 52.457252 61.978625
33 347.970301 281.565096 52.473316 61.966548
34 347.704204 281.210680 52.346201 62.011651
35 347.201197 279.230028 52.168225 63.001943
36 347.006515 278.238565 52.306463 63.726243
37 346.872205 277.637037 52.332092 64.192148
38 345.856543 274.571690 51.903361 65.056616
39 345.628811 273.558320 51.669785 65.648684
40 344.992768 272.952430 51.713555 66.020692
41 341.892831 270.977817 51.333528 66.582692
42 341.762099 271.202445 51.421439 66.947484
43 335.679077 270.422828 51.080415 66.724751
44 335.746947 270.463250 51.468265 66.918714
45 333.576148 265.730606 50.866291 66.577135
46 332.168424 264.496949 50.497007 67.004882
47 331.713770 262.890495 50.241452 67.511040
48 328.700972 250.220568 49.915957 69.009920
49 327.846821 235.038947 49.499707 70.176131
50 330.210772 208.930716 48.149114 72.041742
51 334.013588 199.118247 47.781417 78.754883
52 334.102513 199.236199 47.978288 78.939189
53 334.090644 199.259955 47.978254 78.940304
54 334.078947 199.281678 47.977567 78.940862
55 334.021551 199.293689 47.971140 78.960857
56 334.001768 199.304660 47.976077 78.945759
57 333.969205 199.316442 47.973067 78.950614
58 333.962305 199.336528 47.978288 78.939189
59 333.952795 199.362326 47.978288 78.939189
60 333.886248 199.356003 47.980655 78.951436
61 333.821099 199.287025 47.995793 78.976972
62 333.658464 199.117862 48.013648 79.024625
63 333.630351 198.683901 48.580485 79.559342
64 333.505613 198.108770 49.096734 79.982983
65 333.537870 196.852031 49.559507 79.966358
66 333.728677 196.835702 49.981294 79.958359
67 333.714124 196.738973 49.975193 79.987804
68 333.705313 196.740406 49.977384 79.938419
69 333.696651 196.756784 49.977131 79.931885
70 333.695454 196.734632 49.973283 79.918262
71 333.722925 196.567264 49.953778 79.907906
72 333.751541 196.463825 49.960263 79.906216
73 333.844144 195.874033 49.916160 79.882740
74 333.990048 195.234935 49.920678 79.813290
75 334.172269 193.985570 49.807787 79.836601
76 334.308418 193.411665 49.922078 79.759274
77 334.330733 193.495594 49.967408 79.931042
78 334.346955 193.430303 49.949090 79.911102
79 334.375325 193.368570 49.948676 79.908306
80 334.406812 193.306987 49.946616 79.906082
81 334.427072 193.292469 49.959464 79.916565
82 334.450170 193.243862 49.950335 79.909256
83 334.544534 193.093051 49.887762 79.902748
84 334.711516 192.897010 49.852722 79.901718
85 335.240246 192.594219 49.585235 79.913570
86 335.494346 192.638750 49.897540 79.924221
87 335.643972 192.684940 49.843621 79.913239
88 335.795680 192.730510 49.870391 79.918457
89 335.949241 192.789798 49.858038 79.921432
90 336.007490 192.828678 49.967375 79.938522
91 336.017880 192.861991 49.959307 79.938732
92 336.040566 192.885206 49.947078 79.935337
93 336.244131 193.035980 49.765766 80.006130
94 336.340034 193.278220 49.977384 80.438034
95 336.330128 193.304508 49.977384 80.438034
96 336.320221 193.330797 49.977384 80.438034
97 336.311312 193.358225 49.975829 80.438368
98 336.314831 193.396530 49.948475 80.436108
99 336.385654 193.457944 49.815412 80.432768
100 336.541663 193.534491 49.739265 80.442153
101 336.786309 193.645102 49.552169 80.478815
102 336.960348 194.260894 48.840237 80.588263
103 337.209121 194.649534 48.434347 81.024383
104 337.228190 194.891423 48.455484 81.432722
105 337.133765 195.050385 47.947015 81.556405
106 337.193393 195.306353 47.716084 81.962201
107 337.373212 195.360313 47.705150 81.971648
108 337.541148 195.417531 47.660053 82.001126
109 337.721910 195.701130 47.625714 82.555917
110 337.898078 195.940495 47.507371 83.083750
111 337.803295 196.142226 46.944342 83.772906
112 337.836552 196.167425 46.581562 84.034899
113 338.039937 196.245038 46.708677 84.473217
114 338.136309 196.061115 46.651716 84.480942
115 338.261659 196.081499 46.665522 84.499984
116 338.373325 196.077740 46.678377 84.489826
117 337.564046 196.132210 45.799552 84.713173
