5 355.520237 255.406294 48.731529 122.268702
6 355.665814 255.302516 48.992378 122.501011
7 357.604566 254.382223 51.593756 123.245707
8 358.400597 243.582191 52.030070 124.084354
9 358.315240 243.003038 52.389207 124.343327
10 358.212617 236.911799 52.701193 124.192352
11 356.547171 238.655931 53.703841 128.061279
12 350.811286 241.192260 55.692185 130.623822
13 350.912628 240.026262 58.373520 132.282264
14 352.049674 237.143766 59.236840 132.704757
15 350.840663 243.164069 59.885079 132.991451
16 350.904023 245.369388 61.848347 135.565312
17 353.669698 250.880062 62.405688 152.513574
18 358.776844 239.387793 63.353971 156.432628
19 358.819746 235.587917 64.234236 163.688896
20 358.846009 235.003036 64.629335 165.878106
21 359.306154 234.163603 64.852662 170.260857
22 360.508057 232.400242 64.952008 173.261014
23 363.203034 229.448230 64.922551 174.302402
24 365.890138 227.689441 64.726809 177.386156
25 365.741340 223.101448 64.995602 175.794397
26 364.946697 223.612436 65.164140 176.796382
27 360.194178 239.006764 67.798009 186.431737
28 361.397570 245.119145 68.487223 210.660129
29 361.374894 245.276776 68.469016 210.837581
30 361.345180 244.974329 68.461895 211.128663
31 360.281453 239.540799 69.114963 211.497459
32 358.145406 237.988650 70.149226 221.254506
33 354.549992 207.441743 71.684913 253.332587
34 354.419172 207.555234 72.018883 253.768543
35 353.872491 206.758131 72.821877 255.270828
36 352.072468 204.693656 73.689415 259.303494
37 346.513300 203.053644 75.844580 262.956656
38 346.169771 202.699543 76.161313 262.807423
39 344.650812 202.740828 76.922952 264.408610
40 344.656211 202.768260 76.965744 264.301885
41 341.943026 202.856862 78.259026 265.845674
42 340.512485 203.110737 79.115280 266.071791
43 338.838201 203.016451 80.105487 266.100978
44 337.652390 202.719878 80.751351 266.475169
45 337.742347 202.716752 80.963361 266.294859
46 337.726298 202.803781 80.963361 266.294859
47 337.700332 202.842622 80.992453 266.302408
48 337.669738 202.925876 80.963361 266.294859
49 337.418919 199.975928 81.951413 269.322205
50 337.025907 197.222057 83.587877 271.356267
51 336.681658 191.859954 86.167840 275.030112
52 336.677011 190.985884 86.776813 275.717678
53 335.453390 189.318949 87.760118 275.531900
54 335.467885 189.512490 87.971957 275.800905
55 335.446651 189.591928 87.961253 275.786823
56 335.373083 187.981834 88.417355 276.886768
57 333.493909 186.730621 89.618197 276.631261
58 327.583412 180.410453 92.593404 277.942088
59 327.593344 178.901771 93.567228 278.752242
60 327.763590 178.980683 93.976594 278.803158
61 327.695325 179.013650 94.066208 278.791903
62 327.174611 178.921894 94.837170 278.681295
63 326.715970 178.677876 95.417023 279.006412
64 325.530475 177.253083 97.199358 280.839170
65 323.208060 174.113273 102.918780 284.313108
66 321.351206 171.108118 108.787183 287.745276
67 319.895248 165.843596 113.219808 295.294002
68 322.764326 162.943014 117.536253 298.467228
69 322.876165 161.515332 120.083036 300.114986
70 322.676126 161.012741 121.646362 301.273592
71 320.874751 159.312576 125.681079 304.117771
72 318.974901 158.269474 128.746511 306.100811
73 318.124356 157.936788 129.614074 306.561062
74 317.192668 157.592499 130.186338 307.458212
75 315.525238 157.521530 130.931415 307.972331
76 308.261854 158.211006 134.798375 309.337096
77 308.221934 158.274527 135.067875 309.315715
78 305.392336 149.834932 142.516304 322.974140
79 304.083050 148.427228 144.964406 324.992628
80 303.551069 148.230441 145.444434 324.857643
81 300.446389 145.891928 148.510036 326.524212
82 298.655356 145.351207 149.520290 327.186253
83 287.739882 143.793929 151.639981 326.705562
84 275.006271 143.835820 156.611934 326.920961
85 264.235618 144.268054 160.783531 325.565047
86 264.001854 144.467499 161.106251 326.124732
87 258.365913 143.459874 162.816180 327.564138
88 246.404462 140.392006 163.574360 330.272999
89 246.370534 140.450238 163.908262 330.338450
90 235.367287 143.581321 164.987002 331.716725
91 235.155777 144.129071 165.059551 331.376148
92 235.296059 144.184658 165.435809 331.246975
93 232.645125 143.417798 166.247316 332.275451
94 232.580280 143.296467 166.524763 332.604642
95 230.884056 141.813801 168.737900 332.313342
96 230.868497 141.797620 168.993174 332.277921
97 230.800205 141.889269 168.923557 332.244055
98 230.755472 142.007158 168.932824 332.247242
99 230.675410 142.188553 169.030373 332.201771
100 230.838307 142.318277 169.423330 332.244055
101 230.529608 142.423387 169.593489 332.359558
102 230.660734 142.474217 169.923104 332.244055
103 230.626445 142.581055 169.924880 332.244309
104 230.591876 142.689510 169.923104 332.244055
105 230.558194 142.798092 169.923104 332.244055
106 230.772434 143.446198 171.259352 331.790084
107 231.143938 143.583657 172.912111 331.744282
108 232.343112 142.847983 173.664067 332.538650
109 240.548101 137.663473 177.060784 332.751483
110 241.757574 130.756209 181.123632 333.034203
111 241.628602 130.385607 182.117125 333.574328
112 241.512292 130.069783 183.236561 334.032458
113 241.566155 130.284047 183.416998 334.242516
114 241.486250 130.301951 183.542726 334.307848
115 241.291472 129.268227 185.438140 335.103029
116 240.932747 129.288464 186.670308 335.439208
117 241.135927 125.535247 191.122449 335.052683
118 241.069123 125.321284 192.001653 334.626563
119 241.185144 125.355833 192.563850 334.715151
120 241.016547 124.670435 194.773373 335.352435
121 245.247829 122.974963 196.624138 336.088610
122 251.272605 118.740511 200.044195 339.665582
123 255.094666 116.530908 201.314399 341.664501
124 262.080131 108.862027 204.208936 341.901175
125 263.195432 102.873613 208.317447 339.614931
126 263.218138 103.039024 208.410134 339.756700
127 263.148211 103.117646 208.653873 339.931162
128 263.207762 103.155340 209.715870 340.244841
129 263.253697 103.203102 210.168248 340.416156
130 263.233489 102.953599 211.317759 340.849324
131 263.234872 103.009051 211.404333 340.737512
132 263.192969 103.120408 211.404333 340.737512
133 263.151065 103.231766 211.404333 340.737512
134 263.147828 103.316180 211.391182 340.778732
135 263.979678 103.286619 211.276413 341.154504
136 285.104455 109.474412 214.897571 349.094918
137 288.008216 109.139793 216.718676 352.525147
138 291.815416 106.975949 218.122203 356.428716
139 293.312875 106.444309 218.662628 356.790534
140 311.260701 102.656339 220.685844 358.276766
141 310.948897 102.324129 221.457037 359.189921
142 326.385376 101.647578 221.821558 363.927735
143 333.982226 103.897042 224.089486 364.651490
144 321.565546 105.290329 225.136605 364.727184
145 307.959170 105.667930 226.256515 363.332887
146 304.017050 105.677959 226.538676 362.996787
147 304.142273 105.664835 226.894172 362.721132
148 304.098874 105.783100 226.897322 362.720578
149 304.053899 105.901642 226.897322 362.720578
150 304.008924 106.020184 226.897322 362.720578
151 303.963950 106.138726 226.897322 362.720578
152 303.918975 106.257268 226.897322 362.720578
153 304.020831 106.180355 226.867393 363.033770
154 303.990821 106.392272 226.897322 363.220193
155 304.014158 106.481285 226.885599 363.267668
156 306.783395 106.238519 226.515281 364.472002
157 329.482740 104.901428 227.322724 376.186149
158 324.939610 105.139267 227.906954 376.690175
159 314.539022 106.765380 227.722256 376.369465
160 314.580166 106.809409 227.896532 376.210258
161 310.928838 107.244094 227.991596 375.858201
162 310.836301 107.293066 227.896869 375.710571
163 310.791129 107.415854 227.896869 375.710571
164 310.745956 107.538641 227.896869 375.710571
165 310.700783 107.661428 227.896869 375.710571
166 310.662003 107.781849 227.898283 375.716559
167 310.671473 107.870123 227.929844 375.758836
168 310.742863 107.883076 227.881475 375.849342
169 310.915226 107.674660 228.236127 375.923156
170 310.954756 107.631397 228.456058 375.833762
171 311.811612 107.342093 229.529788 376.674599
172 311.632683 107.058341 234.140226 380.982554
173 311.687065 107.068118 234.423248 380.724690
174 309.857997 109.229432 234.861632 380.398093
175 299.693835 117.283570 236.071744 377.470754
176 299.807618 117.276178 236.393024 377.209416
177 299.760762 117.399455 236.393024 377.209416
178 299.713905 117.522732 236.393024 377.209416
179 299.667048 117.646009 236.393024 377.209416
180 299.620191 117.769286 236.393024 377.209416
181 299.573335 117.892564 236.393024 377.209416
182 299.581420 117.917845 236.441584 377.298483
183 300.453159 117.585473 236.329974 377.644149
184 300.470712 117.728990 236.373718 377.721504
185 300.433509 117.846194 236.393024 377.709031
186 300.368236 117.983279 236.421432 377.724983
187 296.209978 116.553526 241.397157 380.113546
188 295.496969 116.711627 241.550945 380.264568
189 280.522840 116.155161 242.698103 380.187711
190 272.879373 115.884458 243.560007 380.625227
191 272.995843 116.049625 243.889632 380.706722
192 272.947500 116.174045 243.889632 380.706722
193 272.899158 116.298465 243.889632 380.706722
194 272.850815 116.422885 243.889632 380.706722
195 272.802472 116.547305 243.889632 380.706722
196 272.754129 116.671725 243.889632 380.706722
197 272.821716 116.742043 243.861243 380.760316
198 274.071867 116.564628 243.734586 380.849173
199 286.376394 113.469995 242.570452 382.086453
200 285.971673 113.000557 243.074575 383.137691
201 278.100922 111.076253 244.580019 384.321183
202 275.629099 110.540588 245.562022 384.382128
203 261.452395 107.268972 248.183083 385.222962
204 255.743396 106.708991 249.458771 387.998363
205 254.895666 106.667516 249.702250 387.684923
206 254.921708 106.792288 249.896693 387.712990
207 254.680726 106.480384 250.132513 388.544400
208 253.500699 104.051954 252.032741 394.627849
209 253.563684 104.068363 252.468346 394.945567
210 253.345234 103.922015 252.448492 394.885200
211 252.563817 103.598193 252.488995 394.873692
212 273.699292 100.397757 251.614556 397.169536
213 296.288588 86.690732 249.436443 403.522532
214 306.072968 75.314894 251.383583 410.817743
215 294.421600 63.169478 259.175579 425.323537
216 272.541694 63.402211 268.287590 422.562985
217 262.982433 61.654284 271.032462 421.818469
218 237.783429 63.492711 273.650430 424.457987
219 221.643578 66.936676 274.889096 426.746509
220 221.582351 67.038521 274.875610 426.671313
221 221.527866 67.177963 274.875610 426.671313
222 221.859009 67.327320 274.752741 429.454349
223 222.170050 66.182756 275.237083 431.783107
224 222.184617 66.266010 275.375384 431.667464
225 222.151919 66.353011 275.386051 431.719972
226 222.092002 66.467832 275.375384 431.667464
227 222.102695 66.547747 275.438375 431.718901
228 222.268279 66.311926 275.871760 432.073849
229 222.215295 66.499779 275.875158 432.167080
230 222.160612 66.641017 275.875158 432.167080
231 222.105929 66.782255 275.875158 432.167080
232 222.051246 66.923493 275.875158 432.167080
233 221.996564 67.064731 275.875158 432.167080
234 221.941881 67.205969 275.875158 432.167080
235 221.943302 67.304868 275.863221 432.228186
236 222.316757 66.336732 275.930433 433.269988
237 223.114309 65.032330 275.827068 434.021754
238 226.221525 61.345179 277.372267 436.792945
239 226.594126 60.886357 277.466284 436.845446
240 226.487302 60.827480 277.433032 436.747571
241 226.568634 60.700974 277.583045 436.874056
242 229.020729 59.307760 279.668330 436.390370
243 234.720429 56.832640 286.070539 434.893122
244 247.497991 51.985663 296.579738 435.500286
245 291.016292 53.844819 328.150804 432.528573
246 291.051511 54.055281 328.351410 432.666695
247 289.065397 53.771580 329.281404 432.601347
248 289.001489 53.928560 329.370441 432.686392
249 274.309163 48.512457 332.921210 435.846505
250 271.224429 47.417620 333.697328 436.043223
251 260.800645 45.366195 334.545303 437.371875
252 237.877482 43.986403 336.214475 441.207632
253 237.575252 43.528258 337.081155 442.317968
254 237.630260 43.566861 337.361518 442.210845
255 237.373999 43.408168 337.529547 442.658778
256 237.151371 42.979769 338.290720 443.675521
257 233.953947 38.898167 341.848777 441.066637
258 233.840909 39.067207 341.870712 441.185372
259 233.760447 39.198774 341.845304 441.160152
260 233.692688 39.342951 341.845304 441.160152
261 233.624929 39.487128 341.845304 441.160152
262 233.499179 39.667031 341.832747 441.165689
263 233.420608 39.821871 341.839824 441.165078
264 233.355588 39.963585 341.845304 441.160152
265 233.287829 40.107762 341.845304 441.160152
266 233.162210 40.219814 341.854241 441.175983
267 232.178277 40.542894 342.000750 441.779849
268 231.108058 40.887020 342.713504 441.897169
269 231.007216 40.876451 342.900297 441.709085
270 230.891828 41.966164 342.842382 441.779079
271 227.368090 42.467715 344.143136 442.423927
272 218.014305 45.579964 346.397389 442.644092
273 217.459717 45.989922 346.420841 442.613665
274 215.577773 47.254725 346.728901 442.572305
275 213.763215 51.667748 346.848734 442.865441
276 210.750110 59.796621 346.820953 442.839881
277 210.611659 59.910626 346.811571 442.684008
278 210.558645 60.042788 346.843042 442.658997
279 210.489895 60.187455 346.843042 442.658997
280 210.421146 60.332122 346.843042 442.658997
281 210.317070 60.547786 346.788787 442.910984
282 204.512108 61.404317 346.959478 444.633404
283 201.871682 61.651824 347.650747 445.527001
284 199.679150 62.352219 348.272904 446.724926
285 199.552239 62.509984 348.319398 446.669645
286 199.462636 62.667233 348.331330 446.657517
287 199.041808 63.005815 348.292394 446.715727
288 198.911898 63.242163 348.298161 446.636330
289 198.362648 63.768804 348.169855 446.789348
290 192.013187 64.553406 348.164221 447.387862
291 191.960043 64.624839 348.317121 447.159182
292 191.722235 66.243510 347.973333 446.938265
293 191.521440 66.285994 347.819657 446.659243
294 191.441275 66.443158 347.834774 446.657048
295 191.316829 66.622222 347.822113 446.658881
296 173.960985 75.084723 346.224632 449.157338
297 173.951653 75.229841 346.343268 449.153994
298 173.883002 75.376630 346.343268 449.153994
299 173.814352 75.523420 346.343268 449.153994
300 173.745701 75.670209 346.343268 449.153994
301 173.677050 75.816999 346.343268 449.153994
302 173.608400 75.963789 346.343268 449.153994
303 173.539749 76.110578 346.343268 449.153994
304 173.471099 76.257368 346.343268 449.153994
305 173.402448 76.404157 346.343268 449.153994
306 173.333797 76.550947 346.343268 449.153994
307 173.265147 76.697737 346.343268 449.153994
308 173.196496 76.844526 346.343268 449.153994
309 173.127846 76.991316 346.343268 449.153994
310 173.059195 77.138105 346.343268 449.153994
311 172.941704 77.312845 346.326416 449.156480
312 172.881480 77.458391 346.343268 449.153994
313 172.812829 77.605181 346.343268 449.153994
314 172.744179 77.751970 346.343268 449.153994
315 172.675528 77.898760 346.343268 449.153994
316 172.606878 78.045549 346.343268 449.153994
317 172.538227 78.192339 346.343268 449.153994
318 163.847622 71.763765 346.267728 453.503325
319 163.578357 71.874614 346.260491 453.799081
320 152.486831 70.895770 344.507959 459.373611
321 152.023095 70.994088 344.754026 459.334114
322 151.999702 71.050234 344.843947 459.146296
323 151.931348 71.200289 344.843947 459.146296
324 151.755834 71.406150 344.809038 459.174364
325 135.608191 76.078973 344.842713 460.109336
326 135.540454 76.247450 344.843947 460.145526
327 135.472101 76.397832 344.843947 460.145526
328 135.403748 76.548213 344.843947 460.145526
329 135.335394 76.698595 344.843947 460.145526
330 135.267041 76.848977 344.843947 460.145526
331 135.198687 76.999359 344.843947 460.145526
332 135.524908 77.046734 344.653265 460.405272
333 135.892577 76.999853 344.675605 460.347565
334 137.148249 76.576430 344.335138 460.741103
335 137.198778 76.609157 344.267393 460.732565
336 137.168914 76.715990 344.344173 460.645141
337 137.100660 76.866535 344.344173 460.645141
338 139.112923 77.002352 343.559223 460.916929
339 139.187355 77.017004 343.844399 460.645141
340 139.119200 77.167549 343.844399 460.645141
341 139.051045 77.318094 343.844399 460.645141
342 138.982890 77.468639 343.844399 460.645141
343 139.916346 77.305608 343.768616 461.012354
344 140.310138 77.313394 343.862410 461.383456
345 141.434594 76.259085 344.066712 461.457484
346 141.468011 75.900805 344.558415 461.432684
347 141.535613 75.866200 344.878527 461.179856
348 142.503928 74.556357 345.385658 461.666894
349 142.414507 74.695968 345.343721 461.644372
350 140.000581 71.630235 345.882576 464.021065
351 139.662073 71.505682 345.931927 464.396143
352 137.756011 70.159206 346.098529 464.872725
353 137.795702 70.185837 346.343054 464.647473
354 133.182654 69.151570 346.236748 464.719446
355 118.588188 62.221122 348.249426 465.242794
356 118.565611 62.322578 348.342364 465.141678
357 118.496564 62.474593 348.342364 465.141678
358 118.427517 62.626607 348.342364 465.141678
359 118.358470 62.778622 348.342364 465.141678
360 118.264663 62.916653 348.369052 465.132843
361 117.878981 58.287550 351.163514 463.455167
362 117.898086 58.282936 351.341007 463.143217
363 117.828445 58.434297 351.341007 463.143217
364 117.758804 58.585659 351.341007 463.143217
365 117.687554 58.489905 351.403860 463.196327
366 117.586486 58.614711 351.341007 463.143217
367 117.516845 58.766073 351.341007 463.143217
368 117.447203 58.917434 351.341007 463.143217
369 117.377562 59.068796 351.341007 463.143217
370 117.307921 59.220157 351.341007 463.143217
371 117.616320 59.505121 351.428280 463.012664
372 123.853216 60.379210 352.169561 462.243403
373 170.071903 63.754103 352.742883 457.425329
374 170.050688 63.764758 352.840328 457.147836
375 169.975144 64.065907 352.855595 456.997746
376 169.305949 67.545692 352.969634 453.812825
377 163.868847 72.283945 352.998468 450.940690
378 163.642746 72.493062 352.910620 450.378474
379 163.517109 72.626454 352.873000 450.032025
380 163.430835 72.834170 352.840328 450.153224
381 162.399433 74.026812 353.395897 448.274000
382 161.975887 75.222914 353.740723 446.725741
383 160.843439 76.673344 354.531924 444.455738
384 160.503627 76.810736 354.965400 444.040695
385 159.166337 77.846513 354.974134 443.679674
386 153.129743 81.212179 354.672618 443.317513
387 153.059087 81.759706 354.787049 442.902196
388 151.361051 87.172173 354.470823 440.975487
389 149.990384 94.113390 353.873627 439.119525
390 148.509452 99.080083 353.470237 437.416561
391 148.094332 101.673555 353.395896 435.760474
392 146.628231 113.162613 353.992858 432.294643
393 146.384931 115.179888 353.914165 430.924655
394 145.462665 117.006029 354.127225 429.778182
395 144.619100 118.200923 354.897376 429.135121
396 142.075646 118.391207 356.770724 428.939765
397 132.673902 117.257789 364.665087 427.759181
398 131.750371 117.103662 366.700251 427.454069
399 130.007209 116.617864 369.802368 426.548805
400 125.350185 116.625864 376.781042 425.121804
401 119.447929 116.208450 383.947820 421.104804
402 117.484560 115.366403 385.833087 419.429373
403 117.259073 115.293398 385.924591 419.112276
404 117.085846 115.526267 385.874950 419.113336
405 116.617452 117.735654 386.239958 417.876531
406 116.287448 121.080015 386.829469 415.333465
407 115.877991 123.872871 387.288374 413.209685
408 114.737611 134.920762 388.263192 408.890765
409 114.761129 135.728299 388.356653 408.064224
410 114.715298 135.954270 388.372269 408.150531
411 116.986099 135.908018 391.035941 407.938602
412 131.586257 138.859100 400.890895 404.343713
413 131.589737 139.052143 401.194023 404.055815
414 136.014590 137.101145 406.427352 404.456428
415 144.492767 139.009767 412.523304 402.251050
416 145.987099 138.974808 413.846756 402.224566
417 157.461063 136.226922 414.305986 405.056908
418 159.577588 136.637494 416.972134 406.086066
419 171.643757 145.839633 419.410749 403.497332
420 175.589530 145.399265 422.461791 403.915611
421 182.338609 146.635186 423.570860 402.364968
422 186.871459 148.003506 424.021492 401.138163
423 201.897444 154.740041 423.232766 397.392074
424 217.766247 160.962161 422.902236 394.006859
425 223.556338 164.668060 423.109645 391.347521
426 238.644246 169.656139 422.499445 387.801891
427 247.892554 176.650899 420.544553 383.774844
428 257.901584 183.406433 418.987417 380.722412
429 270.375749 190.304862 418.023243 377.419241
430 282.463863 197.602184 418.694208 374.105050
431 285.830019 202.242475 419.808450 371.304355
432 287.672543 206.652166 421.244588 368.503752
433 290.538916 208.940376 421.915741 367.059624
434 297.546116 213.663717 422.685514 362.336283
435 298.189986 214.576171 422.778531 361.423829
436 298.369440 214.757880 422.950442 361.070300
437 298.190238 211.517906 423.064888 361.589619
438 297.821843 207.930520 423.424959 363.142936
439 297.758050 204.633051 423.901640 364.899850
440 295.426432 189.832949 425.611710 369.861841
441 295.877093 184.681296 426.301246 372.193763
442 295.939538 183.586781 426.442690 373.076045
443 299.073018 179.145574 425.892246 375.970122
444 301.054786 176.348983 425.991347 377.758663
445 308.326650 169.834637 425.892929 381.655285
446 311.102894 166.445636 424.785998 384.494387
447 312.533622 164.184475 424.350508 385.783041
448 314.357031 162.251261 423.589952 387.514917
449 316.729131 162.432267 422.838563 388.729839
450 319.921347 163.052255 420.700596 389.325275
451 323.913494 163.259245 418.534127 390.105492
452 324.386405 163.307404 418.579332 390.392206
453 324.594661 163.330168 418.726001 390.255513
454 324.553883 163.429639 418.810475 390.199409
455 324.470868 163.557161 418.810475 390.199409
456 324.737314 163.385769 418.643306 390.483055
457 326.053192 161.894230 417.874416 391.237911
458 326.082818 161.619914 417.734907 391.554175
459 326.136175 161.777946 417.727433 391.811827
460 327.252027 157.690441 416.665646 396.503954
461 329.058748 154.832737 415.024573 400.563465
462 332.852285 147.547437 411.475173 408.745336
463 334.911886 144.523825 409.255260 412.476365
464 336.023174 143.296324 408.313512 413.899664
465 337.924985 143.385658 406.543900 414.375199
466 339.364592 143.156645 405.644984 414.852606
467 340.484235 142.534788 404.840496 415.617587
468 340.888291 142.810597 404.377558 415.580876
469 341.010964 143.177144 404.087351 415.485046
470 341.400139 143.426969 403.987130 414.979365
471 341.235161 143.413085 403.817260 414.680550
472 341.232946 143.655348 403.761547 414.599535
473 341.189370 143.827639 403.831457 414.752087
474 341.082733 143.909564 403.736119 415.162624
475 340.956437 143.961200 403.831034 415.461999
476 340.635890 144.037934 403.628836 415.420908
477 340.768129 144.704390 403.273026 415.046014
478 340.247568 143.491859 402.447898 416.628465
479 336.885917 141.773445 400.273494 418.334582
480 336.433507 141.267323 399.745121 418.744157
481 336.102611 138.971934 398.886909 421.029915
482 335.723903 137.351365 397.966309 422.865927
483 335.229725 136.147396 396.483819 424.188106
484 333.126743 131.138967 393.278506 428.561241
485 332.229250 123.670066 390.519899 435.203807
486 329.737253 111.531100 388.278580 445.694571
487 329.588204 111.566250 388.239055 445.825696
488 329.164423 111.398050 387.989725 446.020140
489 328.913206 111.663189 387.755524 446.188942
490 328.807416 111.834026 387.764238 446.185088
491 328.720081 112.000317 387.779650 446.169248
492 328.662560 112.148065 387.818243 446.153514
493 328.588814 112.295269 387.824497 446.156303
494 328.514383 112.437843 387.829455 446.159071
495 327.851242 111.091169 387.539059 447.374114
496 327.028656 107.732426 387.406553 450.295232
497 312.842670 98.073588 387.107336 457.844938
498 305.226242 94.285023 385.563065 460.956496
499 299.038622 91.739079 383.694899 463.788793
500 290.654320 86.294433 380.044409 471.857117
501 277.390603 77.028199 374.779415 482.713781
502 243.704186 63.106410 366.675407 499.019329
503 237.389691 55.473914 361.714358 510.273579
504 241.187308 52.275420 353.812713 515.194653
505 245.656645 50.524126 346.942373 518.029995
506 250.621701 49.280435 341.267453 520.470800
507 256.789398 46.992766 335.684271 522.546283
508 268.299747 42.883702 330.256499 526.752060
509 279.912088 37.496461 327.019947 530.334057
510 285.566654 34.939368 326.226903 531.396953
511 291.382163 32.876045 325.108980 532.210389
512 291.261618 33.150626 324.313214 532.319745
513 291.217329 33.209700 324.353220 532.090104
514 291.153037 33.383594 324.353220 532.090104
515 291.645415 33.447238 324.140028 532.220972
516 291.624015 33.658763 324.178819 532.167066
517 291.932546 34.443159 324.530900 532.198246
518 292.068394 37.102115 324.955384 531.364285
519 294.962924 39.135720 325.540512 531.251706
520 294.774044 40.268909 326.329645 530.998546
521 291.979473 45.158964 325.633600 528.407809
522 289.450121 48.533184 324.162936 527.319290
523 287.921844 49.980376 321.179168 526.019624
524 287.419729 52.052636 316.302027 523.947364
525 284.832208 60.149593 307.558535 515.850407
526 287.270615 63.325258 303.317065 510.852504
527 287.547903 63.234728 303.000224 510.497468
528 288.743276 64.208332 303.079009 507.467261
529 290.100374 66.741352 303.667398 502.727039
530 305.490956 73.338192 302.465281 492.993952
531 310.550309 74.521368 301.746733 491.861692
