85 324.822339 415.460785 26.388817 59.790985
86 328.213505 410.589058 25.565519 62.512419
87 328.495128 410.586254 25.919929 63.045094
88 329.487297 409.613180 25.980964 63.544068
89 330.914968 409.005895 26.447636 63.388168
90 332.221740 408.406570 26.627991 62.894695
91 335.172550 406.288331 27.420433 62.424573
92 336.453734 405.200453 27.424617 62.261033
93 338.491105 403.586958 27.262226 62.418005
94 341.288895 402.370727 27.285000 62.074363
95 343.742759 401.357350 27.204929 62.012902
96 350.184121 398.182042 27.065087 61.354101
97 353.341950 395.391340 27.471873 60.665925
98 356.953886 392.145520 27.617362 60.029687
99 360.157074 390.862256 28.984036 60.764952
100 362.420985 389.613971 29.836705 61.036181
101 366.934381 388.995031 30.430113 61.632270
102 369.324632 388.465605 30.868946 61.839566
103 371.135624 387.911948 31.153407 61.953354
104 372.982688 387.279142 31.446407 62.166267
105 375.205868 386.891107 31.471711 62.505120
106 379.795804 386.607168 31.167440 62.877602
107 382.159281 385.885382 31.372741 62.826001
108 384.818090 385.093182 31.337316 62.614034
109 386.840833 384.555935 31.271826 62.789174
110 389.531804 383.452866 31.136773 62.716202
111 393.185725 380.084147 29.928280 62.477985
112 393.465349 379.950175 29.762089 62.469283
113 394.216224 379.291563 29.473808 62.484774
114 394.974393 378.626132 29.155433 62.523472
115 395.939682 377.958349 29.306303 62.669119
116 397.288524 376.726171 29.293865 62.451537
117 397.780609 376.237782 29.275687 62.459162
118 398.707098 374.736262 29.016457 62.173676
119 399.471347 373.403112 28.940268 62.225536
120 400.431787 370.715891 28.570087 62.325320
121 402.686508 364.106818 28.155103 61.965172
122 404.422130 360.567343 28.031598 61.142892
123 405.606703 358.784989 28.223009 61.007267
124 406.351167 356.691399 28.567985 60.884476
125 406.860541 354.440061 29.585231 60.758048
126 406.607416 348.382156 30.994244 61.511371
127 406.431314 345.852031 30.990164 61.800405
128 406.329279 343.079577 31.357608 61.692476
129 406.184152 338.920894 31.803309 61.718924
130 406.185300 334.328422 32.178270 62.223202
131 406.232161 327.637758 32.377767 62.887077
132 406.389819 327.173259 32.440878 63.022002
133 406.694559 326.696534 32.420073 63.210268
134 407.850785 324.291174 32.111487 63.051650
135 408.885135 322.922729 32.001106 63.032971
136 412.248587 318.830460 30.417225 61.776238
137 412.395424 318.565699 30.236012 61.556840
138 412.816017 317.156221 30.079916 60.893524
139 413.792524 314.614090 29.701790 60.424827
140 414.452800 312.490253 29.495914 60.128542
141 414.877467 307.625657 30.707174 60.166042
142 414.429880 305.227904 31.697716 60.832971
143 414.151565 302.328752 32.696068 61.526560
144 413.297776 297.681010 33.957079 62.861625
145 412.166294 292.889251 34.855590 63.948404
146 411.978138 282.828098 35.082060 65.978979
147 413.079559 279.052450 35.060501 66.544418
148 415.234819 275.156132 34.857781 67.773246
149 418.007553 272.352060 34.576669 68.418531
150 421.299875 270.308781 34.574438 68.561283
151 423.352097 263.444535 36.849448 70.711247
152 424.286445 261.207930 37.368251 72.393378
153 425.256089 259.165441 37.931945 73.292346
154 425.914625 257.981915 38.293449 74.329876
155 427.012487 256.439798 39.132749 75.278268
156 429.025066 255.293048 40.151784 75.424549
157 429.203216 255.328956 40.460946 75.450819
158 429.212230 255.397169 40.435792 75.427281
159 429.268026 255.715112 40.343689 74.960691
160 429.337896 256.147812 40.278933 74.210243
161 429.758529 256.423537 39.391211 71.805835
162 429.809473 256.677793 39.272348 71.516842
163 429.815061 257.561138 38.930597 70.485459
164 429.636537 258.315782 37.693972 68.507284
165 429.444658 259.589666 36.839513 66.419432
166 429.196220 261.071481 35.410700 64.410989
167 429.306814 261.445826 35.117562 64.015193
168 429.530241 262.122796 35.156961 64.084127
169 429.636061 263.467222 34.709591 64.060860
170 429.424200 265.056963 33.706938 64.016771
171 429.440018 267.112458 33.051981 64.150664
172 429.669359 267.734174 33.268696 64.275909
173 429.744993 268.870059 32.985546 64.135188
174 429.803343 269.590350 32.767269 64.060700
175 430.041626 270.065072 32.799446 64.076398
176 430.964728 271.149679 32.912523 63.329593
177 431.065872 271.247188 32.951769 63.435366
178 431.599291 271.280520 32.919379 63.127206
179 432.081359 271.385741 32.855687 63.235188
180 433.421332 271.367291 32.655676 62.870866
181 434.505056 271.092935 32.854260 62.418096
182 435.122208 270.937386 32.951742 62.201402
183 435.823866 270.754234 32.885089 62.203896
184 436.824975 269.439350 32.990480 62.059617
185 437.445805 268.221135 32.834595 62.240091
186 439.420163 263.146132 31.604152 62.371445
187 440.421088 261.340591 31.465385 62.246802
188 441.167266 259.558855 30.850268 62.179217
189 441.999677 257.870784 30.097071 61.543444
190 442.572241 256.869588 29.964306 61.221647
191 443.562722 252.415918 28.491713 61.611625
192 443.784173 252.118544 28.231024 61.706345
193 444.357907 251.417603 28.086083 61.552734
194 444.723821 251.279084 28.358614 61.599734
195 444.929363 251.284098 28.323851 61.691167
196 445.057217 250.168222 28.265006 61.603971
197 445.217015 250.110293 28.432405 61.692042
198 445.182891 249.320637 28.419541 61.175194
199 445.244551 249.016653 28.436338 61.025297
200 445.449583 247.913455 28.452266 60.371110
201 445.593786 245.601894 28.282878 58.883423
202 445.582885 245.433824 28.446156 58.719890
203 443.765128 244.082728 28.512228 58.420973
204 441.819283 243.556489 29.067348 58.569015
205 438.950505 241.068532 29.481664 59.689285
206 434.226957 233.967131 29.473190 63.109454
207 432.986652 229.901190 29.366463 66.282331
208 430.877917 222.699322 29.696938 71.691812
209 429.889960 216.704303 30.332502 75.712023
210 428.892643 215.108985 31.062007 77.852903
211 429.508819 210.226300 31.427096 79.899793
212 429.429303 207.732783 31.648892 81.041546
213 430.027533 203.835669 31.626146 82.328430
214 431.365401 201.849375 30.593575 82.697872
215 432.403137 200.571245 30.333034 83.645394
216 436.304719 199.021882 28.776903 84.580199
217 437.566909 198.319584 28.622022 85.221077
218 437.908270 197.731072 28.911188 85.600978
219 438.659311 195.787403 28.990230 86.318620
220 439.206889 193.952459 28.960888 86.825694
221 440.669692 191.705028 28.642149 87.157767
222 440.892352 191.771978 28.944392 87.484546
223 440.957507 191.755610 28.924930 87.398174
224 441.026439 191.911536 28.901558 87.274248
225 441.083765 192.487465 28.814019 86.862686
226 439.901536 195.275046 28.321388 82.285622
227 438.300716 198.253094 27.763605 77.472220
228 437.613308 199.782681 27.659006 74.757807
229 436.651684 200.904638 27.840174 72.836319
230 436.686470 201.476800 27.917464 72.046460
231 440.141191 204.959310 27.920604 69.820671
232 441.712220 206.340252 28.085143 68.747935
233 442.182058 207.245431 28.585401 68.440913
234 442.409687 207.617309 29.020090 68.225004
235 442.619434 208.251428 29.461464 68.224191
236 441.998952 208.163952 29.246085 68.090581
237 441.795138 208.622975 29.305006 68.100936
238 440.604483 209.472233 29.049779 66.961393
239 439.021322 210.405121 28.698069 64.337296
240 438.810522 211.109715 28.343656 62.921796
241 439.117660 211.084885 27.689369 62.485384
242 439.027558 210.528959 27.470666 61.966628
243 439.122854 210.493704 27.318928 61.464843
244 439.306733 210.526171 27.336332 61.206924
245 439.666545 210.866143 27.089795 60.681605
246 440.889647 210.591533 26.658491 58.739624
247 441.860908 210.588518 26.403999 58.367581
248 442.490567 210.453038 26.058872 57.882821
249 443.595123 210.153730 26.109100 56.872592
250 444.818831 209.896730 26.082482 56.392783
251 447.430573 209.922276 26.225772 53.724373
252 447.912812 209.905682 26.560709 53.517094
253 448.920460 209.808355 27.330754 53.373354
254 449.296966 208.919289 28.551984 53.321741
255 448.802532 208.126628 30.848200 54.374336
256 447.330827 206.555968 32.132836 55.795262
257 446.743549 205.494442 33.033270 56.449861
258 446.660779 204.337076 33.731517 57.406906
259 445.805996 202.238469 34.440814 58.398155
260 445.419913 199.658489 35.036439 59.489546
261 447.847207 193.877909 35.275097 63.093971
262 448.092435 192.940498 35.543855 63.891773
263 448.691923 191.448787 35.874603 64.222064
264 449.866379 189.058104 35.740118 65.090072
265 451.511750 187.173139 35.929526 65.600766
266 454.557921 183.885599 35.704615 66.305935
267 455.360714 182.739524 36.695823 66.627232
268 455.943027 182.224142 37.653835 66.959905
269 456.599126 181.481081 38.724702 66.772124
270 457.762378 179.938025 39.075229 66.668487
271 462.445591 175.940709 39.743372 66.409139
272 465.696299 172.363461 39.949150 66.068710
273 468.936536 169.206475 39.693148 65.498409
274 471.885923 166.766387 39.597170 64.002048
275 475.648269 164.295327 38.977240 62.823152
276 480.987829 160.128096 37.506371 61.747433
277 484.277230 157.696572 36.406716 59.815467
278 487.250972 155.902618 35.079069 58.212576
279 489.937465 154.723879 34.115441 56.999730
280 493.218150 153.512389 33.133837 55.593659
281 497.417351 150.714588 32.513323 54.042422
282 498.393679 149.846161 32.776291 53.735597
283 499.763565 148.677394 32.542065 53.141331
284 501.984614 147.031809 32.338690 52.585040
285 504.028530 145.876421 31.858781 52.097493
286 507.612194 142.867135 31.256219 51.322493
287 509.152422 141.692828 31.037907 50.961232
288 509.639067 141.235775 31.309560 50.579851
289 511.913752 140.684516 30.800393 50.088450
290 512.986125 140.128396 30.593499 49.941564
