17 504.084369 309.628368 40.554456 131.363280
18 503.385492 309.182366 41.370404 131.359179
19 502.788879 308.959654 41.828030 131.434481
20 502.833264 308.943015 41.967492 131.413268
21 502.706341 308.895843 42.032326 131.514616
22 502.723951 309.078261 42.474423 131.943037
23 502.582543 309.024621 42.485749 131.900847
24 502.528124 309.057631 42.457465 131.915254
25 502.504679 309.089235 42.450894 131.886043
26 502.280456 309.232413 42.478251 131.948368
27 502.220711 309.317968 42.431354 131.899449
28 502.002936 309.491321 42.407927 131.848346
29 501.879153 309.762037 42.423131 131.913360
30 501.741976 309.836274 42.481139 131.918578
31 501.596468 309.892337 42.450767 131.873114
32 501.494228 309.958197 42.439623 131.882209
33 501.301303 310.036416 42.384841 131.923978
34 500.797362 309.896104 42.381039 132.103295
35 500.556419 309.980832 42.520612 132.391468
36 500.321140 309.908800 42.997816 132.464998
37 499.979225 309.739083 43.067762 132.491054
38 499.998071 309.564141 43.472562 132.489746
39 499.902472 309.458114 43.483325 132.474898
40 499.911711 309.468460 43.458152 132.414257
41 499.904996 309.489755 43.482533 132.457966
42 499.896428 309.499735 43.475020 132.437040
43 499.905369 309.526501 43.461707 132.423816
44 499.915125 309.558225 43.468731 132.436187
45 499.874708 309.555678 43.501106 132.496190
46 500.003354 309.532930 44.031255 132.502300
47 499.977534 309.773897 44.554005 133.126147
48 499.761569 309.870321 45.004671 133.417455
49 499.781997 309.887518 45.417511 133.183595
50 499.443369 310.011339 45.401513 132.973124
51 499.073711 310.139002 45.420629 132.386957
52 498.955497 310.258173 45.483207 132.098902
53 497.914427 310.743220 45.375751 130.662781
54 497.033585 311.243235 45.290288 129.869122
55 495.905425 311.653728 45.267706 128.393113
56 495.534268 311.728679 45.081482 127.643089
57 495.076221 312.134631 45.045194 126.950946
58 494.773903 312.259576 45.015494 124.914493
59 494.902931 312.369969 45.342762 124.367714
60 494.725946 312.317320 45.138450 124.125910
61 493.891097 312.181929 45.786497 119.891726
62 490.931731 309.377772 46.116220 107.452818
63 488.124493 308.021947 49.510050 102.533276
64 480.216947 310.963463 51.298521 104.783215
65 474.536434 310.218328 51.700570 104.408748
66 473.150236 311.846164 52.238813 104.552196
67 469.650294 307.325712 49.955512 104.461009
68 467.952865 296.827790 49.052613 113.865997
69 468.567158 295.266140 52.627687 115.844851
70 471.008176 298.230141 50.553448 114.348893
71 470.124353 301.693770 51.824277 117.959173
72 470.455511 304.045828 50.908627 122.363000
73 470.654906 304.137623 50.623206 122.457032
74 470.848573 304.299432 50.912577 122.586293
75 470.889886 304.514954 50.907555 123.021783
76 470.926651 304.615808 50.874426 123.653589
77 470.945633 304.661126 50.940514 124.126681
78 470.700106 304.525522 50.612659 126.312142
79 470.438900 303.355917 50.143423 127.668312
80 469.690731 302.227560 49.913860 129.586194
81 468.842273 301.238853 49.540348 132.238448
82 467.967074 300.066776 49.469726 133.520031
83 466.955502 299.051494 49.263024 135.031796
84 466.500285 298.510912 49.197376 136.101332
85 465.997883 297.753442 49.296777 137.724187
86 465.311088 296.755277 49.058885 138.877530
87 464.600856 295.617613 49.286368 139.626422
88 463.974561 294.862805 49.339433 140.611122
89 462.999568 294.209160 49.409740 142.064900
90 461.866336 293.330756 49.193710 143.369520
91 461.181658 292.415484 49.288088 144.136739
92 460.640313 291.533631 49.219497 145.119279
93 459.844877 290.610938 49.178144 146.647618
94 459.339362 290.196410 49.213162 147.440519
95 458.784073 289.573498 49.356987 147.856127
96 458.228306 289.124812 49.254852 148.524674
97 457.671620 288.621024 49.302765 149.414825
98 456.571749 287.904453 49.322261 149.608221
99 455.836528 286.993249 49.269593 150.284593
100 455.002366 286.168063 49.516676 150.894515
