2 555.868035 121.545612 78.220713 112.638879
3 553.104650 121.249549 78.465859 112.733238
4 580.671704 137.630414 85.476538 114.383376
5 598.123649 129.608860 87.341611 115.612229
6 585.353480 104.214936 93.701598 116.919290
7 584.777243 89.218606 97.624264 118.134801
8 584.981051 89.330376 97.925648 118.423520
9 599.028389 87.273432 102.783053 124.452490
10 594.074541 67.061276 105.551671 125.754153
11 594.356802 64.825209 106.192656 125.609615
12 578.447555 82.894330 127.630052 134.555050
13 561.629868 47.721907 132.703186 136.003498
14 564.582957 135.848333 137.571355 139.199367
15 541.554329 219.764490 136.909622 143.190342
16 588.147398 210.431687 138.032318 144.680536
17 596.501499 179.504493 136.779984 146.708321
18 596.471616 168.273729 134.215972 147.932341
19 571.829469 219.489941 132.295373 146.430622
20 575.392897 216.353739 133.254835 145.864724
21 622.390075 200.571145 137.404640 144.699977
22 630.719874 207.171737 134.532117 145.801508
23 628.917472 209.804760 130.715300 149.167107
24 612.981993 222.668610 129.636715 152.335411
25 607.771190 237.982195 128.033442 155.058215
26 611.088773 230.025670 128.103107 154.714919
27 613.620174 213.565525 127.638346 155.195044
28 611.160211 202.538030 127.453168 156.447213
29 605.283486 208.899930 126.324130 157.546370
30 626.769676 199.893479 132.325129 161.921491
31 659.144339 167.574659 134.344851 160.856075
32 703.670012 176.521086 134.135664 161.643239
33 701.468745 182.285003 132.066695 166.859872
34 690.587738 174.112482 132.041224 166.179482
35 688.871981 164.568932 132.012389 168.597446
36 676.967106 148.520292 131.189754 172.104120
37 663.464351 161.037055 130.842635 171.347805
38 659.482191 158.395226 129.871495 171.734162
39 661.037671 150.995099 129.565942 170.945381
40 674.075546 145.465793 127.746886 171.578895
41 692.838657 165.693471 126.773090 171.415349
42 707.133363 165.878842 126.013632 169.556785
43 706.336270 173.313861 126.065250 169.222693
44 729.092779 176.088376 126.001227 167.662048
45 735.224399 181.462282 124.697647 167.975919
46 748.063390 190.617739 123.641968 166.893772
47 734.646753 188.538122 126.759335 165.384701
48 728.304453 196.445767 124.409333 165.056181
49 721.679634 226.345594 122.900472 165.188824
50 772.173092 247.459176 125.045922 161.779148
51 771.113278 241.229156 131.326297 158.153447
52 745.973849 271.410218 140.360564 151.923362
53 741.894200 263.185686 149.332495 149.335098
54 753.817345 266.517890 150.741872 148.457269
55 747.716062 255.787148 150.341502 147.746437
56 779.595938 262.550102 155.450058 145.061203
57 789.556580 277.682552 158.258423 139.538721
58 782.595463 274.071368 157.996344 138.425545
59 782.271777 276.839569 157.977549 137.181572
60 794.464982 252.781513 157.628738 136.125241
61 789.234988 250.992605 152.908007 138.847526
62 778.631701 243.576251 152.394640 139.260740
63 770.905169 261.004720 152.554778 137.270969
64 771.985875 275.303316 150.560567 141.681179
65 765.605138 275.147688 151.085964 140.037245
66 763.981927 262.954540 150.619218 140.443456
67 763.953193 249.175893 150.331004 140.716604
68 763.787500 245.054059 150.359407 140.729887
69 765.038924 240.182801 149.400066 143.167383
70 745.632873 229.127060 148.673040 142.391469
71 744.264038 232.387499 147.264514 141.345732
72 761.094908 196.018434 151.196749 142.238749
73 791.582119 190.650018 150.052568 146.670306
74 780.425551 241.360680 154.118462 153.183576
75 830.257587 242.009405 152.989251 148.970644
76 812.932068 256.996013 151.003323 149.145423
77 821.964588 274.070232 155.687107 149.953422
78 823.868048 279.878946 162.713346 156.355541
79 880.423926 300.682871 164.479174 166.703180
80 988.182689 316.169099 167.499362 171.630239
81 1042.200519 319.564495 164.030693 177.993565
82 1056.924823 328.065744 161.640339 183.793289
83 1057.557216 328.612607 161.714246 184.363227
84 1062.270055 334.779292 160.040483 187.891704
85 1067.176300 335.820571 160.050747 189.541569
86 1079.501244 341.374130 159.735472 192.328595
87 1089.207155 351.938160 158.934715 196.890224
88 1092.989128 354.172760 158.770828 199.577404
89 1107.076223 373.207014 160.812400 219.824657
90 1106.374171 400.163267 162.143823 211.931232
91 1103.355232 426.749803 160.549552 208.738500
92 1081.950034 443.141817 161.238550 200.624013
93 1079.767765 444.045595 161.041094 200.359185
94 1073.399470 446.672761 159.875922 197.566860
95 1043.343894 447.478048 164.086990 193.558730
96 1038.887919 459.661029 166.495373 196.669781
97 1048.280699 453.139661 170.874663 198.342669
98 1054.317570 439.128461 169.858085 202.475675
99 1080.066144 396.972079 165.437399 213.243807
100 1070.272862 388.419287 166.137780 213.563567
101 1056.206607 388.359476 166.043139 218.907051
102 1056.835299 413.800570 167.074419 218.514977
103 1061.593121 409.731705 173.633235 217.822279
104 1093.632043 354.628723 173.460133 227.198445
105 1094.673831 369.838822 169.049762 237.209500
106 1104.726296 318.649592 166.852274 248.824735
107 1113.324290 305.317631 162.752272 265.792354
108 1120.282278 287.342502 159.002305 276.787732
109 1121.180496 295.263842 157.575681 281.970621
110 1121.451541 295.987945 158.041723 283.134198
111 1126.170689 293.362912 153.829311 282.640356
112 1131.316075 294.415410 148.683925 282.447657
113 1137.312557 288.522686 142.687443 283.075897
114 1139.056470 285.461786 140.943530 282.852661
115 1139.175444 284.424265 140.824556 282.235105
116 1138.942158 273.597585 140.273570 278.480735
117 1138.550507 269.997524 140.596755 276.673959
118 1138.603388 269.749011 140.955901 276.392454
119 1137.720238 269.396581 140.904770 275.683784
120 1119.436200 254.664456 142.385260 269.924939
121 1092.082764 313.376459 144.525072 265.953293
122 1091.864247 307.808573 145.750509 263.398983
123 1082.564787 305.800136 145.720720 262.920694
124 1075.796907 300.240026 149.080704 260.713370
125 1061.801812 268.373550 151.367944 256.498375
126 1062.214090 270.065049 151.247070 256.379440
127 1061.632581 270.610014 151.252402 255.794939
128 1060.843530 270.443696 151.206717 255.335083
129 1059.123303 270.970330 150.901897 254.671373
130 1064.005315 306.695628 158.959795 257.086982
131 1101.630119 314.442288 153.818242 262.400188
132 1103.186176 295.073434 152.726614 259.348927
133 1100.108934 291.390948 152.711298 259.136516
134 1103.694252 282.070370 150.388136 262.454089
135 1098.328084 283.547035 149.095837 262.316639
136 1102.151703 282.951108 148.443118 263.135587
137 1106.966482 281.830447 147.359911 264.543030
138 1108.293590 282.082233 146.957033 265.432941
139 1119.018029 277.701844 144.900330 267.068830
140 1120.290719 268.781595 145.347332 266.821043
141 1120.663603 268.676217 145.347566 266.724986
142 1120.755695 260.656504 145.648168 265.600204
143 1120.940877 260.913010 145.897097 265.847730
144 1123.118873 272.526354 145.695629 266.170991
145 1123.708226 270.594620 146.161479 265.245342
146 1121.577540 267.140883 146.975095 261.409875
147 1122.322318 260.683584 146.738601 258.727877
148 1123.090735 257.114732 146.870373 257.843378
149 1126.815085 257.160675 147.038412 256.515088
150 1130.114627 262.310348 147.067829 254.591127
151 1133.790958 261.417318 146.209042 253.663335
152 1135.724970 268.531714 144.275030 250.811726
153 1136.306678 271.283506 143.693322 249.577602
154 1138.792675 275.023895 141.207325 248.198104
155 1143.673993 278.753174 136.326007 246.960052
156 1146.229156 297.862956 133.770844 243.118471
157 1146.662442 304.536075 133.337558 241.042918
158 1148.041391 316.011701 131.958609 237.517704
159 1149.745622 314.406446 130.254378 236.645450
160 1157.161043 331.212806 122.838957 232.791142
161 1157.683101 334.638595 121.687286 227.216953
162 1157.802703 353.056211 121.466857 225.653554
163 1157.766547 360.468647 121.124443 222.417324
164 1157.158219 385.131406 120.729397 210.671603
165 1157.393216 385.671463 120.768236 209.930176
166 1156.513035 385.806101 121.045004 208.671468
167 1155.720737 387.167799 121.874937 207.608432
168 1154.418451 389.246357 122.442141 206.192941
169 1151.635225 391.336740 123.028061 205.378098
170 1143.679887 394.478566 126.348804 201.972271
171 1126.584708 380.258291 130.749640 198.137736
172 1107.445873 378.621912 135.798328 195.195162
173 1106.653564 377.995249 136.264594 195.023479
174 1067.428508 378.168115 138.962989 192.565373
175 1076.869529 377.271594 138.458337 192.332197
176 1070.698585 357.177391 139.553435 188.362629
177 1058.810936 362.839411 140.778763 185.401427
178 1060.592616 366.691438 143.959454 179.370266
179 1054.028041 370.241134 145.882906 177.066723
180 1048.125424 366.842655 149.437365 176.963527
181 1044.894270 363.360031 152.139649 179.431763
182 1028.472559 363.771415 154.144692 178.449877
183 1021.815752 365.117510 155.632476 178.314508
184 993.894844 357.258177 160.806386 180.189422
185 968.241687 352.411241 161.754964 179.800559
186 965.385174 353.169926 161.539643 179.680221
187 964.719373 353.537320 161.757396 179.827583
188 962.368295 353.968594 161.667858 179.802804
189 960.367802 354.819283 161.691334 180.490359
190 959.356283 357.935020 161.489409 181.313301
191 948.255065 358.135851 159.475829 182.839342
192 948.340476 357.905565 159.316912 183.015969
193 948.593052 357.733401 159.253207 183.564461
194 952.146926 360.635744 158.502889 185.638876
195 952.988803 361.701431 158.169886 186.408638
196 953.701125 358.605219 157.406271 186.751237
197 945.291837 348.597317 153.425664 187.619088
198 946.910474 346.576113 152.704171 187.945047
199 947.025573 346.581653 152.887706 187.861579
200 947.127821 346.623612 152.871211 187.853340
201 946.431583 342.419880 152.071451 188.083469
202 954.036903 378.193117 147.411080 204.613254
203 954.976441 376.698486 146.402137 208.020867
204 926.284638 387.294880 153.292532 209.019701
205 936.070783 392.692362 159.607723 205.163205
206 951.107116 396.705173 163.901932 203.695445
207 973.647405 389.069563 167.769302 201.044024
208 985.928117 361.053296 171.121129 200.903692
209 971.898199 359.671454 173.889802 194.341009
210 964.680334 341.011681 174.133141 188.652337
211 965.497868 328.110491 172.435982 186.147001
212 986.130510 308.570691 173.813685 182.424590
213 1009.943807 293.537739 175.354223 179.819524
214 1012.825697 283.714283 180.167995 179.393374
215 1021.870365 281.186681 184.688777 184.529094
216 1029.615684 277.530473 185.142643 184.168019
217 1026.214454 279.560227 184.704354 184.355419
218 1024.897002 280.055411 184.647643 184.364261
219 1033.519693 273.957205 186.613688 184.192417
220 1039.251223 275.433714 186.778300 183.756555
221 1049.774017 278.054566 186.496269 181.833204
222 1069.256543 284.195574 188.756566 181.281122
223 1079.959573 284.885779 188.075193 181.416059
224 1088.420632 289.376532 184.256388 182.348938
225 1088.952681 297.277238 184.018478 182.208839
226 1082.188985 297.824020 184.754410 180.439013
227 1095.751827 310.940219 181.110006 180.106681
228 1102.471575 312.708827 177.528425 181.119784
229 1102.818721 317.739398 177.181279 177.809404
230 1089.911110 306.059776 182.301404 175.405021
231 1099.590781 321.844215 178.067756 176.998914
232 1103.722451 328.016588 176.277549 176.858309
233 1103.856442 324.215002 174.868667 179.544699
234 1102.926850 331.331355 175.053030 179.131462
235 1103.492874 337.797257 175.314186 178.500556
236 1095.813628 343.798608 172.041302 178.755623
237 1084.840263 385.732695 187.546001 194.135030
238 1038.795053 407.349771 190.077823 197.306644
239 991.142884 465.932084 199.000108 200.336938
240 995.029698 466.790795 209.761862 200.876266
241 982.356298 474.870639 213.278767 200.342863
242 975.925920 467.900551 213.200267 202.147021
243 984.462501 466.102997 213.674839 204.320533
244 988.686593 443.041751 215.944953 205.456546
245 983.860381 423.268746 215.609755 211.982080
246 977.911557 429.080697 208.829588 229.787290
247 979.429810 397.014403 208.591827 234.054780
248 987.589552 382.071967 206.517415 238.725323
249 1013.557056 307.757198 200.700865 248.102049
250 1019.210375 284.198724 198.727484 245.893617
251 1022.581890 267.303603 196.856934 242.895170
252 1025.240868 275.039719 193.345976 245.242286
253 1020.432788 279.540653 191.192544 245.664720
254 1031.618729 292.813218 186.508668 246.726427
255 1048.170379 291.712986 185.857697 244.344383
256 1064.266527 277.070385 181.265441 243.233087
257 1072.985581 278.315175 179.981820 242.381444
258 1081.979814 281.518422 178.201324 240.090671
259 1083.884352 289.565353 177.405858 240.420103
260 1087.159006 289.710955 176.966836 240.142556
261 1088.510216 287.067247 176.763958 239.394319
262 1093.370489 269.758715 175.527073 241.198134
263 1093.969257 269.230249 175.925401 240.912197
264 1094.109884 265.877895 175.551564 241.807941
265 1087.526307 268.630169 175.417572 242.755812
266 1099.480555 269.283580 168.985413 239.762483
267 1114.385025 275.578258 165.427936 231.942947
268 1118.995739 276.799080 161.004261 230.233023
269 1119.502499 277.257675 160.497501 229.363334
270 1119.252378 279.201315 160.100692 228.007997
271 1118.986868 278.366830 159.443654 226.738880
272 1103.979266 292.351180 158.362704 224.216123
273 1101.169840 292.397266 157.919609 223.900092
274 1095.505843 302.978366 153.854763 221.371753
275 1097.623407 306.998529 153.898780 220.279800
276 1096.373666 309.715293 154.104598 220.629399
277 1095.284219 324.430348 155.038869 220.860086
278 1095.187027 324.460355 155.858721 221.749038
279 1097.074931 324.151226 154.316349 224.122281
280 1100.534981 334.645816 157.868003 227.283288
281 1103.766189 337.056323 160.017628 238.585292
282 1102.584402 328.421887 166.758824 239.852132
283 1090.066889 330.359354 170.705069 238.898323
284 1082.532135 325.886708 170.567182 239.772084
285 1099.970428 313.185457 170.248470 239.165909
286 1104.591937 305.909492 169.418221 238.878830
287 1105.625918 301.593173 168.580539 240.016810
288 1105.743265 299.896343 168.726203 240.075549
289 1102.023593 295.623035 168.966162 238.338352
290 1096.756917 365.379933 178.394405 238.070253
291 1046.074809 326.617201 175.330416 241.599798
292 1033.393884 385.156815 171.659498 252.337671
293 1036.584292 350.042573 171.122412 254.156181
294 1034.016511 305.364068 172.861548 257.476488
295 1056.434893 360.728504 175.105613 261.492287
296 1066.842207 358.138312 174.558871 261.161795
297 1065.143978 355.404064 175.098425 260.152568
298 1064.436968 352.800097 175.443011 259.678472
299 1054.515543 368.827745 175.249431 259.986362
300 1033.592258 360.465650 176.469912 258.153353
301 1013.406612 330.450649 177.373145 259.086661
302 996.394600 318.918176 177.159677 259.272543
303 985.151290 351.874057 179.274812 257.731791
304 982.672646 349.039864 179.302932 257.290791
305 980.623653 334.348942 179.203389 257.050593
306 985.598027 308.052417 179.087000 256.954893
307 954.513872 289.992673 182.703227 256.562433
308 938.099987 276.360393 182.614489 254.229454
309 938.777348 269.374284 182.276020 253.791893
310 944.930451 258.282304 186.535342 253.173876
311 960.844139 255.655001 186.669648 252.629278
312 965.434901 269.983075 188.347560 252.366629
313 961.026100 266.648866 188.252442 251.690650
314 993.434379 242.928410 187.284375 250.968545
315 1017.768341 300.213064 190.434828 253.773870
316 1016.084117 293.801188 189.850094 255.354496
317 984.845919 297.821233 193.935474 255.023479
318 984.870773 298.057288 193.892850 255.319774
319 1061.399081 292.051250 197.910893 251.973089
320 1060.691223 291.949565 197.710310 251.709037
321 1061.398765 290.619409 197.361395 251.962233
322 1064.926223 292.525416 195.247703 253.581285
323 1065.434730 295.781814 194.428771 254.646387
324 1064.081361 296.867726 192.919517 255.471223
325 1052.919073 312.773404 192.168964 258.676888
326 1034.276850 345.908050 190.188543 261.819573
327 1018.089899 343.888972 186.774519 264.011744
328 1018.183869 343.743908 186.749392 264.353495
329 991.408699 346.234203 197.798882 270.707984
330 1013.706376 373.175439 200.047126 267.780503
331 1013.816785 366.504691 201.055986 265.370941
332 1002.763345 369.404940 206.574578 264.134464
333 1001.835536 350.486655 211.482523 265.495631
334 997.165481 330.984524 210.969937 265.582062
335 997.850381 353.889018 208.799994 270.162211
336 997.743990 354.070733 208.738236 270.465174
337 989.581343 354.897330 207.969995 270.455952
338 987.674553 349.934041 207.338158 270.311489
339 984.923438 368.485532 206.305680 271.032757
340 981.515611 371.370042 205.627899 271.847565
341 976.133532 374.182716 205.273001 270.593588
342 966.692004 383.709429 205.433288 269.005884
343 971.321416 403.667139 205.304853 269.680116
344 968.126710 366.156236 204.004799 281.719481
345 963.042620 352.074453 207.633392 276.077085
346 985.650895 339.768936 208.844347 272.860973
347 987.937303 340.578061 208.601245 272.303373
348 988.357744 359.937674 208.325867 271.723308
349 987.796450 365.132026 208.219614 271.076642
350 991.299682 355.722194 208.042546 269.462823
351 989.611153 338.588152 207.271271 267.922929
352 1004.052646 328.807800 206.936911 266.368411
353 1011.282086 323.470276 206.060947 264.741482
354 1025.725093 319.148565 205.647375 262.679567
355 1033.186411 314.843010 204.382403 261.115278
356 1047.095662 303.303563 204.977961 259.241512
357 1055.019323 297.016741 206.960037 258.601665
358 1067.650179 293.870271 206.595101 257.855543
359 1069.842132 285.919995 206.643141 256.214688
360 1069.279798 299.155580 208.240350 254.970603
361 1073.562041 306.739242 206.437959 255.780229
362 1079.717180 298.959540 200.282820 256.906628
363 1078.708740 305.565513 200.945112 257.592074
364 1079.270324 309.040930 200.729676 258.449038
365 1084.629065 288.155314 195.370935 257.939057
366 1071.416381 315.406404 198.473072 258.264219
367 1071.412429 315.524270 198.379546 258.313652
368 1071.458638 315.608582 198.381751 258.303409
369 1071.359400 314.624708 198.414084 257.785892
370 1070.835941 311.791033 198.534094 256.826560
