75 784.155804 262.921254 94.324906 203.172672
76 783.336455 255.980546 97.180645 214.928196
77 780.262622 253.591051 101.913440 219.766585
78 777.133829 251.825851 108.056892 223.703736
79 771.607307 250.632324 112.790287 224.663364
80 753.336993 250.615183 116.034935 224.485488
81 748.150585 252.677241 118.155602 223.489384
82 729.487913 258.030825 124.109365 220.267457
83 729.683522 258.149210 124.487017 220.475218
84 727.589773 258.803454 125.032616 220.058759
85 710.709959 259.186310 129.608029 220.360980
86 710.583609 259.291789 130.198594 221.044986
87 702.577247 254.738338 134.540409 226.684192
88 702.593703 254.726669 136.224999 231.962962
89 706.209183 253.844282 136.445039 232.356847
90 719.364160 249.658623 134.364441 230.410856
91 707.025326 232.087061 135.102859 228.173185
92 679.798617 213.037648 140.660166 229.070228
93 670.839335 192.470698 142.929725 222.767711
94 665.223327 190.542537 143.730802 206.201672
95 657.694296 198.721704 142.823302 183.976619
96 655.336431 185.815776 150.383127 169.797704
97 656.258397 151.198283 150.835145 178.875278
98 656.522659 139.900584 150.354714 193.016562
99 657.784044 144.270963 154.671770 198.786716
100 641.401142 154.395765 155.094808 201.720751
101 624.832458 150.522643 155.582942 197.872458
102 615.094227 136.309100 154.565239 200.571708
103 614.957772 131.178854 154.461523 200.894245
104 603.628817 119.333509 164.388440 193.374553
105 597.279407 83.392626 181.173702 187.706465
106 572.156799 85.515608 212.431616 173.591154
107 575.626281 47.978284 209.324617 177.323159
108 588.139688 48.753021 208.129308 176.432013
109 658.856039 104.765172 210.273066 174.400013
110 657.193836 109.323654 217.611805 181.394181
111 637.114145 113.060452 222.174912 195.034635
112 614.923340 107.694969 244.699381 200.038366
113 612.384593 106.166390 248.735553 201.555011
114 580.383873 103.887705 268.098946 196.887883
115 572.840279 101.042916 274.149281 193.676249
116 541.591475 110.487597 287.595070 180.409116
117 540.364962 113.593536 290.729430 178.142619
118 538.687950 116.722404 305.705480 170.936617
119 533.791274 106.039647 321.543571 170.701575
120 525.716099 116.998024 333.256670 167.709545
121 525.398505 117.501874 334.730823 167.674511
122 525.438687 118.155997 338.385028 166.741373
123 521.009573 122.570696 344.740216 163.460462
124 519.995586 134.262592 347.555628 161.687184
125 521.262343 138.573075 349.692200 159.834942
126 535.528700 165.273456 348.565571 158.841805
127 535.888183 165.416672 348.917042 159.041995
128 539.896774 174.351796 347.160652 161.163745
129 542.520296 183.411668 339.953069 166.241195
130 549.777406 200.467042 319.346781 171.952897
131 550.733712 204.902045 304.638096 185.418169
132 556.505257 211.566909 289.820740 200.107460
133 565.242649 221.684619 264.932264 215.363383
134 567.636211 223.191062 251.989443 220.401710
135 567.867480 235.337031 227.669920 240.510192
136 564.209845 236.598130 212.565280 268.254079
137 564.213682 242.067490 208.111766 275.624055
138 564.088142 243.832365 207.004655 278.660239
139 557.289034 253.570001 196.749241 286.019581
140 553.080859 270.075947 190.384812 282.208057
141 551.225325 273.047441 188.075566 280.561789
142 545.115870 279.845878 183.891370 275.610377
143 538.130383 296.859545 177.923018 263.881412
144 534.244925 320.145404 179.392917 238.927734
145 533.803067 333.932477 182.099685 223.134593
146 533.296530 342.440266 185.930525 209.464088
147 531.166170 351.365453 189.133540 195.531249
148 530.448396 357.432981 190.918120 186.636692
149 529.475160 363.070403 193.214975 181.185845
