5 116.656216 99.318969 32.814747 34.317717
6 117.954939 98.203628 33.667296 42.050516
7 117.737550 97.043834 34.777911 44.816757
8 117.799212 97.077183 35.182656 45.135576
9 118.159844 97.259447 35.731278 45.682343
10 118.323912 97.409874 36.077787 46.139916
11 118.535355 97.589606 36.497572 46.496692
12 118.417583 98.827530 36.432576 46.830740
13 118.451630 98.911846 36.497572 46.996656
14 118.185284 99.296489 36.520322 47.141454
15 118.425464 99.475445 36.997539 47.496621
16 118.427035 99.476818 36.997539 47.496621
17 118.428606 99.478191 36.997539 47.496621
18 118.866541 99.902468 36.902143 47.783423
19 118.915810 100.010436 36.997539 47.996585
20 118.928334 100.014636 36.993901 47.999673
21 122.038542 101.729846 37.192751 48.106551
22 122.192512 101.926246 37.497506 48.496550
23 122.194104 101.927648 37.497506 48.496550
24 122.195696 101.929049 37.497506 48.496550
25 123.332392 99.097708 37.363527 48.476196
26 123.521795 98.836619 37.480590 48.503534
27 124.443766 98.039679 37.448684 48.945905
28 125.815887 98.782443 37.527865 48.936508
29 126.321449 102.238036 37.749807 49.034928
30 126.729943 104.747199 37.827510 49.608439
31 126.816538 104.942646 37.997472 49.996443
32 126.790247 104.934645 38.006521 49.987674
33 126.387633 101.397283 38.362174 50.388732
34 126.801786 100.572446 38.444586 50.448362
35 131.603176 100.791825 38.510244 50.331922
36 134.087236 103.062685 38.664851 50.887500
37 134.255169 103.118595 38.997406 50.996372
38 135.735826 105.689387 38.889357 51.215804
39 136.190572 109.252824 39.072127 51.467445
40 136.580422 113.727585 39.128201 51.272574
41 135.503174 114.139741 39.419446 51.273303
42 134.713286 114.492890 39.410321 51.341872
43 130.924361 115.263941 39.563437 51.577957
44 131.143011 115.474616 39.997339 51.996301
45 131.118685 115.518149 39.994425 51.983251
46 128.908994 116.338736 40.038639 51.524566
47 129.064152 116.597860 40.447539 51.965140
48 126.121737 116.867867 40.153865 51.666852
49 125.201536 116.832538 40.411627 51.628436
50 125.229626 116.997896 40.502315 51.965487
51 125.463923 117.000201 40.998276 51.977744
52 125.437921 116.988182 41.002047 51.956243
53 124.989131 116.303839 41.045643 51.608895
54 121.819590 116.260293 41.012285 51.587854
55 120.280090 117.636844 40.960682 51.548364
56 120.300126 117.862315 40.997273 51.996301
57 120.306129 117.786156 40.988244 51.983102
58 120.345739 114.827266 40.740559 52.043925
59 120.435868 114.532017 40.930020 52.360654
60 120.227461 111.814730 40.653224 52.248839
61 120.381830 111.927388 41.001842 52.469794
62 119.948455 110.888849 41.034969 52.024157
63 118.598566 109.448402 40.926196 51.709405
64 117.088996 105.821402 40.702110 51.123096
65 116.933101 104.589998 40.848974 51.284686
66 116.113080 101.562964 40.679934 51.162551
67 116.228953 100.899581 40.908864 51.260499
68 118.901265 95.652084 40.714333 51.164294
69 121.003090 95.160549 40.431873 51.120092
70 124.004507 94.886818 39.885184 50.886364
71 124.065016 94.942009 39.996040 50.993028
72 124.073876 94.942090 39.994249 50.988395
73 124.941245 94.292132 39.778210 50.733017
74 127.213237 90.832376 39.692743 50.895162
75 127.514265 90.743313 39.948124 50.945132
76 128.707617 90.161817 39.753317 50.845776
77 129.124994 90.026695 39.911097 50.921966
78 129.169169 90.064484 39.997347 50.995708
79 129.170863 90.066289 39.997339 50.996372
80 129.172562 90.067763 39.997339 50.996372
81 131.591930 90.413752 39.591484 50.597431
82 135.133613 90.611613 39.521011 50.520105
83 135.373475 90.851220 39.997339 50.996372
84 136.034935 91.053423 39.831554 50.938875
85 136.119526 91.083645 39.997339 50.996372
86 136.924085 91.482386 39.900747 50.927041
87 140.607941 92.200490 39.695475 50.769318
88 141.449058 92.131291 39.866230 50.909632
89 144.824453 90.711680 39.647926 50.741203
90 145.548892 87.720917 40.044508 50.683925
91 146.172967 87.020842 40.489558 50.833376
92 148.557345 83.604789 40.334458 50.967994
93 150.206796 81.356447 40.381504 50.868866
94 150.548620 81.257361 40.435209 50.934203
95 150.962509 80.925902 40.440336 50.809735
96 150.986893 80.996200 40.500639 50.962476
97 148.986853 79.954018 40.869844 50.505944
98 146.800269 80.943678 40.577099 50.395756
99 146.168663 81.495196 40.981857 50.331785
100 145.767725 84.752331 40.699695 49.998863
101 145.470838 89.008377 40.596100 49.656289
102 145.584835 89.314685 40.985935 49.991405
103 144.767932 93.996406 40.236945 49.688945
104 144.828894 97.986513 40.090310 49.668200
105 144.854612 101.567390 40.228538 49.740994
106 144.950587 102.779928 40.506589 49.937029
107 145.463400 106.775576 40.812368 49.710507
108 145.557593 106.919988 40.997273 49.996443
109 145.559334 106.921433 40.997273 49.996443
110 145.561075 106.922878 40.997273 49.996443
111 146.389151 107.140487 40.859918 49.897876
112 149.209475 107.839073 40.816233 49.836705
113 149.443324 108.034866 40.968843 49.977012
114 150.555355 108.314500 40.801310 49.956608
115 150.659722 108.350839 41.000190 49.988570
116 150.910009 108.356220 41.497239 49.996443
117 150.926275 108.448870 41.497356 49.959435
118 150.998800 108.696406 41.474912 49.948742
119 151.169373 109.072517 41.436205 49.918911
120 151.202055 109.113912 41.497427 49.995592
121 151.257881 109.241384 41.477629 49.937804
122 151.269448 109.272148 41.497239 49.996443
123 151.271210 109.273593 41.497239 49.996443
124 151.272972 109.275038 41.497239 49.996443
125 151.274735 109.276483 41.497239 49.996443
126 151.276497 109.277928 41.497239 49.996443
127 151.278259 109.279372 41.497239 49.996443
128 151.280021 109.280817 41.497239 49.996443
129 151.281783 109.282262 41.497239 49.996443
130 151.283546 109.283707 41.497239 49.996443
131 151.285308 109.285152 41.497239 49.996443
132 151.381140 109.252147 41.447307 49.986384
133 151.566695 109.215480 41.415815 49.986408
134 152.475006 109.143099 41.208985 49.925716
135 152.884818 109.150663 41.382148 49.982581
136 152.945620 109.159025 41.495761 49.996433
137 153.064202 109.148029 41.426978 49.984622
138 154.121705 108.776205 41.265468 49.967358
139 155.816249 106.461434 41.092075 50.160115
140 156.385037 97.163858 40.872915 50.840747
141 156.448957 97.243145 40.997273 50.996372
142 156.454205 97.680168 40.977355 50.944444
143 156.663909 101.747416 40.698999 50.916181
144 156.814786 101.788985 40.997273 50.996372
145 156.419752 98.191024 40.920430 50.639757
146 156.402379 92.550357 40.885451 50.604818
147 156.460031 92.747608 40.997273 50.996372
148 157.300338 102.054392 41.012958 51.796452
149 157.544241 102.155819 41.497239 51.996301
150 156.218907 95.707265 41.044141 51.849794
151 156.439271 95.778696 41.499484 51.986578
152 158.108938 106.548448 41.208003 53.532210
153 158.845764 110.296409 41.309019 53.761140
154 158.947364 110.326778 41.477376 53.978855
155 157.605358 97.754634 40.334643 53.898472
156 158.851022 102.873521 40.180682 54.784012
157 159.011054 102.981148 40.497306 54.996087
158 162.060625 122.739220 41.897253 56.335247
159 161.964082 122.367534 41.958412 56.283537
160 158.043231 103.691320 40.828359 56.185106
161 154.393553 101.075144 40.268968 55.032739
162 155.707274 115.971552 40.321096 57.317320
163 158.838054 120.452961 40.343183 55.749278
164 158.590813 99.750741 39.335477 59.590893
165 163.131672 103.468334 40.253216 59.019791
166 164.956236 108.031917 40.478732 57.601330
167 165.407110 108.169414 40.446353 57.794232
168 166.055314 98.851599 40.498281 57.893614
169 169.748107 96.854631 42.369184 55.389683
170 176.976846 102.077529 43.815236 54.905119
171 183.388714 103.780845 43.589967 54.607999
172 185.088221 103.640066 43.380432 54.777309
173 186.246751 102.967759 43.019431 54.541965
174 187.769869 102.377971 42.939530 54.334721
175 190.207233 100.988024 42.116146 53.793035
176 191.218884 100.694711 42.069934 53.695516
177 192.186082 100.451855 42.163997 53.830614
178 194.597807 100.288189 41.802430 53.554737
179 198.673474 100.886710 41.077485 52.299267
180 198.887698 100.994028 41.493792 52.480576
181 198.892853 101.008108 41.495011 52.486124
182 198.901694 100.238749 41.398482 52.390822
183 199.082176 100.078266 41.428911 52.437590
184 201.664427 100.758246 40.735116 52.057079
185 201.851473 100.981824 40.953494 52.484254
186 202.188341 96.767045 40.706600 52.439423
187 202.335418 96.796984 40.997273 52.496265
188 206.293785 106.302975 40.561735 53.059524
189 204.740859 102.005712 40.242071 53.087292
190 203.948278 96.478657 40.212457 53.181449
191 203.998777 100.244745 40.201917 53.588854
192 204.221949 105.409244 40.056641 53.815316
193 203.505767 104.530393 40.427841 53.673783
194 202.660206 97.571588 40.333302 53.422534
195 202.899097 97.966789 40.459487 53.449647
196 205.724508 109.030787 40.150567 54.149466
197 205.595184 109.093223 40.350416 54.149133
198 201.856228 100.683203 39.736969 53.043305
199 201.987252 100.909986 39.997360 53.495263
200 205.194502 107.454762 39.744768 53.968906
201 206.152011 110.118734 39.764341 53.929205
202 204.511361 108.742446 39.648949 53.417007
203 199.973212 103.182039 40.072001 52.989570
204 198.842116 106.774472 39.453331 53.109816
205 198.853121 106.959105 39.493178 53.483836
206 197.872460 113.549189 39.317688 53.429973
207 195.703391 114.390762 39.471414 53.102052
208 191.448880 112.429296 39.592584 52.373865
209 188.309406 110.654206 39.674335 52.022743
210 188.214056 112.541378 39.910404 52.356913
211 188.054603 114.893722 39.789158 52.368184
212 182.118951 111.851773 39.801633 51.149741
213 179.696738 112.623756 39.714207 51.184856
214 179.741038 113.854984 39.842978 51.564944
215 179.104865 114.070794 39.823505 51.795945
216 174.652499 110.816838 40.028986 51.715186
217 174.569827 111.476626 40.251792 52.020087
218 172.175817 118.450019 40.077753 52.544876
219 170.481665 121.278141 40.057543 52.488161
220 168.087847 119.352085 39.513067 51.823973
221 164.148961 114.176639 39.687812 52.301962
222 161.064336 115.521505 39.665325 52.479930
223 158.309390 123.394626 39.448277 52.689454
224 156.831667 124.443005 39.572187 52.462219
225 151.724589 122.032533 40.018712 51.780301
226 151.521961 121.362873 40.327798 51.921644
227 148.542954 123.192893 40.175830 52.505204
228 145.704884 131.885400 40.301396 53.751032
229 145.788557 132.002749 40.504637 53.970180
230 140.439583 132.595154 41.086190 53.279967
231 137.715641 130.633529 40.940002 52.965256
232 135.832464 126.020336 40.814448 52.848088
233 134.187015 129.985176 40.677938 52.399288
234 130.765723 135.444633 40.432349 52.498904
235 124.238760 134.368749 41.055988 52.057277
236 117.471827 129.395278 40.838592 52.589148
237 116.980584 133.989298 40.493559 52.886105
238 116.767168 138.776240 40.294255 52.951525
239 115.383383 138.261747 40.448866 52.683251
240 108.896755 132.773274 40.835815 53.073349
241 104.502535 131.609063 40.704424 53.081883
242 100.983949 131.486404 40.453967 53.054597
243 101.007338 131.708749 40.497306 53.496194
244 101.006773 131.708335 40.497768 53.493617
245 100.920347 127.267971 40.132156 53.781660
246 100.654660 120.470321 40.262170 53.786660
247 99.785296 115.041687 40.102746 53.890584
248 99.724672 111.569428 40.138539 53.870492
249 99.735095 108.512384 40.232569 53.656815
250 99.881143 104.799269 40.175931 53.722318
251 99.758625 103.494210 40.412845 53.572298
252 98.340291 99.252439 40.347065 53.248097
253 98.413518 99.377197 40.498973 53.491046
254 97.689572 98.219884 40.481144 53.118484
255 97.271406 96.616377 40.374695 53.239463
256 95.285851 94.698366 40.453483 52.625896
257 91.802527 93.845786 40.352507 51.592680
258 90.169835 94.383541 40.422575 51.574271
259 86.770994 95.800457 40.379142 51.702984
260 82.851343 99.422645 39.764522 51.732769
261 82.138091 99.443905 39.950418 51.718385
262 77.599029 96.641188 39.744081 51.414158
263 76.793504 96.790910 39.956778 51.352974
264 69.458723 97.017957 40.113583 51.055696
265 62.131127 98.689499 40.429402 50.996172
266 57.994584 98.524011 40.460747 50.628637
267 57.526967 96.073130 40.386419 51.003937
268 57.612550 96.308247 40.481150 51.486373
269 60.396576 96.952541 40.290410 51.520606
270 60.497887 97.470079 40.492596 51.982705
271 60.538612 97.741242 40.495749 52.000655
272 63.558447 99.033278 40.311574 52.295393
273 63.784338 99.318245 40.478801 52.504857
274 64.602378 100.287762 40.414755 52.970932
275 67.059031 101.618749 40.104384 52.962941
276 68.720826 101.883541 40.320768 53.008540
277 73.951364 104.151013 40.539952 53.570423
278 74.181765 104.365442 40.997273 53.996158
279 79.229581 105.382492 40.838516 53.753330
280 83.125584 105.098577 40.873388 53.833197
281 86.036803 103.788184 40.474438 53.670848
282 88.942571 104.047036 40.247375 53.789302
283 94.895677 105.142635 40.584472 53.854308
284 109.350708 105.205961 43.727763 53.676103
285 116.374587 103.753800 43.947342 53.909672
286 126.119048 103.880118 44.562830 53.686444
287 135.084497 104.543339 45.015497 53.944101
288 141.811018 106.797550 44.584622 53.987754
289 142.671114 106.877068 44.612500 53.981960
290 143.816385 107.158971 44.163423 53.865659
291 148.554692 107.706364 44.246581 53.776100
292 157.001749 107.879252 47.526844 54.765256
293 164.890314 109.950023 48.405240 55.400928
294 164.904570 110.254793 48.439818 55.588524
295 151.570667 117.438443 48.005498 56.547708
296 146.840041 120.791757 45.772251 55.471766
297 147.876795 115.697359 50.009560 57.273961
298 154.315695 111.893243 48.053138 60.283352
299 150.491078 120.381199 44.508991 62.899827
300 151.904270 117.023341 47.567715 63.205295
301 151.658737 120.215263 47.507783 63.337922
302 151.882551 120.311908 48.001659 63.489548
303 152.088437 120.327610 48.567021 63.441852
304 164.249065 116.593300 55.207334 62.003858
305 177.641094 118.870357 57.164519 64.442489
306 177.945058 118.066991 57.774280 64.633266
307 164.599959 119.773712 56.132367 65.286379
308 171.551724 117.465450 60.073965 68.198867
309 181.347757 118.159705 60.229974 68.786843
310 181.529805 116.434260 60.622763 69.699959
311 170.044618 115.141641 60.725974 69.775959
312 159.761594 116.270814 58.793615 71.746896
313 158.677490 116.130127 58.592392 72.138417
314 165.956048 115.110977 61.235215 72.092349
315 172.400015 114.524440 60.221687 72.451055
316 172.534645 114.546064 60.497112 72.489193
317 166.112110 114.517028 59.123744 73.562641
318 161.520104 113.746286 57.285450 76.304261
319 160.250471 112.426021 55.542485 77.249011
320 160.850065 111.804428 55.590097 77.916733
321 161.171376 111.770764 55.888163 78.038491
322 161.709629 111.184571 55.627447 78.860774
323 161.352619 111.149977 54.696691 79.503736
324 160.708835 110.074439 52.866184 80.543564
325 160.141013 108.868200 50.915151 81.415863
326 160.650617 108.905084 50.021836 81.391815
327 160.994616 108.642566 49.122531 81.446930
328 158.123533 108.688859 47.682450 81.344442
329 153.194226 107.940986 46.904478 81.026347
330 146.959201 108.938020 46.064414 81.207570
331 138.736719 110.697212 46.390244 81.204056
332 138.645386 110.793151 46.258419 81.508616
333 136.470675 110.998968 45.765100 81.857408
334 132.465935 111.813591 45.072370 81.571340
335 129.369708 114.029300 44.439777 81.065944
336 129.382401 114.210089 44.497995 81.468673
337 133.110349 110.279001 43.905738 81.158436
338 137.295322 108.861888 43.820603 81.212909
339 137.384332 109.004517 43.997293 81.492663
340 128.137141 111.132791 44.585072 79.195719
341 124.529532 112.593182 43.703976 78.644067
342 124.716073 112.532256 43.978952 78.977469
343 133.852475 107.468914 47.322001 78.247475
344 142.352112 101.692269 48.378394 77.436340
345 144.445889 98.209812 47.751431 77.475710
346 143.679061 92.662635 45.675323 77.566763
347 140.196130 91.722825 44.220545 77.498367
348 140.423361 91.626243 44.098498 77.432313
349 143.003406 86.818262 43.545490 77.551157
350 143.788837 85.783527 43.383279 78.053328
351 149.224240 79.395381 42.460678 78.270371
352 153.383773 74.028463 41.075083 77.032332
353 153.448938 68.797309 40.629226 77.228932
354 150.979661 67.930287 39.502445 77.175263
355 151.229846 67.916022 39.969959 77.520661
356 154.355251 67.037672 39.588892 77.961062
357 157.038977 67.575530 39.123299 77.880100
358 156.979151 67.790766 39.066701 77.925543
359 154.716783 68.440226 38.539342 77.374007
360 157.819923 67.821756 39.205013 75.750929
361 164.801127 66.844523 39.713362 75.849885
362 165.318807 66.830381 39.860430 75.946329
363 156.903851 68.191487 40.284241 74.941781
364 143.163554 70.348557 41.271198 75.142561
365 141.717178 71.409785 39.963491 75.991931
366 141.091746 72.391013 44.440893 75.517469
367 144.053263 71.637425 42.845261 74.747330
368 145.424236 72.318516 41.967322 75.179590
369 141.953588 73.116144 43.783553 71.886285
370 142.345063 74.207264 44.226981 72.711190
371 139.250109 77.556798 41.533693 73.841284
372 140.757826 80.939570 49.690844 69.362643
373 160.426206 83.191137 53.702102 66.673000
374 158.241566 83.203097 54.452887 66.814985
375 158.909704 83.418218 54.466258 66.920222
376 156.489287 83.332704 54.518641 66.783507
377 138.343549 87.784623 53.827590 66.937966
378 127.057823 94.587532 52.493249 65.313968
379 140.467065 89.009234 52.370469 69.764031
380 130.920950 94.159126 53.650006 74.098155
381 150.900455 71.019023 55.543335 78.950125
382 145.560611 79.801265 55.044662 79.784526
383 136.836557 80.912008 52.967766 80.573997
384 136.802710 80.662401 53.472037 80.870027
385 154.302418 82.501178 60.164663 77.767094
386 165.060351 79.963770 61.175433 78.298469
387 165.218353 80.067571 61.490651 78.493401
388 153.535877 79.179464 61.194786 79.086031
389 143.355063 78.975156 59.812377 80.762393
390 135.452022 79.241313 60.034179 80.713145
391 152.743643 77.337277 63.048516 82.460088
392 168.279276 77.591678 62.972843 85.280886
393 168.149398 77.244730 62.901977 85.245802
394 157.545148 74.470397 61.469800 85.396690
395 140.955599 76.041074 60.693423 85.357637
396 139.538354 76.266955 60.882320 85.390970
397 153.931662 75.000214 65.525424 87.145905
398 152.991563 74.770406 66.277479 87.518454
399 171.898737 71.683912 65.717285 90.393913
400 172.040702 71.736351 65.995610 90.493561
401 154.922722 70.814013 66.821743 89.103436
402 137.742104 72.889887 66.980385 89.413575
403 146.666531 75.556655 68.930300 90.050097
404 165.582854 69.068534 70.618694 91.632325
405 174.907799 65.755634 69.125032 95.570368
406 164.697703 66.292020 69.962166 94.833994
407 141.366623 67.229277 70.555023 93.615261
408 119.871635 65.499524 70.464771 93.159064
409 119.796137 65.570195 70.387443 93.518485
410 136.566647 62.066160 72.263364 93.260408
411 147.616405 53.606956 73.412535 94.690636
412 152.501039 53.658441 72.759330 95.293600
413 141.121265 58.884355 73.683359 94.159987
414 120.310647 63.636383 74.766229 93.698462
415 114.471959 63.917528 73.518094 93.895335
416 123.472409 61.274085 74.300665 95.078743
417 144.019321 55.102420 74.751868 96.951108
418 148.162259 53.919185 73.674910 97.527805
419 139.104998 53.902006 74.252792 97.345751
420 117.052536 56.552814 75.257443 97.182100
421 106.813596 57.480870 73.295466 98.241546
422 106.915110 57.602202 73.478639 98.492922
423 112.759490 56.593096 73.308167 98.511634
424 134.365072 52.186821 75.229778 98.586529
425 142.611179 50.282304 73.685183 99.729875
426 142.769269 50.416699 73.995078 99.992886
427 131.553437 58.782850 76.705458 98.691716
428 98.016142 60.146753 78.040218 97.601685
429 119.204500 56.302715 79.323932 99.272459
430 137.665612 54.966738 78.439849 99.872076
431 137.712326 54.976202 78.456927 99.992442
432 126.743880 54.230932 78.127727 99.195037
433 100.781987 55.048673 78.699369 98.728359
434 100.442526 55.166828 78.167192 99.071169
435 108.495752 53.032559 77.633138 99.537985
436 122.081699 45.424865 77.183027 100.103316
437 128.291702 40.750680 75.874362 100.649656
438 128.352231 40.921942 75.983960 100.992323
439 125.290997 41.467962 74.566654 100.576929
440 122.620547 41.818041 73.997462 100.670211
441 122.622498 41.982261 73.995078 100.992814
442 126.343156 41.825176 72.697338 100.701390
443 132.300956 41.080828 70.733144 100.818006
444 132.939813 40.869931 70.508690 100.889794
445 133.078660 40.249616 70.300723 100.984131
446 133.165652 39.941925 69.983959 100.926006
447 133.076892 39.979948 69.813998 100.939515
448 133.121901 39.980629 69.821558 100.978511
449 133.247051 40.020010 69.908075 100.974725
450 133.967168 39.769806 69.656674 100.850038
451 134.064797 39.623933 69.781490 100.957127
452 134.027129 39.298835 69.544512 100.985032
453 134.161746 39.169817 69.492338 100.922428
454 134.166900 39.204023 69.489060 100.993330
455 134.314647 39.212738 69.339887 100.966129
456 134.736134 39.185010 69.213158 100.875014
457 134.974027 39.219295 69.393212 100.956516
458 135.793261 39.175953 69.073430 100.823058
459 136.805204 39.363264 69.198550 100.847211
460 136.959634 39.438951 69.492338 100.992790
461 137.226373 39.866729 69.391168 100.752893
462 138.487539 44.453952 68.982321 100.013677
463 139.363637 45.936510 68.716755 99.711417
464 140.600500 50.269811 68.431207 99.512162
465 142.724367 55.394129 67.609502 99.261065
466 144.448580 58.277537 67.407421 98.740254
467 146.089573 60.207059 66.989055 98.314688
468 148.523368 62.652553 66.430953 97.739111
469 151.823788 69.893506 65.787595 97.102708
470 151.930598 70.091501 65.995610 97.493063
471 155.369369 73.297433 65.425099 96.981721
472 158.036640 77.267309 64.990433 96.428588
473 160.903206 79.230643 64.494741 95.935109
474 164.781315 83.052827 63.632727 95.448967
475 172.445542 88.409458 63.914917 95.069890
476 172.743897 89.160773 63.935074 95.299565
477 176.547659 94.177003 63.154178 94.496143
478 177.646588 94.904771 63.270644 94.251538
479 178.867815 95.871740 63.260452 94.208486
480 180.566871 97.498615 63.153316 94.150565
481 185.881572 99.618409 62.708939 94.037236
482 186.027682 99.849160 62.995809 94.493277
483 186.402824 100.195815 62.859956 94.416051
484 187.043166 101.150886 62.847270 94.286162
485 187.706221 101.606816 62.837287 94.391416
486 188.225175 101.886711 62.868494 94.429542
487 189.486838 102.368644 62.758977 94.356169
488 189.672913 102.460828 62.964309 94.480615
489 190.396055 102.961069 62.763579 94.406998
490 191.556637 104.345930 62.556094 94.307562
491 191.808631 104.456690 62.985749 94.483737
492 191.939858 104.541385 62.963774 94.460315
493 192.008548 104.575399 62.979885 94.483828
494 192.094572 104.603340 62.969809 94.480786
495 192.110247 104.612316 62.995809 94.493277
496 192.112923 104.615046 62.995809 94.493277
497 192.115598 104.617777 62.995809 94.493277
498 192.118105 104.617313 62.991928 94.492479
499 192.068241 104.400630 62.501456 94.363244
500 190.628025 102.437793 61.493027 93.962065
501 189.092331 101.742148 60.248368 93.677667
502 188.147894 101.162341 58.955389 93.652732
503 187.417567 100.615245 57.461939 93.491729
504 186.968469 100.391011 56.282775 93.204174
505 186.109428 100.425238 55.051331 93.109562
506 185.173880 100.462495 53.619369 93.083458
507 184.033369 100.700784 52.321929 92.941185
508 183.786188 100.320915 50.785935 92.712754
509 183.232798 100.401389 49.479921 92.511362
510 182.867415 100.309128 47.896557 92.581912
511 182.893451 100.419946 46.956885 92.712559
512 181.987063 100.916283 45.797286 92.289096
513 181.291431 102.303192 44.721426 91.602242
514 179.858094 103.044192 44.293841 91.464609
515 179.001399 103.366010 43.689193 90.999103
516 177.666809 103.519528 43.130661 90.499801
517 177.715640 103.490814 43.259828 90.368895
518 177.691712 103.540383 43.274140 90.379264
519 177.500883 103.843741 43.237909 90.317900
520 177.607395 104.359993 43.346266 90.258184
521 177.317076 104.979962 43.110623 90.198765
522 174.159422 107.941236 42.501466 89.024469
523 174.384339 108.159340 42.954329 89.485545
524 174.384191 108.150760 42.916887 89.478030
525 174.405815 108.162146 42.957797 89.478090
526 174.128672 108.241811 42.855687 89.373856
527 172.286239 109.250386 41.995403 88.706077
528 171.779416 109.703983 41.852913 88.732663
529 171.275771 109.867269 41.852510 88.729612
530 169.634434 111.511042 41.334397 87.741902
531 169.717617 111.639504 41.497239 87.993739
532 169.719205 111.646465 41.494825 87.988255
533 169.719261 111.662564 41.496396 87.986375
534 169.610962 111.865404 41.426900 87.886359
535 167.414610 114.540213 40.686778 86.787333
536 164.862469 115.259859 40.539606 85.745797
537 162.222276 116.531161 40.487739 84.813085
538 159.690461 119.349779 39.944704 83.538552
539 157.659457 121.784120 39.705004 82.774494
540 157.735961 121.948755 39.995924 82.891633
541 155.125145 122.889415 40.182816 81.212859
542 151.350857 123.993450 40.067985 80.080860
543 151.565817 124.201684 40.497825 80.491755
544 150.425312 125.414874 39.992298 79.913690
545 150.202992 125.766180 39.872450 79.793320
546 146.542692 129.305528 39.286732 78.991367
547 145.939460 131.016381 39.395690 77.055984
548 142.936961 135.064553 39.258250 74.024870
549 142.231399 138.351793 39.468286 71.391440
550 142.153629 143.256514 39.232736 68.021639
551 142.235809 147.473084 39.347167 64.211616
552 142.239055 151.293152 39.406638 60.290095
553 141.131180 152.875779 39.483448 58.879323
554 138.920501 154.456524 39.173249 57.301660
555 137.724596 155.862221 38.817807 57.148672
556 137.566565 156.101703 38.961546 57.335617
557 137.276628 156.305697 38.960008 57.246009
558 137.295144 156.431540 38.998081 57.493491
559 136.222327 156.030355 38.707424 56.687787
560 134.908179 155.934664 38.785640 56.277976
561 132.330211 155.467116 38.936072 55.500683
562 131.903020 155.383638 38.926350 55.754940
563 129.536264 154.614276 38.890776 55.260939
564 129.582280 154.725512 38.999353 55.485063
565 129.572227 154.711402 38.999699 55.471365
566 129.507492 154.099337 38.975406 55.262788
567 129.455140 153.593926 38.975605 55.263609
568 129.440722 152.882945 38.982099 55.280189
569 129.442632 151.733770 38.967452 55.301355
570 129.454435 151.715714 38.993521 55.404058
571 129.805305 149.576252 38.938925 55.298169
572 129.905590 149.420393 38.975979 55.377173
573 130.286327 147.607120 38.920518 55.267661
574 131.201649 146.220992 38.951249 55.239706
575 131.733034 144.262019 38.912207 55.263154
576 132.097518 142.525098 38.977766 55.148091
577 132.542757 140.613241 38.965609 55.055606
578 133.016649 136.926637 39.049716 55.085514
579 133.205631 136.995180 39.525898 55.308080
580 132.396662 132.373781 40.263050 54.663850
581 131.038884 128.313691 40.811563 54.358954
582 130.759721 125.859864 41.033914 54.091521
583 128.435457 122.847521 41.628979 53.690948
584 128.268666 122.439561 42.000509 53.801649
585 124.427363 121.607877 42.182025 53.228039
586 122.787350 123.432917 42.263156 53.301592
587 120.071957 125.334606 42.226960 53.284954
588 119.075804 125.899519 42.259223 53.320555
589 115.711281 127.123396 42.136198 53.485076
590 114.495189 128.660709 42.043688 53.591502
591 114.722514 128.867831 42.492311 53.992661
592 112.866663 130.784515 41.715151 54.213170
593 111.066958 131.414800 41.673894 54.337497
594 108.504629 131.874239 41.513654 54.285186
595 105.790687 134.230046 41.162324 54.263292
596 105.956917 134.346909 41.496731 54.496445
597 104.598844 134.130169 41.312632 54.179897
598 104.402965 134.215932 41.375143 54.403030
599 102.528816 134.029824 41.189503 54.136597
600 102.593202 134.262106 41.465366 54.424431
601 99.977738 132.458012 40.844403 53.893943
602 98.460498 131.576257 40.864929 53.536375
603 94.611015 130.979406 40.705766 53.874099
604 94.754026 131.038978 40.998088 53.991971
605 92.253472 131.076492 40.963140 53.639614
606 92.259341 131.256253 40.992370 53.994443
607 87.833303 131.991822 41.088070 53.798543
608 86.674399 132.131172 41.357715 53.862476
609 86.717981 132.194153 41.481155 53.995115
610 84.539812 132.507087 41.262881 53.974459
611 83.602014 132.830524 41.231192 54.014757
612 81.828323 133.461123 41.098382 54.566874
613 79.564970 134.034892 41.331186 54.732707
614 79.649759 134.168172 41.497239 54.996087
615 79.651521 134.169761 41.497239 54.996087
616 77.613432 134.386032 41.157673 54.720598
617 74.235499 133.626906 41.373971 54.715649
618 74.298895 133.768714 41.497239 54.996087
619 74.300657 133.770303 41.497239 54.996087
620 74.294902 133.772643 41.497467 54.994424
621 72.734306 134.133059 41.394581 54.780635
622 72.568991 134.252637 41.422935 54.942505
623 72.607906 134.281017 41.497239 54.996087
624 72.605983 134.281770 41.496994 54.996063
625 72.014354 134.272647 41.403467 54.952114
626 70.580120 134.348334 41.235337 54.912615
627 70.709873 134.390537 41.496804 54.996439
628 70.452867 133.768804 41.414426 54.995909
629 69.687405 131.301330 41.236222 55.145321
630 69.702940 131.415123 41.458163 55.470418
631 69.603553 130.369379 41.322687 55.480160
632 69.791907 127.505471 41.226925 55.509331
633 70.226236 126.942506 41.402511 55.962063
634 75.072314 126.380652 41.052185 55.722437
635 77.859061 126.476263 41.095225 55.808976
636 81.219989 126.668037 40.971142 55.802535
637 85.110972 127.725162 40.532714 55.810426
638 86.187298 128.100226 40.757218 55.990422
639 86.309066 128.104641 40.997273 55.996016
640 90.502625 129.905785 40.636063 56.083999
641 93.000515 131.738761 40.562368 56.440244
642 101.628031 136.271877 41.059077 56.405722
643 104.094341 137.632806 40.995288 56.420628
644 108.458704 140.853672 40.596057 56.510728
645 109.684962 142.219746 40.693977 56.922850
646 114.592861 147.629000 40.233727 56.456493
647 118.158850 150.391877 39.861336 56.088787
648 121.441079 152.795727 39.481554 56.103456
649 123.995669 153.919104 39.168691 56.421601
650 124.161687 153.957926 39.497373 56.495980
651 123.864580 153.507680 39.301736 56.347299
652 121.047879 149.101675 38.612565 56.084977
653 120.919871 146.215185 38.814246 56.172811
654 120.398017 143.095794 38.762949 56.079608
655 118.899895 140.729033 38.799123 56.026442
656 118.523159 139.756285 38.822030 56.105086
657 115.454619 135.925710 38.436239 55.803648
658 114.996915 133.257265 38.350891 55.606731
659 114.503427 130.285912 38.330346 55.606063
660 114.065246 126.819977 38.273133 55.584023
661 114.173665 122.963307 38.260491 55.679448
662 113.585449 120.777008 38.407526 55.517997
663 113.606739 121.000194 38.506559 55.955326
664 112.641114 117.468762 38.737322 55.417242
665 110.775399 116.141333 38.887918 54.597226
666 108.924387 110.818566 38.383941 54.741611
667 108.720946 109.954111 38.425456 54.750693
668 107.494566 105.140689 38.008844 54.738432
669 106.347301 103.405771 38.331670 54.503617
670 105.684378 100.468977 38.215690 54.797142
671 105.604555 99.588983 38.349138 54.688164
672 104.498619 96.466184 38.189324 54.471435
673 104.111444 95.718441 38.288453 54.293326
674 103.615112 92.397566 38.061290 54.042987
675 101.664939 88.610621 38.033591 54.135201
676 99.878867 85.448826 38.164250 54.101534
677 98.016213 81.771095 38.165706 54.193289
678 96.464404 78.347464 37.921248 54.163676
679 94.528423 74.742444 37.556576 54.087480
680 93.172273 72.645769 37.846456 53.935512
681 91.858907 70.724024 37.883182 53.508911
682 91.677425 69.609439 37.924129 53.769071
683 90.906492 65.981888 37.821012 53.829048
684 90.600381 63.520082 37.812813 53.840648
685 89.764827 63.018464 37.974697 53.659601
686 89.394550 61.471465 37.924446 53.728557
687 89.374880 61.570460 37.980423 53.956924
688 89.258642 61.277835 37.906284 53.818120
689 89.157066 60.976346 37.924042 53.782594
690 89.123198 60.800541 37.992649 53.798348
691 89.127223 60.901007 37.997472 53.996158
692 89.128837 60.902567 37.997472 53.996158
693 89.130451 60.904128 37.997472 53.996158
694 89.190877 60.923370 37.975036 53.996974
695 91.113057 62.337806 37.771114 53.692701
696 91.227850 62.491095 37.997472 53.996158
697 91.525189 62.806250 37.888384 53.958075
698 92.786900 63.265482 37.737125 53.931324
699 92.919704 63.298926 37.996992 53.994770
700 93.450081 62.804043 37.851693 54.010431
701 93.798930 62.695742 37.890536 54.410470
702 94.241893 61.771826 37.886429 54.423313
703 94.298144 61.808116 37.997121 54.494953
704 94.307170 61.401566 37.945001 54.385163
705 94.454172 59.852572 37.961450 54.033280
706 94.532920 59.903015 37.984489 54.342182
707 94.654918 59.021598 37.990764 54.090004
708 94.738508 58.949132 37.968582 54.332447
709 96.357518 57.706944 37.828440 54.276374
710 97.208613 57.547937 37.843358 54.352944
711 97.299678 57.630621 37.991685 54.442107
712 100.159246 57.407625 37.781754 54.226582
713 102.058344 57.846251 38.040123 54.110833
714 106.650136 62.438541 38.307984 53.682998
715 110.009857 63.548428 38.214039 53.252104
716 114.246139 65.324623 38.211379 52.800545
717 115.529449 65.354316 38.236633 52.948738
718 120.400200 66.987970 37.887224 52.741931
719 122.635539 67.247422 37.585861 52.851057
720 127.077571 68.037150 37.382422 52.825795
721 130.290101 68.167685 37.082559 52.823432
722 135.081662 68.563673 37.119387 52.712732
723 138.579645 68.084174 36.948486 52.879433
724 141.416665 68.346460 36.832335 52.789951
725 144.035232 69.039587 36.893983 52.582607
726 148.130807 68.736642 36.446106 52.986153
727 151.230962 68.310718 36.141461 52.933380
728 151.417738 68.345813 36.495299 52.994137
729 155.627424 68.870598 36.280661 52.685976
730 158.541152 68.221943 36.074521 53.021204
731 161.455904 67.817433 36.183912 53.378023
732 164.553307 65.510931 36.215364 53.348821
733 166.922655 65.029820 36.261566 53.404641
734 169.860066 63.736650 36.170069 53.262186
735 170.025366 63.855197 36.497570 53.496191
736 170.318164 63.392101 36.419962 53.517980
737 172.551967 60.499644 36.213979 53.732332
738 176.721936 58.526214 36.295528 53.215978
739 176.894062 58.501739 36.460593 53.455624
740 177.945772 55.036766 36.245507 53.434621
741 178.694088 53.282277 36.291314 53.448249
742 179.092510 52.233592 36.399640 53.390100
743 180.282309 48.958785 36.221217 53.415628
744 180.423126 48.875208 36.485507 53.385028
745 180.846164 46.386656 36.262964 53.389344
746 183.513964 45.523611 36.073527 53.034877
747 184.486369 43.613582 36.300171 53.226866
748 185.712992 42.402134 36.327886 53.320409
749 188.804038 41.560191 35.703935 53.347448
750 190.444204 41.127006 35.735485 53.382502
751 192.922657 39.683836 35.583766 53.442782
752 193.151370 39.703391 35.984887 53.487569
753 197.041650 38.788787 35.575845 53.402837
754 199.708725 38.941131 35.665336 52.999580
755 202.374120 39.753372 35.801032 52.628213
756 203.394733 40.925181 35.928100 52.626121
757 206.531005 42.363571 35.712072 52.764262
758 207.406349 43.022491 35.902706 52.931512
759 207.455328 43.056381 35.997605 52.996229
760 210.978385 45.447802 35.601485 52.927016
761 211.472035 46.807715 35.781791 52.825012
762 214.395114 52.175792 35.480094 53.440091
763 214.698920 52.907242 35.484513 53.242499
764 217.333089 54.513499 35.183122 53.264967
765 217.462087 54.841436 35.481661 53.405980
766 217.462412 54.939592 35.490647 53.471951
767 217.549019 55.908399 35.405757 53.269525
768 217.751388 56.990975 35.317969 53.404452
769 217.803448 57.334174 35.467473 53.460754
770 218.045308 58.237279 35.150471 53.444236
771 218.256674 58.566737 35.468274 53.476436
772 218.474811 61.042575 35.314789 53.252969
773 218.568121 61.168979 35.497346 53.494036
774 218.568272 61.232085 35.488772 53.473591
775 218.477694 64.404512 35.140877 53.173204
776 218.494716 66.125795 35.309516 53.365158
777 217.850028 70.367812 35.028392 53.143803
778 216.669216 71.130668 35.196753 53.303587
779 216.143692 71.604519 35.405975 53.449328
780 215.947725 72.757641 35.465317 53.285949
781 215.850610 73.329488 35.474888 53.432646
782 215.456862 77.684338 35.154747 52.962705
783 215.629815 77.702631 35.497639 52.996229
784 215.630938 77.705457 35.496046 52.994839
785 213.433043 81.587902 35.191872 52.322392
786 212.919795 82.064629 35.319992 52.428325
787 210.818935 85.347846 35.132699 52.238706
788 211.002913 85.478143 35.497639 52.496265
789 210.979479 85.766691 35.467802 52.390053
790 210.973915 85.981041 35.483842 52.441260
791 210.985283 86.704655 35.465831 52.351997
792 211.002694 86.778306 35.497639 52.496265
793 211.004202 86.779823 35.497639 52.496265
794 211.005709 86.781340 35.497639 52.496265
795 211.007216 86.782857 35.497639 52.496265
796 211.008724 86.784374 35.497639 52.496265
797 211.010231 86.785891 35.497639 52.496265
798 211.011739 86.787408 35.497639 52.496265
799 211.013246 86.788925 35.497639 52.496265
800 211.030009 86.908520 35.543296 52.436617
801 211.257089 86.954804 36.002855 52.484326
802 211.504123 86.971365 36.498385 52.488292
803 211.429267 87.114375 36.521747 52.404190
804 209.873011 88.402630 37.221255 51.690740
805 210.012729 88.556913 37.497506 51.996301
806 209.998773 88.578755 37.498384 51.972256
807 209.205413 88.961609 37.569371 51.687556
808 206.800317 89.862989 38.040280 51.140892
809 206.764768 90.203594 38.444294 51.405485
810 203.128796 92.093035 38.441602 51.566886
811 203.158349 92.309245 38.497439 51.996301
812 202.248512 95.256717 38.263915 51.786850
813 200.051629 96.484224 38.235906 51.804011
814 199.664254 99.105610 38.351869 51.773027
815 198.724340 100.167374 38.330862 51.885447
816 198.043875 102.334426 38.277706 51.821832
817 198.100930 102.724384 38.478299 51.926541
818 197.826888 104.558460 38.409088 51.804951
819 197.872698 104.655637 38.497439 51.996301
820 197.831179 104.836263 38.495528 51.975368
821 197.548935 106.967148 38.403535 51.882633
822 197.553942 107.179592 38.499192 51.940404
823 197.022983 108.848285 38.419160 51.884126
824 197.063934 108.911457 38.497391 51.994453
825 197.056962 109.223770 38.485145 51.971894
826 197.048692 109.429036 38.504103 51.929853
827 196.826787 110.593856 38.866742 51.987977
828 196.168829 111.335712 38.785363 51.942571
829 196.275859 111.366269 38.996666 51.996531
830 195.643611 111.998358 38.908069 51.993456
831 193.869550 112.999692 38.867914 51.813297
832 193.935953 113.092696 38.997406 51.996301
833 193.937609 113.094199 38.997406 51.996301
834 193.375844 114.268852 38.910286 51.918343
835 192.867748 114.914015 38.987656 51.890396
836 188.321550 116.400045 39.323593 52.277670
837 188.410117 116.510859 39.497373 52.496265
838 185.405819 116.748879 39.432226 52.257939
839 185.267537 116.869321 39.418514 52.465686
840 180.453017 117.334073 39.620495 52.046512
841 176.765672 118.145547 39.869320 52.454561
842 174.444535 119.701191 39.782511 52.170638
843 174.012054 119.895762 39.819748 52.419676
844 170.745611 119.287344 39.855791 52.218363
845 170.792113 119.375439 39.999300 52.475379
846 168.495333 117.784823 39.894012 51.935973
847 167.323406 117.769301 39.678324 51.860607
848 164.132930 117.521042 39.810078 51.662798
849 163.433175 117.198969 39.974060 51.836994
850 162.933598 115.641616 39.964962 51.979385
851 162.917146 115.631753 40.000666 51.980206
852 161.960472 115.062627 40.395816 51.729131
853 160.968168 114.237904 40.326320 51.754638
854 160.738804 114.183376 40.416497 51.939355
855 159.529836 113.283135 40.243669 51.744331
856 159.533290 112.998672 40.415454 51.987471
857 159.418351 110.386982 40.248681 52.290224
858 159.480007 109.988117 40.470260 52.412807
859 159.471900 108.807218 40.382035 52.419010
860 159.493659 106.306779 40.326898 52.442264
861 159.711210 104.628589 40.354906 52.588713
862 160.339191 101.447096 40.304788 52.863774
863 161.427345 97.445124 40.275505 52.861229
864 162.245470 94.778326 40.391544 52.914246
865 163.047435 92.574229 40.311388 53.003713
866 164.665364 90.067649 40.264806 53.341596
867 164.986044 89.600996 40.454922 53.403977
868 166.887425 87.036915 40.172515 53.303314
869 167.998761 84.869555 40.287349 53.213965
870 168.712803 84.050229 40.386606 53.234601
871 168.904480 83.934563 40.468960 53.421409
872 169.240377 83.832149 40.424328 53.413985
873 169.629379 83.724617 40.384474 53.431850
874 171.733153 83.594803 40.062593 53.166908
875 172.007081 83.764099 40.471082 53.482285
876 172.669614 83.837769 40.344228 53.400921
877 172.762005 83.898349 40.494112 53.487306
878 173.205871 84.358845 40.382858 53.293602
879 173.265207 84.465319 40.497578 53.494653
880 173.896919 86.517902 40.164388 53.344838
881 174.554727 87.154738 40.292924 53.267854
882 174.658638 87.270453 40.497306 53.496194
883 175.447019 87.429176 40.265272 53.378783
884 178.024457 88.714269 39.900651 53.349754
885 179.646992 91.018525 39.500778 53.455382
886 182.332154 95.179090 39.276535 53.316407
887 183.520689 98.692878 39.065300 53.263398
888 184.054204 98.921804 39.356586 53.503373
889 184.928858 101.573657 39.220661 53.629304
890 185.244251 102.243154 39.435482 53.801023
891 186.033116 102.767077 39.284898 53.737997
892 186.650297 103.046088 39.325348 53.819583
893 190.303429 102.895917 39.112921 53.342267
894 190.497332 102.974426 39.497373 53.496194
895 190.506135 102.978291 39.494783 53.494074
896 190.445300 104.645009 39.425093 53.408577
897 189.974208 109.293431 39.018084 53.083600
898 188.638820 111.267686 39.361470 52.910415
899 188.536164 112.504685 39.417376 52.706904
900 188.292526 113.206639 39.481792 52.671242
901 187.527053 114.334863 39.388078 52.602498
902 187.480577 114.684172 39.488236 52.826525
903 186.260893 116.938553 39.182303 51.952983
904 184.722770 118.915421 38.991291 51.609334
905 182.865935 119.743928 39.012248 51.071983
906 182.663389 121.091545 39.226590 51.046049
907 182.791123 121.346368 39.483992 51.476199
908 182.831714 121.767168 39.456903 51.356164
909 183.620631 124.439081 39.125331 51.262975
910 184.242487 128.030951 39.160841 51.336346
911 184.429958 128.260445 39.486829 51.419698
912 184.341924 132.347201 39.123950 51.050900
913 184.530312 132.571407 39.497373 51.496336
914 184.544850 132.583862 39.494091 51.488743
915 187.137826 133.948447 39.343198 51.124311
916 187.216590 134.135948 39.497373 51.496336
917 187.631772 135.755890 39.305315 51.260335
918 187.651247 137.643498 39.413532 51.430584
919 187.411593 142.309309 39.171106 51.007920
920 187.571409 142.564703 39.494920 51.488731
921 187.582739 142.725254 39.484448 51.379464
922 187.620363 142.788857 39.477340 51.492878
923 188.829668 142.788332 39.122462 51.215088
924 189.018800 142.930444 39.497373 51.496336
925 189.025167 142.928111 39.494762 51.488556
926 189.028150 142.933489 39.497373 51.496336
927 189.022391 142.925505 39.499825 51.482208
928 189.242272 140.853944 39.311355 51.238273
929 189.456674 140.243154 39.425622 51.302394
930 189.752267 138.726342 39.300286 51.078435
931 188.849331 133.479603 39.170271 50.801470
932 189.216322 132.828512 39.254067 50.724909
933 189.981211 129.682897 39.145848 50.658604
934 190.624794 128.134095 39.227204 50.755478
935 190.999079 127.366110 39.275716 50.660012
936 191.042906 121.636089 38.913687 50.573146
937 191.086421 121.849175 38.997406 50.996372
938 191.087471 121.743591 38.981364 50.924726
939 191.200324 121.575703 38.945333 50.887003
940 192.497743 118.112929 38.699391 50.222188
941 192.679179 118.200645 38.976375 50.470521
942 192.737978 118.170805 38.970145 50.483512
943 193.103404 116.933980 38.754599 50.137002
944 193.630615 115.373777 38.697369 50.162780
945 193.978032 114.779591 38.799777 50.192818
946 195.451234 112.689144 38.729051 50.196552
947 197.358092 111.470686 38.577711 50.212612
948 197.958012 111.356709 38.814199 50.402814
949 198.304220 111.331382 38.884386 50.467272
950 198.829165 111.308370 38.821630 50.409097
951 198.939267 111.346523 38.983371 50.486257
952 199.330154 111.291171 38.829009 50.389341
953 201.048837 110.199884 38.710584 50.533043
954 201.443824 110.396048 38.857667 50.890323
955 201.748799 110.258538 38.891994 50.896833
956 202.288548 109.258160 38.963047 50.668130
957 204.056162 107.533968 38.734615 50.512376
958 204.780671 105.648705 38.949882 50.403504
959 204.914011 105.411761 38.923609 50.267967
960 205.039466 103.068286 38.778309 49.387029
961 204.964317 102.451913 38.883152 49.185017
962 204.829326 102.179399 38.835124 49.214557
963 204.766761 101.880234 38.647071 49.266758
964 204.942931 101.992634 38.993547 49.494581
965 204.954140 101.991443 38.987879 49.492737
966 204.960390 101.993884 38.996612 49.496016
967 204.962443 101.995546 38.997406 49.496478
968 204.964099 101.996976 38.997406 49.496478
969 204.969082 101.998376 38.994112 49.496457
970 205.087321 101.991530 38.928726 49.473713
971 207.236216 101.558068 38.448548 49.427519
972 207.774238 101.654011 38.244433 49.376710
973 208.737688 101.752048 38.219483 49.403892
974 208.935013 101.791641 38.453445 49.477589
975 209.571134 101.631667 38.121396 49.220963
976 209.819212 101.652782 38.449728 49.372574
977 210.034943 101.324203 38.386924 49.369622
978 210.453665 99.764637 38.392636 49.210100
979 210.617329 99.595213 38.460234 49.344576
980 211.240803 99.118365 38.322125 49.399145
981 211.987439 98.453532 38.359358 49.388823
982 214.088986 97.490382 38.164777 49.345336
983 214.271369 97.563244 38.482875 49.493367
984 214.313279 97.556141 38.473507 49.485035
985 214.743808 97.340569 38.277230 49.364278
986 215.913304 97.017937 38.108953 49.294062
987 216.496847 96.975596 38.313286 49.434168
