60 470.304437 339.794858 84.227965 68.001146
61 469.888847 340.739812 84.755883 65.702202
62 469.870736 341.577790 85.247114 63.070527
63 468.900159 340.045758 84.222330 58.919599
64 469.027724 343.017261 83.914381 55.212531
65 466.656888 342.100946 81.371031 50.612511
66 465.532026 340.285844 79.385265 47.299361
67 465.349390 341.400334 79.269027 45.966869
68 462.922331 342.440077 78.473850 44.475997
69 460.981602 342.780922 76.939183 43.700047
70 460.625066 342.781491 76.704840 43.803605
71 457.920027 347.943057 77.236527 42.579035
72 454.719800 346.798369 78.205602 42.633397
73 451.250223 343.889950 79.688281 42.939562
74 448.537041 348.039435 80.113846 43.401005
75 447.000300 346.529152 80.906789 44.365689
76 444.120267 342.366110 81.519772 45.978990
77 443.900206 342.139932 82.484934 46.160925
78 442.963621 343.590622 81.896377 47.173600
79 436.705366 339.493996 82.850537 49.147967
80 436.534321 339.786368 83.094099 49.651223
81 433.799399 345.990148 88.293882 53.727431
82 431.572963 341.056167 90.527090 55.488891
83 425.542433 337.668797 93.606942 57.955182
84 423.316515 340.227918 99.803414 57.738239
85 419.579015 338.250461 98.378496 59.359928
86 412.852388 336.777323 101.966474 59.566472
87 411.167134 336.485051 99.229303 56.492326
88 408.992015 335.501363 98.598449 55.722892
89 406.832362 333.567165 98.358808 55.558457
90 404.040554 333.863174 97.537734 55.399292
91 401.598981 334.311681 97.206776 55.063273
92 399.892967 334.518874 97.712811 55.262315
93 392.665197 334.626400 99.322385 55.131482
94 389.966133 334.712793 101.220751 55.474674
95 384.036468 334.791462 102.351173 55.303726
96 379.064919 333.587356 106.445710 56.304329
97 376.886617 333.744996 108.871101 56.743178
98 372.024946 334.312414 110.001272 56.742646
99 364.247633 333.701569 110.734510 57.116552
100 362.796030 333.901721 112.904092 57.767853
101 355.668563 331.627317 113.945796 58.918292
102 353.463965 331.816805 117.059083 59.790711
103 352.298854 332.166748 118.079501 60.148790
104 337.059473 327.874222 126.602338 63.590319
105 336.925506 328.026832 127.567837 64.095663
106 330.822538 329.108653 129.610406 65.361629
107 320.105875 328.024372 132.545150 66.276648
108 317.646901 327.557226 134.951140 66.952833
109 309.317503 328.670491 135.761571 67.572283
110 300.238661 324.333197 138.982990 70.843890
111 298.297463 324.028002 140.450400 71.647803
112 288.626234 324.899675 147.058047 72.887987
113 280.992522 323.360620 150.354414 75.089831
114 271.655011 324.163483 153.195290 77.371530
115 265.817808 323.274050 157.648438 78.830793
116 257.966822 323.798497 160.222749 79.595896
117 245.794344 322.052177 163.989968 81.250061
