121 151.148506 163.940696 41.481484 148.949783
122 158.353891 163.301599 40.309551 151.275819
123 158.447657 163.414397 40.481930 151.448940
124 164.144512 162.172520 40.904152 151.487719
125 164.190960 162.179368 40.981707 151.448940
126 164.198630 162.205606 40.981707 151.448940
127 173.203391 163.100106 43.165447 146.681349
128 173.369064 163.257161 43.481923 146.935933
129 181.483146 162.405387 44.312777 146.039060
130 185.139296 161.241155 44.290587 146.378897
131 185.242401 161.302391 44.480145 146.450625
132 194.107424 160.012055 43.736994 147.930315
133 194.237343 160.047589 43.980368 147.950120
134 194.245575 160.073221 43.980368 147.950120
135 203.493936 157.985260 43.139320 149.326561
136 203.671926 158.071095 43.479231 149.451796
137 209.473658 157.971657 43.111472 150.306172
138 209.666356 158.069274 43.480591 150.449277
139 209.674494 158.095339 43.480591 150.449277
140 218.480458 157.318012 45.431021 150.477861
141 218.513309 157.329785 45.479699 150.449277
142 218.521821 157.355850 45.479699 150.449277
143 218.530334 157.381915 45.479699 150.449277
144 218.538846 157.407979 45.479699 150.449277
145 233.687036 155.888549 46.994713 149.487281
146 233.687988 155.895607 46.979030 149.449614
147 240.848481 153.535168 45.817506 150.375185
148 240.938072 153.598279 45.979476 150.449277
149 240.946678 153.624344 45.979476 150.449277
150 240.955284 153.650408 45.979476 150.449277
151 240.963890 153.676473 45.979476 150.449277
152 255.677442 149.632055 44.201651 152.466448
153 255.872486 149.671599 44.320237 152.495281
154 256.009126 149.695192 44.319399 152.492365
155 265.534653 148.991293 44.489670 153.478402
156 265.538216 149.002809 44.480145 153.448266
157 271.703530 148.611914 44.569391 149.833651
158 271.917215 148.695790 44.979922 149.949446
159 278.475749 148.032154 45.181214 148.172228
160 278.633504 148.196734 45.479699 148.449951
161 278.642016 148.222452 45.479699 148.449951
162 290.429469 146.062957 44.932573 147.584883
163 290.461562 146.271207 44.979922 147.950120
164 297.372701 145.659962 43.800383 148.614985
165 298.568565 146.315772 43.419872 148.836211
166 298.681981 146.448928 43.350648 148.921186
167 303.807763 147.741990 43.568097 149.630501
168 304.065256 147.957317 43.893426 149.905922
169 310.051687 147.941349 45.344664 151.491559
170 315.254874 143.693879 44.845958 160.289556
171 315.336133 143.794777 44.978510 160.459690
172 322.326704 139.536183 44.627111 161.082220
173 322.537246 139.005708 44.856933 162.498886
174 328.575548 132.522992 43.203873 164.945459
175 330.930159 131.798288 42.694686 166.217245
176 331.143209 131.665044 42.904382 166.493823
177 331.252542 131.387699 42.903192 166.493394
178 331.360313 131.117460 42.905407 166.490632
179 345.857568 129.408112 41.931623 167.661946
180 349.763093 130.707480 40.075480 162.514088
181 350.069731 132.084265 40.208379 160.477515
182 350.273158 132.700427 40.314140 159.130155
183 350.590572 133.641965 39.962277 157.587021
184 363.399373 126.595861 38.407028 162.676062
185 363.444473 126.758592 38.482822 162.945064
186 363.451676 126.786822 38.482822 162.945064
187 373.215120 129.563792 38.241637 161.182522
188 373.383608 130.104420 38.497079 161.113460
189 381.689748 130.740608 38.471791 158.322439
190 386.894490 134.218934 38.070673 157.931883
191 387.124418 134.386285 38.484930 157.835683
192 396.850074 137.224127 37.866986 158.918903
193 396.941510 137.275411 37.968961 158.932917
194 396.970243 137.317399 37.975491 158.935207
195 408.139170 136.797877 35.819034 160.923662
196 408.206123 136.789561 35.946447 160.930515
197 408.209947 136.778418 35.946951 160.930684
198 408.213671 136.767144 35.947104 160.931021
199 408.217233 136.755625 35.947060 160.931021
200 420.614985 137.850142 34.959838 160.491847
201 420.622550 137.879712 34.997682 160.445823
202 421.199732 144.029665 38.201714 157.759743
203 420.988065 143.973912 38.989939 158.343182
204 420.940742 144.020864 39.061287 158.551031
205 417.819400 156.026130 47.069834 155.591900
206 418.081714 156.506541 47.547798 155.673190
207 428.328651 161.357611 47.831190 154.166534
208 428.472434 160.978771 47.972179 154.482223
209 440.155734 158.549874 47.828014 159.847257
210 444.280961 143.661249 47.021988 162.892685
211 449.177325 136.090068 46.720961 165.215404
212 454.769798 128.014344 45.270772 167.200020
213 454.978330 127.860012 45.393468 168.127700
214 455.139319 127.328414 45.344424 169.616752
215 459.204215 126.709828 43.868762 176.669686
216 460.040035 125.507702 43.052038 179.429830
217 463.620686 123.429694 42.237861 182.616047
218 464.046772 120.669240 42.151085 183.654773
219 467.586063 110.473823 42.022731 191.289022
220 468.565339 108.980298 42.323625 191.551711
221 468.846311 107.717059 42.403141 192.080969
222 471.572961 104.640240 42.533319 193.355356
223 471.995707 102.924445 42.903486 193.972634
224 472.230309 101.124207 42.900957 194.521958
225 474.820356 88.739162 44.103835 199.931859
226 475.254415 79.033481 44.330482 206.761732
227 472.894413 66.077283 44.429202 216.707409
228 468.907681 46.164733 44.510945 222.112716
229 463.642629 38.464653 44.374171 224.512254
230 460.966970 31.953876 43.936306 228.497611
231 460.158165 27.576034 43.650233 230.820551
232 459.849109 26.005333 43.188369 234.356615
233 459.780448 23.702687 42.866147 237.461117
234 459.519704 21.900997 42.509356 240.334369
235 459.670865 18.085380 42.493648 243.845403
236 459.637811 19.879700 41.933836 246.779420
237 459.758894 20.352419 41.663862 250.041213
238 459.789933 20.956257 41.699036 253.031981
239 459.929819 20.504548 41.345747 258.029041
240 460.153970 22.833122 41.024292 262.043030
241 460.893057 23.063285 40.401970 268.511653
242 461.467102 22.908836 39.689141 273.881477
243 461.919437 19.558319 39.384392 277.190778
244 462.270603 18.579814 38.453243 283.745309
245 462.663626 16.618361 37.173976 291.039710
246 463.818748 19.128601 36.190706 302.073330
247 463.997982 19.370179 35.066660 314.415415
248 464.020622 17.919477 35.139475 319.918816
249 463.608983 17.835237 35.201632 323.516312
250 463.641381 17.034038 35.046972 328.786093
251 463.664491 18.235476 34.989396 334.960571
252 464.089209 18.836710 34.596353 337.413423
253 464.130962 19.029553 34.340305 343.375373
254 463.156459 9.784543 33.989884 347.587518
255 462.357959 0.000000 32.635579 352.497927
256 462.734035 4.402748 32.771435 349.109757
257 462.657703 12.197835 32.937962 349.901754
258 463.209258 5.157327 31.849117 359.937193
259 461.756822 0.000000 31.629257 357.877466
260 461.352498 13.512522 32.250227 357.857357
261 461.223517 0.000000 31.787437 363.953107
262 460.256936 0.000000 31.885674 360.905493
263 458.183121 0.000000 32.194958 356.992779
264 458.276287 0.000000 32.864414 349.008309
265 459.477013 0.000000 32.898217 342.362580
266 459.345885 0.000000 32.812282 342.990198
267 459.457208 0.000000 32.937023 342.314862
268 459.567346 0.000000 32.883827 342.006262
269 459.729766 0.000000 32.850351 342.537660
270 459.691753 0.000000 32.783254 342.895162
271 459.629434 0.000000 32.743580 343.277504
272 459.725718 0.000000 32.627275 341.473251
273 460.009624 0.000000 32.778973 341.172453
274 460.069450 0.000000 32.852202 342.084031
275 460.168089 0.000000 32.744167 341.085858
276 460.246281 0.000000 32.760916 340.378656
277 460.296185 0.033216 32.916200 341.027794
278 460.156252 0.000000 32.750475 341.984561
279 460.293906 0.000000 32.807920 340.599701
280 460.381854 0.000000 32.867888 340.566979
281 460.523903 0.000000 32.844362 340.538592
282 460.758145 0.000000 32.841128 341.813402
283 460.646569 0.000000 32.813681 341.804422
284 460.145670 0.000000 32.792921 340.958785
285 460.389514 0.000000 32.784529 340.438624
286 460.551854 0.000000 32.845736 340.826871
287 460.856039 0.663101 32.715487 342.817315
288 460.517074 0.607963 32.878801 342.329489
289 460.190098 0.000000 32.857443 342.020702
290 460.398246 0.000000 32.804666 343.551398
291 460.660963 0.000000 32.776055 344.936036
292 460.468435 0.000000 32.788611 343.919837
293 460.221415 0.000000 32.807619 341.987845
294 460.272528 0.000000 32.764726 338.131337
295 460.396565 0.062726 32.925777 338.727200
296 460.539722 0.062032 32.892400 339.557604
297 460.676155 0.000000 32.843215 341.358246
298 460.849405 0.000000 32.838754 342.182243
299 460.895573 0.000000 32.838260 342.725577
300 460.793867 0.000000 32.872420 341.946105
301 460.616416 0.000000 32.865301 341.254348
302 460.688395 0.000000 32.815213 341.162836
303 460.859710 0.000000 32.686177 341.722515
304 460.966759 0.650026 32.743739 342.373808
305 460.936738 0.000000 32.775882 342.703868
306 461.148849 0.000000 32.822076 342.863775
307 461.462130 1.140429 32.891212 342.632475
308 461.559618 3.417632 32.796781 343.149228
309 462.128582 16.836121 32.319277 351.098154
310 461.131238 1.086771 32.108004 358.808927
311 461.990484 0.695955 31.876329 363.818383
312 460.738249 0.101550 31.844218 365.561702
313 461.055962 0.000000 31.790076 362.336946
314 460.696703 0.000000 31.785107 366.962533
315 461.016607 0.000000 32.350388 364.382195
316 459.557803 0.000000 32.462838 351.971615
317 459.674565 0.000000 32.273059 347.149022
318 460.926235 0.000000 32.149875 344.405845
319 461.174086 0.000000 32.123401 343.982546
320 461.278741 2.075301 32.283039 344.002526
321 462.441913 16.792087 31.923031 347.397828
322 463.587023 5.575180 31.226819 352.588708
323 464.650745 8.093170 31.058556 352.220275
324 464.679816 0.757313 30.658772 363.004982
325 464.252333 1.716048 30.823044 363.405830
326 463.209782 0.000000 30.611359 363.935215
327 461.986497 0.000000 31.054375 360.961267
328 461.616326 0.148763 31.847022 365.535102
329 462.404259 0.000000 31.668881 363.624526
330 462.368302 0.000000 31.424203 366.312079
331 461.573597 0.000000 31.331712 362.667749
332 461.192411 0.000000 31.606316 362.463407
333 460.090261 0.000000 32.148590 363.180878
334 459.844469 0.000000 32.408740 357.946767
335 460.198432 0.000000 32.110840 357.957377
336 460.606838 3.018444 32.520511 360.576065
337 461.205778 0.000000 32.563524 360.983471
338 461.049993 3.010785 32.853234 363.602540
339 459.777523 0.000000 32.738527 359.201783
340 460.647477 5.384640 32.736830 365.320084
341 459.564923 0.000000 32.465508 367.152864
342 459.967238 0.000000 32.285116 370.792132
343 460.247542 0.000000 32.257698 370.440853
344 460.250967 0.000000 32.098455 366.559310
345 461.291731 0.000000 32.114959 368.997812
346 462.031035 0.000000 32.186013 376.612711
347 460.317556 0.000000 32.803677 370.294919
348 460.232921 0.000000 32.567882 367.814434
349 460.598349 0.000000 32.451469 369.531616
350 461.205578 0.000000 31.846862 365.008343
351 461.468548 0.000000 31.779874 362.608578
352 461.091734 0.000000 31.863843 361.346640
353 460.821672 1.295348 32.112741 357.930045
354 462.139447 0.000000 32.398410 350.456939
355 463.471997 0.000000 31.992513 351.241499
356 463.837309 2.364508 31.851305 348.929928
357 463.721013 8.496200 31.396298 352.724594
358 464.783888 8.452316 30.874735 351.400556
359 465.623410 9.276002 30.260500 358.113336
360 463.940692 6.263359 30.313319 364.861880
361 462.607792 0.000000 30.090125 356.457407
362 463.375770 0.000000 30.141077 354.635094
363 462.831627 2.929348 30.325908 354.372896
364 462.209292 4.347002 30.462803 350.646491
365 463.046794 7.186309 30.156896 352.688193
366 464.203356 0.000000 29.950571 359.322677
367 465.502086 8.976222 29.969460 370.211981
368 464.598356 1.730061 29.501763 375.343464
369 461.771920 0.000000 29.876600 354.652405
370 462.401667 0.000000 30.169264 350.879134
371 463.075711 2.154849 30.290796 350.892766
372 462.842861 11.070364 30.403275 350.262401
373 462.700026 0.000000 30.200345 353.243980
374 462.967686 0.000000 30.406932 351.568217
375 463.185974 0.000000 30.299314 345.923353
376 463.433455 5.451255 30.361588 346.953667
377 463.818183 2.583180 30.197288 348.994965
378 465.457507 13.391100 30.152891 351.556885
379 465.211252 6.827405 30.142710 358.975288
380 464.006079 3.624265 30.265278 361.753503
381 463.256370 0.000000 30.423459 359.756838
382 464.070166 7.235589 30.134111 366.504404
383 462.217854 0.000000 30.122040 360.415548
384 463.021436 1.487284 30.456540 368.430735
385 461.717281 0.000000 30.202342 359.480699
386 462.320069 0.002776 30.300501 368.806947
387 462.725435 0.000000 30.156818 366.999762
388 463.153646 0.000000 30.380170 364.354060
389 462.167564 0.000000 30.555766 360.885304
390 461.853725 0.000000 30.790225 352.502595
391 462.306008 0.000000 31.125586 348.298375
392 462.891384 4.932696 31.320810 347.842667
393 463.842232 14.818344 30.714684 356.570468
394 463.352735 0.491513 30.527544 359.044983
395 463.563855 7.954870 30.977227 365.138393
396 462.152168 0.000000 30.673839 356.926790
397 461.670409 0.039039 31.154424 354.123660
398 461.836049 0.315431 31.216282 352.712567
399 462.554522 5.073619 31.206241 351.475780
400 465.196013 7.250289 30.686618 354.621100
401 465.728051 0.000000 30.164101 355.687779
402 466.470094 18.188249 30.121990 360.224278
403 463.277666 5.853473 30.515734 360.082077
404 461.689625 0.000000 30.546602 355.932667
405 463.047272 2.333918 30.626544 360.413418
406 462.575916 1.318238 30.734676 360.639411
407 461.705650 0.000000 30.885288 360.309898
408 462.025061 2.976452 31.103483 362.856076
409 462.182220 0.000000 31.280716 357.145433
410 461.849513 5.190222 31.346343 359.846629
411 461.188236 0.000000 31.213163 356.541120
412 462.556214 0.000000 31.680287 357.324054
413 461.377103 0.000000 32.123218 358.221471
414 460.719663 0.000000 32.695472 355.626613
415 460.661901 0.526117 32.924908 354.268594
416 460.646826 0.000000 32.836867 351.024204
417 460.342594 0.000000 32.866825 347.295072
418 460.989674 0.134461 32.635775 346.949359
419 461.321481 1.813612 32.661195 348.255331
420 461.746041 0.000000 32.495196 349.374536
421 461.976165 2.428794 32.049326 353.074474
422 462.241322 3.780243 32.286134 352.942111
423 462.898256 5.879786 31.790102 361.128427
424 460.970209 0.000000 31.678488 360.174373
425 459.891668 0.000000 32.233734 358.368914
426 459.805038 0.000000 32.922352 352.795120
427 459.834019 0.000000 32.841490 348.325318
428 460.092966 0.000000 32.535201 346.556416
429 460.778092 0.000000 32.393483 343.910391
430 460.822965 0.000000 32.050734 339.767244
431 461.187708 0.000000 32.212858 338.602620
432 461.097269 0.000000 32.355081 337.344040
433 461.108866 0.000000 32.438509 337.224830
434 461.071466 0.000000 32.430060 337.262097
435 460.741429 0.147742 32.441859 337.643890
436 460.644890 0.000000 32.448526 337.729239
437 460.683494 0.060855 32.438065 338.192051
438 460.654779 1.124597 32.388169 339.343396
439 460.724268 0.530553 32.268442 342.123010
440 460.726673 0.000000 32.259629 341.587187
441 461.160175 0.604431 32.136476 342.523596
442 461.237439 0.000000 32.102382 342.187946
443 461.603551 0.000000 32.283196 341.458752
444 461.659976 0.000000 32.254571 341.210447
445 461.654381 0.000000 32.343796 341.769773
446 461.687323 0.000000 32.393595 341.835761
447 461.855492 0.000000 32.251870 340.897323
448 462.069996 0.114135 32.320809 341.942341
449 462.018616 0.000000 32.308157 342.257707
450 462.331874 0.000000 32.337385 341.217113
451 462.432207 0.690361 32.388512 341.785540
452 462.504293 2.038127 32.410725 341.936954
453 463.094457 5.903817 32.105639 343.070609
454 463.502509 12.886168 32.204612 345.328329
455 464.833341 14.603116 31.499773 354.883459
456 463.912588 4.651772 31.013346 358.825851
457 464.781733 0.000000 30.773417 365.278721
458 463.732871 3.374003 31.106625 366.531866
459 462.394575 0.000000 31.607492 364.607731
460 460.261780 2.397254 32.191022 364.352655
461 458.034807 0.000000 32.595745 364.198007
462 456.749620 0.000000 33.522538 354.057277
463 458.350784 0.000000 34.281534 343.073407
464 458.694772 0.000000 34.212335 342.832775
465 458.933581 0.000000 34.379647 342.123184
466 459.029497 0.000000 34.407702 341.766387
467 459.229961 0.000000 34.324502 341.652131
468 459.287113 0.000000 34.401467 341.427395
469 459.285798 0.000000 34.376360 340.346757
470 459.297166 0.000000 34.446702 339.847514
471 459.306339 0.000000 34.317637 339.639479
472 459.313473 0.000000 34.264229 339.745799
473 459.470755 0.000000 34.391799 339.712807
474 459.583990 0.000000 34.391645 339.860267
475 459.664400 0.000000 34.354005 339.402334
476 459.649264 0.000000 34.354959 338.625110
477 459.617634 0.000000 34.337666 337.780042
478 459.586431 0.000000 34.352008 337.302512
479 459.544876 0.000000 34.392207 337.146234
480 459.278841 0.000000 34.372083 337.092827
481 459.271100 0.000000 34.362411 337.423982
482 459.348327 0.000000 34.400604 337.489665
483 459.357567 0.000000 34.410874 337.715152
484 459.446401 0.000000 34.411881 338.154512
485 459.618998 0.232595 34.423141 338.612438
486 459.924233 0.000000 34.372757 338.837170
487 460.163928 0.000000 34.383613 338.950901
488 460.271637 0.000000 34.435596 338.936710
489 460.381717 1.026749 34.401058 339.398591
490 460.542521 0.013132 34.053869 341.963342
491 460.876038 0.000000 34.041405 341.206514
492 461.398475 0.000000 33.789899 339.723083
493 461.499281 0.000000 33.765986 339.807238
494 461.594941 0.000000 33.845189 340.189895
495 461.594579 0.122061 33.928484 340.796085
496 461.606156 0.000000 33.858457 341.281481
497 461.655694 0.000000 33.600604 340.727677
498 461.978041 0.000000 33.742778 339.298342
