2 606.984159 265.238017 76.999504 68.981348
3 606.984422 265.247317 76.995043 68.988030
4 606.923851 266.144304 77.040755 68.093737
5 607.181784 266.583108 77.511334 68.301773
6 609.730409 269.361995 78.002005 66.101942
7 609.979422 269.560998 78.494947 66.488464
8 610.362592 269.954027 78.373443 66.295102
9 614.119924 271.094140 78.251843 65.659291
10 619.651250 272.824156 79.667798 64.640546
11 621.758139 273.179362 79.497864 64.934286
12 621.759222 273.212194 79.494882 64.988724
13 622.314639 273.517517 79.224018 64.960780
14 628.133640 274.727570 79.080985 64.690096
15 632.629551 275.229275 79.289380 64.829097
16 638.180383 276.821545 79.138978 64.418892
17 638.360909 276.862074 79.494882 64.488811
18 638.370576 276.880134 79.487107 64.488691
19 639.234647 277.470814 79.143345 64.402931
20 641.466344 278.481636 78.902228 64.345303
21 645.270219 280.534771 78.606460 63.830248
22 645.467004 280.619622 78.994915 63.988898
23 647.285331 281.244522 78.585546 63.897498
24 653.207430 282.005969 80.217186 63.777786
25 657.702454 282.241160 80.048457 64.127313
26 663.696310 282.942777 79.972842 64.404755
27 663.709904 282.990375 79.994850 64.488811
28 664.492276 283.095831 79.658092 64.535655
29 670.537818 282.839268 80.279953 64.890605
30 671.073305 282.795868 80.384253 64.963253
31 671.648418 282.750669 80.367091 64.911973
32 674.830212 282.416737 80.048215 64.622928
33 675.357022 282.326803 80.424097 64.970038
34 676.323248 281.978694 80.296112 64.906171
35 682.811623 280.767632 81.422063 64.909124
36 682.850607 280.813045 81.494754 64.988724
37 685.559502 280.512124 80.912551 64.958399
38 689.650427 279.565920 80.507751 64.938560
39 689.902607 279.590934 80.991310 64.990841
40 695.405542 278.640194 80.852832 64.929683
41 695.479142 278.675328 80.994786 64.988724
42 696.868004 278.521782 80.698703 64.980464
43 703.702363 278.651448 82.129067 64.944390
44 709.610016 278.249212 83.141844 64.960575
45 710.275684 278.514837 82.994975 65.067732
46 710.502830 278.791800 82.812822 65.520214
47 711.181319 278.874107 82.677151 65.985224
48 716.578983 276.435109 83.229324 65.762178
49 722.533893 275.136520 83.472161 66.210477
50 726.756095 274.711031 84.299356 66.633032
51 726.857678 274.898081 84.493904 66.986703
52 731.070367 273.198407 84.485914 67.218058
53 736.332490 269.795096 85.690074 67.042140
54 740.817278 268.144173 86.106945 67.611713
55 744.396147 264.984288 86.285605 67.286794
56 744.514197 265.099279 86.477269 67.490743
57 746.822311 264.291665 85.996249 67.567576
58 752.420146 263.822988 85.759299 67.959459
59 756.367624 264.304143 85.479002 67.703892
60 761.349484 265.214066 85.568289 67.597678
61 761.565356 265.415201 85.994464 67.988204
62 765.665820 264.089592 85.293682 68.269111
63 767.524598 263.544418 84.897523 68.633877
64 771.281114 262.830287 85.043717 69.039916
65 773.554579 262.998125 85.036715 69.416924
66 773.934819 263.113241 85.348060 69.458469
67 777.729064 262.217965 85.105277 69.660849
68 782.433294 259.392716 84.778122 69.808377
69 785.095256 257.638495 84.721292 70.112710
70 790.756041 255.782000 85.183485 70.384089
71 790.930035 255.901169 85.447701 70.412929
72 794.845052 255.976758 85.485881 70.154817
73 799.083614 256.296713 86.382160 70.029577
74 804.257873 253.183875 86.559477 69.426027
75 805.743393 252.495015 86.653100 69.534900
76 806.037170 252.700956 86.909161 69.969372
77 810.108348 250.076516 86.153033 69.056093
78 812.607614 248.342241 85.718038 69.175143
79 818.484597 249.704367 86.558742 68.876590
80 820.351754 249.685358 86.256803 68.932703
81 820.567972 249.719697 86.425426 68.985556
82 825.365965 249.316332 86.092267 68.923582
83 829.518293 249.269325 86.103086 68.953352
84 833.548864 248.232406 86.322805 68.931199
85 835.864005 247.637787 86.111661 68.981861
86 836.639662 247.498453 86.141771 68.990218
87 840.023491 245.433395 85.586425 68.780789
88 844.677005 245.092382 85.462287 68.832073
89 851.074352 246.544200 86.788734 68.046155
90 854.724698 246.814382 86.737592 68.401350
91 854.864564 246.868923 86.979913 68.491171
92 860.940835 247.114687 86.964514 68.283115
93 862.436935 246.737063 86.213012 68.437479
94 862.580446 246.768297 86.494432 68.488117
95 862.599733 246.740305 86.469424 68.467026
96 862.628702 246.730520 86.474068 68.469901
97 868.072802 246.500148 87.015304 68.146815
98 874.741703 247.981027 86.916154 67.787286
99 880.083185 249.004542 86.401254 67.759031
100 881.105359 250.041839 85.573915 67.833975
101 881.391568 250.182632 85.814997 68.013067
102 881.452391 250.397812 85.756392 68.497295
103 880.773186 250.319558 85.290332 68.493800
104 880.786749 250.299852 85.231618 68.463894
105 880.920956 250.317879 85.494496 68.488117
106 880.923725 250.323794 85.494496 68.488117
107 885.605951 251.148155 85.400359 68.122288
108 891.118879 251.250316 85.729655 68.294162
109 891.890016 251.372634 85.669316 68.469705
110 892.084117 251.402120 85.908540 68.504997
111 892.129863 251.649595 85.994464 68.988030
112 892.132648 251.655554 85.994464 68.988030
113 893.284259 251.399285 85.667815 68.930393
114 899.904223 250.358576 86.490661 68.964321
115 906.162979 250.578297 87.042168 68.661227
116 906.391912 250.747658 87.494367 68.988030
117 910.308436 250.524166 87.085004 68.829352
118 910.587523 250.596612 87.460455 68.981371
119 910.608121 250.605900 87.494150 68.988024
120 910.681596 250.605104 87.453825 68.988070
121 910.845024 250.590335 87.396693 68.986254
122 913.502995 250.338126 86.621050 68.834169
123 918.435838 250.641566 85.992508 68.852498
124 918.439601 250.715291 85.994464 68.988030
125 918.452235 250.741424 85.975608 68.960439
126 918.472870 250.778771 85.978118 68.964423
127 918.483828 250.796533 85.994464 68.988030
128 918.506185 250.794447 85.986291 68.978597
129 924.373472 249.721233 87.350561 68.487818
130 932.179793 250.251753 87.669004 68.032124
131 932.345308 250.485665 87.994335 68.488117
132 934.660975 250.437928 87.192557 68.535080
133 935.948330 250.862883 86.992608 68.945844
134 941.206205 251.358745 85.950849 68.886028
135 947.281264 252.137566 85.609628 68.635649
136 947.476466 252.319715 85.994464 68.988030
137 949.275988 252.296131 85.661926 68.843266
138 953.356289 252.502904 85.271850 68.618198
139 958.050692 252.765199 85.030322 68.569707
140 958.880428 253.005205 85.334056 68.934420
141 958.977140 253.037893 85.490778 68.987915
142 964.240517 252.925736 85.555646 68.686252
143 967.943579 252.754892 85.262730 68.717048
144 968.277722 252.879631 85.419399 68.964094
145 974.457473 252.282324 85.732607 68.750897
146 974.591186 252.406849 85.994464 68.988030
147 980.480074 253.186200 85.546218 68.655048
148 986.029220 253.936312 86.078366 68.395627
149 991.754707 254.724070 85.746725 68.257834
150 996.215504 255.505796 86.116750 68.188483
151 996.407146 255.661528 86.494432 68.488117
152 1003.498188 255.861029 87.031786 68.022178
153 1010.332885 256.554866 87.353263 68.235920
154 1011.924199 256.622555 87.088563 68.409160
155 1012.958554 256.591246 87.243248 68.458064
156 1013.141900 256.607409 87.474528 68.488761
157 1019.904432 257.366086 87.015785 68.167059
158 1020.266619 257.510326 87.445693 68.483100
159 1023.886445 256.925299 87.219753 68.235901
160 1026.254911 256.280569 87.301994 68.394073
161 1026.375944 256.322704 87.484245 68.486683
162 1034.400523 255.286680 88.426778 68.007531
163 1039.458299 254.586262 88.029608 68.516714
164 1046.545818 253.751290 89.453258 68.856611
165 1053.016751 252.257160 91.991291 68.239078
166 1053.016157 252.381043 92.002492 68.487888
167 1065.725549 250.675876 94.259653 67.960522
168 1073.726122 249.769193 92.525733 68.412299
169 1075.066239 249.686375 92.103651 68.544559
170 1076.221148 249.431837 91.919678 69.024884
171 1076.535784 249.577750 91.810087 69.486373
172 1082.549852 247.801045 91.259680 69.438929
173 1088.458693 244.584827 93.530175 68.903036
174 1099.935841 243.322052 93.332137 69.266909
175 1105.272067 242.273395 92.902562 69.650118
176 1105.340170 242.447471 92.989282 69.988087
177 1114.438123 240.782992 92.750980 70.031573
178 1116.374374 239.627539 92.381526 70.701568
179 1119.536009 237.034522 91.892636 71.197536
180 1128.033332 235.890201 93.409112 71.211818
181 1128.078794 236.034264 93.493981 71.487597
182 1135.550124 235.853052 92.559067 71.154438
183 1141.738363 236.034210 92.407353 71.074628
184 1144.383620 234.950661 91.730660 71.396662
185 1147.069967 234.785248 91.167059 71.385370
186 1147.236455 234.842536 91.494110 71.487597
187 1150.379127 235.091400 90.534420 71.397947
188 1155.674735 235.433705 93.160523 70.130484
189 1162.231149 235.425178 93.081474 70.513978
190 1171.206866 234.980369 93.656295 70.704015
191 1171.378373 235.128154 93.988664 70.988818
192 1175.249151 235.026336 93.164644 71.037275
193 1180.034690 235.440094 92.000158 71.608459
194 1181.279688 235.892336 91.916569 71.999598
195 1187.350007 238.531021 89.912063 70.990762
196 1187.393993 238.535613 89.994206 70.987683
197 1193.405724 238.096064 86.594276 72.161614
198 1200.171699 237.294097 79.828301 75.696635
199 1207.102160 233.726805 72.897840 80.700192
200 1208.209630 233.257654 71.790370 81.685125
201 1208.601858 233.387815 71.398142 82.151883
202 1209.113900 233.448616 70.886100 82.793666
203 1209.769959 233.430902 70.230041 83.485089
204 1211.313135 232.896690 68.686865 84.641558
205 1211.836327 232.908481 68.163673 85.388763
206 1212.463570 232.674582 67.536430 86.020208
207 1212.795768 232.878549 67.204232 86.710410
208 1213.309117 233.028065 66.690883 87.446825
209 1216.853378 235.230111 63.146622 88.578104
210 1222.613789 239.521301 57.386211 91.981288
211 1224.786766 238.998872 55.213234 92.773248
212 1226.525607 240.126828 53.474393 95.281399
213 1224.751050 244.499732 53.998570 96.070349
214 1222.632418 253.287448 55.067122 96.064024
215 1208.570837 265.126655 59.711922 91.078234
216 1198.094905 271.038111 67.669501 87.672628
217 1195.857843 274.206643 72.208710 85.590204
218 1195.481478 276.921755 73.976514 84.000860
219 1197.398330 281.375933 76.424314 80.265430
220 1202.415696 285.745332 76.719270 75.913249
221 1202.831240 287.756241 76.641805 74.273881
222 1203.720944 286.598842 76.247456 74.103036
223 1205.255674 286.519367 74.651763 73.759715
224 1206.352107 287.741754 73.647893 73.063409
225 1207.235323 288.596348 72.764677 72.860106
226 1207.650717 288.875178 72.349283 72.753370
227 1208.120447 289.238505 71.879553 72.682537
228 1208.555521 287.585829 71.266426 72.973528
229 1208.939345 279.539179 70.716360 72.571169
230 1205.530142 261.185873 72.451626 73.263294
231 1204.276666 239.210842 73.902616 75.184575
232 1204.367464 238.914550 73.901930 75.728060
233 1204.417374 239.043334 73.995067 75.990799
234 1204.425402 239.143408 73.983218 76.011564
235 1204.083520 239.917684 74.158296 76.502287
236 1204.004167 240.491078 74.610239 76.990579
237 1202.104024 242.195360 76.119822 76.962781
238 1201.076899 243.642585 77.138825 77.030137
239 1200.767272 244.468012 77.760525 77.422631
240 1200.669433 245.026762 78.093411 77.569823
241 1200.865495 245.264866 78.497208 78.007208
242 1200.856766 245.545063 78.497705 78.519232
243 1200.696931 246.303644 78.500850 79.351952
244 1200.948239 246.427632 78.988887 79.536006
245 1201.729593 247.136176 78.270407 80.925186
246 1202.431038 247.660923 77.568962 82.217577
247 1203.993828 251.896875 76.006172 83.947182
248 1209.541053 251.417230 70.458947 86.589824
249 1213.976564 251.142367 65.529374 89.646421
250 1218.453799 253.910200 61.264407 92.359842
251 1221.394009 253.889140 58.605991 93.079656
252 1223.938576 254.094827 56.061424 94.195310
253 1225.201532 253.269310 54.798468 94.838625
254 1225.802835 248.652853 53.314675 99.927638
255 1227.150304 245.548618 51.555035 106.815228
256 1228.838793 241.834820 50.007059 112.910793
257 1228.666515 236.436031 49.164713 123.004468
258 1227.335921 210.573952 48.229639 133.861232
259 1224.688423 193.044073 50.212430 139.787390
260 1225.302457 188.711625 52.215344 143.301104
261 1224.721779 182.831875 54.054408 148.192377
262 1229.132044 190.706525 50.867956 163.780732
263 1229.934135 208.599367 48.876496 174.810875
264 1230.406263 227.347945 46.737016 184.637520
265 1230.744710 226.780611 46.603270 187.829245
266 1231.092752 226.073828 46.686833 189.993068
267 1232.412157 225.127961 46.174823 192.461667
268 1235.171313 231.584514 44.828687 196.057733
269 1230.592031 266.209282 48.397520 192.025503
270 1230.132097 277.617404 49.628687 178.997044
271 1229.615086 285.559761 50.384914 169.614729
272 1231.196501 287.710091 48.803499 165.127758
273 1232.719111 305.424020 47.280889 159.358525
274 1234.382255 331.410024 45.617745 150.428477
275 1233.500022 327.682037 46.437418 145.930083
276 1233.430568 327.227217 46.510692 142.896949
277 1232.648915 322.734448 47.351085 137.881060
278 1232.850750 323.560977 47.149250 132.343173
279 1232.354424 322.699612 47.645576 127.610529
280 1231.746330 322.341454 48.253670 122.694678
281 1230.748512 321.420761 49.251488 117.757090
282 1230.092195 318.079918 49.907805 113.434997
283 1229.401050 315.115414 50.598950 111.979438
284 1215.411398 340.255670 58.593960 118.639597
285 1210.563382 328.346410 69.436618 110.863549
286 1195.920408 332.025034 84.079592 104.965489
287 1180.153860 331.089343 95.727713 99.729657
288 1180.577887 332.509394 95.848604 99.142194
289 1182.196134 334.360426 95.231676 98.295606
290 1174.718974 329.450384 96.266677 98.813298
291 1150.150525 316.037174 99.683404 99.945452
292 1109.763226 290.372045 103.954268 100.481498
293 1112.678318 282.085025 114.393776 105.903393
294 1127.458966 281.468999 123.709430 107.720786
295 1130.858764 284.022934 123.986152 109.621984
296 1130.559465 283.618285 124.109836 110.504836
297 1130.503054 282.193874 125.076761 112.877198
298 1130.342127 281.061791 125.728529 114.262496
299 1132.656110 278.236528 129.147831 116.370839
300 1138.657062 274.408724 128.743656 118.747482
