5 147.759743 86.984060 36.997643 64.570982
6 150.205959 93.445081 35.437386 63.155693
7 154.064765 96.191545 34.221656 59.719489
8 158.498213 95.154071 33.094081 59.673775
9 161.158428 96.954067 33.206205 58.653196
10 161.298659 97.179842 33.486053 58.947897
11 160.985778 99.107719 33.687574 57.484086
12 161.141558 99.116715 33.995485 57.492507
13 161.143787 99.120446 33.996083 57.493140
14 164.739847 97.245558 33.420719 58.227091
15 163.649899 88.005277 33.262383 59.824310
16 158.019990 89.829243 34.466641 58.345047
17 156.392438 83.682954 33.091339 60.528238
18 155.846671 78.431089 32.521965 62.166083
19 154.723797 50.059958 32.257840 64.201063
20 151.246140 42.774521 32.173244 66.238864
21 146.168699 40.130153 32.820239 64.502440
22 141.933961 40.444973 33.647439 63.363213
23 133.606643 39.616631 34.697018 61.690051
24 127.569441 39.958201 33.662799 62.290140
25 127.738013 40.063113 33.996083 62.492543
26 127.917537 39.961177 33.626650 62.645921
27 128.110514 39.965432 33.448807 62.889033
28 128.441384 35.874025 33.154855 63.198804
29 138.232711 36.680425 36.416116 63.985487
30 143.885955 43.910667 34.845262 65.369824
31 151.009021 49.814571 34.719939 69.150519
32 156.937309 59.617456 34.782478 70.818005
33 160.387945 68.871648 34.247209 73.156466
34 163.168993 92.960957 34.681526 73.617704
35 163.661455 98.577709 35.073206 72.592380
36 163.829809 98.339512 35.489760 72.784163
37 163.968673 84.278441 35.508469 74.733797
38 163.517616 51.839040 39.419802 78.400147
39 158.739255 34.838177 40.683152 74.206034
40 155.401950 33.977412 41.555157 69.363304
41 154.470992 31.054418 42.217527 67.276801
42 154.601370 31.194210 42.500462 67.410885
43 153.497102 34.825969 42.905069 64.228212
44 155.391480 54.085797 43.994327 64.015824
45 155.555084 65.443955 43.639113 64.155973
46 156.181926 77.903819 42.525163 69.873817
47 157.098244 91.102983 40.755477 73.973626
48 157.478105 95.248469 40.334620 73.976383
49 155.692698 81.520353 39.306488 72.640289
50 154.004979 72.770939 39.757946 66.077374
51 153.650960 71.779351 39.848589 64.439499
52 153.144142 69.589468 39.676289 63.955594
53 152.386640 72.949021 39.294258 62.611685
54 153.101491 92.166045 39.579245 64.366253
55 152.344038 107.274628 41.723103 60.647052
56 152.771901 119.992584 41.324854 60.656726
57 153.643094 133.418462 40.110504 64.892713
58 154.515929 146.108980 38.624594 64.886901
59 152.891705 137.638123 37.968161 67.859619
60 154.152834 121.140278 38.308546 65.272655
61 154.161308 105.341912 37.785204 62.637308
62 151.675799 94.274546 36.218668 61.474560
63 149.738076 91.301935 35.993406 57.772212
64 147.864244 90.023103 35.673433 56.760928
65 146.860817 93.126537 35.088324 55.639595
66 145.278397 101.503461 34.695402 55.651394
67 145.099377 113.529053 34.687226 55.171725
68 144.952600 125.412141 33.466634 56.652972
69 140.615855 126.535763 35.368678 56.969670
70 136.171497 112.625969 36.808852 59.697115
71 133.469479 88.418416 36.642153 61.300140
72 129.936689 65.838820 36.422512 62.003435
73 126.355231 57.402053 35.327631 59.337732
74 122.291107 55.817507 34.152515 56.807254
75 121.102196 59.409409 33.826300 54.453135
76 118.901050 73.124094 34.665019 53.407714
77 118.813501 91.148822 35.494427 52.786116
78 119.468018 105.055731 34.762243 53.447867
79 120.578345 127.697192 34.837389 53.230790
80 121.001557 126.799180 34.835984 53.982294
81 120.599425 121.459819 35.556682 53.665940
82 126.001575 89.252086 36.523191 54.454213
83 132.726626 74.824326 38.566278 54.668862
84 136.672853 58.518707 40.602256 56.062831
85 141.981441 56.747272 41.859389 56.979097
86 145.067977 59.683207 41.433524 58.800173
87 150.864720 63.340355 41.013076 60.243066
88 153.457329 73.063946 41.085934 60.315028
89 168.197610 95.481708 41.272239 62.239793
90 167.934637 104.899071 40.774454 59.552792
91 170.117377 92.932353 39.455706 59.541877
92 171.674648 79.960134 37.210287 58.946400
93 172.280169 68.729714 36.099687 56.330211
94 176.779393 54.386084 36.356548 56.287674
95 177.051956 54.714666 36.247127 55.937926
96 178.742096 59.205714 34.723989 56.328974
97 178.954542 70.408309 34.320946 55.152523
98 179.421351 87.627289 35.026339 54.422346
99 177.179899 120.367545 36.302333 54.989269
100 173.258556 128.457849 35.615965 51.759279
101 171.025608 118.767297 34.460855 53.270434
102 168.327449 101.605280 32.732432 54.024110
103 165.184514 93.364244 32.381563 53.692553
104 161.118625 80.826668 32.777417 54.474151
105 158.348525 79.175142 33.510586 54.539668
106 156.072490 79.518820 33.547246 56.016862
107 154.336277 88.561756 33.955344 54.547844
108 154.436297 97.546878 33.447322 54.416767
109 149.014358 116.715044 37.669019 54.992445
110 144.051529 113.720422 37.796797 58.161641
111 136.549930 95.111138 39.533146 64.476237
112 133.758933 78.417551 37.593782 63.120475
113 131.845601 68.822461 36.945325 59.879409
114 126.359981 63.316985 36.455577 57.597147
115 123.097216 62.740292 36.210425 58.120491
116 120.721030 72.413724 35.959279 55.423687
117 120.650321 82.365740 35.367778 55.302324
118 121.745556 98.902535 34.750847 56.177035
119 121.918572 114.743290 34.912909 56.267920
120 120.934322 109.050048 34.940304 54.896955
121 120.444018 95.864468 34.736997 55.027852
122 121.430375 83.502839 33.701606 55.491410
123 124.978084 76.178681 35.267007 55.288892
124 129.204407 72.216515 35.129886 56.417258
125 130.690096 75.924651 34.342256 57.800640
126 133.744106 88.033338 34.691475 57.242122
127 138.777256 99.810708 35.266932 56.581196
128 147.177960 114.861179 36.109295 56.157181
129 157.283728 127.057250 36.580809 56.824648
130 160.546578 119.191806 37.526738 54.787492
131 165.138911 102.764640 36.399096 56.088530
132 169.067701 91.761794 34.852654 55.772788
133 170.923318 81.518048 33.393568 55.729894
134 172.958565 71.059758 33.691845 55.647923
135 173.112613 71.235781 33.996083 55.993319
136 169.782969 80.143648 34.008080 54.795409
137 167.075990 93.228819 34.597022 54.149796
138 165.618606 108.410036 34.070323 54.245002
139 161.454323 114.045875 34.252950 56.479818
140 160.575897 105.168601 34.470889 58.503744
141 161.125766 91.067081 33.631115 58.849804
142 160.170712 77.841724 33.523136 57.744542
143 159.861224 71.945402 33.909635 56.772928
144 159.492263 68.184479 33.897832 55.897553
145 157.535499 69.119363 34.428737 56.076800
146 154.460940 78.858829 34.762961 54.360602
147 152.446287 90.776988 34.828080 54.249183
148 151.497372 101.025249 34.639756 54.468932
149 151.064492 107.222818 34.414643 54.448799
150 149.203190 91.531841 35.764377 55.612416
151 147.412498 77.654575 35.170752 57.549254
152 143.673492 68.370811 34.798712 56.367605
153 135.949301 66.817823 36.539073 53.004568
154 124.054165 74.624156 36.344005 54.699910
155 121.708624 85.395426 35.267524 54.326544
156 120.137984 101.121699 35.036820 54.774195
157 117.796450 114.572522 35.533095 54.935919
158 116.348064 131.234387 35.884678 54.195537
159 116.899904 138.851452 35.773874 52.941374
160 117.640542 126.753717 35.373870 53.244930
161 120.094466 116.532299 33.951085 52.468300
162 121.981961 109.331932 34.162327 51.651119
163 128.137829 104.400970 34.987575 52.435258
164 137.538107 103.068174 36.231018 52.927680
165 140.837340 111.994143 36.412091 53.263207
166 148.601938 119.424554 37.194035 54.752243
167 153.982579 130.935862 36.727363 56.793067
168 160.836537 145.226239 36.342665 57.588593
169 168.149517 144.992054 36.934971 56.724513
170 172.525169 128.137187 35.532844 57.829278
171 174.942918 118.041966 36.097105 55.673934
172 180.499930 104.133288 39.551769 55.531736
173 184.508531 99.055280 39.309914 56.830457
174 188.873845 96.769616 38.259688 57.441698
175 190.335138 102.417335 36.968639 56.394693
176 190.568795 111.409290 35.581175 56.135457
177 185.287413 125.994978 36.414854 55.085835
178 176.095592 137.051310 39.041548 53.964558
179 162.071143 134.894016 40.192132 63.705030
180 152.183548 110.671203 40.291739 63.971542
181 147.186962 84.183714 38.967247 65.093246
182 142.506434 71.589139 37.757280 63.157873
183 139.146550 61.730479 37.066902 59.778092
184 134.822619 57.567196 36.796525 58.857794
185 133.928883 64.319893 36.030451 55.849299
186 136.661236 74.588005 35.356911 55.113694
187 137.875820 91.673441 34.053504 55.701908
188 138.669073 104.719214 34.410015 54.881892
189 138.630027 98.884857 34.388608 54.382251
190 139.204079 86.323047 33.560867 53.267981
191 141.318216 80.085170 33.377339 53.848484
192 143.032752 77.354305 34.299792 53.529299
193 145.658188 75.267716 35.547155 53.734690
194 153.623023 85.400796 35.056954 58.735495
195 155.097544 98.034616 33.319420 57.427400
196 155.921621 111.072904 33.113342 57.394451
197 156.729096 131.766929 33.275042 56.850278
198 156.621918 146.409380 33.300617 54.379266
199 157.577230 136.104593 34.320424 55.161136
200 156.847950 124.979723 33.639851 53.415479
201 155.993068 119.506135 33.704876 51.071064
202 155.940310 119.232098 33.793786 51.548235
203 155.592500 119.007701 34.014993 51.802521
204 156.029221 131.636865 33.827628 52.589387
205 155.438625 143.699611 33.921762 52.368486
206 155.973495 155.511966 33.894392 51.860505
207 157.605459 175.900149 34.017625 52.131253
208 159.351123 194.231303 34.061722 52.589692
209 159.132489 187.995716 34.147926 52.981953
210 158.361876 168.390803 35.040764 53.290193
211 158.699332 157.145296 34.559647 52.473734
212 158.976652 142.445041 33.218365 53.345070
213 158.565508 131.962596 33.022676 55.508454
214 158.042176 121.792956 32.058151 55.091426
215 158.080609 123.470448 32.262949 54.980384
216 158.277151 126.027421 32.275858 55.244797
217 158.641893 137.717220 32.621193 55.907002
218 159.316261 149.379851 32.869994 55.282702
219 159.739233 124.425908 38.270664 61.420455
220 157.926322 98.083632 38.161245 62.581937
221 157.175174 86.473238 37.280845 59.453323
222 158.679783 68.751890 36.103284 58.062630
223 157.611411 63.845786 35.588090 55.414718
224 156.788407 64.115836 34.899836 55.930069
225 154.582520 74.212650 33.533685 54.519528
226 154.743397 87.075989 33.672257 54.479555
227 155.421833 110.587798 34.525258 53.687398
228 155.754235 120.064298 34.137118 53.262589
229 149.239478 106.814077 36.115754 53.880567
230 146.048824 94.207039 34.444400 53.079609
231 143.902705 84.417706 32.983265 52.723313
232 141.576216 77.128353 32.875080 52.924826
233 138.333773 75.755562 33.575118 54.547728
234 135.260265 84.135642 33.087481 54.294472
235 134.480249 95.974454 33.340410 54.297198
236 134.204383 110.151907 33.434473 53.959520
237 133.062130 115.714406 34.421177 54.780726
238 136.153948 118.352535 37.309937 54.223581
239 141.824037 89.500832 36.426240 55.494723
240 143.822050 82.534370 34.354177 53.917003
241 145.997506 76.635546 33.584337 53.189457
242 150.008686 72.593887 34.870854 53.745615
243 157.734332 71.068550 34.610729 54.623242
244 160.841307 85.107021 34.988464 56.472338
245 164.759451 96.211588 36.554318 55.369214
246 173.867386 109.954198 36.502468 54.844388
247 176.849491 114.860568 36.492883 53.423377
248 177.623297 103.970966 36.020221 54.264334
249 181.944956 76.418067 35.522264 55.103466
250 181.637604 70.659741 35.482393 52.753056
251 183.128385 65.519302 34.195384 54.715251
252 183.280664 65.661660 34.496025 54.993438
253 184.916916 65.440116 34.120434 54.853779
254 190.728124 78.575574 34.611261 55.824615
255 194.001397 93.523436 35.276403 55.919576
256 196.792515 106.170185 35.203216 55.657883
257 197.152141 106.368293 35.451228 56.050602
258 199.983583 104.870506 36.063900 55.584766
259 200.986053 72.593924 35.659471 56.741224
260 199.636611 68.213922 35.127749 53.261612
261 194.623870 65.623159 35.160330 53.708768
262 188.265063 64.954454 35.236659 53.898685
263 184.212488 68.487959 35.247254 53.893398
264 176.433612 85.660085 36.643600 53.990411
265 173.364131 100.217419 35.476706 53.450847
266 172.838315 107.405866 35.298169 54.509602
267 168.199227 108.600799 35.650537 54.741794
268 165.154467 96.881816 34.806912 55.155991
269 162.201517 71.327050 34.326692 56.630694
270 160.328389 67.382832 34.005850 53.139045
271 158.844000 66.518066 33.251103 53.753337
272 157.578140 66.594065 32.235765 54.614361
273 157.000265 72.390237 32.254183 54.314063
274 152.027403 94.414110 36.024394 53.581556
275 149.835882 111.740478 35.647312 54.600688
276 147.538522 118.640455 34.392283 54.531952
277 144.334028 119.642194 35.218497 53.321323
278 135.778843 107.700784 37.439366 54.656168
279 113.464032 88.251805 37.757587 55.153534
280 113.977105 79.750354 35.596585 55.952398
281 112.744575 78.824061 35.735865 57.314220
282 112.358152 78.726570 35.216852 57.522982
283 110.857625 86.888348 34.707458 56.483627
284 116.180844 106.323781 36.089077 56.131923
285 118.888402 119.758893 35.707045 56.582435
286 122.246229 123.280617 37.199256 54.660740
287 130.569779 120.078808 38.405936 53.140765
288 137.217781 97.809248 37.406095 56.936487
289 142.619545 67.389911 37.235885 57.505823
290 146.344881 61.606470 36.432990 55.943139
291 150.307794 54.679341 35.959977 56.612600
292 154.627432 54.828469 35.674108 57.108771
293 159.402193 63.375873 35.298281 55.401366
294 163.927706 85.233590 36.439091 54.809606
295 165.211534 100.698187 34.947801 54.946976
296 164.646990 105.739927 34.018729 54.999586
297 163.801566 102.453987 34.250501 56.503369
298 162.314109 86.851997 34.742196 56.412414
299 162.282475 62.073661 33.890701 56.556711
300 160.549201 60.821320 33.959096 54.957844
301 159.848502 60.036062 33.691547 54.641228
302 158.030349 61.418836 33.343282 55.023808
303 155.378025 68.209924 33.478288 54.450028
304 147.453810 92.007246 34.326692 54.335301
305 144.923285 105.840514 34.910063 54.063353
306 144.492673 110.805778 33.370612 54.087493
307 142.151710 105.665421 34.200531 53.238753
308 140.086105 90.645027 33.928623 52.985965
309 140.433191 83.157637 33.481501 51.638868
310 141.076030 80.707726 33.923023 55.684881
311 143.551072 86.093672 32.808661 57.076612
