2 867.004339 407.955452 90.977688 268.993779
3 867.022421 407.893056 90.975726 269.010736
4 867.056909 407.990829 90.967790 269.590110
5 867.102308 408.023319 90.966167 270.112176
6 867.142769 408.083577 90.968671 270.582008
7 867.182967 408.140142 90.967239 271.098571
8 867.204980 408.296658 90.977575 271.497307
9 867.232491 408.198306 90.971951 271.553998
10 867.268133 408.311153 90.969790 272.067068
11 867.308154 408.407011 90.968393 272.579626
12 867.330861 408.557368 90.976243 273.007915
13 867.344384 408.782532 90.979896 273.474765
14 867.368512 408.718361 90.972515 273.519745
15 867.385140 408.945789 90.979714 273.968539
16 867.400425 408.943176 90.979341 273.972955
17 867.414912 408.932214 90.978686 273.977658
18 867.427890 408.916340 90.979341 273.979461
19 867.441440 408.891424 90.978599 273.985772
20 867.459512 408.833133 90.975774 274.011733
21 867.490284 408.959726 90.970380 274.569163
22 867.522963 409.052538 90.970111 275.068974
23 867.546477 409.199699 90.975427 275.516618
24 867.563936 409.397736 90.977731 275.995302
25 867.580234 409.358155 90.977870 275.994525
26 867.597560 409.312803 90.977258 276.000605
27 867.627785 409.458132 90.971418 276.564130
28 867.668033 409.528027 90.967230 277.105271
29 867.711925 409.562583 90.965941 277.616629
30 867.748077 409.647146 90.971218 278.066267
31 867.772413 409.810189 90.976395 278.514409
32 867.790009 410.017424 90.978300 278.993441
33 867.815009 409.936237 90.973570 279.040909
34 867.828979 410.158426 90.981046 279.465295
35 867.838057 410.173393 90.981567 279.459524
36 867.846874 410.191245 90.981567 279.459524
37 867.855692 410.209098 90.981567 279.459524
38 867.864509 410.226950 90.981567 279.459524
39 867.873326 410.244802 90.981567 279.459524
40 867.882981 410.259056 90.981189 279.463709
41 867.891987 410.274816 90.981567 279.459524
42 867.900804 410.292668 90.981567 279.459524
43 867.909622 410.310521 90.981567 279.459524
44 867.918439 410.328373 90.981567 279.459524
45 867.927256 410.346225 90.981567 279.459524
46 867.936073 410.364078 90.981567 279.459524
47 867.944891 410.381930 90.981567 279.459524
48 867.953292 410.505537 90.984301 279.379812
49 867.952064 410.897888 90.985672 279.180484
50 867.957752 411.118553 90.985464 279.417555
51 867.964500 411.165893 90.982079 279.454620
52 867.972640 411.216118 90.983376 279.442238
53 867.980214 411.266776 90.983025 279.445570
54 867.987986 411.314209 90.982934 279.446463
55 867.996002 411.346988 90.982075 279.454673
56 868.004488 411.372717 90.981897 279.456365
57 868.013140 411.392148 90.981567 279.459524
58 868.021957 411.410001 90.981567 279.459524
59 868.030775 411.427853 90.981567 279.459524
60 868.039592 411.445705 90.981567 279.459524
61 868.048409 411.463558 90.981567 279.459524
62 868.057227 411.481410 90.981567 279.459524
63 868.066044 411.499262 90.981567 279.459524
64 868.074861 411.517115 90.981567 279.459524
65 868.083679 411.534967 90.981567 279.459524
66 868.092496 411.552819 90.981567 279.459524
67 868.101313 411.570672 90.981567 279.459524
68 868.109727 411.589937 90.981077 279.458724
69 868.119345 411.631126 90.980586 279.439040
70 868.128652 411.659220 90.981567 279.459524
71 868.161275 411.695265 90.973722 279.474091
72 868.205075 411.824169 90.975631 279.423153
73 868.216860 411.860207 90.981567 279.459524
74 868.227209 411.887749 90.981380 279.455166
75 868.234544 411.955466 90.984765 279.429537
76 868.241763 411.988312 90.981567 279.459524
77 868.247716 412.063433 90.985741 279.420887
78 868.192313 412.358319 91.019106 279.254985
79 868.427485 412.510347 91.484926 279.429270
80 868.377299 413.147520 91.644356 278.603013
81 868.503027 414.220629 92.153344 277.764001
82 868.565812 415.330925 92.650274 276.828746
83 868.713957 415.493372 93.006293 276.866146
84 868.806406 415.532363 93.683589 277.022203
85 866.331346 414.056033 95.304865 276.779651
86 862.709269 399.044187 96.644319 281.704089
87 867.216012 358.887535 98.347587 288.397863
88 886.113410 343.023169 98.493002 292.633601
89 918.569636 349.177533 97.311548 292.965142
90 923.197609 352.998894 97.486978 291.684278
91 926.008443 357.427610 97.102232 290.919609
92 929.438267 358.325257 96.737626 291.452523
93 930.643574 358.106152 96.462575 291.874224
94 931.248529 357.828022 96.069012 292.491700
95 931.853497 357.618957 96.224275 293.061930
96 932.417792 357.493347 96.222867 294.154106
97 933.019410 357.113679 96.201212 295.340212
98 933.438718 356.865729 96.321223 295.934397
99 933.543061 356.885601 96.469244 295.970134
100 933.567384 356.891671 96.473624 295.965053
101 933.586462 356.902341 96.475851 295.962484
102 933.598113 356.918573 96.480453 295.957135
103 933.607463 356.937479 96.480453 295.957135
104 933.616813 356.956385 96.480453 295.957135
105 933.626164 356.975291 96.480453 295.957135
106 933.646603 356.981283 96.470118 295.980579
107 933.661121 356.988467 96.480453 295.957135
108 933.670471 357.007373 96.480453 295.957135
109 933.679821 357.026279 96.480453 295.957135
110 933.689172 357.045186 96.480453 295.957135
111 933.702783 357.045757 96.478539 295.978461
112 933.715681 357.042864 96.479289 295.970078
113 933.725613 357.055299 96.480453 295.957135
114 933.736081 357.069406 96.479951 295.962724
115 933.745682 357.085517 96.480453 295.957135
116 933.755033 357.104424 96.480453 295.957135
117 933.764383 357.123330 96.480453 295.957135
118 933.773733 357.142236 96.480453 295.957135
119 933.783083 357.161142 96.480453 295.957135
120 933.792433 357.180048 96.480453 295.957135
