141 135.638677 123.026616 36.778102 107.899551
142 138.730939 119.013852 38.024270 107.990627
143 139.950795 120.212184 39.653828 107.440578
144 143.300571 121.562701 40.982719 107.595313
145 152.152937 123.156347 41.036266 108.322401
146 155.462575 123.273141 40.980419 108.432830
147 158.542343 123.071763 40.617519 108.869613
148 160.122348 123.079062 40.571207 109.225120
149 166.084145 122.255248 40.015442 110.364105
150 168.342853 121.569089 39.610266 110.561026
151 171.338137 120.252885 38.996126 111.404250
152 174.723290 118.637760 38.589406 111.767166
153 177.852919 118.363349 38.409874 111.961361
154 182.480138 118.823100 38.198749 111.548577
155 187.035898 119.160729 38.842627 111.428142
156 191.189880 120.391280 39.561414 111.507853
157 194.182469 120.467214 41.695301 112.222136
158 195.923768 120.104873 44.921496 113.221364
159 198.191517 121.368165 47.538754 113.502295
160 199.366207 121.006116 48.760526 113.870516
161 201.942556 120.215442 49.574691 113.818912
162 202.160289 120.296010 50.000520 114.000506
163 202.610480 120.209206 50.474477 114.388740
164 207.715811 115.816655 50.334920 114.733804
165 208.675776 115.826936 50.448519 115.099062
166 213.246823 114.706979 50.756455 115.275383
167 220.797356 114.771873 51.009209 115.523941
168 222.562014 114.989564 51.151316 115.865064
169 230.960187 115.756079 49.982893 115.763614
170 232.064924 116.339234 49.329226 115.914088
171 234.958394 117.085270 49.150641 115.238421
172 239.047128 120.649575 49.475646 112.369791
173 240.878509 123.477044 49.665897 109.968950
174 243.532310 124.149982 49.961190 109.214205
175 248.012106 124.167317 49.868731 108.795565
176 249.231067 124.065365 49.767828 108.856663
177 255.440621 123.316199 48.558602 108.812369
178 260.229969 122.194339 47.978021 108.079409
179 262.111699 120.895233 47.413447 108.742646
180 267.079008 119.885595 47.025773 109.448926
181 272.228531 114.643901 46.662473 112.357623
182 276.879564 114.004599 46.166060 113.544425
183 278.644355 114.037236 46.333659 113.976201
184 283.793035 112.691400 46.229883 114.817968
185 287.792869 108.835427 46.911496 116.793130
186 288.157726 108.440267 47.210942 117.153813
187 291.857715 110.960742 49.027582 116.786182
188 293.473066 112.834034 50.992835 115.557389
189 297.782164 114.724257 52.200159 113.756246
190 298.446815 115.819837 52.668821 112.927352
191 299.300500 116.026252 52.934191 112.589549
192 303.994477 116.584979 52.245643 111.000848
193 307.773565 115.315442 51.457544 111.059174
194 312.273827 114.430761 50.184296 111.404161
195 318.520837 111.562495 49.222577 111.042176
196 324.002524 111.810898 48.801317 111.094652
197 325.660009 112.516280 48.492643 111.651389
198 327.565769 113.330878 48.314504 111.736870
199 331.094411 113.604294 48.924195 111.228997
200 334.660661 114.460202 50.148414 111.071673
201 334.865427 114.698312 50.533467 111.484518
202 338.135579 116.602091 51.322928 111.111299
203 340.751135 116.528622 51.644116 110.994884
204 345.165552 115.874015 52.576511 110.474321
205 345.383246 115.888066 52.991241 110.494984
206 349.437947 115.354628 52.556743 109.957203
207 351.007051 114.583323 52.471027 110.205418
208 355.731277 113.803514 51.235848 110.484751
209 359.133860 113.124502 50.562699 110.615102
210 364.219637 110.680619 50.541114 111.403768
211 369.400330 110.627031 50.316905 111.681497
212 373.359158 111.832293 48.532268 112.433147
213 376.628177 111.431030 47.481704 112.719040
214 382.856416 110.598428 46.681492 113.428922
215 385.515192 111.207558 47.217661 112.466381
216 388.539063 112.340081 48.447945 111.870089
217 388.693589 112.916979 49.161932 111.476266
218 389.583562 114.073225 50.093754 110.778344
219 391.575647 116.369441 51.064976 110.368881
220 392.222260 116.799729 51.559968 110.353041
221 394.047724 117.784059 51.740696 110.286814
222 400.240298 117.626356 51.436430 110.036703
223 405.103209 115.926471 49.634686 111.031178
224 407.615407 112.931684 49.271970 111.569165
225 413.078695 108.636039 49.181167 111.794650
226 417.202035 109.643963 49.689946 110.302423
227 418.142835 110.015156 49.854581 110.264184
228 419.357851 109.466740 49.745226 110.281693
229 425.545118 109.092980 49.911046 109.092958
230 430.106719 110.387302 50.385087 110.116701
231 431.247477 109.746289 50.794442 112.289533
232 433.823086 107.067830 50.912844 115.723071
233 435.984151 103.269201 51.003137 118.763338
234 436.313130 103.425613 51.457202 119.062719
235 436.974885 103.275112 51.281088 119.545597
236 440.155100 102.106329 50.889883 120.240726
237 441.840746 100.896507 50.436764 120.800407
238 442.400023 100.419089 50.305198 121.076241
239 448.077689 98.672306 49.886235 121.418502
240 451.242224 96.501151 49.456048 120.815061
241 457.118672 96.725084 48.969718 120.215023
242 462.553304 96.493113 48.608690 120.822620
243 462.854036 96.720190 48.976453 120.949071
244 464.204953 97.590799 49.059179 120.225131
245 466.983296 99.031596 50.087948 119.196281
246 467.459188 99.407822 50.435356 119.331441
247 470.034488 100.532810 50.340372 118.770185
248 471.140117 100.907144 50.392241 118.591656
249 475.361228 101.013189 50.488995 118.099564
250 478.012967 101.151370 50.156521 118.143288
251 483.231451 98.764022 50.138459 118.441771
252 483.469995 98.784237 50.456410 118.503645
253 486.444759 98.379920 50.337116 118.594839
254 491.648259 93.478485 49.858078 118.413628
255 492.377823 93.745183 49.697790 118.420181
256 493.721698 93.662087 49.558587 118.326467
257 497.587665 94.752826 49.367869 117.753611
258 499.104265 95.729745 49.476963 116.745566
259 501.769443 95.490623 49.096532 116.002721
260 504.067021 95.326387 49.724917 115.086608
261 505.771153 93.427032 49.563880 115.067592
262 507.802179 92.691595 49.498746 115.180804
263 507.847454 92.830259 49.471841 115.476037
264 512.035578 90.211505 49.233732 114.000927
265 512.530288 89.928275 49.408697 114.409673
266 514.284012 89.129432 49.234098 114.280473
267 518.297475 85.270123 49.133649 113.406094
268 522.362970 85.392201 48.780966 115.255031
269 526.341730 83.804319 48.247441 117.839595
270 528.130548 83.831012 47.873130 117.634007
271 531.206762 83.740164 47.176119 116.742578
272 533.563963 82.764752 46.963151 116.233485
273 534.214956 82.831904 46.861834 116.377276
274 535.817356 82.325968 47.048140 116.307164
275 537.702260 82.742763 47.641914 115.798518
276 540.657783 83.743316 48.691793 114.495373
277 540.812277 83.748807 48.992507 114.496255
278 540.934421 83.889920 48.982016 114.410072
279 542.716304 84.587957 48.444870 114.488027
280 543.001208 84.501356 48.341592 114.451692
281 546.762498 81.609788 46.644389 115.416174
282 547.023705 81.524881 46.918840 115.388006
283 548.443937 79.359584 46.540917 115.658362
284 549.944284 76.071143 46.233198 115.761235
285 551.683531 75.863835 45.514974 115.994192
286 554.294686 75.762114 44.410353 115.741030
287 554.546785 75.776852 44.403353 115.971630
288 556.095721 74.488170 43.934452 116.398288
289 556.336292 74.379699 43.827825 116.580166
290 557.654844 73.662186 43.531599 117.142421
291 557.966281 73.811651 43.950563 117.513043
292 559.924501 72.921066 43.634808 118.207675
293 560.166360 72.940866 43.958844 118.561664
294 560.496609 72.475212 43.825802 119.192140
295 562.387117 70.501040 43.433108 119.865785
296 562.752581 69.612823 43.359870 120.052900
297 563.105610 69.265807 43.403158 120.273302
298 565.875969 64.012623 43.278905 120.162038
299 565.982495 64.679209 43.527183 119.717479
300 566.298118 64.952758 43.972318 119.785612
301 566.388166 64.567495 43.944879 119.672487
302 566.508206 64.127427 43.953901 119.303204
303 567.145518 64.491846 43.934617 118.389164
304 568.338311 62.254825 43.533856 116.445527
305 568.641079 62.403742 43.993481 116.308747
306 569.092275 62.588423 44.119406 115.747293
307 569.318678 62.709051 44.484455 115.997716
308 569.538204 62.905543 44.469141 116.051723
309 569.945844 61.946533 44.556339 117.691614
310 570.201181 60.300606 44.994015 118.938226
311 570.213028 60.283635 44.975652 119.016603
312 570.528567 57.526773 44.877957 119.702816
313 570.537251 57.242040 44.915854 119.914083
314 570.392646 56.305384 44.891446 119.573421
315 570.652248 55.303849 45.132205 117.700481
316 570.847514 55.193571 45.514571 117.766780
317 570.974469 55.050792 45.598680 118.084051
318 571.130821 55.015172 45.502995 118.347865
319 571.568397 55.595367 45.490349 118.656113
320 571.459726 54.518838 45.390122 118.764480
321 571.257775 54.985690 45.402203 118.695656
322 570.469306 55.229770 45.301917 117.341197
323 570.062490 54.350101 45.392309 117.011085
324 569.308137 54.806878 45.344914 116.185547
325 568.813877 53.974893 45.167084 116.262912
326 568.979005 53.985573 45.472730 116.473474
327 568.970356 50.964605 45.182141 117.559340
328 569.101918 49.539301 45.487781 118.081587
329 568.934632 49.646340 45.471118 118.328445
330 568.866463 49.830499 45.443026 118.355861
331 568.069852 48.703721 45.478009 117.821508
332 567.171603 49.244429 45.422818 117.656266
333 566.411891 46.306003 45.177752 117.476876
334 566.099576 46.311211 45.444150 117.252568
335 564.653418 46.045110 45.248666 116.728786
336 563.813748 46.076222 45.484461 116.519459
337 563.470410 46.202380 45.428182 116.755026
338 563.494512 46.263727 45.489143 116.967168
339 563.258137 44.685471 45.229584 116.014733
340 562.986071 43.941815 45.178204 116.027218
341 562.977186 43.744743 45.369006 116.421122
342 562.783022 42.612317 45.294571 116.145998
343 562.444072 41.464097 45.263016 115.625469
344 562.159288 39.249507 45.164390 115.347521
345 561.731064 37.985267 45.112874 114.577493
346 561.703950 37.403138 45.359754 114.673373
347 561.493219 35.736148 45.223052 114.583003
348 561.620576 35.801930 45.450858 114.963611
349 561.616135 35.445428 45.410269 114.899737
350 561.653801 35.382164 45.463889 114.934695
351 561.672046 35.416324 45.492196 114.995213
352 561.672040 35.349289 45.487774 114.956400
353 561.675938 34.736096 45.457886 114.727146
354 561.810403 34.108397 45.437327 114.848811
355 561.887557 32.431067 45.376107 114.716392
356 561.956128 32.071843 45.436428 114.775084
357 561.526694 26.701420 45.004375 114.196473
358 561.639166 25.017172 45.357318 113.672793
359 561.681804 24.580229 45.340456 112.407828
360 561.486252 21.720951 45.275931 111.717208
361 561.546240 20.761489 45.323031 111.598074
362 561.901983 16.489324 44.786422 111.751065
363 561.967112 14.837324 44.627990 111.825224
364 562.149473 14.897085 44.979529 111.994312
365 562.114542 14.626384 44.965575 111.885210
366 562.068933 13.287721 44.858656 111.651335
367 562.112201 12.903178 44.939208 111.747770
368 562.130010 12.810490 44.937047 111.896970
369 562.161321 12.860109 44.990556 111.993287
370 562.162751 12.851070 44.983907 111.996470
371 562.170403 12.848739 44.989434 111.991962
372 562.132549 12.560484 44.897842 111.925857
373 562.194879 12.042921 44.961348 111.570516
374 562.302378 11.544605 44.954900 111.598554
375 562.322212 11.028884 45.012643 111.398368
376 562.436833 10.682019 45.429323 111.238757
377 562.137566 10.361441 45.359067 111.040762
378 561.781312 10.402072 45.402678 111.320869
379 561.148490 10.223169 45.421825 111.002614
380 561.091152 10.467704 45.461207 111.433817
381 560.732999 10.586698 45.449871 111.235966
382 559.739627 10.727812 45.296087 110.993416
383 559.385198 10.911676 45.437073 110.441356
384 559.089636 10.731727 45.363818 110.011543
385 558.845464 10.802525 45.416813 110.166295
386 557.475482 10.408355 45.380014 108.817007
387 557.427990 10.510371 45.456623 108.865436
388 557.439193 10.331847 45.425437 108.838560
389 557.499236 10.104083 45.448569 108.799604
390 557.464790 9.108960 45.358722 108.454567
391 557.885897 8.325472 45.424109 108.249407
392 557.879409 6.686982 45.419434 108.055917
393 556.816018 4.264501 45.207669 107.356062
394 556.402355 4.351986 45.472988 106.726092
395 556.373098 4.292119 45.465586 106.743770
396 556.904767 3.920825 45.563188 106.748453
397 557.113772 3.971627 45.995565 106.914651
398 557.104961 3.984127 45.993003 106.960040
399 557.091836 3.989474 45.993983 106.986653
400 557.070672 3.975025 46.022970 106.961826
401 556.495678 3.714442 46.450393 106.737014
402 555.441968 2.975211 46.645920 106.131450
403 554.786564 2.569655 46.958340 105.609025
404 554.806957 2.220387 46.933795 105.044649
405 555.598661 2.248789 47.174226 104.797784
406 555.926810 2.340795 47.540027 104.917268
407 557.481004 2.220071 48.344859 104.352822
408 559.639724 2.048235 48.835248 103.817321
409 559.715301 2.084087 48.991378 103.963288
410 562.742089 1.803994 49.261448 103.630606
411 562.861056 1.975291 49.490254 103.998909
412 562.930244 1.977126 49.471714 103.985172
413 563.023716 2.008602 49.470673 104.019172
414 565.300269 3.035146 49.213662 104.575103
415 573.172283 7.314720 50.205731 105.688934
416 590.866377 9.277945 49.133623 109.382383
417 592.517181 6.750313 47.482819 112.556343
418 593.061873 6.121669 46.813227 113.911532
419 593.438366 5.793296 46.561634 114.535783
420 593.732246 5.783703 46.267754 115.171106
421 594.038669 5.863583 45.961331 115.963228
422 594.170192 5.954590 45.825798 116.198635
423 594.468917 6.209237 45.531083 116.689714
424 594.737630 6.352313 45.262370 117.093208
425 594.863757 6.516147 45.136243 117.516097
426 595.041324 6.727681 44.958676 117.997344
427 595.057244 6.705613 44.942756 118.008575
428 595.059220 6.884949 44.940780 118.528541
429 595.087838 7.117977 44.912162 119.001180
430 595.132115 7.370703 44.867885 119.496091
431 595.197873 7.375467 44.802127 119.496245
432 595.285261 7.359429 44.714739 119.505151
433 595.411684 7.586003 44.588316 120.012051
434 595.577237 7.778787 44.422763 120.541043
435 595.577846 7.916816 44.422154 121.029218
436 595.497465 7.996215 44.397367 121.615599
437 595.527834 8.148135 44.471235 122.010262
438 595.531446 8.358436 44.468554 122.505280
439 595.516443 8.462576 44.442750 123.009038
440 595.255345 8.425470 44.397927 123.620123
441 595.197312 8.452654 44.446228 124.063740
442 595.211600 8.639480 44.477000 124.515952
443 595.198547 8.796401 44.477387 125.018144
444 595.210208 9.040812 44.493195 125.495895
445 595.213207 9.042757 44.491444 125.498923
446 595.208613 8.999957 44.488047 125.502358
447 595.119398 8.998460 44.522079 126.017874
448 595.262226 8.907981 44.737774 126.472253
449 595.251011 8.655778 44.748989 126.582560
450 595.246837 8.344925 44.753163 127.012651
451 595.368607 8.589938 44.631393 127.496182
452 595.334896 7.977021 44.665104 127.466027
453 595.217093 7.354967 44.782907 127.492723
454 594.989481 6.523849 44.895735 127.490862
455 595.037603 6.503509 44.962397 127.492042
456 594.980208 6.344571 44.981332 127.478569
457 594.986109 6.357001 44.994533 127.495598
458 594.939767 6.355518 45.003839 127.470781
459 594.821435 6.422400 45.178565 127.389423
460 594.736723 6.359865 45.263277 127.436990
461 593.737740 5.743483 45.560111 126.990146
462 593.955745 5.712565 45.988138 126.978157
463 593.961926 5.713907 45.990998 126.992164
464 593.985988 5.713301 45.977390 127.005590
465 594.119951 5.970708 45.880049 127.570707
466 594.210137 6.146634 45.789863 127.992090
467 594.381806 6.163022 45.618194 127.994720
468 594.646639 6.410693 45.353361 128.096423
469 594.717789 6.553843 45.282211 128.466067
470 594.731906 6.211336 45.268094 128.482286
471 594.925329 6.426391 45.074671 128.520465
472 595.138356 6.669738 44.861644 128.995780
473 595.264624 6.667862 44.735376 128.992828
474 595.448559 6.684034 44.551441 129.041496
475 595.667654 6.775162 44.332346 129.503977
476 595.779779 6.923905 44.220221 129.994024
477 595.935700 6.876936 44.064300 129.994985
478 596.149542 6.863835 43.850458 130.000707
479 596.222424 7.102411 43.777576 130.495289
480 596.334746 7.106521 43.665254 130.494574
481 596.501313 7.101792 43.498687 130.493093
482 596.502316 7.108867 43.493348 130.495731
483 596.505989 7.114623 43.493348 130.495731
484 596.538387 7.120354 43.461613 130.507206
485 596.562738 7.370399 43.437262 130.995615
486 596.594453 7.376227 43.405547 130.995715
487 596.653088 7.381662 43.346912 130.995484
488 596.736184 7.387574 43.263816 130.995584
489 596.902177 7.401320 43.097823 131.026079
490 597.120724 7.644795 42.879276 131.499492
491 597.420241 7.690428 42.579759 131.517288
492 597.830949 7.798843 42.169051 131.903604
493 598.278898 7.698000 41.721102 131.969857
494 598.546326 7.739589 41.453674 131.980821
495 598.987958 7.533569 40.952137 131.993309
496 599.260108 7.516836 40.632716 132.080957
497 599.807656 7.560779 40.192344 132.575722
498 599.961807 7.776609 40.038193 132.995649
499 600.195526 7.777522 39.804474 132.993601
500 600.293110 7.778052 39.706890 132.991787
501 600.445852 7.784879 39.554148 132.998395
502 600.673825 7.772198 39.326175 132.993760
503 600.762930 7.617455 39.237070 132.976040
504 600.898978 7.616104 39.101022 132.992999
505 601.107067 7.610733 38.892933 132.996861
506 601.160912 7.615993 38.839088 132.995649
507 601.241678 7.621860 38.758322 132.995649
508 601.362828 7.627726 38.637172 132.995649
509 601.546045 7.664883 38.453955 132.998110
510 601.567935 7.676971 38.432065 132.995846
511 601.602209 7.682739 38.397791 132.995649
512 601.653501 7.687020 38.346499 132.994685
513 601.730558 7.693368 38.269442 132.995649
514 601.845168 7.703534 38.154832 132.996372
515 602.018089 7.713897 37.981911 132.993569
516 602.016548 7.734413 37.983452 133.001573
517 601.951789 8.368190 37.980402 133.524222
518 601.962720 8.621177 37.994178 133.991508
519 601.968828 8.640337 37.992553 133.996856
520 601.984733 8.695664 37.988536 134.004773
521 602.007580 9.124977 37.991681 134.515142
522 601.882764 10.113490 37.977783 135.036821
523 601.894204 10.347192 37.994062 135.495484
524 601.897347 10.336282 37.993499 135.493384
525 601.900985 10.338498 37.993818 135.495316
526 601.904379 10.344601 37.994189 135.495568
527 601.895297 10.155987 37.989813 135.466421
528 601.900693 10.176537 37.994189 135.495568
529 601.898834 10.124706 37.994323 135.463152
530 601.893091 10.041095 37.992140 135.440467
531 601.897324 10.074622 37.994189 135.495568
532 601.900532 10.080599 37.994189 135.495568
533 601.903740 10.086575 37.994189 135.495568
534 601.906949 10.092552 37.994189 135.495568
535 601.910157 10.098528 37.994189 135.495568
536 601.913365 10.104505 37.994189 135.495568
537 601.916754 10.115863 37.994316 135.492563
538 601.919899 10.123342 37.994189 135.495568
539 601.923107 10.129319 37.994189 135.495568
540 601.926971 10.154743 37.994642 135.484739
541 601.931259 10.200656 37.995061 135.477302
542 601.947777 10.829464 37.996468 135.371585
543 601.952567 10.945594 37.995852 135.473561
544 601.962996 11.085226 37.998241 135.446017
545 601.967206 11.211525 37.997213 135.452872
546 601.968887 11.248075 37.994428 135.483188
547 601.965627 11.179419 37.991098 135.438315
548 601.952918 10.742275 37.983004 135.327339
549 601.943387 10.621706 37.988577 135.392176
550 601.943917 10.618566 37.991364 135.459747
551 601.947841 10.620886 37.992964 135.486238
552 601.951182 10.606813 37.993415 135.489475
553 601.952620 10.514862 37.988510 135.455302
554 601.954966 10.195054 37.980300 135.408045
555 601.976849 9.779286 37.984241 135.356724
556 601.985461 9.829861 37.992763 135.493578
557 601.989456 9.832588 37.993865 135.495342
558 601.993243 9.849086 37.993182 135.482781
559 602.085894 12.292823 37.914106 135.265409
560 602.030484 12.666070 37.969516 134.940026
561 601.885276 17.415314 38.025130 134.102891
562 602.066777 27.764708 37.933223 134.322398
563 602.075532 58.587385 37.191952 134.610453
564 602.184695 55.316618 37.358176 134.118547
565 602.362661 57.152340 37.365469 134.119560
566 602.444056 56.128755 37.349761 134.271033
567 602.498360 55.355833 37.365387 134.126172
568 602.475021 43.289960 37.110509 135.455323
569 602.669124 31.390979 37.112812 135.253307
570 602.670173 30.105156 37.245203 135.188489
571 602.722023 30.357002 37.277977 135.286601
572 602.885516 28.115592 37.050644 135.398108
573 602.994634 28.207735 37.005366 135.205294
574 603.148456 38.148243 36.851544 135.370855
575 603.207114 36.715917 36.792886 135.222487
576 603.192508 31.510771 36.807492 135.240204
577 603.234246 27.194815 36.688940 134.665550
578 603.292139 32.486171 36.707861 135.200445
579 603.380912 30.215798 36.604787 134.495150
580 603.408165 26.004458 36.591835 134.603686
581 603.416620 21.327292 36.583380 134.912807
582 603.502410 17.832774 36.497590 134.716585
583 603.369376 16.455053 36.452686 134.674060
584 603.283592 13.921714 36.429329 134.439768
585 603.197999 12.221357 36.404719 134.180244
586 603.222274 11.871467 36.481532 134.348899
587 603.217302 11.715601 36.487796 134.369249
588 603.215191 11.590926 36.487867 134.410372
589 603.219369 11.453444 36.485058 134.411635
590 603.227181 11.437962 36.490671 134.475097
591 603.227736 11.368867 36.491205 134.449763
592 603.231977 11.343024 36.492196 134.477604
593 603.236305 11.360205 36.494404 134.493580
594 603.239456 11.363492 36.494147 134.495408
595 603.243401 11.327699 36.492292 134.489283
596 603.247546 11.336790 36.494418 134.495600
597 603.231620 11.533420 36.482247 134.481260
598 603.244734 11.352131 36.480731 134.431543
599 603.251025 11.274996 36.480944 134.470780
