45 1130.114980 318.076328 323.565501 265.436769
46 1081.089252 291.365498 329.482233 269.958545
47 1072.333631 290.754958 328.941069 269.743821
48 1043.222915 293.114242 332.114731 268.877257
49 1028.028622 294.691704 334.074131 268.501007
50 1039.938765 284.772596 343.556238 268.190121
51 1038.049719 257.984457 346.958153 267.117498
52 1064.423208 216.698623 354.724534 255.163633
53 1064.383234 217.107790 355.097673 255.336794
54 1064.497301 217.272336 355.544176 255.389742
55 1092.296526 210.974675 366.199773 253.406818
56 1127.188217 212.947835 373.978540 250.620354
57 1142.916099 215.043707 397.117463 248.806847
58 1142.424027 217.083637 401.224364 247.613003
59 1155.824974 217.523864 404.246007 247.234531
60 1188.154876 220.798865 409.643027 247.729296
61 1188.572053 220.918489 410.042600 247.991225
62 1191.846747 220.276905 411.585016 248.296313
63 1196.126556 220.429334 412.723944 248.709651
64 1158.126828 185.717142 425.366336 258.729923
65 1163.768908 171.722797 429.227532 266.608293
66 1182.501185 149.345659 432.105629 290.444338
67 1178.363064 158.067219 432.965981 297.471356
68 1157.421708 154.133802 424.956116 308.016579
69 1109.474051 160.536180 422.322876 310.584938
70 1109.567992 160.388185 421.613298 311.320557
71 1114.301025 160.347404 419.640352 312.044707
72 1149.033429 161.392767 406.715784 315.668344
73 1205.016237 164.637676 392.785337 321.250027
74 1232.405855 169.899897 385.943022 322.938643
75 1228.843203 165.200101 378.232483 324.506346
76 1126.329777 164.731639 378.942156 319.980392
77 1072.917771 160.669299 387.277559 318.143738
78 1072.072470 139.148065 390.013061 319.854780
79 1032.691768 85.566333 423.381618 329.339645
80 1041.105259 131.876927 457.685524 343.233231
81 1025.135645 142.210359 478.022431 345.752227
82 1001.909755 123.725415 478.878916 347.008029
83 1000.731017 131.125388 478.131010 346.430616
84 1019.101096 143.706221 475.756959 341.983187
85 1032.959680 159.660686 464.388280 337.283612
86 1052.433909 135.288272 450.552499 332.574627
87 1084.313544 175.073608 442.425299 329.226401
88 1126.726936 140.072510 421.312960 325.802954
89 1154.827031 174.133511 406.053376 324.183704
90 1176.969203 162.460151 390.605703 320.304660
91 1190.626386 88.893309 377.624686 322.527333
92 1212.878774 109.214782 380.840833 322.071454
93 1242.641139 137.251837 374.550285 333.926975
94 1248.283326 158.326133 370.510358 334.967479
95 1266.268764 187.179969 358.225186 331.787859
96 1275.203007 198.307657 348.064474 322.212124
97 1280.563290 218.606553 341.656950 305.329634
98 1281.678044 216.365311 340.685899 304.220562
99 1283.823564 213.745258 338.169190 301.931742
100 1283.698465 192.931434 335.488392 301.715504
101 1279.168948 115.053144 330.675405 307.048802
102 1282.696373 113.884111 336.892004 306.671291
103 1252.144311 97.116703 358.167947 308.993408
104 1238.184889 98.877694 367.298665 309.591183
105 1238.571036 98.887927 369.309907 310.312047
106 1238.991578 98.459629 371.824457 310.966812
107 1240.451322 97.415103 373.272921 311.400519
108 1247.627489 98.135449 373.215808 311.655130
109 1247.987435 98.334410 373.383239 311.976955
110 1250.300528 98.547282 372.281645 312.272642
111 1253.301069 98.887295 370.574615 313.006178
112 1256.049841 99.349828 368.956817 314.146567
113 1261.159727 103.409356 367.424043 316.302253
114 1279.822419 106.489075 362.367359 320.384247
115 1294.794136 118.581458 355.295122 324.659458
116 1299.397791 134.713078 350.037800 334.985688
117 1310.186500 239.357320 333.634016 363.905673
118 1298.219159 209.194066 328.251906 371.458474
119 1298.231020 208.278883 327.730454 372.193009
120 1297.693919 204.893548 325.878211 374.622759
121 1298.724504 198.795982 323.260679 379.375058
122 1299.824867 197.876041 322.137048 380.401451
123 1301.802647 196.890474 319.262685 382.259934
124 1299.245271 182.652330 316.113835 389.812626
125 1300.479845 177.586135 312.603031 396.630096
126 1297.910368 169.108369 310.728832 408.046401
127 1292.517434 150.346340 308.055902 421.897400
128 1289.220764 141.477524 303.085107 440.197768
129 1282.081496 124.106602 296.697201 461.073010
130 1281.658397 127.259421 294.503681 463.608156
131 1292.254131 123.983450 290.922205 468.778610
132 1297.180891 125.017764 288.322078 469.462302
133 1316.693340 124.481940 285.457667 469.088115
134 1316.798911 124.697756 285.449030 469.428696
135 1317.073350 124.637746 285.381139 469.464605
