5 146.287549 89.040864 39.494011 64.466519
6 148.398720 97.851498 39.097775 59.136416
7 152.573045 98.904724 38.970494 59.621028
8 157.138514 98.445050 37.136910 59.819710
9 160.094793 98.259343 35.349290 60.511405
10 160.195753 99.540144 35.371569 60.200865
11 160.294592 100.097181 35.729631 60.341263
12 160.412988 100.253071 36.006829 60.641269
13 160.645868 100.345353 36.491244 61.133326
14 163.560552 97.265531 35.876200 62.603565
15 161.879727 91.862343 37.266914 62.703765
16 157.224537 89.214833 35.773138 60.105070
17 153.221453 81.412073 35.037127 68.413171
18 153.773355 79.010666 34.400142 70.004497
19 150.539456 51.170855 36.494967 67.555107
20 147.148912 45.551315 37.679169 65.156846
21 144.365297 47.114889 39.101297 62.314694
22 139.994907 47.701656 39.558694 59.893122
23 135.635776 45.663052 37.717278 60.321808
24 131.096384 45.881346 33.695391 60.981989
25 128.878081 46.797711 34.400861 60.325820
26 128.807335 47.347482 34.381475 59.327822
27 128.228098 45.427701 35.166980 60.231828
28 128.849113 42.958843 36.228991 59.713090
29 138.722303 46.732095 37.924580 60.981262
30 145.842390 49.937367 36.607027 62.370417
31 151.253799 56.496589 37.785665 71.072838
32 157.330874 68.501857 37.534826 72.278758
33 160.472952 80.260828 40.025230 71.581149
34 162.634081 100.206255 39.748161 74.270108
35 164.586340 110.185831 37.795086 68.302024
36 162.097706 97.299428 39.556747 74.461805
37 161.979735 74.604187 39.302412 82.561040
38 159.564343 58.785956 40.386192 79.724286
39 157.033455 31.842914 40.544912 73.174084
40 156.135640 27.631110 40.430949 70.559347
41 155.918429 28.144181 38.299673 68.133240
42 155.988916 27.091097 37.019036 69.579987
43 156.651417 33.667300 36.140099 69.360276
44 157.476562 52.253682 38.285617 72.441045
45 158.202932 65.821600 38.065009 76.630254
46 158.170438 81.652437 37.676844 85.953493
47 157.309892 95.542872 38.016855 85.855947
48 157.578921 100.686411 38.112175 81.789967
49 156.099424 74.856930 39.877552 80.490699
50 155.387172 68.241205 41.250168 74.899994
51 154.629861 69.697755 40.291883 67.704231
52 152.630482 72.742298 39.883286 69.035707
53 151.339653 78.427168 38.998936 66.812407
54 151.112024 94.327956 38.566432 68.333274
55 152.001096 107.254076 38.216650 66.680652
56 152.741818 118.143577 38.301327 69.501718
57 153.452677 130.726481 37.806200 77.569456
58 154.526383 141.908752 37.915536 80.146064
59 153.326542 125.943079 38.429132 81.256685
60 152.990000 109.866653 39.279162 78.366892
61 151.742032 99.579023 38.833711 75.208017
62 148.559058 87.021188 38.580348 75.406852
63 147.633554 88.055275 36.076558 69.077385
64 145.279248 86.843911 34.328963 69.120025
65 143.815910 92.680170 34.575595 69.235071
66 142.166389 101.065932 38.411642 68.603823
67 141.620860 112.726650 38.127737 68.561844
68 140.424157 122.969316 38.941045 73.105495
69 137.893668 124.568894 39.047050 73.015191
70 134.971178 100.639167 40.228173 78.134717
71 132.009821 84.567965 39.748114 74.409885
72 128.742889 68.321414 39.257027 68.393679
73 125.533785 62.415666 36.966329 64.067862
74 120.110233 57.060619 35.082752 60.625187
75 117.917739 63.793409 35.727222 60.025906
76 116.122303 72.860439 37.512732 63.645207
77 116.351894 89.274548 38.896619 60.381879
78 117.308682 104.915978 39.077479 61.597134
79 119.789394 128.704830 36.776223 62.434164
80 118.528470 118.131921 40.669419 67.789975
81 122.084006 101.666804 39.398993 66.686661
82 125.928866 82.362876 39.052831 67.037092
83 132.720208 72.187124 38.020204 60.909254
84 140.220686 57.869571 40.645326 59.396168
85 143.772815 56.839173 41.106702 55.054129
86 149.697723 59.484782 41.408469 64.594015
87 152.618413 67.179664 38.928845 64.023099
88 157.841747 75.416134 39.293479 64.871831
89 167.416775 95.243746 38.677160 68.061678
90 169.245563 103.148416 38.541061 64.660940
91 171.103344 92.835111 38.515044 69.278739
92 172.283011 77.251361 38.719529 69.007807
93 172.128869 68.192718 38.896737 63.574757
94 178.136628 54.916207 36.574718 64.363174
95 177.036614 55.004356 35.809526 64.320191
96 176.502730 61.480294 36.894208 64.247075
97 176.523330 70.634032 37.618709 64.113769
98 177.109861 85.187904 39.301637 64.435886
99 176.011955 120.261196 38.944744 64.220213
100 172.759002 127.182012 39.325038 59.784749
101 168.623970 116.535701 37.942954 61.962815
102 165.567678 103.288298 37.199456 60.502396
103 162.642515 93.557443 36.601585 59.294144
104 158.088942 83.074025 36.275304 58.161356
105 156.014292 80.960163 34.782804 57.919040
106 154.130410 83.339094 34.078365 57.957531
107 153.705712 91.125534 35.132870 54.694325
108 152.012546 100.075657 36.112985 55.139848
109 148.186708 118.430604 37.399137 50.655437
110 144.139101 111.717742 36.162628 55.968170
111 138.300006 94.200213 35.535707 55.857953
112 133.499555 79.343516 35.800328 56.796161
113 130.959669 72.273431 34.819042 56.975772
114 125.821704 66.584800 35.219671 54.405854
115 122.158174 67.820264 35.390483 54.251395
116 119.492472 75.525508 35.132012 51.622112
117 118.388395 85.644031 35.068766 51.881378
118 119.553182 96.725085 35.687632 53.870337
119 119.957179 118.027234 36.419887 50.195998
120 117.499250 108.668195 37.654389 55.607624
121 117.016057 95.114082 36.560174 54.599076
122 118.888118 84.975122 36.578915 51.949987
123 122.604537 78.323902 35.364823 53.323248
124 128.414311 73.877998 36.173698 56.747261
125 128.747142 80.725042 37.667693 54.941919
126 131.162396 88.889346 38.271529 52.939412
127 135.715165 99.798248 40.944628 52.863747
128 142.589908 109.118195 39.554431 54.370510
129 155.129690 127.343596 39.727001 54.342666
130 159.452331 114.762825 39.054333 55.009569
131 164.889838 99.483001 36.873133 56.333949
132 167.797769 88.330641 35.728300 54.162229
133 168.768676 79.510245 36.355356 57.198888
134 172.485124 70.580407 34.286929 56.558177
135 171.655165 74.332339 34.595726 57.715136
136 167.212728 81.376242 37.649872 53.999905
137 163.607441 91.793015 37.728384 54.876310
138 160.942860 106.188212 38.312750 54.383499
139 157.852980 120.273070 38.058169 53.958766
140 157.403492 106.469866 36.785916 56.737989
141 156.512136 90.435340 36.387164 56.958999
142 157.083276 78.077811 36.189186 57.102973
143 157.438118 71.281448 35.587591 58.838784
144 156.133684 65.493672 34.966580 60.542250
145 154.912250 71.834345 35.105808 59.740303
146 152.184044 80.763653 36.825581 54.694862
147 150.220101 90.889257 36.693787 55.137230
148 149.598133 102.702911 37.818576 54.399369
149 149.223501 106.348154 38.769481 52.816633
150 147.587354 93.335080 37.610060 52.433209
151 145.399925 78.468135 37.006311 52.729213
152 142.411829 71.443123 36.448703 51.398399
153 136.317840 69.348838 37.522218 49.462145
154 124.877258 77.370452 34.627030 49.683297
155 121.836700 87.118967 34.651020 51.056933
156 119.948288 101.552183 34.958178 50.772933
157 117.240668 116.871424 35.560457 49.131366
158 116.312516 131.567867 35.121059 50.120907
159 117.189425 137.244730 37.693291 49.443940
160 116.872510 124.167990 38.309851 49.897764
161 116.831582 116.204563 38.728481 48.463840
162 119.354260 109.909224 38.921985 48.912495
163 126.756425 105.512839 38.857617 48.325440
164 134.808874 104.765859 39.332330 51.305821
165 140.932295 112.368330 37.791275 51.692017
166 145.736637 121.819736 40.542922 50.353406
167 152.792122 132.886137 42.992276 48.706698
168 158.606017 147.070174 42.633877 50.400331
169 166.929433 147.731819 41.815792 51.125155
170 171.016531 130.555612 41.126804 51.501843
171 173.134930 118.363662 40.022917 51.409057
172 179.896351 109.099832 39.663341 51.492039
173 187.609786 104.509049 36.662804 52.506071
174 192.854672 100.595575 35.107715 56.549166
175 191.626267 106.454467 35.576383 56.088381
176 190.677830 115.411769 37.299518 56.499009
177 184.850878 128.049146 38.365991 53.454653
178 178.654694 139.347660 38.455554 53.315639
179 159.421569 123.148316 35.959836 60.533333
180 153.037881 102.674881 35.157525 59.679034
181 148.240870 87.305067 34.506637 58.146458
182 144.071562 74.062915 33.995862 58.887474
183 140.358135 66.548260 32.655038 57.718532
184 136.759857 63.823214 32.401031 56.114384
185 135.237373 70.402408 32.283017 55.803142
186 134.584725 77.749120 34.965634 56.728284
187 134.532004 89.224966 36.584188 56.399665
188 134.809658 102.667761 36.801317 56.066202
189 136.567640 95.083051 37.408375 57.145865
190 135.955431 88.275724 37.721926 52.596806
191 137.957167 81.186634 36.866229 53.706209
192 141.835348 79.273843 38.048490 53.295056
193 146.052601 78.709628 39.458623 52.979281
194 152.777221 89.181821 36.104222 55.630224
195 153.512436 99.782135 36.528430 54.991699
196 153.488045 112.733934 37.610936 54.923066
197 157.598220 128.778832 37.589005 57.444787
198 156.249499 143.520058 37.224137 56.159006
199 156.467005 133.919749 40.408081 56.632470
200 155.565076 127.311780 39.172950 53.102325
201 154.179813 120.657976 36.984791 51.467091
202 154.427686 120.003378 35.476092 52.223944
203 155.222655 122.910156 35.194164 53.520083
204 154.891917 133.769365 34.685132 53.673057
205 154.224944 144.743585 36.584003 52.121415
206 156.063614 159.876235 35.946734 54.111273
207 157.709577 175.290436 35.361399 57.824059
208 156.552322 191.520282 36.542219 56.753868
209 157.586914 184.589391 37.174291 57.286931
210 158.368298 169.902454 36.060095 56.855065
211 157.540529 157.036784 35.103095 56.060776
212 157.823841 141.430648 35.058925 56.881077
213 157.106386 133.230213 35.282242 56.822296
214 157.705000 121.180877 32.960556 55.639810
215 157.018162 122.364068 33.135016 56.213620
216 157.414481 131.288791 34.588693 56.463484
217 156.967175 139.528036 35.636433 56.375564
218 158.277198 149.121609 34.820578 55.947749
219 161.077111 118.586834 34.233220 70.658587
220 161.202192 97.489938 33.042740 67.928239
221 160.773947 81.961753 33.114776 64.612266
222 159.484404 71.574697 32.990738 61.943616
223 159.202031 64.177967 31.818127 62.044760
224 156.161330 63.814113 31.515640 64.189744
225 154.894786 72.736813 33.181419 62.892424
226 153.804154 85.122097 35.031066 64.667970
227 154.475124 101.993962 37.191504 65.956082
228 154.026415 116.304084 37.715997 59.825026
229 149.712652 101.875340 38.273680 61.791105
230 147.974726 93.607305 35.501631 58.429464
231 144.608229 84.380600 35.067959 57.720468
232 141.252206 81.338873 35.192027 54.024514
233 138.106208 79.356846 34.763414 55.025704
234 135.666155 88.647519 34.070356 54.555769
235 133.245937 99.156574 35.509334 54.966793
236 131.196812 109.748793 37.611294 53.578029
237 131.771788 120.972029 38.349605 53.163702
238 133.308069 120.906178 39.598017 53.362670
239 139.827183 93.039959 38.428764 54.721344
240 141.700878 82.518451 37.166109 55.615925
241 142.504693 77.496404 37.813502 55.797010
242 148.731545 73.172300 38.182630 55.409613
243 155.374861 71.727936 37.437312 55.764338
244 156.764658 87.128063 39.027547 54.032743
245 159.739571 96.239023 42.440621 51.489344
246 168.554888 108.859023 42.205213 51.673268
247 175.144705 115.140216 40.608609 52.363002
248 176.394325 105.365521 38.589529 54.832263
249 178.181802 78.909428 41.115888 52.775399
250 179.229850 71.558537 38.727611 53.873512
251 180.586615 66.755078 37.999216 54.839429
252 181.869190 65.850120 36.213455 56.710153
253 184.055303 66.898355 36.071898 56.754410
254 188.723807 81.738120 36.675981 55.857202
255 192.289195 92.249302 36.536060 58.008460
256 195.296760 105.103086 37.342152 56.437501
257 198.306428 110.974145 36.852202 56.302286
258 198.537851 101.791885 36.853080 57.165473
259 199.531224 78.382408 35.597223 56.526223
260 197.210531 71.829376 36.666862 55.593436
261 193.532704 67.943147 36.450865 54.887481
262 187.793899 67.452483 35.609882 53.581916
263 184.386894 72.543307 33.846962 53.117693
264 179.124811 86.618049 33.197292 52.588107
265 174.389090 99.791754 34.859830 50.306663
266 172.160659 110.590275 35.563005 48.210110
267 169.485483 110.131384 34.235714 48.756321
268 165.196092 98.862062 32.725480 51.614764
269 163.560210 76.734062 31.516104 51.809503
270 162.121226 71.885222 31.406018 51.222504
271 159.461524 70.642323 31.117901 51.058890
272 157.348657 70.874032 31.660245 52.161132
273 156.193682 76.351825 32.027544 49.961307
274 154.000674 97.872732 33.544902 53.452034
275 150.795655 111.570569 34.283232 52.660971
276 147.284299 122.213444 35.144411 48.415132
277 143.841080 118.937298 35.846827 50.845717
278 135.601935 105.585039 35.829037 50.070047
279 116.739390 91.143028 34.218727 49.958610
280 114.371258 85.613010 33.760842 51.678104
281 114.194876 85.344052 32.359612 50.782981
282 111.352907 87.565069 32.084935 52.326449
283 109.740016 92.785096 33.420863 47.846724
284 115.393294 109.963318 37.380567 50.123318
285 117.465542 120.982100 36.939220 50.062163
286 122.522191 126.643204 37.714567 49.156354
287 129.856594 113.345779 38.574197 61.288126
288 138.337010 93.573403 37.290996 61.088138
289 142.234527 67.283075 37.044725 60.316614
290 146.346239 61.948308 37.065457 57.026190
291 152.461347 57.716260 35.978699 58.124004
292 155.598413 58.844400 34.868822 57.062357
293 159.905053 65.779617 34.413518 54.677912
294 163.788717 82.379229 34.057175 58.931515
295 162.764564 97.506972 36.340587 57.004113
296 163.808020 105.978764 36.086127 54.492814
297 162.637467 102.081838 35.833191 57.860470
298 163.750186 86.492486 32.136306 58.345057
299 161.720805 65.598801 34.014923 56.394515
300 160.391693 61.524729 32.818735 55.507186
301 158.922746 61.281576 32.750549 55.774174
302 157.454341 65.614874 32.642844 54.204156
303 153.530046 70.735473 33.035941 52.515447
304 150.105320 90.877885 36.287995 51.804784
305 146.970804 105.770725 35.622582 50.317955
306 145.720646 113.146613 34.734274 48.003342
307 141.358256 106.913876 34.665343 50.403877
308 138.973362 92.848347 33.419742 50.912492
309 140.582939 83.178713 33.239877 52.143713
310 141.665836 86.094076 33.478173 52.181365
311 144.309852 91.514459 32.996104 51.765193
