48 503.433131 294.562459 46.932954 107.100237
49 504.029024 294.637143 46.761223 108.389627
50 504.191413 294.642641 46.987443 108.774371
51 504.175686 294.698849 46.914068 109.166014
52 504.076936 294.890257 46.919359 109.532435
53 504.094058 295.098333 46.962329 110.003687
54 504.093035 295.320597 46.972472 110.487533
55 503.823262 295.612461 47.069235 110.144323
56 502.798672 298.098870 48.439229 107.979529
57 501.221238 299.090248 48.724363 106.882809
58 499.290479 300.159148 49.114809 105.990227
59 495.341084 301.776118 49.996708 104.266315
60 495.178083 302.101916 49.999804 104.293128
61 493.639913 303.212017 50.007463 103.512559
62 493.471804 303.602145 50.471152 103.757743
63 492.473392 304.060592 50.862471 103.216302
64 489.396709 304.628399 51.191982 101.608377
65 489.343895 304.823009 51.371161 101.908654
66 489.371126 304.823682 51.449378 101.977238
67 489.377889 304.808979 51.480195 101.974227
68 489.353544 304.776779 51.455900 101.974709
69 489.077485 304.652374 51.379533 102.027295
70 489.116000 304.857514 51.479171 102.477204
71 489.032639 304.791493 51.462528 102.500528
72 488.934178 304.881190 51.499047 102.941019
73 488.741049 304.689500 51.497124 103.056560
74 484.829600 301.130555 51.657799 103.320539
75 483.049878 300.521354 51.607705 103.151699
76 483.071799 300.573776 51.965368 103.394341
77 482.793568 300.414656 51.982559 103.432397
78 482.528116 300.227555 52.006028 103.391247
79 482.433074 300.050029 52.254597 103.598918
80 481.916378 300.007777 52.264551 104.120333
81 481.978319 300.134412 52.417020 104.519259
82 481.408125 300.069023 52.253305 105.188841
83 480.004529 299.675192 52.290393 105.547172
84 480.103452 299.886356 52.485087 105.974197
85 480.088400 299.879485 52.487455 105.972615
86 479.410670 299.923317 52.446768 105.904000
87 478.081670 300.287449 52.484677 105.648638
88 475.194738 300.632475 52.343270 105.615820
89 475.037684 300.777104 52.417824 105.919331
90 475.002905 300.775062 52.439603 105.979297
91 472.426731 300.262508 52.373701 105.592761
92 469.693610 300.375566 52.527320 105.324707
93 469.782479 300.414375 52.980669 105.355872
94 468.775391 300.184098 52.751360 105.146427
95 466.995299 299.494424 52.783044 105.198952
96 466.372910 299.106876 52.739533 105.317524
97 466.008386 298.769982 52.756268 105.487690
98 465.291932 298.476156 52.696944 105.517341
99 464.010755 298.375055 52.418791 106.039374
100 463.476655 298.106139 52.017556 106.786793
101 463.038032 298.143562 52.080263 107.231857
102 462.840954 298.542432 52.194651 107.522657
103 459.745228 298.363591 51.787889 108.040617
104 458.944905 298.693176 51.646993 108.371869
105 457.181969 298.311617 51.643472 108.412497
106 454.180325 296.097899 51.440345 109.070911
107 454.204384 296.296691 51.485371 109.473345
108 454.205929 296.294265 51.485371 109.473345
109 452.191444 298.879523 51.273669 108.128723
110 452.138569 299.524461 51.509788 108.155836
111 449.274625 300.645417 52.654624 107.640548
112 449.407501 300.812912 53.010986 107.953780
113 447.977651 300.848088 54.412350 107.530412
114 444.348164 299.641400 55.761613 107.559833
115 444.203483 299.781754 56.233012 107.954187
116 442.066606 298.338712 57.626141 108.048733
117 437.688307 294.410726 59.395893 110.085165
118 437.710048 294.583821 59.514901 110.500169
119 436.042487 293.125414 60.329029 111.699562
120 435.852843 293.064130 60.466368 112.109509
121 430.838645 290.025828 60.472398 113.585882
122 429.897025 289.806617 60.160855 114.308397
123 429.371484 289.585871 60.213319 114.762517
124 428.454804 289.262708 60.094509 115.358388
125 427.378518 288.819018 60.070008 115.731391
126 426.478531 287.455521 59.883147 116.686447
127 425.891972 286.979338 59.593434 117.555679
128 424.727634 286.535508 59.436808 118.939571
129 423.007399 285.717632 58.537194 121.746505
130 423.128887 285.714367 58.802793 122.606913
131 423.084162 285.813960 58.701674 123.489548
132 423.181833 285.786567 58.880430 123.696708
133 423.150533 286.120811 58.774848 124.850707
134 423.230851 286.293412 58.858438 125.844038
135 423.263702 286.472607 58.898377 126.290915
136 423.304251 286.566032 58.976199 126.494746
137 423.299648 286.569021 58.939986 126.627878
138 423.317769 286.806757 58.889804 127.470217
139 423.364081 286.730897 58.910882 128.049001
140 423.404794 286.904994 58.965832 128.658889
141 423.415270 287.056991 58.983241 128.968598
142 423.417041 287.054134 58.983241 128.968598
143 423.418812 287.051277 58.983241 128.968598
144 423.421781 287.040928 58.972336 129.005247
145 423.452726 287.244004 58.793892 129.628021
146 423.517885 287.346439 58.772176 130.323166
147 423.613091 287.390488 58.907630 130.614063
148 423.651495 287.536070 58.843280 131.127905
149 423.697571 287.680765 58.880920 131.590764
150 423.750503 287.866393 58.983241 131.967868
151 423.750653 287.863085 58.978621 131.969838
152 423.739171 287.851831 58.928437 132.016315
153 423.679600 287.965467 58.829576 132.593748
154 423.659404 288.033554 58.817856 133.088147
155 423.724422 288.214845 58.916750 133.490922
156 423.734225 288.189089 58.898672 133.496556
157 423.758227 288.169079 58.905576 133.480062
158 423.765639 288.165170 58.880712 133.488338
159 423.754513 288.409635 58.789104 133.354408
160 423.591347 288.788758 58.675310 133.415405
161 421.748546 290.331144 58.146506 132.562531
162 420.051713 290.893358 57.844041 132.328541
163 416.034913 291.507393 57.739437 131.565099
164 415.748114 291.861140 58.129596 131.713939
165 415.824083 292.012630 58.538950 131.883896
166 415.277088 292.128582 59.004251 131.660771
167 414.772687 292.487490 59.309021 131.666996
168 413.118487 293.201044 59.371839 131.324910
169 413.072581 293.318173 59.506991 131.387747
170 412.934516 293.528921 59.972789 131.234016
171 412.697284 293.711537 59.953154 131.367368
172 412.458140 293.795736 59.929567 131.394820
173 411.443097 293.611788 59.641920 131.492632
174 411.486201 293.515709 59.931756 131.541548
175 411.427131 293.635076 59.808600 132.055654
176 411.463986 293.586436 59.763834 132.626280
177 411.534118 292.468564 59.158098 133.918788
178 411.439378 290.706934 58.344961 135.814632
179 411.339249 290.543584 57.794779 137.173919
180 411.301638 290.589578 57.837891 137.732297
181 409.999178 290.710940 57.676015 138.013990
182 405.241842 296.616381 57.387333 138.163609
183 405.289251 296.772352 57.482137 138.463551
184 404.770183 297.478919 57.425700 138.091517
185 403.666097 298.041523 57.424671 137.948517
186 402.622875 298.157633 57.513547 137.729449
187 402.858383 298.273799 57.983901 137.966216
188 402.802562 298.261612 57.957215 138.012615
189 402.475673 298.429509 57.925878 138.629528
190 398.189829 298.593840 58.099373 139.103888
191 396.941554 298.883785 58.496237 140.002523
192 396.828600 299.101753 58.458367 140.551433
193 394.970358 298.806149 58.530247 141.463222
194 392.604227 297.393521 58.780754 142.219668
195 392.706628 297.513241 58.981851 142.465529
196 392.490326 297.323958 58.892964 142.550643
197 390.895641 296.930966 58.970463 143.429160
198 390.500638 296.536067 59.112784 143.838764
199 388.742524 295.474169 59.662477 144.552345
200 387.604777 293.813756 60.330872 144.904875
201 384.938461 291.906698 60.155426 145.916089
202 384.523617 291.712655 60.546224 145.613584
203 380.442766 290.243741 60.799704 144.989700
204 380.519822 290.199704 60.978374 144.954118
205 380.481099 290.127763 60.966311 144.953005
206 379.638517 289.598288 60.748510 144.989318
207 378.421452 288.850023 60.554933 145.364368
208 377.045357 288.245416 60.709935 145.855259
209 377.080065 288.175271 60.904184 146.073524
210 375.093641 287.923634 60.753976 146.948822
211 374.879528 288.022256 60.950569 146.888149
212 374.487228 288.337112 60.957766 146.768069
213 371.989170 289.290741 60.873876 146.338373
214 371.943848 289.370919 60.988691 146.427314
215 371.735043 289.400381 60.966521 146.381013
216 369.278190 289.230507 61.182411 146.303647
217 369.427626 289.307895 61.483933 146.462054
218 368.100799 289.149327 62.008211 146.223612
219 364.306912 287.182705 63.007337 146.468837
220 361.541896 286.462885 63.996645 146.160462
221 361.367274 286.550747 64.060822 146.600642
222 359.888197 286.470326 64.620957 146.863791
223 359.272313 286.272784 64.981295 146.639585
224 355.590553 285.533085 64.721397 146.455761
225 353.511782 284.750652 64.804655 145.933505
226 352.196695 284.502774 64.789656 145.821394
227 347.846336 284.782232 64.791466 145.283434
228 347.943322 284.869583 64.981537 145.464582
229 347.856382 284.809067 65.063492 145.461335
230 345.936617 283.044610 66.103000 144.609087
231 346.090847 283.179561 66.528922 144.990687
232 346.305041 283.150795 66.999581 144.983157
233 346.276405 283.104608 66.975927 144.954892
234 344.741556 282.322584 67.073714 145.272300
235 343.262989 281.197825 67.449622 145.795919
236 343.134311 280.259700 67.546757 146.125703
237 343.247153 280.062162 68.022963 146.533880
238 343.477999 280.274074 68.480542 146.964216
239 343.407885 280.051462 68.497393 146.910860
