75 784.652027 260.914354 91.375640 209.832632
76 782.976797 255.301382 98.083042 215.850845
77 776.284806 248.463421 109.463298 223.423280
78 774.697383 246.615042 113.276077 225.377147
79 769.448766 240.452540 125.091445 234.107110
80 761.645204 236.982719 142.247859 238.313485
81 744.006271 236.202143 157.115608 241.105262
82 737.580717 232.506876 173.195025 246.073462
83 734.688959 230.925551 182.338146 249.418163
84 727.756050 227.344247 199.720216 253.468785
85 713.530870 225.450232 222.097158 258.107455
86 711.444282 225.090924 225.911377 259.298309
87 701.810266 224.228484 235.623540 261.423205
88 700.671568 224.122700 237.482720 261.986315
89 690.590258 217.169418 247.855133 269.884966
90 685.648973 199.232488 268.624122 273.879350
91 675.964879 183.606908 286.889474 269.186729
92 673.149515 183.213607 294.005098 268.283907
93 670.482793 173.429458 308.794727 247.846997
94 660.958029 173.959849 338.227189 226.646465
95 664.774003 176.593483 342.122269 227.462919
96 661.455251 177.067956 348.633980 229.400133
97 653.273185 137.593445 357.747766 236.439010
98 653.236345 137.170270 358.164255 236.329477
99 652.005348 124.428270 364.880581 241.565413
100 652.016325 124.706653 365.186472 241.949480
101 652.055865 125.207027 368.521910 241.911296
102 650.013945 124.674626 376.848784 242.495216
103 649.198624 124.659407 378.585802 242.712892
104 649.261435 128.302463 389.969565 248.053153
105 649.800446 126.967868 390.780539 251.264762
106 656.134476 127.724853 391.759868 252.594144
107 664.251042 129.841623 388.536575 252.738007
108 664.458029 129.958034 388.888613 252.958802
109 664.488996 129.964048 388.888613 252.958802
110 664.497575 129.897364 388.598044 253.474295
111 663.500680 129.523805 388.912022 254.873938
112 645.333795 126.479175 393.133581 264.877841
113 644.976427 126.723365 394.053224 265.318343
114 639.880545 129.354643 398.479308 270.901312
115 639.592599 129.807331 398.612872 271.334287
116 639.564550 130.742483 399.031012 271.129093
117 639.737057 131.528636 399.322610 271.249026
118 639.775975 132.071947 399.299731 271.402464
119 639.836372 132.093152 399.370691 271.497450
120 639.696776 131.876454 398.905080 271.696173
121 639.042451 131.613951 393.580120 272.007808
122 628.835613 136.581972 387.498250 272.087706
123 619.559354 143.302814 383.260111 272.068644
124 599.158305 151.271146 383.043655 271.349710
125 591.804480 156.898096 382.097702 270.720915
126 577.786342 165.438508 379.569208 272.036820
127 565.946428 173.343048 373.993409 271.542486
128 547.095890 174.595862 369.189999 272.917262
129 542.922116 180.380529 358.659511 273.107122
130 531.101380 195.157622 328.555360 275.844235
131 535.044927 198.740937 315.732189 277.956313
132 538.960929 205.750786 295.074767 279.297571
133 548.851786 215.352233 269.420147 279.933653
134 557.023893 226.073101 246.448034 281.589542
135 561.309186 229.148914 234.697608 282.724985
136 561.098114 239.602582 221.512101 288.902599
137 561.255440 240.461733 220.677042 289.203691
138 559.262109 245.376187 216.727959 290.024776
139 552.678829 252.248743 210.559189 291.607615
140 548.102869 272.789204 201.891739 286.557762
141 545.341698 276.471125 199.698860 282.293733
142 537.775974 284.909681 194.676552 272.841867
143 528.630578 301.592232 189.058984 258.435236
144 526.387375 315.525285 188.034829 240.202066
145 525.645180 329.195565 189.211224 218.000671
146 523.857549 335.746930 190.422510 210.550073
147 522.717733 342.365706 191.084067 204.197157
148 522.314806 352.390144 192.209421 192.138096
149 521.383982 366.346286 196.996950 178.416318
