85 323.573931 415.878465 27.868457 56.139675
86 327.526757 410.991080 26.416793 58.590777
87 328.064108 410.821371 25.534216 58.486841
88 329.474728 410.557129 24.780142 57.504512
89 331.322985 410.403800 24.780782 55.977534
90 333.772946 409.545529 24.955742 55.158736
91 336.297557 408.491017 25.151718 55.043432
92 338.240200 407.053017 25.525401 54.935839
93 339.933951 406.202449 25.633270 54.536219
94 342.512814 405.525542 25.684316 54.975670
95 345.379841 403.124460 25.707636 55.965255
96 351.671045 398.271734 25.587273 57.487447
97 355.031811 395.885707 26.678719 57.717952
98 358.429977 392.332161 28.160340 58.306996
99 361.491722 390.178928 28.918009 59.707981
100 362.671666 389.853289 29.723942 60.325021
101 368.204165 389.169767 31.362642 61.712402
102 369.072254 389.341575 31.609170 61.175126
103 370.859743 389.085379 31.704907 61.709425
104 372.954958 388.708905 31.755673 61.618159
105 375.331530 388.201127 31.974422 61.754203
106 380.928090 386.933452 32.425391 63.093776
107 382.934291 386.456531 31.307746 63.070763
108 385.040278 385.949836 31.259847 62.853270
109 387.341072 383.695518 31.138817 62.878305
110 390.112769 382.252565 31.184760 63.832678
111 393.106701 377.149047 29.998972 64.801395
112 393.715708 376.447218 28.836917 65.286165
113 394.802655 376.515713 27.693655 64.738075
114 396.930362 374.453204 27.197367 64.933557
115 397.517602 376.073810 27.080425 63.588719
116 399.567229 371.970384 27.694926 62.353250
117 400.368152 374.413511 27.467603 60.386071
118 401.737767 372.389055 27.068591 59.854999
119 402.461254 371.337505 26.670055 59.377310
120 403.913089 369.513141 26.081468 59.431703
121 406.748115 363.990633 25.532206 59.642032
122 407.673192 361.014778 25.419502 58.774796
123 408.366713 359.698986 25.584813 58.582264
124 408.279888 358.598158 26.549453 58.379875
125 408.233992 355.486606 27.369975 58.333305
126 407.542772 349.330768 28.650464 58.825412
127 407.427257 347.796580 29.297836 59.275986
128 407.367597 343.347155 29.661692 60.400964
129 407.031454 339.523514 29.940365 61.123855
130 406.933848 335.553667 30.045221 62.386369
131 407.462604 327.456703 30.508876 62.682731
132 407.725780 326.414155 30.724136 63.022353
133 408.373089 325.310352 30.399767 63.181778
134 409.455901 323.582917 29.540112 62.831778
135 410.558144 321.428112 29.627862 62.465782
136 412.244574 317.259148 29.436572 62.372300
137 412.782082 315.856894 28.510869 62.471929
138 413.716843 313.917616 27.583928 61.650667
139 415.564616 311.615851 25.753824 60.800445
140 416.877709 309.683207 24.285959 60.002078
141 417.346166 307.257607 24.713466 57.425776
142 416.816226 305.880706 25.217134 56.380528
143 416.628063 303.082961 25.576653 55.976213
144 417.958853 297.825907 26.670796 58.282423
145 417.289924 292.008199 26.926001 60.523878
146 417.634494 282.636806 28.853066 66.112872
147 416.093830 278.101212 31.407489 67.705706
148 417.579421 272.278599 33.974336 72.112577
149 418.157770 269.753001 38.096176 73.792197
150 416.517994 268.584494 40.746939 75.129824
151 417.214406 258.792003 46.078660 79.700804
152 417.650994 257.393368 48.136613 82.638329
153 419.824853 254.440387 49.862987 83.944715
154 420.978769 252.999458 50.730143 85.060466
155 423.166745 249.966575 52.340991 86.339425
156 427.224593 246.021410 54.137023 87.259190
157 427.880025 245.416069 55.302968 87.663351
158 428.623618 244.194476 56.530891 88.247343
159 429.579943 242.459527 58.234065 88.179921
160 430.171233 241.634494 60.269788 88.775157
161 431.477318 237.574434 62.403910 89.803382
162 431.465529 237.293590 63.676015 89.880768
163 431.661189 236.770853 66.073816 89.540677
164 431.946566 235.265070 69.690868 88.956333
165 431.220588 234.783744 73.548462 88.642260
166 429.389648 233.601674 80.666987 88.835564
167 428.748237 233.372275 84.039593 89.062682
168 428.159958 233.401931 87.388474 89.629563
169 427.938049 233.392310 89.433668 90.080925
170 427.952159 233.262499 91.513698 90.686601
171 428.697790 230.931923 98.534768 91.071719
172 428.907440 233.110768 103.811575 92.052206
173 428.250536 233.989351 105.416718 92.778177
174 428.169848 235.041197 107.126841 93.230940
175 428.263954 235.005893 108.154877 93.647855
176 429.419215 232.210252 110.930855 95.028865
177 430.773205 230.120771 113.115373 96.709952
178 431.098061 227.360335 115.359706 97.481246
179 429.142753 225.384082 117.058509 98.613121
180 429.306720 223.842428 118.668270 101.446511
181 410.719601 219.888285 121.117638 105.002619
182 329.402091 209.441587 122.975599 109.696183
183 306.386952 173.836701 123.730070 110.782079
184 294.557335 156.141390 131.690778 100.371763
185 291.144245 155.016699 134.503733 91.241266
186 290.520272 152.380972 134.855373 90.687035
187 290.057878 150.261951 134.433505 90.858038
188 290.064182 150.239344 134.429818 90.978148
189 290.061306 149.904985 134.288997 90.853426
190 290.194815 147.450734 132.929119 91.073459
191 289.798427 144.080096 131.134831 91.600643
192 289.573805 143.428057 130.933525 91.740515
193 289.190396 142.900129 130.560691 91.762612
194 288.592368 141.670509 130.597802 91.595010
195 288.214960 141.429102 130.733809 91.833991
196 285.313005 139.663431 130.154608 91.347247
197 284.291006 139.121610 130.236561 91.293501
198 282.373178 138.170208 130.238552 91.121806
199 281.735756 138.142444 130.411127 91.290460
200 280.209110 137.912017 130.430312 91.134646
201 275.372121 137.178521 128.850057 90.900646
202 272.880228 137.314215 128.338777 90.577720
203 267.170511 137.718371 127.749889 90.227498
204 261.408018 138.331890 127.692847 90.055382
205 255.567374 138.315235 129.573309 89.962248
206 245.141602 137.746733 132.346649 89.406743
207 239.455924 137.209879 135.762208 89.003091
208 236.048862 137.016068 138.111349 89.168089
209 234.198337 136.152140 139.820740 88.746321
210 231.698789 135.702774 141.586004 88.533932
211 231.499556 135.532409 142.398594 88.697486
212 230.870895 135.069789 143.396530 88.478443
213 230.291447 134.831161 144.609838 88.190061
214 229.871979 134.418104 146.584658 87.994717
215 229.367673 133.957245 148.864031 87.641991
216 228.281030 133.507722 151.923130 88.119070
217 227.920525 133.474037 152.724575 88.526502
218 227.100529 133.097809 153.645297 88.803073
219 225.805132 132.495413 154.204210 88.977401
220 223.553433 131.706161 154.514381 88.805971
221 218.950128 129.809920 154.884834 88.828451
222 217.022768 128.471055 154.311316 89.288136
223 214.596696 127.589848 151.942514 89.915089
224 212.574856 127.105483 147.572156 90.551205
225 210.561896 127.346587 143.592376 91.618009
226 202.557541 124.871689 135.369656 93.514674
227 201.973000 123.030943 129.526666 94.628123
228 200.446896 121.616789 127.288404 95.482716
229 199.210333 120.725242 126.275292 95.521562
230 197.923929 120.356642 125.396435 95.685846
231 198.013693 120.222178 124.873916 95.683969
232 198.039238 120.168258 124.793404 95.803940
233 198.195888 120.221048 124.435645 95.342967
234 198.167832 121.281991 123.630688 94.065892
235 195.715559 122.862761 122.798517 92.579239
236 190.035861 122.877803 123.044164 91.277301
237 189.570586 123.302097 123.891067 90.922776
238 187.666875 124.131167 124.617076 90.269692
239 183.566976 126.009821 125.783449 88.254671
240 181.312823 128.112666 127.499778 85.933112
241 178.127435 128.045349 130.094823 84.741477
242 174.952110 130.511714 131.645237 82.263194
243 172.183374 130.283138 133.673396 81.207326
244 171.266587 130.533801 134.700417 80.917591
245 169.742577 130.735078 135.639276 80.208390
246 161.557062 135.868508 135.206329 74.732814
247 162.323864 139.566163 131.799348 69.662447
248 162.188193 141.441100 126.246161 67.060133
249 161.021215 142.117445 123.012557 65.908223
250 160.340532 141.597468 121.393909 65.338166
251 157.786424 142.168450 120.061931 64.702179
252 156.417099 142.390712 119.666950 64.530583
253 154.036839 142.251336 119.129992 63.937195
254 153.931360 142.272836 119.064851 63.886978
255 152.339368 142.526923 118.134004 63.445343
256 147.509778 143.219188 116.250087 62.710834
257 146.610636 142.879124 116.179162 62.534615
258 144.484949 141.912990 115.425928 62.213789
259 143.785680 141.847843 115.408719 62.219703
260 139.018635 140.240922 114.749646 61.929652
261 136.894960 139.219192 114.507411 61.718079
262 135.188179 138.615554 114.256053 61.783317
263 132.617506 138.029711 113.831799 61.612080
264 130.332334 135.869169 112.715970 61.641960
265 130.095646 135.786415 112.746305 61.757473
266 124.853540 134.350306 110.950785 61.459235
267 124.173314 134.073064 110.648573 61.251267
268 122.086284 132.930121 109.589772 60.763347
269 120.978900 132.642092 109.048215 60.643105
270 118.095270 130.947691 108.115461 60.521835
271 114.197800 129.982595 107.137185 60.146996
272 114.367218 130.110011 107.278070 60.383829
273 112.312064 128.716914 105.757780 59.711240
274 112.655510 128.595222 104.350220 59.640046
275 110.761463 127.195926 102.821658 59.424242
276 108.764011 123.714667 98.283634 59.306703
277 108.778543 123.819104 98.444751 59.416471
278 107.320297 123.142863 96.814617 59.099895
279 107.384557 123.322539 96.034895 59.162892
280 105.200340 122.398671 93.565876 58.673665
281 105.225300 120.255642 89.453876 58.944273
282 105.561858 120.333088 86.889299 58.794789
283 104.556131 120.374160 85.237803 58.521794
284 105.247338 118.365897 81.376190 58.828097
285 105.176785 119.037085 80.289861 58.501223
286 104.418194 118.293663 75.414515 58.317174
287 104.785732 117.995919 73.099029 57.823809
288 104.373068 118.613004 70.497576 56.724825
289 104.168057 119.210932 68.055851 56.122582
290 104.414416 119.652024 64.897204 55.686101
