2 272.572854 282.735425 45.224312 96.648807
3 272.522044 282.783053 45.598910 97.379864
4 272.339485 282.608696 46.168716 98.295160
5 268.581492 274.935351 45.761693 111.668120
6 268.685638 274.967873 45.922132 112.327196
7 268.519998 273.865397 45.965396 114.185291
8 268.392172 273.428459 45.986129 115.680651
9 268.206341 272.959257 46.028956 117.367019
10 265.489504 264.749876 46.029497 125.838052
11 265.715346 264.793125 46.404506 126.145019
12 265.321894 260.627975 46.143524 133.520072
13 265.102910 258.954523 46.107599 142.514351
14 265.101821 258.950678 46.258599 146.965163
15 265.232302 258.499378 46.387683 147.615820
16 265.281012 258.561340 46.396521 148.151539
17 265.322621 258.551272 46.389714 148.686776
18 265.350558 258.357309 46.370395 149.314071
19 264.974786 245.782182 45.962025 156.003663
20 265.014359 245.968964 45.918217 156.507313
21 265.063884 246.190326 45.921071 157.016912
22 265.111982 246.406808 45.921071 157.516966
23 265.160080 246.623185 45.921071 158.017019
24 266.295614 231.153581 45.313062 163.976953
25 266.436648 230.932581 45.402908 164.026635
26 266.512900 231.024895 45.411419 164.519884
27 266.594818 231.084535 45.407395 165.021707
28 266.686604 231.105051 45.403535 165.526027
29 271.415749 220.041416 45.039355 169.030084
30 271.654611 220.249403 45.421929 169.518258
31 271.702186 220.463223 45.421929 170.018312
32 271.765580 220.478702 45.402643 170.549724
33 271.825391 220.619773 45.416181 171.031148
34 272.592307 216.346505 44.362589 171.253130
35 273.172076 215.007798 44.152584 171.380646
36 273.387839 214.710827 44.379095 171.530830
37 275.121763 210.338557 43.449615 171.901663
38 275.159214 210.265891 43.416284 172.039671
39 275.213095 210.379353 43.416810 172.538561
40 277.747947 204.137932 42.501537 173.138258
41 278.005249 204.291196 42.926218 173.518689
42 278.050614 204.507649 42.926048 174.011939
43 278.100722 204.770742 42.917182 174.404153
44 279.551090 198.706616 41.687471 173.935333
45 279.736754 198.769258 41.914019 173.776953
46 279.807877 198.909498 41.914694 173.785067
47 282.794983 190.052299 40.954250 172.276081
48 282.834366 190.700484 40.900849 171.355849
49 282.896888 190.836983 40.925193 171.326746
50 282.947250 190.988411 40.925169 171.325912
51 282.997729 191.144819 40.924938 171.315951
52 285.345390 182.228103 40.034748 172.489173
53 285.590627 182.288898 40.425742 172.342869
54 285.635357 182.340015 40.430508 172.518581
55 285.750253 182.490906 40.381311 172.532975
56 285.882186 182.657319 40.388043 172.586661
57 287.185346 177.281088 39.221382 169.413723
58 287.331765 177.313954 39.428398 169.467307
59 287.499589 177.215514 39.356062 168.025384
60 287.996060 175.542346 39.228054 166.018369
61 288.143239 175.893836 39.422763 166.209341
62 288.430131 174.280713 39.333975 164.820623
63 288.681581 173.978923 39.403725 164.097963
64 288.872202 173.954976 39.398483 163.781226
65 288.921834 170.765880 39.315443 163.066887
66 289.017646 170.980745 39.413095 163.226265
67 289.064988 171.143597 39.412600 163.181342
68 289.112574 171.328787 39.412611 163.181654
69 289.206771 166.300201 39.282167 162.355411
70 289.321302 166.207605 39.419836 162.376410
71 289.366848 166.106462 39.420247 162.379525
72 289.460394 164.536820 39.384857 161.580651
73 289.541529 164.166519 39.389041 161.574675
74 289.620572 163.799199 39.389039 161.574682
75 289.689817 160.079536 39.442127 159.367200
76 289.714154 159.983254 39.409181 158.825540
77 289.670850 158.745368 39.416651 158.073667
78 289.719104 158.667382 39.405054 158.132136
79 289.632200 156.478204 39.459252 157.594643
80 289.663971 156.257259 39.410245 157.585613
81 289.720424 156.040151 39.411306 157.583489
82 289.718891 155.251376 39.424100 157.521552
83 289.738710 155.046779 39.424019 157.796709
84 289.758570 154.704602 39.424019 157.796709
85 289.768159 150.599601 39.382475 156.505965
86 289.797921 150.141779 39.431265 156.632705
87 289.854988 149.521056 39.402400 156.708834
88 289.927209 148.883036 39.402824 156.728089
89 290.111819 146.830727 39.290771 156.294839
90 290.250353 146.349180 39.383055 156.129882
91 290.342068 145.990991 39.385745 156.163643
92 290.573721 144.507561 39.307231 155.931992
93 290.766777 143.538782 39.357726 155.631690
94 290.852526 143.543993 39.421258 155.980079
95 291.100972 141.260860 39.248923 155.413082
96 291.353147 140.110704 39.313017 154.825081
97 291.649309 139.387846 39.338450 154.621109
98 291.922215 138.825023 39.341580 154.646711
99 292.025668 138.828216 39.420654 154.998404
100 292.294714 137.330775 39.327320 154.899675
101 292.578870 136.466267 39.359816 155.013370
102 293.232664 133.437883 39.300137 155.486965
103 293.357473 133.368821 39.427745 155.499740
104 293.418193 133.294106 39.427822 155.500044
105 294.663725 125.942785 39.303865 156.313807
106 294.769206 126.010979 39.432224 156.516858
107 294.824199 126.178742 39.428956 157.004140
108 294.889850 126.304677 39.425100 157.508276
109 294.980859 126.326590 39.413268 158.019852
110 296.636821 115.911451 39.587250 159.001895
111 296.850703 116.135124 39.931366 159.517181
112 296.934385 116.346771 39.919439 159.920189
113 297.020848 116.355328 39.920076 159.935112
114 297.068317 116.362312 39.931366 160.017235
115 297.211936 116.491797 39.872288 160.083916
116 297.370921 116.645302 39.881422 160.104710
117 298.143387 114.444575 39.932961 160.205320
118 298.193396 114.534042 39.929220 160.508832
119 298.567800 113.379342 39.783945 160.838920
120 299.000801 112.117284 39.777149 160.793809
121 299.137404 112.112747 39.926056 161.012391
122 300.214100 108.614289 39.492418 161.067701
123 300.348484 108.431685 39.362890 161.290058
124 300.508159 108.241596 39.378928 161.335131
125 302.712542 99.246417 38.714293 161.619457
126 302.859888 99.439492 38.920849 161.850704
127 302.919314 99.503125 38.919246 161.845814
128 302.977683 99.572663 38.919876 161.852982
129 303.068244 99.482593 38.908447 161.861279
130 303.403578 97.366155 38.711175 160.943376
131 303.637293 96.922096 38.877781 160.650002
132 304.126766 89.569758 38.594180 159.431535
133 304.442901 89.134287 38.868412 159.166147
134 304.515753 89.269833 38.932660 159.510465
135 305.646128 86.181822 38.770088 157.533035
136 305.770900 86.472879 38.923464 157.810504
137 306.605311 85.589552 38.973476 155.708367
138 306.749812 85.803209 38.900417 155.031799
139 307.613093 84.826106 38.966424 154.632667
140 307.681623 84.988280 38.913375 154.837620
141 307.776954 85.042944 38.914262 154.846216
142 310.785719 82.797857 38.895422 153.945027
143 310.844892 82.825997 38.933543 153.966302
144 311.591239 83.385971 39.142956 152.456822
145 312.201632 83.300505 39.633181 151.663834
146 313.359748 83.166314 40.472540 150.244864
147 315.684405 82.651493 40.823407 149.140603
148 316.114787 83.102945 41.165241 148.210665
149 316.351983 83.342541 41.474752 148.144688
150 318.789466 81.697950 41.990652 147.457148
151 319.836246 81.790561 42.791469 145.490917
152 319.982844 81.786700 42.924627 145.467468
153 320.059096 81.792559 42.923399 145.474385
154 320.135499 81.795813 42.923518 145.474558
155 323.405910 79.782956 43.196336 144.780941
156 323.565906 79.869413 43.425360 145.015619
157 324.547298 79.797160 43.625091 145.060507
158 324.747866 80.004426 43.924574 145.509554
159 324.793837 80.226417 43.924503 146.015727
160 327.117926 78.873112 43.967467 145.736048
161 327.142450 78.981857 43.924503 146.015727
162 327.188457 79.200682 43.924503 146.515781
163 327.234464 79.419401 43.924503 147.015834
164 327.280471 79.638013 43.924503 147.515888
165 328.247450 76.989910 43.817704 147.032064
166 328.387834 77.101294 43.910233 147.497081
167 328.993113 75.967711 43.838143 146.907131
168 329.567345 75.390763 43.854827 146.865221
169 329.745608 75.339930 43.911687 146.959303
170 336.905542 72.172285 43.644616 146.105223
171 338.697615 70.844039 44.077035 146.732196
172 340.663420 69.252236 44.738284 147.342379
173 340.814335 69.312766 44.918570 147.501878
174 342.009537 67.858229 44.725406 148.303396
175 342.594342 67.462048 44.828866 148.530703
176 342.702203 67.631843 44.919478 149.005300
177 342.765283 67.744482 44.911148 149.526141
178 342.819332 67.934634 44.920175 150.021286
179 342.884520 68.044959 44.912232 150.520037
180 345.446296 58.917182 43.359113 150.577216
181 345.524904 59.104547 43.425360 151.016265
182 346.129123 58.678093 42.805067 151.490168
183 346.453888 58.337958 42.600795 151.495247
184 346.685118 58.248661 42.880415 151.510894
185 346.767836 58.369173 42.896723 152.026730
186 346.849816 58.464721 42.882364 152.523866
187 346.935168 58.561873 42.890716 153.020099
188 347.018262 58.689309 42.889102 153.496926
189 347.095191 58.602310 42.902114 153.501640
190 347.201668 58.603169 42.831957 154.012072
191 347.388302 58.606360 42.734742 154.200010
192 347.549560 58.825820 42.882293 154.173349
193 347.637913 59.050123 42.878942 154.178167
194 349.711157 53.735882 42.064880 153.444327
195 350.253137 53.256510 42.160803 152.520701
196 350.495144 53.853323 42.319308 151.883786
197 353.109151 50.257178 41.519045 150.393911
198 353.357511 50.286275 41.927934 150.516211
199 354.796893 48.504160 41.696374 150.464021
200 358.267211 37.507224 41.162937 150.202222
201 358.457951 37.875689 41.404917 149.918948
202 360.693668 38.762047 42.490070 147.269926
203 360.737024 38.713165 42.428345 147.421508
204 360.811087 38.590531 42.428201 147.422197
205 361.112196 38.373447 43.142174 142.794226
206 361.088970 38.417413 43.881806 139.413933
207 361.152614 38.433214 43.937274 139.517441
208 361.189663 38.647310 43.934590 140.015888
209 361.236515 38.839688 43.931630 140.506170
210 361.310350 38.932563 43.909262 140.986331
211 361.396109 38.780356 43.908165 140.984677
212 361.260272 37.877534 44.546242 141.046889
213 361.325838 37.258254 45.482555 141.520552
214 361.071526 37.126300 46.010223 142.040789
215 361.711682 37.162290 46.553259 142.253290
216 362.782760 37.078054 47.196245 142.026686
217 362.949251 37.291207 47.424096 142.507821
218 362.997760 37.515033 47.417856 143.013590
219 363.049070 37.735802 47.417981 143.513993
220 363.088122 37.984497 47.431471 143.956336
221 363.075774 38.145121 47.622648 143.812663
222 363.259858 38.574209 48.088422 143.594570
223 363.458099 39.185643 48.540990 143.471942
224 351.945013 44.143665 51.130595 139.838408
225 345.151486 43.462428 52.044516 142.994381
226 339.600521 40.883828 53.494454 147.785305
227 336.212152 38.129499 53.245094 156.118295
228 337.598966 36.428727 52.283549 161.333641
229 338.381253 37.185213 51.664780 163.023550
230 329.251970 35.894601 50.602710 170.454522
231 329.316059 32.392246 50.647175 173.791810
232 329.518457 25.916415 50.514621 179.818829
233 329.767087 25.561007 50.860369 180.280649
234 327.077458 20.479821 50.744598 184.986920
235 327.020928 20.150412 50.852665 185.193799
236 326.886016 19.923579 50.843502 185.702001
237 325.468841 18.865599 50.925706 186.873888
238 325.047449 18.213595 50.921592 187.344743
239 325.025574 18.123791 50.917691 187.553564
240 324.010497 17.440676 51.138420 188.356753
241 323.985531 17.266000 51.493318 188.606620
242 323.909282 17.342133 51.453626 189.054713
243 323.900252 17.484853 51.439179 189.544358
244 323.907559 17.643927 51.433563 190.039809
245 323.770025 17.743026 51.535861 190.636828
246 323.891315 17.815129 51.978574 191.073963
247 323.840600 17.926278 51.970756 191.569216
248 323.797580 18.042555 51.966776 192.066357
