141 463.519185 67.838990 45.452041 142.341427
142 463.541902 67.919160 45.479324 142.451756
143 461.023244 65.943304 44.832546 142.859166
144 461.105737 66.014559 44.979501 142.951621
145 461.115049 66.038619 44.978544 142.952453
146 457.563013 63.545414 43.859847 145.241378
147 457.567172 62.947132 43.882327 145.726310
148 455.996730 59.574446 43.303138 147.648998
149 456.082244 59.698669 43.438397 147.982413
150 456.101447 59.657476 43.439652 147.984058
151 450.290922 59.815533 43.312488 147.631325
152 450.334314 59.934083 43.471141 147.939590
153 446.626093 58.094464 43.255136 146.872565
154 446.627072 57.956238 43.426599 146.956541
155 441.497342 57.015113 43.505801 144.111621
156 441.711710 57.080117 43.943782 144.413906
157 441.707017 56.991670 43.945525 144.411542
158 432.355070 63.936627 45.538562 137.716199
159 432.584513 64.079383 45.979096 137.953279
160 432.593688 64.103599 45.979096 137.953279
161 420.536274 74.768870 48.381358 127.937252
162 420.594249 74.801037 48.477960 127.956665
163 412.615832 75.829516 48.390546 126.332239
164 412.644990 75.946133 48.479986 126.479920
165 407.731733 79.194803 47.327753 127.442203
166 406.684530 77.669761 46.121744 128.153091
167 406.877435 77.938863 46.437506 128.630893
168 404.359622 81.214069 45.273564 131.858948
169 404.475847 81.306033 45.471825 132.008862
170 404.493942 81.576659 45.469545 132.518247
171 400.028976 83.375825 45.159812 134.043692
172 400.197808 83.604813 45.479324 134.454464
173 396.987270 84.456334 45.542481 134.146407
174 397.214753 84.633965 45.979096 134.454464
175 397.223928 84.657566 45.979096 134.454464
176 386.386176 79.736038 46.040852 131.782123
177 386.569251 79.580932 46.505488 131.928397
178 383.676920 74.797321 47.062416 132.421696
179 383.797679 73.770617 47.475049 132.528273
180 379.054483 61.950298 46.843931 135.243015
181 378.068774 60.573654 46.501906 135.751054
182 377.317170 59.069786 46.349916 136.067885
183 374.892501 54.590278 45.755874 135.444522
184 374.319134 53.509770 45.655326 135.197108
185 369.668229 52.564172 45.485098 134.589166
186 367.532071 52.654483 45.212978 134.509510
187 367.510271 52.836765 45.434573 134.965103
188 367.377946 52.792216 45.432356 134.968142
189 367.246730 52.746147 45.432356 134.968142
190 359.741610 55.017282 45.401684 134.091710
191 356.399098 57.384944 45.415526 134.511005
192 356.405079 57.714574 45.465857 134.911584
193 349.905293 64.926615 44.537924 134.576541
194 350.995304 72.604822 43.283412 133.046118
195 351.050047 73.560632 43.394772 133.422236
196 343.091490 79.501263 42.124788 131.280419
197 343.186506 79.617280 42.454787 131.518065
198 340.890580 82.549392 40.450068 133.096484
199 340.915991 83.096309 40.357243 134.177376
200 339.059159 83.586234 39.685642 135.897236
201 339.198390 83.841906 39.825069 136.614777
202 339.215483 84.073008 39.837671 137.384657
203 335.921608 86.246151 39.609591 138.513125
204 336.115702 86.490450 39.981823 138.952941
205 336.123681 86.514841 39.981823 138.952941
206 332.361207 87.392691 39.964628 139.263113
207 332.377782 87.512000 39.981823 139.452772
208 332.385761 87.536479 39.981823 139.452772
209 332.393739 87.560957 39.981823 139.452772
210 328.980972 87.566026 39.461380 140.114155
211 328.999186 87.759820 39.482050 140.452433
212 329.007064 87.784474 39.482050 140.452433
213 328.363206 87.392342 39.390103 140.590826
214 328.417059 87.597803 39.482050 140.952264
215 325.106457 85.728589 39.371215 140.863891
216 325.169753 85.797518 39.482050 140.952264
217 325.177485 85.822556 39.481990 140.952869
218 320.864084 87.204363 40.030812 139.975468
219 320.676300 86.523923 40.478510 139.485028
220 320.524410 86.312562 40.428154 139.467951
221 316.549538 83.884188 40.567748 140.687527
222 316.596843 83.828146 40.845568 141.227365
223 314.123243 83.282783 40.699621 141.843266
224 314.094040 82.759484 40.796698 141.995504
225 310.094330 80.167492 40.700536 142.019792
226 310.232700 80.394801 40.974882 142.472283
227 310.209128 80.349964 40.949965 142.530414
228 310.195987 80.537803 40.957447 143.018220
229 310.129500 80.628635 40.901848 143.646952
230 310.161298 80.784443 40.975867 143.983335
231 301.213867 69.915329 40.983741 155.858169
232 301.038151 69.730220 40.559983 154.858062
233 296.542422 71.568741 39.915692 150.336856
234 297.645947 63.255728 39.154228 148.196814
235 297.663005 63.247261 39.414713 148.279624
236 285.113159 61.321440 39.685434 150.758708
237 289.989436 42.967247 40.777214 152.065693
238 286.009875 22.403916 41.379259 157.581801
239 286.613471 16.040127 41.047922 158.225606
240 288.064261 6.962437 40.724457 158.964975
241 286.374454 4.073683 40.730356 158.379604
242 285.592976 3.812543 40.778225 158.600663
243 285.156061 4.049915 40.895075 158.871134
244 284.758643 3.894850 40.817959 159.176768
245 284.162530 3.915908 40.743087 159.806207
246 282.116342 3.621722 40.816164 159.491989
247 281.331437 3.282253 41.021011 158.855802
248 279.893656 3.356937 41.703058 157.812909
249 278.642847 3.261462 42.020854 157.036586
250 276.777080 3.294765 42.777430 155.990918
251 275.632267 3.013534 43.085770 155.204235
252 275.448282 3.111953 43.531742 155.160809
253 274.670608 2.999036 44.022095 154.853524
254 274.480000 2.994462 44.494651 154.639853
255 272.725638 3.018150 44.504726 153.736609
256 272.290726 3.308505 44.899155 153.486601
257 271.926594 3.059982 44.944789 153.071819
258 270.692051 3.104078 44.816447 152.744918
259 270.172305 3.295646 44.903938 152.300789
260 269.916425 3.367669 44.979308 152.013148
261 267.839381 4.816696 44.880901 151.252048
262 267.688102 5.098251 44.879629 151.100848
263 266.708790 6.040918 44.856978 150.884732
264 266.990382 4.550925 44.855463 150.600840
265 266.695896 3.770998 44.877078 150.075979
266 268.335531 1.557616 44.653433 149.262559
267 272.922660 0.000000 44.433850 142.948629
268 273.696876 0.000000 44.182123 129.735873
269 273.992558 0.000000 46.077263 123.781643
270 275.244203 8.731243 49.226603 120.400890
271 278.951330 15.149028 50.608491 118.795649
272 283.306795 28.058455 53.984052 119.037281
273 292.740724 47.782824 54.964467 119.505060
274 300.791722 66.608403 56.101971 119.292778
275 309.120063 78.113448 57.318924 122.434495
276 310.972362 78.974356 57.962640 123.125698
277 311.504231 78.959705 58.099514 123.977970
278 311.776538 78.598647 58.519214 124.546169
279 312.036774 78.286414 59.034196 125.605404
280 312.278133 78.275974 59.495100 126.213686
281 312.287591 78.328115 59.479175 126.560724
282 312.307769 78.249588 59.508631 127.332647
283 312.563602 77.847188 60.018416 128.125532
284 312.807743 77.884002 60.478661 128.640176
285 312.823401 77.889792 60.484857 129.160491
286 312.832711 77.625787 60.503776 130.025718
287 313.080282 77.669824 60.986946 130.686234
288 313.086542 77.409668 60.995986 131.487676
289 313.091271 77.222281 60.981594 131.686325
290 313.097310 76.995830 60.995666 132.426127
291 313.102313 76.857200 60.982568 132.668339
292 313.110636 76.766144 60.981463 133.304540
293 313.123209 76.799229 60.975788 133.524362
294 313.141127 76.931748 60.976853 134.075257
295 313.154297 77.090964 60.974051 134.515444
296 313.170326 77.268033 60.975753 135.024513
297 313.200460 77.371552 60.981803 135.604231
298 313.239105 77.396891 60.988749 136.132183
299 313.264213 77.356329 60.990227 136.619053
300 313.312905 76.852419 60.992786 137.356684
301 313.333362 76.691301 60.988781 137.613854
302 313.390569 76.754307 60.988217 138.076622
303 313.458247 76.273599 60.999930 138.761103
304 313.500790 75.721130 60.969528 139.263723
305 313.490595 74.606323 60.970613 140.042853
306 313.490896 74.354867 60.973903 140.733084
307 313.460287 73.696764 60.971637 141.370352
308 313.463072 71.978851 60.968132 142.026481
309 313.440393 71.337332 61.013418 143.096343
310 313.287148 67.449796 61.451387 145.116540
311 313.244323 66.907862 61.511965 146.094127
312 313.417221 66.571750 62.005919 146.924121
313 313.511370 65.270327 62.517458 147.875291
314 313.259228 63.623720 62.974730 149.059023
315 313.212719 63.700536 62.986325 149.562818
316 313.207696 63.861341 62.972387 150.007317
317 313.192763 64.022951 62.978674 150.498802
318 313.149523 63.917498 62.986118 150.490054
319 313.112404 63.833448 62.980434 150.489601
320 313.075386 63.741349 62.981185 150.495795
321 313.043604 63.636595 62.981600 150.501593
322 313.004955 63.690557 62.992316 151.031551
323 312.976492 63.770605 62.986181 151.523348
324 312.896806 63.648325 63.005996 152.081300
325 313.020444 63.375244 63.520729 152.734580
326 312.766543 62.275580 64.056390 153.662266
327 312.895450 61.981863 64.506339 154.241447
328 313.096393 61.724586 64.991796 154.674586
329 313.018747 61.570856 64.986136 155.079202
330 312.899904 61.183910 64.986139 155.735828
331 312.799389 60.883936 64.984230 156.113878
332 312.722399 60.772445 64.988451 156.560543
333 312.674373 60.826530 64.984738 157.012562
334 312.638367 60.928952 64.983570 157.509012
335 312.599969 60.987859 64.984859 158.039750
336 312.558342 61.085955 64.983812 158.507354
337 312.500360 61.159302 64.984667 158.998688
338 312.477686 60.949550 64.976503 159.097683
339 312.443984 60.756604 65.001686 159.611528
340 312.678889 60.824009 65.476122 160.050812
341 312.652687 60.752507 65.487095 160.587101
342 312.598391 60.328760 65.507889 161.217077
343 312.805410 60.181622 65.981325 161.625648
344 312.747097 59.995097 65.990590 162.081458
345 312.723015 59.998930 65.976557 162.557254
346 312.686702 59.902285 65.983046 163.041583
347 312.636472 59.773699 65.987254 163.508287
348 312.577448 59.548682 65.991629 163.972935
349 312.488469 59.083036 66.000274 164.011269
350 312.494612 58.402974 66.538191 164.451791
351 312.606877 57.890598 66.995901 164.484626
352 312.549813 57.778625 66.983320 164.442841
353 312.507410 57.680470 66.980764 164.449555
354 312.418228 57.450528 66.983569 164.465910
355 312.370125 56.980752 66.975017 164.634783
356 312.331043 56.565006 66.976560 165.154280
357 312.333652 56.708296 66.973029 165.447023
358 312.335173 56.697961 66.973710 165.447915
359 312.336353 56.686369 66.973672 165.448002
360 312.337553 56.674732 66.973672 165.448002
361 312.352669 56.697330 66.970247 165.445729
362 312.350977 56.686822 66.974416 165.435525
363 312.336253 56.654467 66.976093 165.422843
364 312.332219 56.642167 66.974633 165.430814
365 312.329583 56.624360 66.974445 165.429322
366 312.331649 56.645162 66.972221 165.437372
367 312.339030 56.670226 66.971173 165.441049
368 312.347319 56.693870 66.970994 165.441136
369 312.355650 56.717391 66.971010 165.441120
370 312.353819 56.722611 66.973924 165.432787
371 312.341653 56.645269 66.975870 165.452358
372 312.338265 56.630010 66.972573 165.439976
373 312.344263 56.639906 66.971972 165.451806
374 312.352632 56.651961 66.971109 165.448531
375 312.359046 56.641765 66.973017 165.457535
376 312.362988 56.649124 66.971863 165.437530
377 312.364092 56.651594 66.972627 165.439447
378 312.340661 56.561720 66.979298 165.453305
379 312.324652 56.533432 66.976023 165.427752
380 312.312216 56.522569 66.975601 165.428107
381 312.317326 56.551484 66.971410 165.440805
382 312.320379 56.557518 66.972707 165.444995
383 312.315266 56.532619 66.973458 165.447915
384 312.309937 56.519093 66.974729 165.437845
385 312.303084 56.495197 66.975157 165.446968
386 312.292241 56.458643 66.975266 165.440544
387 312.287544 56.382496 66.976368 165.476120
388 312.286936 56.306279 66.976937 165.469357
389 312.279420 56.254261 66.978084 165.446597
390 312.269938 56.218934 66.977068 165.436851
391 312.261008 56.180486 66.975093 165.448823
392 312.255127 56.146698 66.975065 165.445390
393 312.249483 56.103570 66.975953 165.440836
394 312.237594 56.024902 66.977192 165.414762
395 312.228103 55.969325 66.977132 165.422054
396 312.212542 55.891557 66.979496 165.426032
397 312.199622 55.867412 66.977844 165.440923
398 312.176506 55.699904 66.985384 165.481257
399 312.136313 55.558931 66.985636 165.468126
400 312.100758 55.449896 66.983697 165.463304
401 312.072729 55.387536 66.980119 165.447986
402 312.056894 55.366304 66.978378 165.429417
403 312.041910 55.353196 66.978921 165.429251
404 312.027217 55.340668 66.978409 165.430901
405 311.997940 55.295583 66.983716 165.436606
406 311.988785 55.300061 66.974333 165.433986
407 311.986261 55.311200 66.973799 165.434065
408 311.984522 55.323121 66.973620 165.434397
409 311.982987 55.335128 66.973601 165.434523
410 311.977218 55.342716 66.975243 165.434113
411 311.954377 55.329998 66.981074 165.428865
412 311.924870 55.301888 66.981170 165.430830
413 311.876139 55.244267 66.988805 165.432037
414 311.833799 55.170812 66.984266 165.450646
415 311.791747 55.104506 66.985448 165.447718
416 311.773704 55.094803 66.977640 165.436109
417 311.734592 55.018317 66.984441 165.452713
418 311.681635 54.921360 66.986406 165.438855
419 311.507660 54.675993 67.014086 165.404748
420 311.485995 54.544329 67.545206 165.367002
421 311.570188 54.421838 68.011229 165.401607
422 311.573247 54.272244 68.526075 165.401702
423 310.642930 54.165967 69.177554 165.111865
424 310.519963 54.296933 69.500212 165.389406
425 310.590707 54.200908 69.991195 165.400336
426 310.517371 54.174025 69.989279 165.407612
427 310.447783 54.149304 69.989225 165.409514
428 310.415409 54.161804 69.979022 165.436685
429 310.373721 54.156032 69.983484 165.421360
430 310.325619 54.157354 69.984923 165.418992
431 310.315597 54.187969 69.973374 165.444198
432 310.286897 54.182638 69.979422 165.436306
433 310.257846 54.182579 69.978938 165.437253
434 310.227484 54.180429 69.979295 165.436504
435 310.196768 54.178393 69.979332 165.436385
436 310.127424 54.161327 69.985644 165.422859
437 310.022920 54.157653 69.991745 165.407391
438 309.896387 54.167577 69.988381 165.403517
439 309.861401 54.173007 69.983885 165.418519
440 309.827926 54.169941 69.983948 165.420318
441 309.800247 54.170292 69.981405 165.426229
442 309.732400 54.152915 69.995167 165.402364
443 309.587787 54.083878 70.009349 165.376638
444 309.603219 53.948079 70.500551 165.399334
445 309.761405 53.931577 70.987710 165.415346
446 309.670408 53.891957 70.989359 165.410572
447 309.623510 53.883190 70.979301 165.430640
448 309.581489 53.865248 70.979541 165.430553
449 309.539388 53.847626 70.979561 165.430546
450 309.507504 53.813948 70.975956 165.432021
451 309.408897 53.635644 70.989007 165.418408
452 308.999190 53.035685 71.059565 165.486695
453 309.143075 52.748137 71.488002 165.535544
454 309.078799 52.758691 71.486362 166.037796
455 309.040120 52.923420 71.481184 166.448728
456 309.037367 52.907581 71.472053 166.462892
457 309.017410 52.844829 71.477150 166.454007
458 308.998420 52.779921 71.474924 166.452539
459 308.992932 52.756793 71.471215 166.441630
460 308.987537 52.731991 71.471225 166.442186
461 308.985573 52.720272 71.470297 166.441019
462 308.986691 52.726509 71.471845 166.440717
463 308.987895 52.739938 71.471402 166.438057
464 308.994138 52.763121 71.469667 166.440161
465 309.001279 52.785300 71.469656 166.440177
466 309.006856 52.805192 71.470216 166.439280
467 309.003822 52.792306 71.472118 166.442781
468 308.994034 52.765761 71.473441 166.442162
469 308.975244 52.688150 71.476305 166.468417
470 308.956241 52.606724 71.476042 166.466726
471 308.948438 52.569746 71.472970 166.451705
472 308.947378 52.565638 71.471358 166.439828
473 308.938767 52.543888 71.473959 166.445798
474 308.936572 52.544249 71.471856 166.440391
475 308.927852 52.537461 71.474856 166.440574
476 308.897115 52.460382 71.479397 166.444369
477 308.888726 52.428732 71.470352 166.454508
478 308.867823 52.356738 71.475708 166.459311
479 308.820124 52.147540 71.480052 166.537934
480 308.749327 51.868651 71.467151 167.140319
481 308.605940 51.374746 71.486874 167.667288
482 308.443909 50.806458 71.509014 168.172362
483 308.584712 50.728063 71.985598 168.463555
484 308.484882 50.514886 71.990377 168.449719
485 308.381369 50.302512 71.991355 168.447654
486 308.232528 49.990119 71.995118 168.470561
487 308.132470 49.902203 71.990521 168.433280
488 307.996389 49.810592 72.005668 168.413547
489 307.934846 49.449520 72.546069 168.536711
490 307.854736 49.334615 73.015591 168.986107
491 308.044551 49.209449 73.479736 168.961722
492 308.002445 49.015794 73.480146 169.010283
493 307.918364 49.085944 73.484169 169.443957
494 307.832882 48.935644 73.484569 169.443738
495 307.758702 48.803477 73.484246 169.444935
496 307.667874 48.596547 73.475519 169.517660
497 307.570514 48.689998 73.494876 169.927960
498 307.487367 48.606848 73.490478 169.914277
499 307.358236 48.414199 73.504903 169.941319
500 307.532189 48.290559 73.990617 169.949255
501 307.479149 48.097063 73.991669 170.006955
502 307.419729 48.281586 73.983543 170.426504
503 307.368649 48.258447 73.983098 170.426098
504 307.322160 48.242789 73.982032 170.429179
505 307.288328 48.239151 73.979287 170.432529
506 307.256507 48.229171 73.978994 170.433016
507 307.209663 48.187565 73.981171 170.433764
508 307.189239 48.126878 73.973705 170.459415
509 307.163287 48.081407 73.976708 170.437553
510 307.131182 48.046070 73.977809 170.436008
511 307.104514 48.004163 73.976048 170.443691
512 307.079426 47.948545 73.977170 170.456862
513 307.057298 47.845741 73.974397 170.492000
514 307.050259 47.817570 73.971457 170.435439
515 307.046792 47.825476 73.971330 170.433984
516 307.046921 47.842078 73.970691 170.435398
517 307.037923 47.820411 73.975593 170.440732
518 307.036421 47.830493 73.971030 170.435358
519 307.034562 47.834269 73.970896 170.435293
520 307.032074 47.831159 73.970886 170.435821
521 307.029560 47.824663 73.970720 170.436472
522 307.027108 47.817745 73.970720 170.436472
523 307.028745 47.823680 73.969954 170.437033
524 307.037554 47.850245 73.967851 170.439911
525 307.045262 47.864704 73.969629 170.438057
526 307.047416 47.857318 73.972128 170.449870
527 307.044309 47.856968 73.972357 170.433382
528 307.040375 47.863619 73.972639 170.432951
529 307.036292 47.870525 73.972639 170.432959
530 307.032227 47.877493 73.972629 170.432976
531 307.030296 47.886858 73.971905 170.434358
532 307.033295 47.889452 73.974584 170.428927
533 307.034422 47.894249 73.974778 170.427602
534 307.035527 47.899407 73.974838 170.427529
535 307.036929 47.911066 73.971983 170.434171
536 307.042130 47.925102 73.970141 170.437594
537 307.048147 47.937452 73.970155 170.437553
538 307.055716 47.955862 73.969090 170.438748
539 307.060694 47.966602 73.971979 170.432195
540 307.064341 47.980545 73.971859 170.432610
541 307.068076 47.993696 73.972142 170.432057
542 307.071727 48.007285 73.972057 170.432203
543 307.072339 48.009492 73.974319 170.428650
544 307.072886 48.017216 73.973211 170.434699
545 307.075017 48.024996 73.972498 170.435472
546 307.076940 48.037651 73.970727 170.436195
547 307.081997 48.059797 73.969051 170.438016
548 307.087337 48.080236 73.969245 170.437707
549 307.092217 48.100309 73.969375 170.437496
550 307.097032 48.120480 73.969375 170.437504
551 307.102196 48.141151 73.969252 170.437699
552 307.102238 48.152691 73.971302 170.434618
553 307.097568 48.152464 73.973507 170.432675
554 307.100716 48.165980 73.970769 170.436797
555 307.105370 48.176948 73.970893 170.436781
556 307.109232 48.186078 73.971298 170.436285
557 307.112919 48.195659 73.971207 170.436342
558 307.115876 48.203561 73.971912 170.435683
559 307.114663 48.217809 73.971066 170.434805
560 307.096536 48.219212 73.975148 170.432415
561 307.076164 48.223370 73.974365 170.433976
562 307.075806 48.241456 73.970325 170.435984
563 307.081300 48.264049 73.968962 170.438146
564 307.083304 48.279569 73.970444 170.435797
565 307.084980 48.296858 73.970300 170.436016
566 307.083112 48.309435 73.971644 170.434553
567 307.071912 48.314793 73.974996 170.433740
568 307.043588 48.296728 73.977890 170.430350
569 307.001728 48.242683 73.978412 170.434155
570 306.965687 48.194086 73.977519 170.430935
571 306.953829 48.042188 73.972738 170.524512
572 306.918751 47.823916 73.981891 171.070874
573 306.882280 47.880918 73.983112 171.472204
574 306.864422 47.810994 73.977001 171.454744
575 306.847968 47.754993 73.976979 171.456748
576 306.837858 47.717085 73.976228 171.449609
577 306.829660 47.601222 73.973910 171.505258
578 306.823552 47.730039 73.977114 171.968941
579 306.798421 47.576435 73.981563 171.974641
580 306.774104 47.434219 73.980381 171.966882
581 306.739965 47.227137 73.982516 171.981464
582 306.720556 47.120640 73.977798 171.978438
583 306.693431 47.004829 73.979742 171.971450
584 306.659961 46.869310 73.982548 171.940374
585 306.655426 46.876921 73.971073 171.935773
586 306.655546 46.875071 73.971732 171.935642
587 306.655915 46.887001 73.971111 171.934723
588 306.652392 46.875326 73.972526 171.937069
589 306.652893 46.859697 73.971358 171.937143
590 306.654726 46.854900 73.971238 171.933657
591 306.658789 46.856454 73.970487 171.942515
592 306.662618 46.867563 73.970300 171.936208
593 306.670079 46.889912 73.968652 171.938488
594 306.679349 46.883958 73.966418 171.940637
595 306.693486 46.854965 73.964333 171.953152
596 306.705166 46.839448 73.966429 171.938685
597 306.707350 46.845222 73.970706 171.934912
598 306.698952 46.827359 73.972121 171.933797
599 306.693332 46.822315 73.973934 171.928326
600 306.685250 46.812862 73.974707 171.926645
601 306.671778 46.788758 73.975575 171.927457
602 306.666309 46.784628 73.973123 171.943934
603 306.659818 46.753183 73.974065 171.951086
604 306.643787 46.663778 73.972124 171.972861
605 306.627464 46.569595 73.972533 171.969523
606 306.619782 46.496149 73.971429 171.975141
607 306.596898 46.454588 73.978440 171.930803
608 306.582931 46.452230 73.974273 171.932156
609 306.563251 46.421777 73.977152 171.930836
610 306.529847 46.364214 73.980713 171.930344
611 306.487988 46.310957 73.980085 171.934929
612 306.440376 46.254194 73.981591 171.934207
613 306.427474 46.245722 73.972043 171.936060
614 306.424681 46.242105 73.971069 171.934264
615 306.421447 46.227166 73.971687 171.934641
616 306.415321 46.229868 73.972343 171.933001
617 306.412612 46.237467 73.971669 171.934305
618 306.409314 46.238090 73.971923 171.934461
619 306.405854 46.239833 73.971944 171.934592
620 306.399639 46.228576 73.972219 171.938308
621 306.390187 46.134110 73.969326 171.945369
622 306.391555 46.021933 73.967039 171.939111
623 306.394005 45.929657 73.967551 171.941449
624 306.387096 45.781614 73.990318 171.886769
625 306.368942 45.648215 73.985339 171.891329
626 306.352144 45.393334 73.988850 171.897808
627 306.337909 45.238701 73.975406 171.902319
628 306.329173 45.173588 73.977195 171.901925
629 306.331076 45.059857 73.991574 171.873449
630 306.320752 44.985591 73.990000 171.876287
631 306.316588 44.999870 73.985247 171.890566
632 306.312415 44.992870 73.988049 171.886449
633 306.295032 44.969524 73.989273 171.884136
634 306.280088 44.960588 73.981161 171.905263
635 306.272570 44.954310 73.980028 171.905165
636 306.264324 44.956348 73.976129 171.918534
637 306.254827 44.969171 73.973775 171.932263
638 306.234710 44.891711 73.990716 171.900925
639 306.205238 44.899815 73.977918 171.927465
640 306.187499 44.899511 73.976013 171.928589
641 306.168078 44.891830 73.977442 171.927859
642 306.147702 44.882636 73.977611 171.927358
643 306.127009 44.869231 73.978352 171.927194
644 306.081044 44.831417 73.987862 171.917943
645 306.027698 44.793932 73.989315 171.914597
646 305.968919 44.751435 73.990176 171.914556
647 305.958915 44.738518 73.974704 171.938734
648 305.962474 44.735442 73.971828 171.935535
649 305.968458 44.706007 73.979337 171.930754
650 305.970678 44.671523 73.981429 171.926825
651 305.971569 44.671449 73.975564 171.929237
652 305.967527 44.671154 73.973705 171.932862
653 305.962664 44.667611 73.975617 171.928441
654 305.943338 44.594596 73.987389 171.931951
655 305.909796 44.472356 73.995219 171.929589
656 305.889875 44.380781 73.985974 171.954416
657 305.876771 44.341577 73.977540 171.937594
658 305.867952 44.304247 73.978059 171.934896
659 305.867627 44.314073 73.971034 171.935609
660 305.870116 44.320704 73.971521 171.935068
661 305.870517 44.315426 73.974382 171.927334
662 305.873552 44.322996 73.976330 171.920551
663 305.875189 44.331062 73.974587 171.926284
664 305.870549 44.252261 73.980663 171.943245
665 305.861184 44.148544 73.982004 171.957516
666 305.854031 44.056916 73.979538 171.939849
667 305.860116 44.065281 73.971048 171.936429
668 305.870997 44.083296 73.968592 171.939825
669 305.874714 44.065470 73.976433 171.929499
670 305.872888 44.028071 73.978479 171.937701
671 305.870850 44.029810 73.972163 171.934371
672 305.872077 44.033303 73.972135 171.934428
673 305.874922 44.043847 73.970931 171.935749
674 305.877826 44.050662 73.971432 171.935240
675 305.880727 44.056428 73.971567 171.935248
676 305.881366 44.058720 73.972378 171.933961
677 305.880441 44.071482 73.971270 171.934272
678 305.881225 44.075132 73.972099 171.936274
679 305.884811 44.079552 73.971507 171.935634
680 305.887798 44.085014 73.971556 171.935289
681 305.888876 44.089214 73.972057 171.934330
682 305.888109 44.091522 73.972608 171.933370
683 305.872013 44.049358 73.979157 171.938972
684 305.857435 43.948761 73.979404 171.972229
685 305.813273 43.895861 73.986090 171.921896
686 305.763174 43.872179 73.986545 171.922208
687 305.708069 43.845987 73.987308 171.920527
688 305.682461 43.850924 73.977572 171.930885
689 305.672545 43.857826 73.972851 171.930008
690 305.665125 43.865470 73.972837 171.930163
691 305.654214 43.868976 73.974097 171.929204
692 305.647445 43.879827 73.972650 171.931689
693 305.644849 43.894438 73.971422 171.933657
694 305.638538 43.895754 73.974968 171.923512
695 305.630694 43.900511 73.976013 171.920617
696 305.628757 43.921971 73.971080 171.934133
697 305.628919 43.938222 73.970727 171.934781
698 305.628789 43.953469 73.970893 171.934510
699 305.628272 43.968408 73.970998 171.934346
700 305.633048 43.985275 73.970861 171.933747
701 305.637783 43.997585 73.970462 171.935880
702 305.653893 43.995346 73.981623 171.913243
703 305.665795 44.011725 73.980723 171.915310
704 305.667797 44.034829 73.975300 171.923167
705 305.673845 44.052889 73.975857 171.922561
706 305.676972 44.077010 73.970265 171.935142
707 305.684969 44.069940 73.977336 171.919756
708 305.689647 44.008641 73.985145 171.928318
709 305.694996 44.007296 73.974859 171.933912
710 305.703445 44.004704 73.974206 171.933510
711 305.715231 44.007924 73.976143 171.931131
712 305.727724 43.977926 73.984827 171.925611
713 305.758161 43.834021 73.992717 172.015181
714 305.731330 43.987982 73.981044 172.444733
715 305.709146 43.927620 73.981069 172.439313
716 305.695855 43.828997 73.987371 172.469442
717 305.641358 43.624319 74.001404 172.486798
718 305.846659 43.520156 74.490483 172.417417
719 305.823008 43.487863 74.483399 172.402792
720 305.804079 43.466617 74.481431 172.414965
721 305.853119 43.412024 74.506242 172.448097
722 306.232603 43.409606 75.071021 172.307714
723 307.636039 45.583496 75.663431 172.009336
724 308.748242 46.844275 76.118119 172.463528
725 308.798782 46.295737 76.605659 172.311711
726 309.661740 49.032131 77.111486 172.121671
727 308.183356 50.520603 77.597395 171.592388
728 310.913621 64.188580 78.031707 172.942659
729 313.163286 81.939705 79.569087 172.743225
730 315.208244 94.807773 81.048603 174.101824
731 316.275096 94.312964 82.305050 175.999052
732 319.362706 114.350262 84.042575 175.490694
733 319.686509 114.506828 84.768849 174.662004
734 320.563904 115.613122 85.041613 174.285289
735 320.706805 115.922756 85.505178 174.008224
736 320.816175 117.531834 86.027238 173.477031
737 320.907632 118.834778 86.516012 172.412721
738 319.555236 114.135529 86.140862 169.466902
739 319.978196 119.769687 85.858713 167.799409
740 320.907223 124.897385 84.870390 164.774129
741 319.551399 122.666979 81.461164 160.217007
742 321.312707 128.554142 79.466207 158.751771
743 322.007765 129.047592 77.683270 156.323489
744 325.644990 132.509779 73.776746 156.602281
745 331.048596 137.585362 68.628804 154.001270
746 332.284619 135.544609 62.833469 148.235210
747 336.346453 137.029000 58.712396 147.076755
748 337.521220 133.795133 53.731296 139.521461
749 338.376886 134.282318 52.887508 140.218783
750 338.780216 134.541643 52.476030 140.608520
751 335.541191 127.209201 49.752899 138.648194
752 335.680468 127.413578 49.956360 139.016371
753 333.267214 121.847059 48.775277 139.089533
754 333.661977 120.878289 48.426891 140.956056
755 333.806040 120.409950 48.121475 141.602672
756 327.733259 106.944911 48.890833 143.938684
757 327.785793 106.996999 48.967361 143.875559
758 323.412103 99.793961 49.386866 142.302077
759 323.474281 99.562818 49.458795 142.877547
760 323.459690 99.176106 49.443319 143.476168
761 323.477870 98.885565 49.476149 143.822889
762 323.492304 98.755842 49.479921 144.244288
763 312.680755 83.552984 49.821656 146.068476
764 312.624120 85.078341 49.813194 147.278769
765 312.529057 85.100688 49.798040 147.768055
766 305.794935 73.961657 48.906816 149.536661
767 305.837265 75.755102 49.015388 150.886788
768 301.744089 74.065390 49.584625 153.975284
769 301.778735 72.676148 49.849789 156.839122
770 301.823432 72.282260 49.761057 158.376222
771 295.960462 62.515307 49.835520 158.588986
772 295.565395 65.130827 50.005448 162.774994
773 291.697694 55.446232 49.867748 167.063365
774 291.609007 59.223982 50.576928 169.637455
775 286.598546 48.155297 51.534817 169.282031
776 284.682032 42.924262 51.606904 170.214887
777 284.789316 42.271689 52.115299 171.828495
778 280.847530 22.529674 51.241734 174.767572
779 280.928647 23.235772 51.461811 174.374635
780 280.801035 23.898185 51.376244 173.437416
781 275.034860 16.890222 50.283177 165.092785
782 275.138210 17.090863 50.477418 165.445863
783 275.143411 17.113622 50.476678 165.442580
784 275.148804 17.137786 50.476490 165.442391
785 268.267440 12.161230 49.022054 161.361569
786 268.525933 12.045993 49.334936 161.704660
787 268.595773 12.217571 49.456124 161.887906
788 263.114338 8.291921 47.359796 157.212332
789 263.179589 8.614880 47.444535 157.153998
790 263.185258 8.970198 47.453398 157.026468
791 257.787374 5.887958 47.279536 153.001474
792 257.829783 6.783814 47.478478 152.281011
793 257.798391 7.681488 47.459885 151.135097
794 257.697422 7.875361 47.490786 150.951483
795 250.663835 5.924975 46.728985 143.577581
796 249.312515 6.586088 46.582221 141.423445
797 249.491790 6.829739 46.909750 141.169533
798 249.507929 7.193186 46.885057 141.091785
799 249.537212 7.547534 46.899404 141.173278
800 242.123606 4.279705 44.284988 136.295930
801 240.853871 5.589023 44.211781 131.289397
802 241.157850 7.216754 44.044669 129.029309
803 235.952810 6.971287 44.409759 123.561537
804 235.982884 7.182152 44.480357 123.818460
805 235.977852 7.263828 44.480122 123.825798
806 230.412326 5.787241 43.208045 117.777123
807 230.557096 5.899411 43.480232 117.960051
808 230.565773 5.920117 43.480232 117.960051
809 230.574450 5.940823 43.480232 117.960051
810 222.618264 3.439764 42.222900 111.473424
811 221.022596 4.550942 42.209554 107.008343
812 221.165794 4.943625 42.461104 107.039034
813 221.179904 5.395341 42.456384 106.811614
814 221.204494 5.571638 42.465502 106.727677
815 214.423221 0.000000 40.645647 101.217730
816 214.599260 0.141764 40.981369 101.465637
817 214.607438 0.159575 40.981369 101.465637
818 208.209714 0.000000 40.306554 95.767397
819 208.305313 0.116897 40.481596 95.967499
820 202.930029 0.000000 40.729864 93.558391
821 202.324029 0.031742 41.000577 93.527524
822 202.572589 0.268563 41.481141 93.968176
823 198.100916 0.526029 41.519168 89.786196
824 198.338145 0.662298 41.975228 89.929203
825 198.347401 0.725098 41.976094 89.933537
826 192.563539 2.104507 40.984334 82.258801
827 192.855712 3.592964 40.435813 79.761718
828 189.230007 3.333032 40.548481 73.583817
829 189.466584 3.578173 40.961054 73.911037
830 189.490542 3.637059 40.973732 73.952992
831 184.195585 2.211161 40.046509 68.290257
832 184.421390 2.313230 40.473355 68.428911
833 180.453503 0.169861 40.222073 65.610803
834 180.697387 0.976855 40.300896 64.624747
835 180.845043 1.417269 40.373806 64.414674
836 175.097313 0.000000 40.364015 58.431984
837 175.163859 0.031199 40.481323 58.469011
838 172.071228 0.000000 40.136007 54.603783
839 172.247800 0.209519 40.523199 54.770026
840 172.481000 0.307359 41.019151 54.886525
841 167.206448 0.000000 41.062439 49.186573
842 167.301800 0.628027 41.405808 48.043007
843 167.293618 0.996312 41.385898 48.051360
844 167.316415 1.286598 41.421838 48.249978
845 157.664095 0.000000 40.419007 42.657275
846 157.077198 0.000000 40.601480 39.826746
847 157.244280 0.124709 40.905367 39.852600
848 157.256902 0.237948 40.901697 39.846386
849 157.283960 0.318023 40.948886 39.951845
850 148.643303 0.000000 40.432885 34.330076
851 148.276371 0.000000 39.639886 33.930408
852 148.372681 0.000000 38.835852 32.689434
853 141.484911 0.000000 39.062934 28.194655
854 141.147182 0.169827 38.993508 28.030521
855 139.828298 0.458143 38.374753 27.788674
856 138.294209 0.000000 37.904714 25.103150
857 138.650412 0.000000 37.655084 24.545685
858 137.574868 0.263329 37.948688 24.398309
859 137.781577 0.393235 37.890129 24.078563
860 138.027860 0.655568 37.885644 24.108499
861 134.230171 0.000000 38.161132 23.195120
862 134.932996 0.120214 38.132149 23.461554
863 136.002721 0.103528 37.861780 23.488556
864 136.006288 0.050228 37.490884 23.391917
865 120.664131 10.640314 38.225386 24.926567
866 115.001863 19.955297 37.316483 26.515973
867 115.796335 16.969664 35.251880 30.349110
868 117.449112 12.803409 33.432531 34.288381
869 120.414774 11.155506 31.476942 38.771424
870 120.692063 13.166195 30.038661 42.275618
871 125.293677 15.837864 28.852397 46.292971
872 123.436867 43.943703 27.686343 50.946701
873 123.680882 48.629637 26.408739 52.859381
874 123.871805 51.010394 25.661325 54.393445
875 124.003015 53.254517 24.808514 56.589150
876 124.273235 53.484287 24.470279 57.931055
877 124.489477 53.509751 23.696407 59.258780
878 124.676276 53.258606 23.680852 59.915278
879 124.865081 52.795979 23.641788 60.449209
880 125.128929 52.315308 23.290696 61.979217
881 125.282531 50.885231 22.922370 62.650273
882 125.354766 51.048637 22.826388 63.153226
883 125.490633 51.445863 22.787294 63.764825
884 125.513965 50.598155 22.455754 65.257611
885 125.357379 50.135227 21.977672 66.350445
886 125.233473 49.751296 21.721385 66.875306
887 125.250203 49.355877 21.744106 67.355071
888 125.253493 48.961502 21.534701 68.217251
889 125.494656 49.719750 21.590365 69.341937
890 125.582974 50.231719 21.692007 70.205720
891 125.708942 51.121953 21.703847 71.176284
892 125.860532 52.289198 21.717704 72.288373
893 126.217635 50.655463 21.612586 73.528665
894 126.475337 50.168664 21.593854 74.962735
895 126.870254 49.488514 21.535906 76.185386
896 127.087503 50.290873 21.483997 77.995713
897 126.753517 52.030750 21.148322 79.856210
898 126.292339 53.218078 21.118206 82.018829
899 126.873508 53.001980 20.978895 85.101001
900 127.056273 53.110478 20.628921 87.963759
901 127.205181 52.865793 20.657503 89.745194
902 127.398392 52.500760 20.698713 91.574109
903 127.900503 52.109164 20.289259 94.505877
904 127.978623 52.242319 20.054914 96.915205
905 128.029898 51.574781 20.080082 99.016755
906 128.079827 49.506064 20.035425 100.899409
907 127.680992 50.993817 19.995420 104.673244
908 127.624264 49.513336 19.492571 108.502640
909 128.293075 49.656355 18.887103 115.899345
910 128.501519 50.744401 18.428054 122.505342
911 129.016761 56.958856 17.768338 135.321349
912 128.392132 62.808918 17.383121 153.113458
913 129.117968 63.754445 16.702503 180.075058
914 129.781510 65.602212 16.127548 212.977334
915 129.921245 100.066363 15.524747 255.080001
916 130.084920 158.035888 14.893506 301.439104
917 129.977215 146.690475 14.198585 335.696967
918 129.676099 115.198533 13.759667 372.010245
919 130.686792 101.507379 13.194409 411.697695
920 131.049314 95.862424 12.956600 440.864746
921 131.406960 84.110110 12.448883 458.908286
922 131.560186 67.872475 12.254491 470.448035
923 131.827498 61.088794 12.286488 483.333017
924 131.971151 53.952427 12.204698 493.187812
925 132.116571 45.917956 12.068022 505.044710
926 131.838248 40.428900 12.310989 504.153038
927 131.861829 33.096268 12.173161 514.404780
928 131.987120 31.175304 12.248373 519.687781
929 132.181085 31.620058 12.266601 523.717173
930 131.890596 33.227916 12.304014 522.253510
931 131.945009 33.472794 12.308668 523.841958
932 132.016226 33.629173 12.327995 525.612014
933 131.987247 34.678676 12.275082 526.838705
934 132.236667 35.056528 12.371594 527.577798
935 131.746130 39.581531 12.367076 524.037417
936 131.773867 34.582784 12.210621 528.514998
937 132.099972 33.048105 12.366344 531.583411
938 132.243212 31.800976 12.270040 534.187790
939 131.756643 35.862981 12.312817 530.281834
940 131.889701 33.315304 12.330277 533.048037
941 131.944891 31.701595 12.237937 535.545444
942 132.077628 30.142566 12.292349 538.134158
943 132.181207 28.956071 12.244564 540.544431
944 131.397425 34.552652 12.274293 532.434401
945 131.424634 32.344747 12.340425 534.430014
946 131.395685 30.692963 12.224292 534.399530
947 131.433005 28.458853 12.181910 536.157467
948 131.560099 27.086022 12.415111 536.676569
949 131.604743 26.689703 12.434852 536.788160
950 131.638556 26.262708 12.433028 536.805598
951 131.578663 25.592057 12.350152 536.784934
952 131.566287 23.972224 12.374957 538.157424
953 131.459216 21.508674 12.328105 541.313401
954 131.353580 19.620362 12.337208 543.674596
955 131.310629 17.215243 12.340142 546.220641
956 131.389103 14.898274 12.393650 547.740885
957 131.465919 14.929215 12.437614 548.081998
958 131.562967 15.657383 12.313029 548.826931
959 131.551609 15.356294 12.244772 549.719355
960 131.630056 14.805324 12.308979 550.227983
961 131.646182 14.003766 12.372289 550.210018
962 131.487910 13.203813 12.321994 550.735304
963 131.402447 12.347113 12.349729 551.200416
964 131.334467 11.697091 12.372012 551.659889
965 131.244263 11.387386 12.358273 551.628157
966 131.123060 10.823358 12.259101 552.691621
967 131.042716 12.548644 12.208106 554.276554
968 131.118145 12.618379 12.320006 553.217260
969 130.861177 12.714353 12.225958 551.421187
970 130.971623 13.356395 12.426113 551.650895
971 130.837301 12.901339 12.394069 551.667403
972 130.730232 12.448374 12.395790 551.733443
973 130.628152 13.170305 12.321787 554.582183
974 130.713498 14.327938 12.419190 553.743970
975 130.624507 15.114761 12.375343 553.482997
976 130.259113 18.756962 12.157912 551.136275
977 130.225283 19.323085 12.232118 552.866842
978 130.220909 20.207501 12.274657 553.885501
979 130.138864 20.585107 12.280805 553.096678
980 130.130845 20.929897 12.332151 554.186876
981 130.213175 20.933394 12.386106 554.932489
982 130.113819 20.538478 12.302889 554.372422
983 130.165664 20.895732 12.383785 555.086215
984 130.104371 21.263991 12.344685 554.736009
985 130.117244 21.395669 12.396766 554.604331
986 130.007271 20.574727 12.313626 555.425273
987 130.077876 20.262710 12.344362 555.737290
988 130.132238 20.082521 12.347987 555.917479
989 130.151437 19.699666 12.346085 556.300334
990 130.182810 19.892959 12.327893 556.107041
991 130.065257 20.588820 12.212462 554.950537
992 130.085589 20.666586 12.294314 555.333414
993 130.112632 20.685513 12.290225 555.314487
994 130.030642 21.599804 12.256365 554.400196
995 130.014695 21.441248 12.265784 554.558752
996 129.906703 21.018732 12.247319 554.981268
997 129.887665 20.853406 12.291527 555.146594
998 129.801731 22.011846 12.282320 553.988154
999 129.746805 21.700371 12.282626 554.299629
1000 129.711517 21.589798 12.270510 554.410202
