2 176.068976 537.358460 182.402078 132.590324
3 176.569385 543.032290 183.353493 130.994934
4 176.901707 543.375586 183.796519 130.657051
5 177.430302 542.884250 184.837784 130.941720
6 177.432863 542.702918 185.457729 131.061641
7 177.451345 542.918636 185.466989 131.467206
8 177.411860 542.692419 186.267067 131.441698
9 179.831287 537.254959 189.212983 131.789674
10 178.953540 535.523799 190.511045 131.595733
11 171.240216 529.697161 192.319772 132.404003
12 160.817103 527.975551 192.454875 132.840280
13 160.842612 528.060928 192.463421 132.961606
14 161.668957 528.092492 192.775190 132.871107
15 162.402700 527.670608 193.484803 132.722179
16 167.666225 519.775480 194.874083 132.818494
17 169.509692 518.876041 196.003410 132.377387
18 169.678353 518.906989 196.798083 132.618142
19 171.167849 514.291880 198.303431 131.950505
20 185.001489 504.402900 197.548102 128.415494
21 195.237459 497.484236 195.764424 132.245219
22 194.094349 497.970918 196.127788 132.468858
23 189.496800 506.549614 197.573232 130.806258
24 188.076722 512.246594 197.901215 129.739943
25 187.206638 511.399406 197.844406 129.760252
26 186.884413 501.452753 198.146898 129.061613
27 181.778994 491.284088 199.445045 129.928344
28 178.515511 486.201939 199.668198 129.989815
29 178.041802 484.869746 199.903316 130.040305
30 179.947787 478.148150 200.780582 131.557540
31 184.550761 475.198815 201.242783 132.178039
32 184.851281 475.670918 201.487298 132.423570
33 180.076500 484.739550 200.769887 132.528349
34 178.125835 488.345080 201.070838 132.229994
35 177.279393 495.285578 201.568199 131.610943
36 173.098486 497.937665 202.595939 131.061873
37 169.310331 492.303302 203.086092 131.981442
38 168.899357 490.964919 204.835104 132.223534
39 169.066879 480.960365 205.113108 127.063711
40 170.897199 473.909487 204.693179 129.304587
41 171.401098 470.937871 203.933676 129.836410
42 172.205648 470.727903 203.665297 130.013594
43 175.209124 474.705326 203.694207 131.796281
44 176.592089 488.744997 204.899101 130.238290
45 177.441512 494.181391 203.227401 130.838933
46 182.854600 502.558121 204.054844 130.995709
47 188.961865 509.259298 203.710260 130.400117
48 195.288100 509.462878 203.300264 131.072727
49 199.640946 509.085340 203.679605 131.946553
50 202.414878 509.286805 203.055734 132.560478
51 202.669789 508.902959 203.426912 132.978888
52 205.255129 497.764325 206.874672 132.908429
53 199.964472 487.594504 204.711281 134.285783
54 183.106922 486.106124 206.723214 129.948226
55 156.211638 486.936347 207.634631 128.477672
56 137.130704 502.001668 210.680248 136.174491
57 116.316124 530.923240 215.656333 139.456303
58 76.451701 552.324172 213.061243 135.577999
59 48.865947 566.876387 201.477207 139.687745
60 21.774651 584.684093 201.957137 135.315907
61 0.306140 590.114123 188.506559 129.885877
62 22.782814 578.773751 157.050437 122.537233
63 0.000000 541.256936 109.389220 133.234935
64 0.000000 546.983776 107.304333 132.570635
65 2.627637 555.847766 111.408595 130.175594
66 0.000000 569.164355 104.407339 131.001409
67 0.000000 559.936869 86.343272 149.101764
68 0.000000 551.564327 83.107008 136.628655
69 0.000000 545.126617 83.953269 131.504993
70 0.000000 547.817593 83.775189 126.729654
71 4.235798 563.883122 85.726165 121.658060
72 5.659845 554.381636 85.901593 123.980754
73 5.497177 575.284526 91.132643 122.806038
74 4.301976 595.251810 90.612820 115.325333
75 8.014451 600.524338 96.381294 107.618129
76 4.302643 618.303645 101.781264 101.696355
77 14.605601 616.952956 88.807020 103.047044
78 14.545212 630.739434 99.750565 89.260566
79 16.847869 634.405339 98.471103 85.594661
80 16.712085 636.667955 97.176964 83.332045
81 20.004553 621.045698 87.050859 91.729238
82 19.614227 627.792842 92.758436 84.066148
83 20.607607 624.385017 86.725873 85.191512
84 9.354178 626.275405 82.157569 85.101294
85 4.916421 625.793148 77.739053 85.457534
86 1.150234 632.648956 75.056046 83.443456
87 0.031861 627.190357 68.977204 84.817898
88 0.000000 626.819977 58.539812 93.180023
89 0.000000 649.033621 66.481982 70.966379
90 29.602934 630.280151 64.978063 71.061197
91 0.000000 648.933392 65.528806 65.385649
92 0.000000 661.143098 30.386706 58.856902
93 0.000000 654.848746 30.151706 62.851608
94 9.080821 628.395493 35.352835 65.946321
95 13.255979 647.497783 33.327310 71.093729
96 22.716440 645.938699 36.340751 70.137272
97 25.149655 651.489911 39.077517 68.510089
98 27.746994 658.742123 41.288951 61.257877
99 34.318803 663.589971 44.081303 56.410029
100 37.849518 667.480353 47.492210 52.519647
101 36.228932 671.805048 49.381249 48.194952
102 41.908133 675.393095 52.155927 44.606905
103 47.456050 676.410491 54.138542 43.589509
104 55.713655 677.834281 56.683371 42.165719
105 47.370583 678.701376 61.660256 40.768320
106 62.549440 678.451320 64.150189 40.084869
107 62.124250 681.222419 67.692476 38.310681
108 63.013075 680.382696 71.055586 38.179462
109 86.131482 680.386333 73.544534 37.604243
110 72.589075 678.635094 72.085776 39.915476
111 81.065545 680.830951 78.949917 37.858986
112 70.837710 682.800360 84.396609 36.490188
113 77.398307 681.942950 87.821351 36.407711
114 101.088285 681.140852 91.577232 36.495718
115 110.234608 679.387309 95.620076 37.010434
116 129.779688 679.822868 101.344070 36.472900
117 168.527676 677.923892 100.254733 37.905009
118 184.609171 677.385009 108.325162 37.622800
119 216.692188 673.611708 111.307996 40.348002
120 246.561185 670.343543 112.870925 42.550992
121 272.851417 669.162109 114.040322 43.151500
122 297.937192 668.071716 116.972322 43.732006
123 315.827871 670.135275 123.892312 43.918385
124 323.603179 670.120798 126.325237 43.762921
125 328.167082 673.129563 126.074769 42.423175
126 336.718610 670.781849 116.819947 46.066608
127 337.037247 673.671006 120.263282 44.085393
128 334.632604 675.669508 119.976946 42.845212
129 328.935394 677.103797 113.773418 42.216803
130 312.952462 677.521864 110.402778 42.403384
131 300.971438 676.847269 105.310947 42.910218
132 288.679233 675.401054 101.757298 44.141902
133 269.082492 676.098926 104.778340 43.901074
134 253.325598 675.148999 100.949111 44.851001
135 261.587436 674.455092 105.895313 44.528225
136 245.527314 674.010121 103.244407 45.540650
137 253.304731 675.468021 105.564273 44.271545
138 253.006836 674.507649 102.774973 44.768842
139 261.723942 674.765784 105.437544 44.644618
140 266.152556 678.388496 109.775051 41.556065
141 269.257621 678.413953 109.607323 41.580375
142 281.421522 678.816873 113.916440 40.866148
143 283.741550 679.429356 112.353050 39.414138
144 284.089339 679.795375 112.961984 38.903416
145 288.003354 682.256359 118.025107 37.150344
146 286.857106 685.080650 123.719131 34.919350
147 288.718775 686.324345 123.232935 33.172036
148 289.910167 687.524330 120.500404 32.055889
149 285.588619 688.375753 118.925021 31.296603
150 289.281045 687.289561 109.696634 32.568881
151 292.226521 688.551002 113.782346 31.200263
152 296.545600 689.694981 118.778004 30.305019
153 301.588805 690.682151 122.629135 29.317849
154 305.255507 692.662305 129.186311 27.337695
155 303.510241 695.309542 130.602936 24.690458
156 300.194810 695.113485 122.670747 24.886515
157 297.895568 696.259999 122.398710 23.740001
158 294.266520 697.013738 118.651892 22.986262
159 292.866966 697.357369 113.662825 22.642631
160 294.278052 698.352393 114.760146 21.615311
161 299.698316 699.478611 117.655266 20.521389
162 309.029903 699.548218 110.510587 20.451782
163 307.517539 699.545239 104.037158 20.454761
164 306.705286 700.992396 105.466318 19.007604
165 304.266661 701.595695 100.942524 18.404305
166 302.574338 701.589135 94.835839 18.410865
167 302.196080 702.386424 95.000947 17.613576
168 303.813439 703.358494 94.118488 16.641506
169 309.021227 703.491784 89.355950 16.437788
170 313.646675 704.497803 90.810830 15.502197
171 315.532693 705.932481 95.842337 14.067519
172 319.497320 707.070606 98.365004 12.929394
173 321.031667 708.026062 100.840715 11.973938
174 321.667607 708.878272 99.609908 11.121728
175 327.753308 709.587189 101.202631 10.412811
176 327.623883 710.534442 100.517636 9.465558
177 326.719310 711.024216 96.366989 8.975784
178 326.849795 711.736333 97.421198 8.263667
179 331.281530 712.038710 92.600871 7.961290
180 329.808723 712.483988 92.009234 7.516012
181 324.092245 713.291370 89.286950 6.708630
182 321.196624 713.637139 84.611405 6.362861
183 322.944971 713.944651 79.563033 6.055349
184 323.889506 714.488216 74.821709 5.511784
185 324.170440 714.905716 72.735786 5.094284
186 328.719050 715.150899 69.181997 4.849101
187 332.110022 715.298164 63.419897 4.701836
188 334.290574 715.471218 59.914366 4.528782
189 337.055743 715.651514 56.282046 4.348486
190 337.942951 716.116567 54.169642 3.883433
191 336.762002 716.192875 49.948299 3.807125
192 336.544773 716.616574 51.429408 3.383426
193 342.401856 716.681373 47.866709 3.318627
194 340.222835 716.885332 49.738786 3.114668
195 341.309720 717.238695 48.968019 2.761305
196 344.382226 717.585621 48.281533 2.414379
197 346.650765 717.653467 47.587255 2.346533
198 349.969237 717.983224 47.330175 2.016776
199 352.713191 718.416712 47.946776 1.583288
200 356.272075 718.757932 46.410070 1.242068
201 357.999848 718.838035 47.137957 1.161965
202 355.219673 718.967008 48.252074 1.032992
203 358.249706 718.915251 45.588324 1.084749
204 362.625220 718.932408 48.715111 1.067592
205 371.125765 718.962864 49.810100 1.037136
206 365.709025 718.964968 45.840125 1.035032
207 351.273130 719.028934 43.235234 0.971066
208 354.172321 719.358345 41.925624 0.641655
209 360.774683 719.447128 40.746702 0.552872
210 366.652720 719.578571 40.274437 0.421429
211 366.457525 719.604618 44.541651 0.395382
212 372.145068 719.601867 42.455348 0.398133
213 377.978650 719.644722 40.992334 0.355278
214 381.923353 719.613679 38.109146 0.386321
215 381.234090 719.607227 41.024396 0.392773
216 383.701596 719.646312 41.265179 0.353688
217 386.360326 719.609523 41.628118 0.390477
218 393.243151 719.634531 39.889624 0.365469
219 396.672702 719.652984 41.970905 0.347016
220 396.824826 719.647270 41.230058 0.352730
221 398.839158 719.657118 37.492091 0.342882
222 400.683884 719.691130 34.222226 0.308870
223 398.176970 719.660621 32.359262 0.339379
224 392.865085 719.616481 28.837427 0.383519
225 385.218466 719.560905 27.728054 0.439095
