2 1163.751717 1.794581 43.914788 128.355713
3 1163.370483 2.021177 44.112560 128.311810
4 1163.254028 2.520303 44.729838 128.269048
5 1161.764182 4.082662 45.912129 128.367962
6 1160.573086 4.754953 46.411364 127.973397
7 1160.299990 5.082104 46.662918 127.507013
8 1157.560520 7.139687 47.908175 126.237079
9 1150.608677 8.939409 48.349246 124.357552
10 1146.802538 9.773477 48.528027 123.255185
11 1145.180942 10.477164 48.937286 122.994075
12 1143.809522 11.219369 49.240648 123.203572
13 1142.488004 11.128322 49.584144 124.221212
14 1140.872318 10.937901 50.082819 125.599688
15 1138.693286 10.124896 50.675959 127.626376
16 1137.177528 9.412771 51.236769 129.152856
17 1137.103930 9.594611 51.497318 129.557002
18 1135.914808 8.944888 51.298153 131.265756
19 1134.229558 8.573332 51.305667 135.072377
20 1132.255545 9.736608 51.297161 136.829109
21 1131.778468 10.214275 51.264596 137.711943
22 1129.800063 10.050396 51.161357 139.122911
23 1128.695649 10.228051 51.225307 140.125749
24 1125.863687 10.056743 51.449668 140.900426
25 1125.580477 9.978389 51.474080 141.033167
26 1125.419126 10.113694 51.435572 141.588288
27 1124.543459 10.084336 51.311917 142.078355
28 1123.934503 10.179054 51.239645 142.456044
29 1123.683861 10.303221 51.368209 142.361445
30 1122.926995 10.706605 51.433686 142.239211
31 1119.955388 11.735697 51.917039 141.130183
32 1119.024946 12.572039 52.305518 140.480532
33 1118.368585 12.653686 52.624349 139.448008
34 1117.557328 12.404301 53.094180 138.880264
35 1113.574032 12.756598 53.955722 137.823272
36 1108.817754 13.603466 54.433228 136.038357
37 1105.876883 14.354239 54.866873 135.419248
38 1102.339655 14.743355 55.117448 134.937163
39 1099.373813 15.345717 55.565290 134.533804
40 1095.955152 15.484959 55.966421 134.692825
41 1095.377914 15.535298 56.112691 134.918781
42 1095.411763 15.420795 56.516095 134.973543
43 1093.355559 14.247835 56.960087 134.907998
44 1092.244932 11.735871 57.068314 135.063678
45 1092.443148 11.859874 57.473297 135.517994
46 1092.455178 12.100079 57.489049 135.966622
47 1092.293175 11.748719 57.310752 136.151606
48 1092.237551 11.742648 57.217991 136.607825
49 1090.743165 10.683163 57.135819 137.020859
50 1088.841280 9.750226 57.409131 137.276456
51 1088.305763 9.376665 57.173395 137.486120
52 1087.592233 9.099368 57.101083 137.349135
53 1086.678833 9.320243 57.038646 137.572154
54 1086.164856 9.583394 57.130744 137.934743
55 1084.757102 10.318225 57.111702 137.904664
56 1083.063762 10.678736 57.385137 137.666455
57 1082.808703 10.868974 57.495591 137.899702
58 1081.557907 10.774829 57.641047 136.926863
59 1081.435755 10.442099 58.072792 136.064071
60 1081.603238 10.610961 58.507894 136.277398
61 1081.843459 10.648153 58.994140 136.400675
62 1081.484630 10.258944 59.245112 136.641144
63 1081.391889 10.286455 59.591286 137.028358
64 1081.581274 10.515483 59.990167 137.462772
65 1081.470851 10.535042 59.986004 137.460792
66 1081.474942 10.555124 59.987543 137.466241
67 1081.109390 10.249830 59.697352 139.184302
68 1080.779443 10.401087 59.846140 140.461988
69 1080.802475 10.351871 59.970197 141.279782
70 1081.001970 9.803550 59.672991 143.234616
71 1081.619939 8.328310 59.927396 145.753929
72 1082.078116 7.482629 60.020914 146.320334
73 1083.708672 5.313061 60.625019 146.186386
74 1085.126298 3.679498 60.764473 146.461467
75 1085.788030 3.077299 61.108134 145.488860
76 1089.801966 0.907798 62.002058 142.987771
77 1090.222470 0.607538 62.126717 142.554427
78 1090.370326 0.725895 62.336522 142.785475
79 1090.450238 0.826209 62.483326 142.954798
80 1090.456358 0.847044 62.488204 142.965327
81 1090.460820 0.863542 62.488097 142.964904
82 1090.364475 0.633541 62.212864 142.992881
83 1090.479290 0.571006 62.448174 142.935447
84 1090.488475 0.477320 62.480196 142.825324
85 1090.495912 0.153473 62.465701 142.102991
86 1090.476524 0.352507 62.474805 142.629335
87 1090.484100 0.559619 62.452665 143.090021
88 1090.506331 0.763767 62.488097 143.464781
89 1090.491331 0.776046 62.465763 143.464863
90 1088.024614 1.158462 62.480649 143.367103
91 1085.918292 1.738504 62.109199 143.283404
92 1083.597768 2.187304 62.043095 143.563773
93 1079.292334 3.141474 62.260610 144.397073
94 1075.588334 3.895913 62.818107 143.903342
95 1073.510715 3.930976 63.020845 143.804210
96 1069.675053 4.575070 63.782453 144.907649
97 1066.609495 5.300636 64.584799 144.715324
98 1063.594101 5.943364 65.017385 145.020701
99 1061.787803 6.878844 64.938846 145.753576
100 1060.145227 7.669221 64.815906 146.058911
101 1059.299609 8.053538 64.993445 146.552644
102 1058.026137 8.193712 65.410419 147.325024
103 1057.821203 8.166226 65.583142 147.577627
104 1057.607986 8.245330 66.097076 148.018744
105 1057.736173 8.477220 66.507972 148.471421
106 1057.972574 8.488804 66.993754 148.468475
107 1057.868460 8.382752 67.073116 148.636487
108 1057.654085 8.280384 67.681480 149.540283
109 1057.556504 8.421544 68.018421 150.675452
110 1057.193809 8.468794 68.563063 151.496262
111 1057.156660 8.342096 69.000293 151.519296
112 1054.922256 7.990300 70.652122 151.889781
113 1053.563939 8.246648 71.035934 152.366346
114 1050.201208 8.978936 71.776573 152.305735
115 1048.100337 9.522257 72.099268 152.286014
116 1046.577495 9.316514 72.565107 152.246950
117 1044.571262 9.672296 73.526512 152.439972
118 1043.320072 9.510175 74.559914 152.780501
119 1041.979981 9.801264 75.736724 154.026492
120 1040.405624 10.418332 76.954073 156.189940
121 1038.482905 10.740246 77.412726 157.261287
122 1033.909799 9.964073 79.028350 156.291596
123 1028.823414 9.516132 80.953634 153.994368
124 1024.944411 7.929639 81.398250 153.124195
125 1023.430401 7.514134 81.366955 153.398062
126 1016.816564 7.527254 84.385804 153.831447
127 1013.242481 7.319686 86.431811 155.735932
128 1011.951373 7.424241 87.272714 156.536298
129 1011.848773 7.586896 87.638338 157.202363
130 1011.798248 7.705178 88.238674 157.558955
131 1011.313060 7.850639 89.065009 158.207133
132 1010.427182 7.939950 90.564375 159.348461
133 1009.324184 7.914505 92.199382 160.474408
134 1009.231087 7.855758 92.690416 160.642519
135 1009.028792 7.777701 93.331791 161.082943
136 1008.618234 7.331081 93.725552 161.147375
137 1008.736265 7.129833 93.639168 161.099275
138 1007.861107 7.175630 94.365816 161.224700
139 1006.246851 7.231959 94.633047 161.348338
140 1002.925027 7.051672 95.728086 161.630623
141 997.249579 7.087590 97.888225 162.012924
142 995.257396 6.915051 98.311675 162.845533
143 994.265206 6.665375 98.170216 163.108612
144 993.611269 6.397104 97.811997 163.448771
145 994.194366 6.135909 97.053034 163.402967
146 994.562066 6.114735 96.936019 163.095365
147 994.687275 5.436415 95.704716 162.164870
148 994.866200 4.070523 95.010562 161.221349
149 995.451151 3.545429 94.398646 161.079391
150 995.322751 3.537482 93.776945 160.761197
151 995.076266 3.314946 93.402366 159.655375
152 995.038786 2.532478 92.218835 158.685524
153 994.676614 1.214042 91.235599 158.230972
154 994.259366 1.175549 91.194149 157.773258
155 994.896482 0.798696 90.160100 157.770303
156 996.637332 0.000000 88.010753 157.834190
157 997.898252 0.000000 86.752950 157.937529
158 998.843222 0.000000 85.881888 157.729950
159 999.240684 0.000000 85.276865 157.487506
160 999.498945 0.000000 84.811773 157.047735
161 999.787328 0.000000 83.742460 157.167089
162 1000.542772 0.000000 82.753309 157.327055
163 1000.903674 0.000000 82.235747 157.157370
164 1001.185867 0.013601 82.053254 157.477905
165 1001.131620 0.243495 82.220350 159.065258
166 1001.432373 0.533172 82.392856 159.719002
167 1001.801130 1.040607 80.853039 162.337044
168 1001.546536 1.973037 79.674188 163.288916
169 1001.344826 2.963543 79.411491 165.121152
170 1000.293917 4.899919 80.276299 167.260826
171 999.492172 6.499765 82.048505 169.247872
172 999.337185 6.123735 83.860726 170.621108
173 999.135149 6.026391 85.030149 171.421248
174 998.028980 6.109821 87.212155 171.049054
175 995.714864 6.669936 88.309018 170.834960
176 992.946277 8.388563 88.072851 173.243574
177 991.349253 9.402886 87.699604 174.516990
178 989.858821 10.656830 87.597802 175.472357
179 988.017864 11.991183 87.482117 175.880415
180 987.488229 12.271207 87.587531 175.858841
181 985.142237 12.829566 87.891571 175.951945
182 981.123648 13.646165 88.506683 176.202020
183 981.261982 13.919412 88.893017 176.637941
184 981.313089 14.098989 88.982957 176.956855
185 981.319548 14.119532 88.983050 176.956551
186 981.298910 14.155816 88.994093 176.960222
187 981.299818 14.174667 88.983050 176.956559
188 981.332988 14.195644 88.967089 176.956635
189 982.642507 14.357946 88.315989 177.022088
190 984.841694 15.011614 87.753991 177.587719
191 988.846505 16.102003 85.581304 178.371744
192 990.373838 16.341614 85.201939 178.409820
193 993.334187 17.430806 84.158220 177.791967
194 995.088832 17.735701 83.769630 177.883235
195 1000.531786 19.538977 81.312812 177.054631
196 1006.046665 23.290963 79.219561 175.629394
197 1009.793069 28.005995 77.355593 173.827695
198 1011.843563 30.258751 76.587924 172.975756
199 1013.715647 31.390829 76.325834 172.338045
200 1014.806449 31.691163 76.132400 172.173582
201 1016.420477 32.231171 75.937250 171.896063
202 1017.829291 32.376917 75.439888 170.491119
203 1018.944686 32.786340 75.174726 169.000400
204 1020.238150 33.463392 75.319728 168.403026
205 1021.247354 33.801667 75.363728 167.859835
206 1022.160550 34.125606 75.446319 167.280248
207 1023.688983 34.534308 75.445656 166.514657
208 1026.274339 34.856938 75.171356 166.269386
209 1027.444870 34.959732 75.338452 166.226855
210 1029.743394 34.705308 75.116022 165.600282
211 1030.553099 34.755453 75.256473 165.706224
212 1031.870026 34.248228 75.068133 165.329106
213 1033.137933 33.575224 74.934986 164.700197
214 1034.791628 32.425033 74.461745 164.076366
215 1036.251840 31.176279 73.944964 163.162658
216 1038.100996 30.321664 73.348106 162.903046
217 1039.919253 29.411332 73.003608 162.246539
218 1042.069591 27.876723 73.074109 161.119594
219 1044.563875 26.773479 72.782195 159.547955
220 1045.897571 26.403577 72.555237 157.474434
221 1047.780082 25.668669 72.508746 155.146165
222 1049.127891 25.393505 72.839843 154.492845
223 1050.712910 24.849277 72.547861 153.787141
224 1053.090660 24.419322 72.293699 153.598366
225 1054.576963 24.237745 72.088512 153.564205
226 1055.739918 24.103062 72.264473 153.438576
227 1057.235693 23.447480 72.043110 152.734290
228 1057.902256 23.413368 72.396782 152.720622
229 1058.937477 23.016297 72.272794 152.367230
230 1060.156827 22.642311 72.293865 151.614190
231 1061.185860 22.621866 72.344055 151.184159
232 1061.755715 22.684024 72.378750 151.037167
233 1063.290303 22.789886 72.119916 150.510676
234 1064.553637 22.851935 72.062207 150.500663
235 1066.091485 22.783605 72.151565 150.067130
236 1066.689356 22.933874 72.350057 150.191329
237 1070.065241 22.308608 71.502532 149.348719
238 1071.776962 22.068211 71.627337 149.084645
239 1073.891965 21.665100 71.636771 148.507854
240 1074.342143 21.644044 71.879813 148.565239
241 1075.293873 21.308318 71.668124 148.587797
242 1076.524472 20.389036 71.554123 148.160332
243 1078.065368 18.708327 71.580951 147.410059
244 1078.619823 18.565993 71.834560 147.261928
245 1081.731364 16.569665 71.417017 146.434912
246 1083.300253 15.134870 70.879035 145.652304
247 1085.722359 13.803175 69.338805 145.021941
248 1086.186315 13.820211 69.086808 145.141549
249 1087.995958 13.318362 68.255967 144.613798
250 1089.910206 12.231511 67.742988 144.959946
251 1091.556328 11.353322 67.734926 144.821408
252 1093.140403 10.885242 67.746434 144.810207
253 1094.161887 10.676863 67.770127 144.781327
254 1095.521503 10.544012 67.898286 144.650684
255 1098.171289 9.888323 67.864496 144.677110
256 1099.013799 9.665515 67.900588 144.928390
257 1099.918024 9.131768 67.981589 144.937876
258 1102.272288 8.389856 68.480275 144.483030
259 1102.289131 8.389983 68.484364 144.466010
260 1102.521869 8.358064 68.585140 144.354305
261 1102.729769 8.428493 68.988415 144.465362
262 1102.744465 8.436627 68.996348 144.463612
263 1102.970766 8.410496 68.977199 144.426363
264 1104.174866 8.261131 68.893474 144.305756
265 1105.096646 8.205723 68.885156 144.471205
266 1105.866701 8.038961 69.044259 144.466775
267 1107.919117 7.509896 69.374777 144.292388
268 1108.189975 7.552847 69.439619 144.491043
269 1108.754640 7.435037 69.338889 144.381322
270 1109.981462 6.959406 69.401772 143.853490
271 1113.679959 5.749691 68.516081 142.270230
272 1114.854496 5.451947 68.538319 142.062977
273 1119.232913 5.025144 66.261895 140.863468
274 1123.721523 4.756702 63.822242 137.334212
275 1128.746627 4.680273 60.389569 133.819450
276 1130.369241 4.290208 59.901327 132.512580
277 1132.167275 4.091771 59.248981 131.680890
278 1133.634365 3.877813 59.315677 131.086528
279 1135.744259 3.864451 59.482991 130.452622
280 1136.224215 3.981338 59.808592 129.514974
281 1137.791226 3.858861 60.069125 129.413635
282 1138.881793 3.690887 60.595051 129.020959
283 1139.880962 3.654816 61.034538 129.183937
284 1140.409523 3.630511 61.505062 129.343475
285 1141.379841 3.418460 61.996689 129.226582
286 1142.212491 3.222359 62.139151 129.023435
287 1142.838287 3.288827 62.468886 129.399619
288 1143.737700 3.144412 62.507012 129.186030
289 1144.784987 3.173153 62.903686 129.254258
290 1145.470969 3.159389 62.962389 129.343605
291 1147.157228 2.865812 62.692179 129.375338
292 1149.269774 2.342966 62.454734 129.402033
293 1150.753922 2.108848 61.861393 129.432556
294 1153.302842 1.334998 61.329210 129.543324
295 1154.792256 1.148935 60.966021 129.860023
296 1155.417005 0.975803 60.844887 129.840044
297 1156.461613 0.744708 60.696744 129.729778
298 1157.664268 0.294236 60.727885 129.207845
299 1159.598686 0.000000 60.430039 127.521241
300 1161.521037 0.000000 60.057219 126.895666
301 1163.669442 0.000000 59.983748 125.400051
302 1165.347853 0.000000 59.584697 123.473085
303 1167.168429 0.000000 59.403357 121.915576
304 1168.541667 0.000000 59.108398 120.664544
305 1170.531096 0.000000 59.381499 119.338885
306 1171.694169 0.000000 59.420962 118.601492
307 1173.438062 0.000000 59.352450 117.834479
308 1175.073626 0.000000 59.607461 116.164142
309 1175.890217 0.000000 60.111425 115.921472
310 1177.536258 0.000000 60.516960 114.405680
311 1178.305772 0.000000 61.095278 113.724774
312 1179.544783 0.000000 61.459255 113.059817
313 1179.985923 0.000000 61.530029 113.068377
314 1180.442875 0.106622 62.057283 113.246849
315 1181.111715 0.091958 62.434703 113.203725
316 1181.968898 0.012663 62.387782 113.084529
317 1182.791314 0.057884 62.320858 113.154015
318 1183.617906 0.000000 62.322679 113.075254
319 1184.663489 0.001268 62.163013 113.280572
320 1186.287387 0.000000 62.065312 112.537005
321 1188.035662 0.000000 61.852279 112.535830
322 1189.890984 0.000000 61.353254 111.942136
323 1191.421986 0.000000 60.842276 110.374080
324 1192.403736 0.000000 60.746631 109.170150
325 1194.643532 0.000000 59.954908 106.880746
326 1196.860835 0.000000 59.235681 104.178377
327 1198.587371 0.000000 59.234763 101.597813
328 1200.922300 0.000000 58.837700 100.179918
329 1202.262344 0.000000 58.730243 98.746836
330 1204.008652 0.000000 58.425578 97.564006
331 1205.751800 0.000000 57.643967 96.578184
332 1206.439894 0.000000 57.841885 96.767442
333 1206.939014 0.000000 57.963961 96.663174
334 1207.729166 0.000000 57.919674 96.647177
335 1208.978127 0.000000 57.945636 96.161431
336 1209.842830 0.000000 57.904040 95.835119
337 1212.923714 0.000000 57.634355 93.254175
338 1214.320808 0.000000 57.833375 92.654801
339 1215.393899 0.000000 57.742849 92.625966
340 1216.441552 0.000000 57.875971 92.384712
341 1216.946795 0.000000 57.991012 92.082519
342 1217.648594 0.000000 58.116462 92.061984
343 1218.145264 0.153394 58.465474 92.350291
344 1218.746031 0.044082 58.582371 92.067509
345 1219.249959 0.161946 58.985343 92.324766
346 1219.573068 0.163602 58.983362 92.381338
347 1219.867307 0.172717 58.924957 92.384566
348 1220.368419 0.148623 58.815082 92.458821
349 1221.553525 0.000000 58.710921 92.421117
350 1223.264234 0.000000 58.438486 92.053333
351 1224.567956 0.000000 57.960344 91.857469
352 1225.827273 0.000000 57.775324 90.848785
353 1227.043548 0.000000 57.579219 90.338617
354 1228.785796 0.000000 57.024747 88.046340
355 1230.285735 0.000000 56.494722 87.299775
356 1231.591847 0.000000 55.375583 86.722322
357 1232.995306 0.000000 55.111973 85.676059
358 1233.940474 0.000000 55.235056 85.333232
359 1235.055262 0.000000 55.084638 84.545725
360 1235.869355 0.074862 55.373066 84.488748
361 1236.633244 0.000000 55.445290 83.709165
362 1237.026015 0.067508 55.434770 83.582141
363 1237.489421 0.307900 55.416079 82.864384
364 1238.353746 0.780538 55.329312 80.121767
365 1239.327851 1.044360 54.848752 79.583372
366 1240.489462 0.827865 54.876252 79.495808
367 1241.044894 0.612859 55.041101 79.142363
368 1241.441734 0.716482 55.525398 79.304020
369 1241.741623 0.787079 55.983511 79.420309
370 1242.164847 0.706994 56.048994 79.245076
371 1242.789808 0.681639 56.422059 79.241320
372 1243.464224 0.587883 56.463438 79.142776
373 1243.734401 0.675458 56.427339 79.359917
374 1244.417145 0.604866 56.490711 79.234534
375 1244.604664 0.697302 56.382916 79.445973
376 1245.216683 0.645409 56.201350 79.391017
377 1245.870031 0.622238 56.107859 79.394990
378 1246.802003 0.538534 56.036400 79.331690
379 1248.321638 0.374994 55.812924 78.468614
380 1249.721428 0.060457 55.785757 77.221520
381 1251.805222 0.000000 54.532631 76.795404
382 1254.216418 0.000000 53.710486 74.875092
383 1256.260889 0.000000 52.292802 73.857484
384 1257.909336 0.000000 51.132989 73.167112
385 1260.310604 0.053314 49.707414 71.940858
386 1261.127156 0.327681 49.621551 70.568983
387 1261.686929 0.814710 49.770119 69.674187
388 1262.640976 0.996436 49.543951 68.903199
389 1263.736732 1.160624 49.176853 67.946439
390 1264.222622 1.176386 49.267317 67.761391
391 1264.954496 1.305638 49.176399 67.370866
392 1265.689763 1.097531 49.477485 67.030550
393 1267.260288 0.747038 48.865318 65.472961
394 1268.402439 0.765436 48.639422 64.716868
395 1269.025081 1.012872 48.829461 64.697451
396 1269.725414 1.342535 49.023470 64.446970
397 1270.387955 1.393714 49.420107 64.374789
398 1270.431999 1.490200 49.509748 64.420330
399 1270.691073 1.590904 50.009613 64.329141
400 1270.973292 1.858129 50.595998 63.842760
401 1271.273861 2.109226 51.069795 63.442392
402 1271.572652 2.244966 51.519172 62.922422
403 1271.775561 2.351452 51.976256 62.542579
404 1271.765657 2.596301 51.944498 62.735311
405 1271.869650 2.529361 51.978775 62.491350
406 1272.238434 2.452311 51.973384 61.807528
407 1272.413699 2.613085 51.947143 61.430197
408 1272.567095 2.726092 52.032566 60.834593
