48 503.047046 294.939554 47.077409 106.032463
49 503.252256 295.397815 47.552600 106.166913
50 503.471735 295.576130 47.997670 106.437344
51 503.470364 295.614999 47.991074 106.466722
52 503.365939 296.323533 48.039372 105.700445
53 502.645005 298.158826 48.576207 103.792186
54 502.779531 298.678689 48.952784 103.477494
55 501.903308 299.689422 49.068602 102.334577
56 501.934621 300.153370 49.516560 101.982322
57 501.034140 300.361841 50.019245 101.482124
58 499.198833 300.620130 50.711557 100.836015
59 499.046279 300.979287 50.976075 100.687852
60 498.919683 301.512660 51.026969 100.601780
61 497.673086 302.856658 51.559507 99.565196
62 497.685450 303.234878 52.016625 99.766445
63 497.801890 303.784795 52.531360 99.303427
64 497.833247 304.008048 52.863848 99.320586
65 497.841696 304.148417 52.988183 99.415917
66 497.841597 304.194838 52.985567 99.470532
67 497.797579 304.337143 52.943286 99.204435
68 497.822069 304.518298 52.978114 99.363168
69 497.839722 304.611338 52.964823 99.403439
70 497.863714 304.725349 52.969516 99.289770
71 498.383736 305.267009 53.103743 97.558909
72 501.170717 305.565267 53.636031 95.945299
73 501.515555 305.522918 53.967669 95.083118
74 502.481740 305.506024 53.751482 94.355627
75 502.941746 305.239635 53.902944 93.707740
76 503.348422 305.405523 53.736274 93.062318
77 503.497264 305.915873 53.878304 92.573307
78 503.567089 306.265038 53.922531 92.546063
79 503.602563 306.542002 53.965980 92.737872
80 503.592557 306.675075 53.927949 92.519544
81 503.537577 307.169489 53.991449 92.134116
82 503.186887 308.392758 54.307319 90.606882
83 503.197346 309.092697 54.576224 89.903822
84 503.359216 309.991162 55.056281 88.155267
85 503.552668 310.307241 55.536992 88.129209
86 503.782447 310.495088 55.991033 88.471460
87 503.782127 310.886673 56.074568 87.897083
88 503.984700 310.947015 56.503974 87.911121
89 503.949264 311.258868 57.332242 87.284117
90 504.028125 311.372638 57.495344 87.449953
91 503.943790 311.507811 57.587765 87.204057
92 504.085719 311.725468 58.041183 87.347685
93 504.025287 311.697284 58.500151 87.413808
94 504.256925 311.723132 58.985579 87.480432
95 504.259018 311.729011 58.989577 87.470001
96 504.262061 311.743005 58.990899 87.468929
97 504.214745 311.766656 58.994463 87.437194
98 504.203036 311.791208 58.978326 87.460588
99 504.187219 311.803779 58.986023 87.481099
100 504.056213 311.836093 59.048879 87.353860
101 504.269812 311.897364 59.478307 87.486999
102 504.007611 312.160525 59.562869 87.272746
103 504.224031 312.270447 59.984041 87.480090
104 503.948986 312.297747 60.016834 87.345528
105 504.189121 312.374152 60.489303 87.476514
106 503.942534 312.511520 60.662124 87.250891
107 503.488884 313.091897 61.473604 86.624325
108 502.742185 314.318958 62.155011 85.743304
109 502.913243 314.446802 62.488097 85.978893
110 502.917350 314.458430 62.488338 85.977167
111 502.918174 314.484342 62.493575 85.955797
112 502.908450 314.535875 62.513521 85.881852
113 503.148886 314.597648 62.993995 85.961075
114 503.198239 314.589368 62.958541 85.917996
115 503.347471 314.600016 62.909980 85.851190
116 503.580485 314.681614 62.860392 85.805327
117 503.817832 314.759369 62.844107 85.943963
118 504.493550 314.832238 62.412622 85.927551
119 504.674968 314.871530 62.382478 85.941441
120 504.924189 314.932730 62.309438 85.919920
121 505.226689 315.055225 62.185749 85.865309
122 505.409948 315.123288 62.470999 85.973029
123 505.484610 315.130081 62.441269 85.967079
124 505.605922 315.144873 62.410557 85.960727
125 505.649207 315.164005 62.488097 85.978893
126 506.071193 315.226265 62.098211 85.974809
127 506.307689 315.232628 62.458009 85.975239
128 506.327249 315.244504 62.488097 85.978893
129 506.336371 315.253318 62.483257 85.977659
130 506.343306 315.263984 62.488097 85.978893
131 506.347821 315.274033 62.488097 85.978893
132 506.352336 315.284082 62.488097 85.978893
133 506.356851 315.294131 62.488097 85.978893
134 506.359066 315.312308 62.488449 85.971782
135 506.678576 315.822019 62.010956 85.585963
136 506.921662 316.028533 62.488097 85.978893
137 506.923939 316.061576 62.485853 85.946780
138 506.930518 316.101357 62.495154 85.953349
139 506.867289 316.765306 62.608978 84.862615
140 506.870692 317.005105 63.166585 84.517177
141 506.872545 317.423451 63.637531 84.648627
142 505.547765 318.310861 65.299411 83.788795
143 504.288628 318.913281 66.754963 82.685113
144 502.839837 318.679161 67.804926 82.465459
145 500.593853 317.418923 69.087477 82.102042
146 500.719590 317.484393 69.507072 82.439575
147 500.785887 317.380986 70.098938 82.473493
148 500.829144 317.242568 70.583384 82.414441
149 500.052215 316.795922 71.178733 82.521117
150 500.043849 316.961377 71.571730 82.878988
151 498.477083 314.065868 72.236594 83.935679
152 498.442736 313.993775 72.477647 83.886959
153 498.513333 313.596705 72.548786 83.922006
154 498.773585 313.400006 73.112876 83.859441
155 498.819103 313.400791 73.525932 83.997917
156 498.922029 313.332631 74.093727 83.991184
157 499.121734 313.322483 74.479460 83.984972
158 498.910567 313.279745 74.768038 83.973059
159 495.652812 312.589321 75.435866 83.779425
160 495.415759 312.052599 75.350534 84.395805
161 494.781416 308.321482 74.687233 86.242186
162 494.934691 308.433557 74.977380 86.486566
163 495.238931 308.285563 75.318192 86.558013
164 495.279408 308.501072 75.584837 87.026102
165 494.606678 308.694770 76.107726 87.647909
166 494.624025 308.860090 76.551430 88.054676
167 494.473916 309.082613 77.569498 88.550619
168 493.098584 309.006016 78.432859 89.265589
169 492.736861 308.999672 79.042228 89.592780
170 492.182848 308.787389 79.546851 90.289035
171 492.431547 308.351374 80.158478 90.912011
172 493.403488 306.904847 81.125398 91.738318
173 494.616131 305.502650 82.343520 92.690323
174 493.080879 305.767285 81.545973 93.304829
175 492.532452 305.628213 80.956877 94.428249
176 491.836940 305.554801 80.220587 95.431355
177 491.031486 305.303997 79.925328 97.208470
178 490.358747 305.657092 79.691231 97.714926
179 489.440477 305.929440 79.811783 97.940480
180 487.300355 306.208575 79.735901 97.673754
181 487.404935 306.313556 79.887264 97.984570
182 486.529510 305.496958 79.774895 98.165046
183 486.355666 305.580409 79.672832 98.556334
184 482.650880 304.614550 79.533798 99.831884
185 482.907907 304.603912 79.660889 100.042748
186 482.926988 304.799237 79.896172 100.500388
187 482.980298 304.968528 79.927170 101.013321
188 482.769655 305.083659 79.976749 101.516611
189 482.767818 305.315699 79.976528 101.977875
190 482.725538 305.256588 80.045280 102.002607
191 482.860289 305.482840 80.497467 102.466041
192 482.762456 305.458217 80.427394 102.480743
193 482.791374 305.460875 80.477138 102.476882
194 482.669819 305.499531 80.471975 102.459179
195 482.659729 305.519463 80.477372 102.473363
196 482.679749 305.528754 80.472125 102.472542
197 482.700608 305.543300 80.472136 102.469516
198 482.717065 305.572134 80.428511 102.449438
199 482.761873 305.609727 80.452130 102.454717
200 482.669270 305.688879 80.357237 102.444438
201 482.607454 305.766669 80.405649 102.429707
202 482.489641 305.855755 80.396720 102.438377
203 482.406917 305.966542 80.375831 102.430181
204 481.527231 306.479433 80.250879 102.228773
205 481.623901 306.614557 80.397895 102.455806
206 481.514783 306.645598 80.362592 102.454428
207 481.421624 306.763364 80.267814 102.403465
208 481.425259 306.835361 80.452744 102.401569
209 481.376653 306.884977 80.432580 102.447977
210 480.646701 306.983071 80.371040 102.282444
211 479.100730 307.203897 80.473721 102.144580
212 479.111715 307.380996 80.487928 102.467160
213 479.109146 307.394947 80.486304 102.473974
214 479.076115 307.362457 80.502952 102.465679
215 479.060236 307.288498 81.096884 102.279673
216 478.930874 307.301365 81.764520 102.106721
217 478.088299 307.517540 82.210780 101.987200
218 478.231013 307.523342 82.484288 101.974966
219 478.230926 307.533641 82.485747 101.974203
220 478.222954 307.540260 82.480165 101.975881
221 478.215944 307.538896 82.470091 101.978210
222 478.202303 307.518400 82.454630 101.990525
223 478.033458 307.389443 82.465260 102.031011
224 477.583503 307.353918 82.668536 102.346579
225 476.515866 307.075141 83.018150 102.656349
226 475.825589 307.205440 83.556861 102.955252
227 475.650781 307.294531 84.104998 102.917734
228 473.499057 306.647053 85.854477 103.130997
229 471.807462 306.085056 87.174399 104.173338
230 467.845348 306.553438 89.279626 104.118142
231 466.689635 306.966637 90.281534 104.673706
232 463.567881 305.208328 92.285215 105.263537
233 459.985391 305.244072 93.349734 103.878703
234 458.503262 305.112962 93.570965 103.594038
235 455.529810 305.339529 93.422020 102.946606
236 451.000009 306.542757 94.291754 100.396376
237 447.653270 313.029438 93.013001 100.166615
238 436.201405 310.978414 92.511513 100.615948
239 434.085788 316.867236 89.076106 101.800766
