21 109.012523 89.636167 136.558973 108.586705
22 109.227693 89.841079 136.981173 108.991434
23 109.231763 89.843626 136.981173 108.991434
24 109.235833 89.846173 136.981173 108.991434
25 109.239902 89.848720 136.981173 108.991434
26 109.243972 89.851266 136.981173 108.991434
27 109.248924 89.862197 136.980866 108.987594
28 109.247745 89.926976 136.972530 108.973139
29 109.257528 89.952569 136.980513 108.985156
30 109.261927 89.958255 136.981173 108.991434
31 109.266370 89.964325 136.981049 108.989823
32 109.266092 89.979793 136.983178 108.984506
33 109.269159 89.985804 136.981173 108.991434
34 109.235464 90.069781 137.005311 108.950047
35 100.751601 92.528686 138.569465 108.424073
36 100.961446 92.564921 138.980898 108.491474
37 100.965576 92.567456 138.980898 108.491474
38 100.969705 92.569991 138.980898 108.491474
39 100.973834 92.572527 138.980898 108.491474
40 100.978063 92.576350 138.980931 108.491427
41 99.085477 94.646762 139.972167 108.725640
42 98.908481 94.817549 140.085863 108.971434
43 99.011565 94.875907 140.544398 108.974231
44 97.345807 95.833530 141.983990 108.898757
45 96.908586 96.014542 142.292904 108.963539
46 96.557315 96.203256 142.791346 108.955182
47 95.075337 96.732814 143.791046 108.916273
48 94.858182 96.877168 144.253173 108.986928
49 94.918832 96.876692 144.533425 108.997167
50 94.837596 96.983727 145.258132 108.966720
51 93.838601 97.204058 146.451350 109.071809
52 93.102431 97.564550 147.380271 109.615444
53 93.101092 97.748273 147.542692 110.004065
54 93.320889 97.996725 147.981842 110.489515
55 93.291224 98.009155 147.999492 110.482939
56 93.069141 98.113329 148.170608 110.485405
57 92.115481 98.417960 149.422651 110.629893
58 91.777324 98.645208 149.820799 111.000794
59 91.531977 98.986142 150.362656 111.415485
60 90.722358 99.213736 151.146364 111.372935
61 90.173517 99.373820 152.152031 111.481381
62 89.395315 99.463465 152.782617 111.405787
63 87.206626 99.342393 153.455531 111.882539
64 86.486076 99.300448 153.741564 112.168821
65 83.628990 99.678146 154.913322 112.567259
66 77.811898 100.325707 155.694360 113.090728
67 73.538805 100.705289 156.934801 113.459101
68 69.801185 100.774865 157.296946 113.804166
69 65.870891 100.830180 157.740018 114.604471
70 65.616059 101.026694 158.029127 114.995953
71 64.952948 101.066423 158.517723 115.046753
72 64.982792 101.316949 158.972107 115.538519
73 64.310283 101.576115 159.096492 116.089657
74 60.457486 102.109218 160.298796 116.838820
75 59.320598 102.296518 160.725457 117.203103
76 56.985259 102.538214 161.803644 117.567329
77 54.401161 102.815638 162.929049 117.956950
78 52.777195 102.890318 163.418601 118.019316
79 51.922328 103.139396 163.763850 118.490473
80 50.837714 103.169372 164.255906 118.479116
81 50.883808 103.172513 164.497890 118.492959
82 50.878446 103.174146 164.477394 118.490688
83 50.883333 103.176915 164.477394 118.490688
84 50.888220 103.179684 164.477394 118.490688
85 50.893107 103.182453 164.477394 118.490688
86 50.897994 103.185221 164.477394 118.490688
87 52.203976 104.017091 165.915931 117.898604
88 52.354714 104.083640 166.347847 118.007579
89 52.829472 104.379049 167.112774 118.390397
90 53.323836 104.478574 167.874791 118.427464
91 57.917762 104.845635 169.629210 117.896366
92 58.164732 104.907012 170.054701 117.987492
93 64.245872 105.596451 171.954381 117.216558
94 64.371300 105.744380 172.096894 117.500583
95 69.679610 106.514771 174.463076 117.159374
96 74.370706 106.883144 176.552277 116.921485
97 80.203069 108.043785 180.715254 115.806201
98 80.613461 108.215263 181.357900 115.888727
99 82.605667 108.569463 183.132456 115.529313
100 83.735625 109.045026 184.231129 115.727732
101 86.422591 109.518149 186.152374 115.485068
102 87.774515 109.786488 187.031820 115.214487
103 88.234260 109.964833 187.708345 115.437920
104 90.414311 110.175990 189.146753 115.216993
105 93.828674 110.640892 191.297915 115.025994
106 93.922247 110.876055 191.473683 115.490924
107 93.927936 110.878754 191.473683 115.490924
108 93.933625 110.881452 191.473683 115.490924
109 93.939314 110.884151 191.473683 115.490924
110 93.945003 110.886850 191.473683 115.490924
111 93.952564 110.941644 191.560788 115.443532
112 94.169020 110.975693 191.984161 115.484832
113 94.146791 111.056565 192.113956 115.426492
114 94.305548 111.250904 192.750452 115.370327
115 94.419812 111.616713 193.413747 115.275097
116 94.371962 112.360491 193.997823 115.166638
117 94.345299 112.584235 194.045125 115.456210
118 94.380560 113.542885 195.145625 114.979004
119 94.550122 113.551551 195.473134 114.990963
120 94.500435 113.687709 195.568154 114.928493
121 94.598832 113.876527 196.065730 114.938205
122 94.149255 114.439144 196.788395 114.810897
123 90.111453 115.591016 197.879034 114.507066
124 87.752159 116.203976 198.838460 114.713656
125 79.117740 117.198635 200.414174 114.499323
126 77.011826 117.517972 201.229712 114.238940
127 65.989954 118.560155 203.050169 113.717274
128 63.811948 118.887612 204.169444 113.715461
129 54.421752 119.366067 205.926579 113.189593
130 50.881355 119.635731 206.736556 113.172032
131 43.063985 119.936847 208.289052 112.882847
132 36.830166 120.047501 208.896807 112.669134
133 31.914859 120.222380 209.165972 112.748751
134 28.595255 120.274740 209.585153 112.847151
135 24.541349 120.196538 209.891523 112.879524
136 19.608254 119.980929 209.708755 112.959459
137 18.172893 119.776714 209.603302 112.968231
138 17.428363 119.567095 209.618603 112.983000
139 16.941432 119.405633 209.771300 112.951673
140 17.035835 119.423810 209.949291 112.995738
141 17.021226 119.408311 209.919180 113.000011
142 16.465076 119.359222 209.672846 113.313445
143 16.064448 117.346488 208.994897 112.931329
144 16.052718 117.359039 208.935989 112.988625
145 16.059929 117.328512 208.912081 112.986686
146 16.044103 117.264540 208.864852 112.975785
147 15.817444 116.968083 208.544459 112.891610
148 15.325746 116.032148 207.704404 112.657538
149 14.944497 115.763610 206.885738 112.701070
150 14.809103 115.643641 206.432356 112.798673
151 14.591372 114.811591 205.473867 112.679372
152 14.533729 114.733631 204.567801 112.786684
153 14.649418 114.239859 203.257929 112.607740
154 14.650245 114.159808 202.096854 112.717019
155 14.746770 114.113712 201.920131 112.785461
156 14.614637 113.724776 201.148521 112.737656
157 14.905060 113.747504 201.070722 112.843999
158 16.123475 112.998045 200.298909 112.306256
159 24.947175 111.026891 197.511877 111.031008
160 28.754204 110.756175 196.730494 111.248917
161 49.150766 109.032147 193.903003 110.424334
162 65.617376 108.998806 193.195583 109.353286
163 65.816032 109.077337 193.510445 109.478744
164 71.367393 109.004564 193.677587 109.120621
165 80.147496 108.891754 192.860247 108.956607
166 80.231600 108.910015 192.987318 108.989828
167 80.230413 108.913365 192.973477 108.991434
168 80.236146 108.915911 192.973477 108.991434
169 80.241880 108.918458 192.973477 108.991434
170 80.247613 108.921005 192.973477 108.991434
171 80.253347 108.923552 192.973477 108.991434
172 80.259080 108.926099 192.973477 108.991434
173 80.264814 108.928645 192.973477 108.991434
174 80.270547 108.931192 192.973477 108.991434
175 80.276280 108.933739 192.973477 108.991434
176 80.282014 108.936286 192.973477 108.991434
177 80.287747 108.938833 192.973477 108.991434
178 80.293481 108.941379 192.973477 108.991434
179 80.299214 108.943926 192.973477 108.991434
180 80.304948 108.946473 192.973477 108.991434
181 80.310681 108.949020 192.973477 108.991434
182 79.967760 108.832496 192.998923 108.961284
183 79.476106 108.696215 193.008724 108.903529
184 78.413393 108.319288 193.591594 108.751699
185 78.103834 108.347294 194.073987 108.915821
186 75.487567 107.858488 194.326159 108.680186
187 72.992759 107.073792 194.264085 108.948560
188 72.158821 106.858476 194.137794 109.039714
189 71.037879 106.698719 194.239331 109.490288
190 71.112427 106.675933 194.434754 109.496460
191 71.082828 106.647800 194.438037 109.495598
192 70.977502 106.584024 194.381834 109.499039
193 70.760641 106.465358 194.300385 109.500465
194 69.483466 106.183607 194.150037 110.002329
195 68.281438 105.798392 193.839035 110.605365
196 67.992199 105.792245 193.635701 111.028142
197 67.916617 105.847655 193.727041 111.490329
198 67.529066 105.366296 193.453287 111.529146
199 67.188767 105.225661 193.125641 111.889536
200 66.967937 104.814704 193.097841 111.797923
201 66.666867 104.556962 193.044814 112.036530
202 64.970580 103.034281 192.225281 112.179160
203 65.100431 103.192909 192.473546 112.491159
204 65.101183 103.191568 192.482202 112.483982
205 65.098324 103.194164 192.480164 112.485189
206 65.098476 103.197976 192.477474 112.487898
207 65.097567 103.194366 192.481348 112.479127
208 65.099384 103.203010 192.473546 112.491159
209 65.105103 103.205639 192.473546 112.491159
210 65.112244 103.207570 192.472490 112.491320
211 66.181882 102.773873 191.856223 112.198380
212 67.059288 102.535677 191.579169 112.140809
213 69.954140 101.888508 191.117212 111.879895
214 70.173339 101.921543 191.437221 111.934177
215 70.676339 101.785617 191.566175 111.706087
216 71.376769 101.809698 192.038699 111.783311
217 71.879066 101.814269 192.483092 111.817368
218 72.309493 101.854636 192.488590 111.937814
219 73.705586 101.733095 192.435627 111.828044
220 75.923990 101.579906 192.269668 111.799862
221 77.761938 101.504858 192.257552 111.858678
222 80.457546 101.253503 192.308753 111.791835
223 81.089166 101.069542 192.190912 111.766216
224 82.611728 100.681536 192.251117 111.587697
225 82.725109 100.854982 192.490004 111.943102
226 82.773185 100.762643 192.495089 111.865829
227 82.857132 100.666238 192.474225 111.818404
228 82.843703 100.712340 192.509886 111.929734
229 83.072940 100.739163 192.987806 111.979471
230 83.006858 100.682756 193.070854 111.893530
231 83.180991 100.688657 193.525641 111.924596
232 83.396708 100.715075 193.994431 111.976037
233 83.373230 100.712925 194.000786 111.972186
234 83.306336 100.596303 194.664548 111.767808
235 83.111074 100.532934 195.148327 111.740619
236 83.026841 100.567311 195.650106 111.811526
237 83.030588 100.580447 196.058244 111.881781
238 82.576499 100.163753 196.551628 111.703278
239 82.244532 99.786890 197.046151 111.673082
240 82.417315 99.899982 197.432580 111.964426
241 82.420522 99.885971 197.443071 111.974333
242 82.382451 99.831519 197.434350 111.942925
243 82.229364 99.707925 197.449400 111.870320
244 81.928780 99.554255 197.444418 111.813961
245 81.779004 99.390003 197.414875 111.883463
246 81.402138 98.780411 197.340834 111.693750
247 81.374568 98.831274 197.390210 111.949831
248 81.118467 98.614330 197.369803 111.869076
249 80.645015 98.234409 197.303004 111.822565
250 80.256495 97.935935 197.282587 111.834741
251 79.694193 97.194252 197.228916 111.689729
252 79.239547 96.877633 197.227165 111.818752
253 79.232545 96.869189 197.406550 111.925948
254 79.079920 96.752583 197.347718 111.923742
255 78.065661 96.066744 196.941992 111.783034
256 76.758346 95.401404 196.279119 111.762157
257 76.321250 95.292203 196.144246 111.896494
258 74.333680 94.688058 195.898306 111.527562
259 71.792590 94.458680 195.255955 111.884414
260 70.066437 94.088944 194.693819 111.971273
261 68.987741 93.826709 194.328215 111.989297
262 66.708993 93.654443 193.326648 111.682941
263 66.221882 93.773885 192.958285 111.789501
264 65.173503 93.714922 192.282077 111.714696
265 62.186909 93.338561 191.414157 111.497233
266 61.737299 93.232074 190.938216 111.408823
267 60.265940 93.042742 189.854220 111.196228
268 58.748146 92.822371 188.462063 111.062220
269 58.463847 92.983814 188.108053 111.402294
270 57.674343 92.807732 187.703441 111.262103
271 53.517161 92.389653 186.683387 111.087746
272 53.010092 92.478100 186.783802 111.347505
273 52.763157 92.480290 186.766414 111.426198
274 52.032421 92.295983 186.489564 111.418558
275 51.431625 92.055730 186.056639 111.444020
276 50.889280 91.804560 186.041112 111.431552
277 50.996730 91.784292 186.351718 111.477558
278 50.990772 91.753256 186.377481 111.478946
279 50.999553 91.738762 186.412519 111.484677
280 51.024165 91.742713 186.458888 111.491600
281 51.005405 91.739682 186.435161 111.491174
282 50.978864 91.731505 186.412208 111.490047
283 50.979486 91.728490 186.431346 111.490765
284 50.975031 91.725904 186.436566 111.490882
285 50.971060 91.723764 186.440621 111.490781
286 50.889391 91.714811 186.395792 111.480099
287 50.866349 91.714175 186.419536 111.483077
288 50.820052 91.712168 186.418914 111.479291
289 50.783929 91.712538 186.428011 111.479424
290 50.723852 91.711761 186.420523 111.473411
291 50.732100 91.720802 186.458959 111.486219
292 50.744520 91.725752 186.473650 111.491126
293 50.746427 91.727616 186.470893 111.490685
294 50.684216 91.731125 186.465353 111.466919
295 50.629666 91.746660 186.464944 111.468498
296 50.635936 91.754596 186.465388 111.489388
297 50.645416 91.756669 186.471738 111.491206
298 50.648110 91.753984 186.467238 111.488941
299 50.642286 91.745605 186.472601 111.477659
300 50.412655 91.641939 186.419838 111.344374
301 50.247156 91.760112 186.064429 111.226342
302 49.943304 91.799331 186.119068 111.264740
303 48.795505 91.511017 186.096782 111.131380
304 45.434004 91.017646 186.058569 111.372877
305 44.657777 90.692708 186.335177 111.202694
306 44.318206 90.768262 186.267225 111.245334
307 42.738838 90.548168 186.529062 110.987648
308 41.680801 90.257402 187.100538 110.539571
309 41.704132 90.470012 187.451506 110.930885
310 41.721066 90.502802 187.474233 110.991277
311 41.725688 90.502923 187.469727 110.991230
312 41.732564 90.503058 187.469709 110.991230
313 41.738080 90.498202 187.461099 110.990473
314 41.707481 90.418761 187.427920 110.929049
315 41.733740 90.443270 187.457621 110.991203
316 41.775797 90.443185 187.398219 110.968460
317 41.929121 90.454604 187.168863 110.894724
318 40.706521 90.669676 184.656107 109.197839
319 41.879335 90.939099 182.350166 108.178342
320 27.845214 90.085803 179.537135 106.904208
321 26.307813 89.497205 178.986597 106.959019
322 24.546665 88.395317 177.929082 107.113100
323 23.543603 88.202867 176.989539 107.529992
324 20.571457 86.672825 174.689655 108.490471
325 18.967727 85.621521 170.411427 108.458833
326 17.732113 84.687509 166.399354 108.827856
327 15.843173 84.198053 163.022411 109.114320
328 12.214354 83.898696 158.985794 109.131215
329 12.210691 84.071450 158.902939 109.477929
330 12.174837 84.055188 158.783451 109.441897
331 12.274499 84.065297 158.941318 109.487469
332 12.372917 84.158039 158.737271 109.303405
333 12.615536 84.485231 158.519259 109.023623
334 13.081636 85.110912 158.509956 108.813208
335 13.669860 85.602158 158.255923 108.277045
336 13.947484 85.956866 158.076245 108.042496
337 14.275700 86.382435 158.150668 108.126977
338 14.487725 86.664810 158.340733 108.306747
339 14.611171 86.856844 158.312300 108.293379
340 14.961739 87.308048 157.881698 107.912544
341 15.265437 87.602239 157.459004 107.551227
342 19.515438 89.520691 154.545711 106.011497
343 20.681784 90.042651 154.430525 106.035593
344 30.484656 92.514864 151.568639 102.964045
345 30.733495 92.553057 151.917932 102.940208
346 32.774029 93.069709 151.270612 102.368298
347 33.707609 93.559543 151.543973 102.052185
348 38.254102 94.254510 150.355323 101.812205
349 38.710816 94.337212 150.326711 101.912676
350 49.239286 94.651959 149.392761 100.731829
351 49.287075 94.784436 149.479455 100.992063
352 49.291516 94.786796 149.479455 100.992063
353 49.320601 94.782216 149.486619 100.983274
354 51.646384 94.534875 149.094939 100.776583
355 52.116120 94.583166 149.374613 100.954508
356 52.767952 94.467865 149.345556 100.962290
357 53.202023 94.431614 149.412474 100.971036
358 58.452963 93.661623 148.527579 100.798848
359 58.683362 93.760591 148.979524 100.992063
360 58.698687 93.754108 148.988291 100.992323
361 58.698730 93.756338 148.979524 100.992063
362 58.703156 93.758698 148.979524 100.992063
363 58.707583 93.761058 148.979524 100.992063
364 58.712009 93.763418 148.979524 100.992063
365 58.716435 93.765778 148.979524 100.992063
366 58.720862 93.768137 148.979524 100.992063
367 58.746595 93.706925 148.944475 101.050058
368 58.861194 93.536196 148.798222 101.756447
369 59.012208 93.396284 148.849242 102.187108
370 59.404265 90.428940 148.503057 103.734251
371 59.646925 90.560158 148.979524 103.991827
372 59.677639 90.391901 148.865789 104.130658
373 59.799907 90.206135 148.720622 104.741210
374 59.939561 90.195034 148.858322 105.090057
375 59.936580 88.570174 147.859725 106.335658
376 59.757931 86.384663 146.296161 107.754994
377 59.890741 85.602040 145.794476 108.630814
378 60.464748 83.237902 144.405729 110.436897
379 60.923255 79.264248 142.650858 113.314874
380 61.270901 78.369616 142.401721 114.419337
381 62.365100 71.123656 140.380444 120.750319
382 62.419398 71.246570 140.480692 120.990491
383 62.423572 71.249397 140.480692 120.990491
384 62.427746 71.252224 140.480692 120.990491
385 62.431919 71.255051 140.480692 120.990491
386 62.436093 71.257879 140.480692 120.990491
387 62.440267 71.260706 140.480692 120.990491
388 62.444441 71.263533 140.480692 120.990491
389 62.448615 71.266360 140.480692 120.990491
390 62.452789 71.269187 140.480692 120.990491
391 62.456962 71.272014 140.480692 120.990491
392 62.461136 71.274842 140.480692 120.990491
393 62.465310 71.277669 140.480692 120.990491
394 62.469484 71.280496 140.480692 120.990491
395 62.473658 71.283323 140.480692 120.990491
396 62.980413 70.846445 140.163528 121.486002
397 65.471548 69.705141 139.135889 122.398287
398 65.648162 69.754046 139.480829 122.490374
399 65.719736 69.715330 139.390517 122.547197
400 65.769037 69.939773 139.480829 122.990334
401 65.773181 69.942647 139.480829 122.990334
402 65.777325 69.945521 139.480829 122.990334
403 65.781469 69.948394 139.480829 122.990334
404 65.787802 69.950629 139.483297 122.991654
405 66.315798 69.859623 139.761738 123.098839
406 66.604786 69.989890 140.262917 123.556546
407 67.909773 69.909829 141.833193 124.103592
408 69.088380 69.873471 142.877255 124.554207
409 69.276097 70.047825 143.142601 125.011265
410 69.651180 70.181573 143.983280 125.500940
411 69.673197 70.352270 144.296693 126.022176
412 69.617077 70.440805 145.087219 126.560682
413 69.675487 70.542242 145.846781 127.051329
414 69.678322 70.230794 147.780563 127.403509
415 69.008638 69.666481 150.786228 127.712515
416 67.248040 69.246491 154.481129 128.389063
417 63.777182 68.503914 159.395785 128.982021
418 59.959296 67.989517 164.477287 129.371317
419 54.778618 67.568691 170.365345 129.884118
420 50.246649 67.190256 177.994220 130.432868
421 45.931811 66.890508 185.935424 130.889879
422 44.227462 66.698823 189.723030 131.265885
423 43.232055 66.616186 191.981737 131.714868
424 41.700446 66.593673 194.980920 132.192333
425 40.639358 66.642550 197.258861 132.592219
426 40.075668 66.701268 199.221940 133.079826
427 39.768182 66.683791 201.565403 133.547998
428 38.873030 65.990652 207.322030 134.291411
429 36.507112 65.276371 208.482561 134.938540
430 36.097550 65.198503 208.905536 135.070759
431 35.127224 65.089059 210.512484 135.680188
432 35.132600 65.112864 211.320743 136.067269
433 34.048080 65.103204 211.751704 136.536384
434 33.275767 65.278518 212.229675 136.947673
435 31.729291 65.192639 212.901927 136.925221
436 29.705451 65.254762 213.563317 136.715960
437 29.898373 65.394737 213.970397 136.986484
438 29.638352 65.397125 214.031960 136.962261
439 27.911317 65.247360 214.621050 136.931355
440 26.206776 65.173182 215.227779 136.898188
441 22.128960 65.068264 215.783418 136.757671
442 19.628145 65.048068 216.313862 136.835697
443 15.459725 64.950493 216.894730 136.658237
444 14.985472 65.111673 217.029904 136.941970
445 15.226256 65.136716 217.468088 136.987732
446 15.233728 65.140669 217.470110 136.989234
447 15.119520 65.149991 217.474912 136.962352
448 15.065626 65.172368 217.470152 136.973255
449 15.064081 65.184441 217.466480 136.985622
450 14.994791 65.195243 217.450291 136.960719
451 13.885720 65.645608 217.553038 135.620157
452 11.891354 66.205738 217.648918 134.065004
453 12.029806 66.282294 218.062266 134.213164
454 12.069530 65.849360 218.469723 133.813041
455 11.842492 65.401990 218.351885 132.888737
456 11.196907 64.913236 217.690129 130.975712
457 9.884310 62.996303 217.414821 126.304481
458 10.913617 62.435683 217.117759 123.243715
459 14.789451 63.269668 219.741457 121.688804
460 41.539322 64.525746 227.107688 116.367045
461 51.814549 65.841111 227.630871 114.122750
462 52.161702 66.041398 227.947326 114.423203
463 52.237648 66.060939 227.948130 114.453483
464 52.962297 66.342172 227.017486 113.555479
465 57.963080 66.245865 223.632574 111.008644
466 59.286002 66.761558 221.731900 109.605722
467 63.120980 66.887483 217.189258 107.833042
468 67.431534 66.555993 216.184018 107.525694
469 71.522994 66.440222 214.707196 107.663072
470 75.352324 66.538098 213.771339 107.830215
471 76.795307 66.581848 213.179971 107.879149
472 80.186472 66.763383 211.589889 107.644728
473 83.357887 66.930724 210.513995 107.690531
474 88.286470 67.093374 209.039995 107.470220
475 88.741342 67.162502 209.321723 107.434198
476 88.885753 67.198115 209.443768 107.482925
477 89.448211 67.215889 209.210008 107.438385
478 93.198244 67.537961 207.998243 107.131230
479 93.235205 67.723525 207.954515 107.486795
480 93.294297 67.730660 207.953870 107.486119
481 93.348783 67.737883 207.955804 107.486719
482 93.434923 67.745318 207.940243 107.484678
483 98.364488 67.866192 206.480143 106.735457
484 100.979948 68.600431 205.317196 106.593557
485 101.194935 68.821245 205.250106 106.915835
486 101.445525 68.887991 205.267509 106.915672
487 101.743376 68.979753 205.193615 106.869339
488 102.055743 69.097197 205.181180 106.853497
489 102.419365 69.254308 205.038663 106.760280
490 102.889305 69.474165 205.025865 106.732764
491 103.465849 69.740000 204.813129 106.471314
492 103.820516 69.852395 204.451262 106.137175
493 104.169049 70.118321 203.891625 106.099930
494 104.413331 70.225062 203.410670 106.039595
495 104.640880 70.365237 203.072642 106.183103
496 105.053745 70.263142 202.785453 105.766656
497 105.290796 70.356362 202.525429 105.619641
498 105.645952 70.586335 202.554216 105.668846
499 105.937900 70.736016 202.591416 105.702175
500 106.184686 70.829041 202.683626 105.797563
501 106.314773 70.816579 202.798902 105.866810
502 106.373340 70.827621 202.902844 105.951533
503 106.398474 70.826526 202.935455 105.982587
504 106.413294 70.817082 202.942899 105.988117
505 106.417190 70.793268 202.937091 105.974409
506 106.416169 70.768645 202.930102 105.975097
507 106.316133 70.570325 202.824631 105.896869
508 106.278454 70.436548 202.805368 105.875918
509 106.273667 70.299266 202.803520 105.838323
510 106.455251 70.160655 202.662427 105.742379
511 106.646165 70.102875 202.659988 105.766878
512 107.145323 69.495327 202.170287 105.450240
513 107.421696 69.536325 202.180243 105.384990
514 107.645845 69.592980 202.300334 105.442525
515 107.944494 69.676260 201.974600 105.272786
516 108.169697 69.876474 201.486339 105.240772
517 108.419511 70.090603 200.918940 105.217057
518 108.551371 70.247488 200.798660 105.427428
519 108.841516 70.348498 200.540781 105.281610
520 109.326886 70.566244 200.319937 105.127804
521 109.617164 70.852441 199.955381 105.199883
522 109.839583 71.074680 199.516191 105.252191
523 110.153003 71.195214 199.801550 105.443979
524 110.403671 71.267886 199.616852 105.325920
525 110.817223 71.427191 199.441586 105.240807
526 110.980657 71.618715 199.048327 105.281318
527 111.281436 71.813204 199.006661 105.286490
528 111.624386 71.985604 198.960514 105.194917
529 111.795935 72.237913 198.465709 105.205124
530 111.973714 72.504607 197.889541 105.154748
531 112.159150 72.779767 197.467837 105.215055
532 112.367481 73.109304 196.875693 105.075279
533 112.489153 73.642101 196.228928 104.802105
534 112.779291 73.884257 196.034843 104.644443
535 113.034714 74.121216 196.270008 104.837740
536 113.119895 74.268901 196.300085 104.835662
537 113.206388 74.353298 196.454903 104.974060
538 113.185910 74.360535 196.464226 104.978576
539 113.195767 74.368724 196.471281 104.991729
540 113.201881 74.369821 196.470241 104.991724
541 113.208946 74.371931 196.472284 104.991744
542 113.213490 74.370506 196.465163 104.991674
543 113.207091 74.355654 196.445561 104.988795
544 113.220171 74.347403 196.448681 104.991073
545 113.234830 74.342328 196.457124 104.991594
546 113.241277 74.327591 196.438159 104.991413
547 113.255987 74.296561 196.415465 105.002538
548 113.269602 74.468907 196.363575 105.524690
549 113.321173 74.660854 196.402066 106.012045
550 113.352619 74.857116 196.398412 106.510065
551 113.381262 74.606511 195.932974 107.259628
552 113.344858 74.352919 195.639235 107.712196
553 113.455575 74.193114 195.705545 108.165361
554 113.562166 74.097165 195.739919 108.650026
555 113.668561 73.991574 195.686591 109.194507
556 113.803359 73.893215 195.708367 109.671240
557 113.877575 73.292807 195.322816 110.500639
558 113.873290 72.800307 194.752390 111.488968
559 113.674955 71.679887 194.032593 112.359907
560 113.718374 70.817630 193.536316 113.259258
561 113.554547 69.192014 192.732089 114.860656
562 113.481243 68.185107 192.040914 116.009580
563 113.621051 66.092797 191.075603 118.559651
564 113.143169 63.949073 189.438999 121.498711
565 113.025451 62.788679 188.513126 122.823872
566 113.236209 61.662217 188.013450 124.496990
567 113.173781 59.756552 187.168740 126.619107
568 113.169582 58.531400 186.093512 128.587900
569 113.234291 57.739756 185.320111 130.102387
570 113.137678 57.094288 184.415094 131.344274
571 112.963226 56.117606 183.207582 132.475663
572 112.742951 55.536828 182.194961 133.133041
573 112.417037 54.952989 180.970488 134.289878
574 112.381338 54.876985 180.585102 134.696868
575 112.500675 54.562324 180.176876 135.411060
576 112.656677 54.494066 180.281780 135.608282
577 112.785849 54.486426 180.162549 136.170711
578 113.008472 54.333635 180.046037 136.753766
579 113.258597 54.319252 180.270893 137.095116
580 113.434096 54.156687 180.075929 137.755999
581 113.740747 51.637518 179.048574 139.329481
582 113.957174 51.694554 179.448739 139.505554
583 113.971523 51.906108 179.438853 140.005881
584 113.990217 52.093762 179.417523 140.525639
585 114.018069 52.121791 179.245945 141.107104
586 113.853945 50.548484 178.520739 142.301634
587 114.043123 49.998609 178.333036 142.899820
588 113.927426 48.722931 177.546205 143.734143
589 114.162107 48.635076 177.731101 144.145981
590 114.423787 47.786403 177.405674 145.010578
591 114.137923 46.455797 176.407155 146.246589
592 114.013455 46.307574 175.999246 146.646098
593 113.892084 46.432690 175.780465 147.009708
594 113.657346 46.420493 175.444193 147.574026
595 112.984883 45.788572 174.388187 148.152965
596 111.585072 44.893491 172.923598 148.698354
597 110.264451 44.524919 171.164518 148.891978
598 109.904849 44.144873 168.850905 148.807408
599 108.936911 43.980619 165.804238 148.465912
600 108.316848 43.809788 163.037063 148.157830
601 108.450216 43.783900 160.082770 147.847717
602 108.846488 43.636555 156.791900 147.575694
603 108.340102 43.501981 151.702469 147.310618
604 108.743973 43.449745 148.417097 147.072865
605 109.163303 43.675516 145.111294 146.836875
606 109.013678 43.660964 141.941558 146.077086
607 108.977335 43.989557 140.769890 145.917773
608 108.913554 44.004236 140.505837 145.813430
609 108.693473 44.058667 140.365129 145.806092
610 108.408941 44.087701 140.132047 145.909009
611 107.604698 44.003909 140.028237 145.734163
612 107.799089 44.130847 140.461243 145.983480
613 106.440281 43.920360 140.219536 145.916340
614 105.354151 43.897487 140.251748 145.895837
615 103.707141 44.028133 140.334990 145.832269
616 101.601087 44.025498 140.155777 145.863959
617 100.711680 44.098412 139.921600 145.986668
618 100.640310 44.094768 139.898349 145.982756
619 100.348037 44.104768 139.761376 145.950320
620 99.375835 44.103334 139.221564 145.781733
621 98.287256 44.261166 138.894885 145.689008
622 98.325702 44.412693 138.972248 145.989293
623 96.669750 44.469453 138.252092 145.828224
624 96.256928 44.621666 137.885559 145.893394
625 95.402974 44.738607 137.135454 145.834552
626 95.263008 44.939376 136.589996 145.895837
627 94.904560 45.170808 136.263252 145.926957
628 95.000837 45.183430 136.290839 145.940887
629 95.078315 45.191599 136.371828 145.972515
630 95.119275 45.191265 136.376508 145.975383
631 95.145092 45.188745 136.318104 145.977402
632 95.173646 45.220442 136.180573 145.954108
633 95.094994 45.271159 135.584143 145.905076
634 95.175804 45.345563 135.499398 145.923462
635 94.865750 45.410691 134.985215 145.938346
636 94.781353 45.445480 134.698264 145.949367
637 94.833704 45.458697 134.719295 145.940337
638 94.888763 45.476025 134.736727 145.950028
639 94.943647 45.481441 134.801712 145.947710
640 95.027857 45.493043 134.891892 145.971241
641 95.074373 45.496304 134.915523 145.971756
642 95.102751 45.498222 134.934475 145.981001
643 95.113273 45.493589 134.931951 145.985784
644 95.142727 45.496492 134.956265 145.981217
645 95.157848 45.503155 134.979285 145.988764
646 95.160842 45.505877 134.978384 145.988861
647 95.162496 45.508063 134.975757 145.989153
648 95.169352 45.511161 134.981448 145.988527
649 95.173362 45.514572 134.981448 145.988527
650 95.177373 45.517983 134.981448 145.988527
651 95.181383 45.521395 134.981448 145.988527
652 95.185393 45.524806 134.981448 145.988527
653 95.189404 45.528217 134.981448 145.988527
654 95.193414 45.531629 134.981448 145.988527
655 95.197425 45.535040 134.981448 145.988527
656 95.201435 45.538451 134.981448 145.988527
657 95.205446 45.541863 134.981448 145.988527
658 95.209456 45.545274 134.981448 145.988527
659 95.213467 45.548685 134.981448 145.988527
660 95.217477 45.552096 134.981448 145.988527
661 95.221487 45.555508 134.981448 145.988527
662 95.212231 45.548984 134.970021 145.985164
663 94.666949 45.490933 134.932054 145.850892
664 93.347415 45.360705 134.951527 145.704185
665 93.299644 45.470789 134.928919 145.958097
666 93.329919 45.489416 134.981448 145.988527
667 93.333929 45.492827 134.981448 145.988527
668 93.337032 45.491915 134.977141 145.988436
669 93.341264 45.486154 134.972255 145.988346
670 93.349871 45.489656 134.981448 145.988527
671 93.430530 45.441062 134.951482 145.952938
672 94.942688 45.163160 134.404054 145.678350
673 98.022964 44.829229 133.460539 145.320547
674 101.334800 45.614856 131.158381 144.165070
675 103.750598 46.786906 129.995108 143.630865
676 106.234878 48.047310 128.067597 143.224310
677 106.446067 48.182869 128.482341 143.488723
678 106.456367 48.180159 128.477549 143.490078
679 106.462581 48.182835 128.482341 143.488723
680 106.477378 48.148156 128.469130 143.527507
681 106.629134 47.627678 128.371276 144.577991
682 106.688484 47.836374 128.482341 144.988605
683 106.692301 47.839761 128.482341 144.988605
684 106.696119 47.843149 128.482341 144.988605
685 106.699936 47.846537 128.482341 144.988605
686 106.703753 47.849925 128.482341 144.988605
687 106.707571 47.853313 128.482341 144.988605
688 106.711388 47.856701 128.482341 144.988605
689 106.715205 47.860089 128.482341 144.988605
690 106.731994 47.860704 128.473806 144.992802
691 107.489357 47.639822 127.914727 145.399658
692 109.041015 46.980640 126.631042 146.751709
693 110.014920 46.704984 126.067196 147.968286
694 110.632485 46.530763 126.065805 148.366367
695 111.657580 46.170402 125.797973 149.094290
696 111.753678 46.370876 125.982685 149.488252
697 111.867947 46.346253 125.922483 149.506416
698 111.982313 46.554779 125.925150 149.993691
699 112.505358 46.505670 125.667359 150.032437
700 112.937028 46.708471 125.871804 150.447863
701 117.326044 46.740144 125.253608 150.088957
702 122.276486 46.954844 124.824617 150.236547
703 122.407260 47.102782 125.005341 150.477330
704 122.655422 47.110974 125.484698 150.489580
705 122.658177 47.113787 125.482753 150.488173
706 122.669129 47.114440 125.490922 150.494079
707 123.116225 46.854758 125.628262 150.481571
708 123.318172 46.848960 125.991144 150.492737
709 123.587914 46.650934 125.993193 150.483308
710 123.586709 46.654702 125.987197 150.489235
711 123.606984 46.641591 126.021443 150.506882
712 123.842589 46.885248 126.484033 150.989164
713 123.844009 46.901812 126.489987 150.990582
714 123.849565 47.010795 126.495735 150.974886
715 123.825573 47.295744 126.513494 150.947157
716 124.063672 47.349879 126.990886 150.988040
717 124.063276 47.353454 126.982547 150.988134
718 124.213012 47.461602 126.873488 151.145013
719 125.064750 49.184674 126.054188 152.651649
720 125.498033 49.461681 126.290599 153.189474
721 125.597800 49.614499 126.482616 153.487938
722 125.601558 49.618085 126.482616 153.487938
723 125.605315 49.621672 126.482616 153.487938
724 125.609073 49.625258 126.482616 153.487938
725 125.612831 49.628845 126.482616 153.487938
726 125.616589 49.632432 126.482616 153.487938
727 131.061124 51.122994 124.956275 152.990727
728 131.917988 51.042082 124.722731 152.982140
729 141.294388 50.702515 122.537994 152.200416
730 143.626228 50.742002 121.521978 152.258919
731 143.860480 50.860113 121.983234 152.488016
732 143.865187 50.863291 121.982885 152.488140
733 144.400330 50.637666 121.787833 152.581844
734 145.114456 50.497810 121.751847 153.118247
735 145.264513 50.676792 121.970843 153.489306
736 145.274333 50.679694 121.983234 153.487938
737 145.277957 50.683281 121.983234 153.487938
738 144.750056 50.873023 122.146378 153.452416
739 144.922089 50.894370 122.483166 153.487938
740 144.925728 50.897957 122.483166 153.487938
741 144.929367 50.901543 122.483166 153.487938
742 144.933006 50.905130 122.483166 153.487938
743 144.936645 50.908716 122.483166 153.487938
744 144.904583 50.870282 122.127141 153.753377
745 145.500899 50.899482 120.977027 154.869960
746 146.092728 50.948264 119.396454 155.517036
747 146.525443 51.005505 118.552691 156.193212
748 146.846027 50.997836 118.277234 156.883117
749 147.001230 50.828131 118.128642 157.265009
750 147.198589 50.910344 118.429758 157.521254
751 147.229087 51.147200 118.483715 157.987584
752 147.232608 51.150892 118.483715 157.987584
753 147.236128 51.154584 118.483715 157.987584
754 147.239648 51.158275 118.483715 157.987584
755 147.243168 51.161967 118.483715 157.987584
756 147.246689 51.165659 118.483715 157.987584
757 147.250209 51.169350 118.483715 157.987584
758 147.253729 51.173042 118.483715 157.987584
759 147.257249 51.176734 118.483715 157.987584
760 147.260770 51.180425 118.483715 157.987584
761 147.264290 51.184117 118.483715 157.987584
762 147.267810 51.187809 118.483715 157.987584
763 147.148098 51.169878 118.365467 158.055661
764 145.477231 51.487594 118.539655 158.423786
765 144.629870 51.625351 118.653665 158.636790
766 144.157431 51.789693 118.677969 159.175373
767 142.331291 52.147811 118.448049 159.546797
768 142.096857 52.371887 118.251535 160.054573
769 142.201866 52.589718 118.442817 160.503291
770 141.891342 52.840230 118.097779 161.135216
771 141.887463 52.969778 118.102023 161.625448
772 141.300345 52.513110 117.201618 162.602338
773 141.345217 52.238723 116.936842 163.344319
774 141.261819 51.746476 116.490532 163.935540
775 141.187103 51.395199 115.985637 164.307855
776 141.210309 51.383284 115.856877 164.532168
777 140.471975 50.936799 115.608427 165.098387
778 140.622233 51.092197 115.922700 165.491619
779 139.329265 50.822973 115.655543 165.532119
780 136.523889 50.656397 115.322326 165.909249
781 135.756204 50.614710 115.098208 165.983924
782 133.442984 50.576696 114.860946 165.843732
783 132.649783 50.513997 114.688508 165.971108
784 131.416877 50.369484 114.645802 165.974940
785 129.040695 50.368408 114.352597 165.858336
786 125.415796 50.497149 113.985524 165.636220
787 123.307615 50.541832 113.485303 165.857901
788 121.205477 50.455862 113.011818 165.906795
789 119.433604 50.352648 113.160813 165.912969
790 118.017252 50.163559 113.181081 165.993826
791 117.506974 50.068493 113.202573 166.008121
792 117.048721 50.191778 113.212228 166.491338
793 116.711152 50.163502 113.249955 166.493593
794 116.316867 50.127438 113.209246 166.522738
795 115.416691 50.294392 113.180394 166.945699
796 115.019875 50.227999 113.104283 166.991233
797 113.784560 50.060426 113.104619 166.989059
798 112.687422 49.918148 113.054687 166.956091
799 112.172680 49.848892 113.204380 166.960041
800 111.982580 49.794256 113.248142 166.983898
801 111.651218 49.735815 113.167675 166.963990
802 111.410612 49.706136 113.199450 167.004523
803 110.953081 49.878700 113.221715 167.464282
804 110.578128 49.853398 113.245371 167.479010
805 110.024936 49.821585 113.310501 167.419163
806 109.033812 49.807348 113.210821 167.415617
807 108.660258 49.863429 113.410257 167.407918
808 108.485988 49.900102 113.427667 167.448763
809 108.107820 49.936071 113.436478 167.424778
810 107.985217 49.966813 113.448401 167.455672
811 107.789191 49.998274 113.452357 167.449570
812 107.701366 50.009144 113.439931 167.468563
813 101.131895 60.261909 116.558454 159.873080
814 101.348104 60.322821 116.983921 159.987427
815 101.351579 60.326559 116.983921 159.987427
816 101.355055 60.330298 116.983921 159.987427
817 101.358531 60.334036 116.983921 159.987427
818 101.362007 60.337775 116.983921 159.987427
819 101.365482 60.341513 116.983921 159.987427
820 101.368958 60.345251 116.983921 159.987427
821 101.372434 60.348990 116.983921 159.987427
822 101.375909 60.352728 116.983921 159.987427
823 101.379207 60.374991 116.996943 159.966415
824 101.343663 60.491850 117.139402 159.900909
825 101.492463 60.597540 117.582059 159.938896
826 101.696712 60.637522 117.992275 159.973846
827 101.695764 60.669497 117.998982 159.963097
828 101.691671 60.685400 117.983784 159.987427
829 101.895863 60.902724 118.486263 159.758339
830 102.113852 61.129854 118.900515 159.826424
831 102.400459 61.450857 119.674415 159.695854
832 102.597607 61.637659 120.072075 159.956009
833 102.989393 61.901888 121.062166 159.682236
834 103.243610 62.085635 121.537652 159.955681
835 103.473836 62.109923 121.988825 159.982399
836 103.479965 62.118777 121.988127 159.984856
837 103.484639 62.125517 121.986475 159.985725
838 103.486643 62.130106 121.983234 159.987427
839 103.568546 62.175120 122.083899 159.906326
840 103.771819 62.219408 122.483166 159.987427
841 103.775458 62.223147 122.483166 159.987427
842 103.790780 62.234331 122.493878 159.973068
843 103.939136 62.570971 122.697715 159.611656
844 104.098489 63.125044 123.104434 159.637001
845 104.588894 63.676554 123.846529 159.440399
846 104.933017 64.057997 124.257845 159.048633
847 105.173807 64.342350 124.619617 159.328662
848 105.361608 64.425836 124.983948 159.484675
849 105.375714 64.429445 124.992001 159.477358
850 105.374838 64.438225 124.982822 159.487466
851 105.378551 64.441952 124.982822 159.487466
852 105.382264 64.445679 124.982822 159.487466
853 105.385978 64.449406 124.982822 159.487466
854 105.389691 64.453132 124.982822 159.487466
855 105.393404 64.456859 124.982822 159.487466
856 105.396921 64.479752 124.997264 159.465729
857 105.426923 64.541478 125.040793 159.416514
858 106.427407 64.709968 126.064781 159.094784
859 106.812145 64.985027 126.714166 159.308599
860 106.898416 65.134065 127.049634 159.412681
861 106.926994 65.473649 127.719342 159.044329
862 105.581959 66.433983 128.810266 158.344907
863 105.388815 66.545185 129.114486 158.362001
864 104.250307 66.766498 130.364111 158.233381
865 102.891536 66.896702 131.638927 158.384387
866 102.556731 66.878907 132.231861 158.476624
867 101.895517 66.755090 132.868117 158.507898
868 101.470656 66.870758 133.234360 159.016278
869 100.280280 66.753515 133.775772 159.512397
870 98.348630 66.179484 134.110534 160.078117
871 98.136531 66.030930 134.464918 160.555769
872 97.373105 64.380744 134.571061 161.306653
873 96.107291 61.565160 134.873623 162.159430
874 94.245122 51.073018 134.849161 163.884513
875 94.165634 50.590078 135.045718 164.072070
876 94.084346 49.344711 135.676583 164.719780
877 94.233661 48.939998 135.999267 165.156247
878 94.430750 46.921680 136.014883 166.085285
879 94.887885 44.775167 136.260325 167.802766
880 95.127797 44.244010 136.318612 168.681989
881 95.350086 43.967878 136.420059 169.347589
882 95.716254 42.455869 136.343645 170.265071
883 95.781531 42.557261 136.468198 170.510203
884 95.777703 42.770033 136.472162 171.010926
885 95.719719 42.901962 136.446647 171.563132
886 95.726948 43.090181 136.477388 171.993816
887 95.715746 43.060959 136.475227 172.000459
888 95.703731 43.281175 136.478501 172.491816
889 95.662624 43.373995 136.515706 172.455607
890 95.834689 43.408464 136.989783 172.458478
891 95.804880 43.445635 136.987346 172.462879
892 95.794562 43.462205 136.980872 172.477446
893 95.797005 43.465322 136.980467 172.486247
894 95.790361 43.457245 136.979866 172.482710
895 95.780007 43.447152 136.979631 172.482315
896 95.685701 43.409307 136.971838 172.487662
897 95.551942 43.331058 136.958877 172.494415
898 95.456940 43.252797 136.962424 172.495525
899 95.405006 43.198584 136.973151 172.483541
900 95.400805 43.187821 136.979252 172.481814
901 95.332604 43.128585 136.984674 172.483409
902 95.278141 43.084591 136.983107 172.486338
903 95.230191 43.042777 136.983231 172.487892
904 95.190260 43.006100 136.981905 172.484100
905 95.165025 42.982514 136.980585 172.482940
906 95.141703 42.959079 136.979945 172.482447
907 95.125522 42.935818 136.978246 172.483459
908 95.109628 42.910751 136.978116 172.483705
909 95.095602 42.888135 136.978455 172.484618
910 95.075481 42.859543 136.978174 172.484544
911 95.055906 42.830956 136.978057 172.483607
912 95.047718 42.813407 136.978449 172.482677
913 95.034120 42.792037 136.978109 172.481304
914 95.020901 42.773164 136.978357 172.480711
915 95.013072 42.760599 136.978828 172.481032
916 94.998246 42.747365 136.979056 172.475768
917 94.980078 42.725740 136.977920 172.481049
918 94.971227 42.739147 136.985426 172.476656
919 94.959347 42.750054 136.984583 172.478326
920 94.956577 42.748315 136.980729 172.485564
921 94.959536 42.748722 136.980637 172.486313
922 94.962973 42.750071 136.980807 172.486346
923 94.966147 42.750877 136.980748 172.486329
924 94.970345 42.754702 136.981140 172.486444
925 94.973379 42.755532 136.980761 172.486338
926 94.902131 42.988020 136.992912 172.449940
927 95.112388 48.793890 137.307774 170.809886
928 95.140936 49.133638 137.569099 170.845459
929 95.192911 54.851176 138.929850 167.473847
930 95.184420 55.053968 139.076110 167.363973
931 95.279771 55.347080 139.582896 167.335204
932 94.999740 56.196775 140.260981 167.102614
933 79.586999 62.055232 145.311049 164.043392
934 79.620087 62.458072 145.626604 164.267309
935 79.570431 63.049457 146.362989 163.926755
936 79.433138 63.318799 146.755899 163.649650
937 79.514990 63.522157 147.011601 163.944321
938 79.742977 63.549958 147.486559 163.977173
939 79.743944 63.558759 147.479730 163.987112
940 79.748326 63.562591 147.479730 163.987112
941 79.755240 63.567580 147.473273 163.983625
942 79.783408 63.582564 147.427282 163.958796
943 79.814014 63.600554 147.479730 163.987112
944 79.875169 63.608953 147.431608 163.955879
945 79.938694 63.625031 147.467717 163.976250
946 80.749056 63.615299 147.652764 163.677302
947 81.235681 63.782028 148.138060 163.794550
948 81.405371 63.888397 148.487431 163.976399
949 81.405806 63.902043 148.483473 163.982061
950 81.410119 63.927349 148.496799 163.963910
951 81.405927 63.942782 148.479592 163.987112
952 81.437983 63.939865 148.489067 163.968743
953 81.677406 63.951263 148.551224 163.831640
954 82.216718 64.034528 149.143412 163.703515
955 82.921824 64.180362 149.583249 163.612825
956 84.131958 64.597886 149.821730 163.081776
957 84.912109 65.085567 149.536121 162.723232
958 85.531159 65.262712 149.815722 162.687618
959 86.325064 65.423412 149.695559 162.638504
960 86.876190 65.481029 149.879472 162.877226
961 90.257358 64.804041 149.238768 162.292917
962 90.769460 64.851149 149.377571 162.323386
963 90.972272 64.973000 149.336189 162.326362
964 91.112569 65.139459 149.323358 162.303170
965 91.330405 65.317251 149.246674 162.266705
966 91.626503 65.454386 149.028421 162.140837
967 92.218301 65.709377 148.786073 161.974195
968 92.397300 65.707432 148.669019 161.850279
969 92.721996 65.693713 148.389208 161.758084
970 92.949001 65.784421 147.948805 161.726234
971 93.413894 65.906634 146.624060 161.118272
972 93.531293 65.568445 146.092760 161.134853
973 93.939195 65.386611 145.682628 161.007110
974 94.177197 65.577817 145.549326 161.283027
975 94.406940 65.625697 145.626199 161.331781
976 94.576659 65.681945 145.685395 161.338543
977 94.725990 65.469092 145.337130 161.138465
978 94.692713 65.558981 145.113332 161.319745
979 94.596788 65.475376 144.930517 161.267063
980 94.566385 65.491008 144.639179 161.377771
981 94.732497 65.499418 144.659824 161.340668
982 94.943814 65.539694 144.604546 161.299953
983 95.178635 65.546867 144.254801 161.193419
984 95.429249 65.846036 143.014349 160.536900
985 95.726843 65.995841 142.853674 160.590812
986 95.820660 66.127902 142.229090 160.407637
987 96.019430 66.157399 141.592388 159.985381
988 96.221402 65.826612 141.046177 159.592842
989 96.508822 65.465486 140.361200 159.529350
990 96.552101 65.657736 140.157954 159.866882
991 96.730889 65.641165 140.105925 159.840759
992 96.927116 65.538702 140.015092 159.910126
993 97.065894 65.376715 139.969736 159.884674
994 97.008487 65.308607 139.547012 159.819954
995 97.192076 65.302637 139.574176 159.818542
996 97.347564 65.229814 139.314484 159.663231
997 97.306892 65.240309 138.905728 159.692314
998 97.248602 65.187738 138.210800 159.726906
999 96.933016 64.903143 137.801547 159.959030
1000 97.025030 64.911711 137.972323 159.987244
1001 96.917862 64.804617 137.691428 160.017693
1002 93.968222 64.411317 135.620373 160.136655
1003 93.300111 63.674808 132.929437 160.395128
1004 90.997832 62.808113 130.658203 160.809229
1005 89.656655 62.013104 127.888029 161.333761
1006 89.274457 61.560193 126.078284 161.786813
1007 89.198633 61.442089 125.631448 162.090936
1008 88.793762 61.390901 124.635297 162.315940
1009 88.105337 61.169942 123.852921 162.305022
1010 88.046572 61.131513 123.688373 162.416121
1011 88.197549 61.170864 123.982959 162.487230
1012 88.201233 61.174661 123.982959 162.487230
1013 88.204917 61.178458 123.982959 162.487230
1014 88.208600 61.182255 123.982959 162.487230
1015 88.212284 61.186051 123.982959 162.487230
1016 88.215968 61.189848 123.982959 162.487230
1017 88.219651 61.193645 123.982959 162.487230
1018 88.223335 61.197442 123.982959 162.487230
1019 88.227019 61.201239 123.982959 162.487230
1020 88.230702 61.205035 123.982959 162.487230
1021 88.234386 61.208832 123.982959 162.487230
1022 88.238070 61.212629 123.982959 162.487230
1023 88.429218 62.441550 123.847527 161.266446
1024 88.782912 64.531957 123.665307 159.271300
1025 89.122320 67.073604 123.990741 156.864630
1026 89.232877 69.217963 124.021635 154.511218
1027 89.621645 72.598117 124.816665 151.384179
1028 89.797093 75.278615 125.368309 149.175695
1029 89.754778 79.240159 125.989504 146.016981
1030 89.822204 82.851993 126.289623 142.580840
1031 89.920522 83.142198 126.545379 142.891486
1032 90.179674 85.649256 127.753454 140.238786
1033 90.213665 88.358230 128.637830 137.277015
1034 90.461515 89.920514 129.542413 135.807745
1035 90.789540 91.398812 130.573645 134.283360
1036 90.881048 93.604719 131.668470 131.687262
1037 91.059263 98.756400 132.813897 126.781053
1038 91.043658 99.531246 133.321441 126.190632
1039 90.917099 101.248035 134.191985 124.654356
1040 91.110055 103.876103 135.144277 122.261155
1041 91.383775 107.193625 136.085871 118.872592
1042 91.587474 108.343033 136.801066 117.760680
1043 91.595837 110.108806 137.349119 116.002524
1044 91.580935 110.931297 137.718955 115.712307
1045 91.673230 112.134655 138.181835 114.470592
1046 91.842160 113.033407 138.626543 113.357147
1047 92.023466 113.103026 138.980898 113.491081
1048 92.027596 113.105678 138.980898 113.491081
1049 92.031725 113.108330 138.980898 113.491081
1050 92.035854 113.110982 138.980898 113.491081
1051 92.039984 113.113634 138.980898 113.491081
1052 92.044113 113.116286 138.980898 113.491081
1053 92.048242 113.118938 138.980898 113.491081
1054 92.052371 113.121590 138.980898 113.491081
1055 92.056348 113.133642 138.991973 113.480414
1056 92.054920 113.142900 138.982389 113.489636
1057 92.050774 113.214434 139.040126 113.407258
1058 92.265425 113.307317 139.525171 113.429026
1059 92.493253 113.352557 139.993484 113.475342
1060 92.491050 113.363078 139.980761 113.491081
1061 92.495209 113.365730 139.980761 113.491081
1062 92.503621 113.369459 139.984559 113.489484
1063 92.592785 113.374159 140.072886 113.441262
1064 92.922586 113.380705 140.582746 113.448601
1065 97.475446 112.660855 141.464708 113.080800
1066 97.654088 112.832640 141.589462 113.445993
1067 104.323051 112.255437 140.879182 112.870118
1068 104.377961 112.318578 140.980623 112.991120
1069 104.537655 112.310959 140.909147 112.983447
1070 108.900556 112.233514 140.339641 112.608915
1071 113.684210 112.629575 139.996655 112.391202
1072 113.804677 112.727474 140.075843 112.420043
1073 116.121985 113.345689 141.022338 111.600457
1074 118.535460 115.236853 142.810119 109.725182
1075 118.739324 115.991639 143.549498 109.107061
1076 119.155270 116.649943 144.438629 108.702379
1077 119.258607 116.809113 144.578618 108.928196
1078 119.486673 116.847275 145.007695 108.972739
1079 119.727150 116.859170 145.480005 108.991434
1080 119.734338 116.859201 145.480594 108.992183
1081 120.453650 116.671404 145.463388 109.010426
1082 120.749690 116.815288 145.534003 109.502042
1083 121.059979 117.026575 145.994876 109.991513
1084 121.140882 117.000077 146.008138 109.992987
1085 121.659575 116.986032 146.705979 109.895348
1086 121.830117 117.042487 147.004830 109.980378
1087 122.769347 117.410037 148.000929 109.535741
1088 123.976670 120.301996 150.364386 106.947199
1089 124.087198 123.430207 150.900953 104.487141
1090 124.072258 123.648666 150.953364 104.324635
1091 121.834232 128.883888 150.631153 100.849567
1092 121.874521 129.115121 150.723784 100.816417
1093 121.905907 132.253067 150.548718 98.425241
1094 122.505803 134.638992 151.701865 95.362995
1095 122.175123 138.725167 154.339101 91.678469
1096 121.654267 139.779544 155.978672 91.026178
1097 121.325304 140.373934 157.052771 90.963069
1098 121.474402 140.508391 157.776780 90.793128
1099 121.542992 140.641876 158.571576 90.760731
1100 121.738121 140.692044 159.234980 90.957428
1101 121.948542 138.299275 159.509720 91.141745
1102 122.129359 137.442050 159.879814 91.894687
1103 121.851912 131.817520 159.304764 94.323461
1104 122.367319 130.057365 159.579402 95.595796
1105 124.089123 127.410959 159.670944 97.599042
1106 124.288387 127.378690 159.868813 98.180775
1107 124.362259 127.526245 159.980980 98.495374
1108 124.379124 127.517169 159.980789 98.495176
1109 124.396488 127.526724 159.999290 98.478465
1110 124.535255 133.591384 161.790771 92.228560
1111 124.633551 133.725630 161.977737 92.492731
1112 124.543295 133.921238 162.130124 92.358283
1113 123.212745 138.039616 163.992319 90.103325
1114 123.106158 138.313709 164.275949 90.425055
1115 122.913727 139.228192 166.393613 89.866930
1116 122.470077 141.548091 170.504777 88.216661
1117 122.567575 143.183504 173.330471 87.309422
1118 122.553294 144.417872 175.027004 86.504158
1119 122.965823 145.192932 176.887705 86.461386
1120 123.126163 145.604357 177.706117 86.152949
1121 123.254117 145.804643 178.041989 86.466277
1122 123.468559 145.827056 178.492484 86.483171
1123 123.454996 145.841604 178.494851 86.481707
1124 123.450081 145.849430 178.475810 86.492980
1125 123.455213 145.851563 178.475470 86.493203
1126 123.418095 145.865583 178.558593 86.475636
1127 123.605962 145.882854 179.010507 86.481513
1128 123.833967 145.891760 179.481700 86.489193
1129 123.823216 145.897373 179.484174 86.487655
1130 123.813532 145.903298 179.482248 86.488839
1131 123.804596 145.908656 179.482394 86.488748
1132 123.792532 145.914385 179.484388 86.487490
1133 123.772700 145.921465 179.488813 86.484706
1134 123.751135 145.929884 179.488488 86.484900
1135 123.709173 145.943905 179.521030 86.475999
1136 123.914154 145.963062 180.019140 86.479851
1137 124.055940 145.995777 180.726284 86.469201
1138 124.054551 146.071705 181.464490 86.435231
1139 124.001684 146.183502 182.002590 86.428087
1140 124.223204 146.252682 182.567913 86.458626
1141 124.432109 146.271992 182.974851 86.493203
1142 124.437546 146.274013 182.974851 86.493203
1143 124.441324 146.302267 183.011798 86.467630
1144 124.678268 146.317074 183.474783 86.493203
1145 124.683719 146.319095 183.474783 86.493203
1146 124.689170 146.321116 183.474783 86.493203
1147 124.694622 146.323137 183.474783 86.493203
1148 124.700073 146.325158 183.474783 86.493203
1149 124.705524 146.327179 183.474783 86.493203
1150 124.710975 146.329201 183.474783 86.493203
1151 124.716427 146.331222 183.474783 86.493203
1152 124.721878 146.333243 183.474783 86.493203
1153 124.718465 146.318757 183.456311 86.495686
1154 124.727885 146.310392 183.461203 86.493842
1155 124.734683 146.304756 183.466505 86.493570
1156 124.711916 146.246737 183.477443 86.505750
1157 124.713158 146.488340 183.468964 86.993250
1158 124.713662 146.480547 183.469953 86.993993
1159 124.711509 146.470562 183.472936 86.994371
1160 124.703061 146.453750 183.476830 86.995748
1161 124.694486 146.438992 183.475693 86.995138
1162 124.698073 146.438942 183.475806 86.993304
1163 124.698725 146.437254 183.477460 86.993645
1164 124.700178 146.436980 183.476708 86.993429
1165 124.704667 146.438880 183.474783 86.993163
1166 124.710118 146.440913 183.474783 86.993163
1167 124.699163 146.366937 183.463469 87.023746
1168 124.775607 146.101982 183.309557 87.653375
1169 124.774369 146.036436 183.403225 88.040564
1170 124.779347 146.197583 183.435067 88.495548
1171 124.804657 146.198399 183.474783 88.493045
1172 124.793413 146.200193 183.485843 88.487344
1173 124.775896 146.206972 183.486166 88.485859
1174 124.767246 146.215790 183.484749 88.487036
1175 124.752761 146.222458 183.484539 88.486884
1176 124.682223 146.236548 183.531614 88.464446
1177 124.716128 146.291343 184.262951 88.405911
1178 124.055207 146.403245 185.226501 88.182854
1179 123.475149 146.573714 186.004201 88.237579
1180 123.385914 146.752645 186.727430 88.335774
1181 122.493595 146.851317 187.402516 88.221243
1182 121.472315 147.102538 188.159394 88.018341
1183 121.420425 147.362527 188.627815 88.402864
1184 120.477656 147.457249 189.546925 88.161872
1185 119.746516 147.696471 190.526734 88.230211
1186 115.969361 148.213643 193.574278 87.704887
1187 115.676998 148.419166 194.358472 87.844490
1188 114.491089 148.645838 195.679065 87.706961
1189 113.408360 149.046931 197.223215 87.589363
1190 112.878597 149.336811 198.083699 87.789445
1191 112.050193 149.612264 199.429749 87.650304
1192 109.832035 150.262664 201.487017 87.336460
