2 442.322988 219.619870 23.302074 60.265803
3 442.733943 219.535685 22.749452 60.215593
4 442.871914 219.535619 22.716533 60.637152
5 443.096003 219.456545 22.544440 60.878934
6 443.392484 219.066697 22.672026 60.881729
7 443.212895 218.969050 22.352853 61.038642
8 443.161544 218.886568 22.103522 61.629642
9 443.464674 217.788443 21.946476 61.852151
10 443.559035 218.292283 21.864244 61.902117
11 443.635194 218.362395 21.965375 61.960967
12 443.751784 218.519564 21.800687 61.763107
13 444.010741 218.860984 21.703825 61.769085
14 444.142285 218.992619 21.799585 62.039882
15 444.245288 219.211920 21.862503 62.506300
16 444.320722 219.388090 21.919932 63.047152
17 444.390500 219.521393 21.945153 63.441476
18 444.428526 219.487683 21.977493 63.516384
19 444.643347 219.064998 21.744822 63.658487
20 444.954633 218.782288 21.822856 63.785675
21 445.046478 218.823359 21.965988 64.039651
22 445.070327 218.927901 21.952203 64.575770
23 445.122009 218.997475 21.934261 64.942570
24 445.153631 219.014155 21.993411 64.992912
25 445.163196 218.980990 21.984807 65.007569
26 445.229128 219.029935 21.909316 65.422246
27 445.328101 218.856938 21.932107 65.452123
28 445.418536 218.698577 21.914046 65.508477
29 445.666815 218.725434 21.853333 65.946540
30 446.446144 218.445253 21.655917 65.882873
31 446.628050 218.480172 21.988614 65.995924
32 446.636847 218.468636 21.993553 65.998902
33 446.649172 218.433500 21.988072 66.007021
34 446.905307 218.110081 21.869375 66.698176
35 447.341069 217.961672 21.858377 66.963311
36 447.411503 217.977726 21.996622 66.995007
37 447.412334 217.979155 21.996977 66.994735
38 447.434192 217.899221 21.972271 67.024089
39 447.581530 217.754360 21.922988 67.614574
40 447.635152 217.929865 21.990738 67.986754
41 447.883194 217.789924 21.900194 67.955231
42 448.107113 217.752686 21.960026 67.943671
43 448.126242 217.779767 21.996977 67.994656
44 448.126895 217.781356 21.996977 67.994656
45 448.271890 217.658287 21.963799 68.011320
46 448.410192 217.703097 21.985215 68.505896
47 449.084764 216.543055 22.059900 69.029562
48 449.303937 216.777167 22.496908 69.494538
49 449.304605 216.778791 22.496908 69.494538
50 449.306904 216.776196 22.495702 69.495476
51 449.551761 216.339351 22.483920 69.583964
52 449.616186 216.511186 22.500953 70.002510
53 449.876081 216.734460 22.991058 70.502693
54 449.926177 216.855560 22.986250 71.015343
55 450.296913 216.337343 22.939929 71.406051
56 450.713759 215.956654 22.957217 71.629594
57 450.824454 215.844258 22.950030 72.119861
58 450.862734 215.993451 22.990638 72.497214
59 451.072634 215.706718 23.029563 72.437766
60 451.308903 215.730195 23.495684 72.495651
61 451.379360 215.579018 23.533003 72.511377
62 451.689784 215.532109 23.984781 73.048928
63 451.934634 215.045623 24.023146 73.440233
64 452.173922 215.069377 24.495681 73.495447
65 452.308386 214.799211 24.538510 73.645212
66 452.538155 214.975426 24.996564 73.994185
67 452.538898 214.977155 24.996564 73.994185
68 452.539641 214.978884 24.996564 73.994185
69 452.540445 214.980461 24.996519 73.994217
70 452.725861 214.643553 24.930303 74.190357
71 453.102592 214.249232 24.919524 74.679434
72 454.041715 213.711293 24.887420 75.172302
73 454.167585 213.657493 24.983034 75.533791
74 454.243369 213.763542 24.996960 76.034855
75 454.642692 213.383276 25.043693 76.545196
76 454.869123 213.593795 25.496276 76.998517
77 454.889178 213.467307 25.502361 77.020554
78 455.136983 213.705796 25.996427 77.493910
79 455.150541 213.655352 26.004018 77.503311
80 455.539953 212.376231 26.461026 78.314056
81 455.636081 212.078296 26.508406 78.549567
82 455.880825 212.302254 26.996290 78.993792
83 455.893179 212.267398 26.994965 78.997465
84 456.276589 211.545614 27.011554 79.050278
85 457.041161 209.210586 27.525880 79.757718
86 457.277129 209.330453 27.996152 79.993713
87 457.277961 209.332322 27.996152 79.993713
88 457.278792 209.334192 27.996152 79.993713
89 457.279624 209.336061 27.996152 79.993713
90 457.308425 209.304551 28.004051 80.032516
91 457.599944 209.349844 28.486628 80.625267
92 458.022155 208.199050 28.520845 81.423425
93 458.260601 208.236039 28.996015 81.493596
94 458.517298 208.078465 28.966100 81.842427
95 458.533117 208.155945 28.996015 81.993556
96 458.533978 208.157861 28.996015 81.993556
97 458.603042 208.075625 29.003691 82.084285
98 459.493696 207.171721 29.548502 83.286010
99 459.746106 207.241966 29.976201 83.566779
100 460.446754 206.850808 29.899003 84.597819
101 460.602405 206.903376 29.939737 85.167094
102 461.656961 205.725579 29.821751 86.292247
103 461.781428 205.772391 29.966964 86.577341
104 462.474206 205.370579 29.839334 87.383042
105 462.594328 205.377179 29.966214 87.566298
106 463.156447 205.044844 29.822664 88.386073
107 463.375011 204.889107 29.891433 88.761915
108 464.057676 204.374025 29.754275 89.399092
109 464.923172 203.617654 29.620121 90.293833
110 465.670171 203.329216 29.785658 91.019360
111 466.351160 203.152624 29.686169 91.881493
112 466.709057 202.935165 29.881187 92.277143
113 467.469856 202.520542 29.651343 93.083815
114 467.744616 202.550900 29.930230 93.704807
115 468.015671 202.390757 29.897136 94.233414
116 468.069022 202.268824 29.919821 94.706758
117 468.134980 202.322200 29.977601 95.065440
118 468.443698 202.074087 29.847021 95.707148
119 468.955702 200.927143 29.740481 96.354021
120 469.151733 200.817021 29.948060 96.756735
121 469.333554 200.368065 29.836072 97.414262
122 469.943469 199.130718 29.684489 98.326821
123 470.113206 199.145102 29.950727 98.611555
124 470.198197 199.034336 29.894850 99.223331
125 470.484512 198.120827 29.774014 99.944515
126 470.719769 197.770476 29.909484 100.167141
127 470.825868 197.674239 29.931883 100.657285
128 470.923177 197.603074 29.954268 101.105939
129 471.505075 196.359911 29.924123 101.786246
130 471.544512 196.457567 29.993905 101.993677
131 471.551715 196.443267 29.992025 101.996099
132 471.574763 196.397694 29.986462 102.013439
133 472.248778 195.815052 29.974055 102.673069
134 472.264675 195.965109 29.992850 102.994529
135 472.335489 195.815429 29.991248 103.074442
136 472.604294 195.624167 30.008793 103.563773
137 473.103171 195.337389 30.446467 104.085431
138 473.249365 195.317690 30.473727 104.496014
139 473.328401 195.086247 30.488112 104.585223
140 473.355612 195.247503 30.484658 105.006849
141 473.519053 195.220186 30.499331 105.604491
142 473.920715 194.961354 30.550776 106.152640
143 474.458812 194.834779 31.027685 106.656427
144 474.933785 194.797744 31.550826 107.139299
145 475.182523 194.914107 32.010562 107.560400
146 475.424653 195.117211 32.497085 107.998960
147 475.403241 194.747427 32.552125 108.587607
148 475.585901 194.371178 33.066949 109.795159
149 475.782091 194.338755 33.507626 110.180886
150 476.024018 194.462413 33.995234 110.546036
151 476.025075 194.687628 33.995328 110.991277
152 476.026085 194.690221 33.995328 110.991277
153 476.027095 194.692815 33.995328 110.991277
154 476.031907 194.689512 34.001701 111.002879
155 476.286883 194.931107 34.502856 111.512781
156 476.692320 195.014900 34.973766 112.125637
157 476.743607 195.157439 35.006774 112.541778
158 477.008090 195.350179 35.489906 113.041511
159 477.092107 195.460151 35.490021 113.623190
160 477.220880 195.297378 35.465401 114.331120
161 477.508021 194.473572 35.486444 115.230705
162 477.656062 194.282844 35.521243 115.808776
163 478.101450 193.927372 36.039309 116.426536
164 478.302398 193.544484 36.554739 117.132860
165 478.511295 193.542937 37.008564 117.805556
166 478.724022 192.870980 37.486188 119.005904
167 480.179573 190.551688 37.281484 121.580488
168 480.291246 190.740071 37.491902 122.028296
169 480.293833 190.973972 37.494847 122.490374
170 480.294947 190.976834 37.494847 122.490374
171 480.297572 190.972097 37.493700 122.505193
172 480.266613 190.903313 37.527182 123.442240
173 480.385443 190.205728 38.066815 124.326719
174 480.116041 189.058026 38.680777 125.652441
175 479.942866 188.290833 39.269811 126.951354
176 479.791024 187.435189 39.624679 128.036425
177 479.157655 185.580121 40.236576 130.463291
178 478.617226 184.725284 40.826018 131.468934
179 477.886012 183.977639 41.361345 132.745949
180 477.930560 183.952655 41.506249 133.344399
181 477.931338 183.621423 42.101317 134.120822
182 478.127808 183.807016 42.494591 134.496479
183 478.128854 183.806634 42.494159 134.489431
184 478.130117 183.809777 42.494159 134.489431
185 478.133199 183.808808 42.493641 134.491194
186 478.148824 183.767887 42.525715 134.527495
187 478.384289 184.001990 42.994091 134.989391
188 478.385567 184.005144 42.994091 134.989391
189 478.394127 183.997465 43.008800 135.018494
190 478.639984 184.233430 43.497922 135.497461
191 478.644753 184.224568 43.506696 135.516179
192 478.891048 184.461836 43.998498 135.999170
193 479.138261 184.295418 44.132230 136.408087
194 479.320982 184.338166 44.495792 136.493381
195 479.329526 184.323849 44.511227 136.536163
196 479.576860 184.546322 45.006227 137.015234
197 479.822076 184.786331 45.494099 137.489929
198 479.891849 184.687669 45.525482 137.714096
199 480.186409 184.739621 46.008445 138.211644
200 480.634393 184.357748 46.476876 139.287154
201 481.585191 182.908976 46.511636 141.565395
202 481.830070 183.113928 46.994018 142.010631
203 481.832857 183.353428 46.998989 142.500387
204 482.317846 182.612337 47.079547 144.365043
205 482.622002 182.532935 47.480394 144.777190
206 483.014717 182.057012 47.563963 145.991570
207 483.274369 181.926856 47.965027 146.208527
208 483.668089 181.588577 47.958506 147.194326
209 485.067854 180.463328 47.991614 148.920947
210 485.091074 180.454250 47.986787 149.050636
211 485.095808 180.676551 47.993404 149.488252
212 486.217595 180.098726 47.986443 150.461935
213 486.613967 179.742167 48.122406 151.064933
214 487.218397 179.646298 48.548910 151.864722
215 488.020472 179.350366 49.056293 152.378037
216 488.240394 179.408919 49.493197 152.488016
217 488.491634 179.218980 49.460089 152.723578
218 489.505011 178.879059 49.601452 153.790107
219 489.888108 178.774032 50.091321 154.245545
220 490.588130 178.608585 50.514963 155.087831
221 490.832706 178.807455 50.997481 155.503596
222 492.067448 177.815268 50.951708 157.607651
223 493.374107 177.228363 50.946151 159.031386
224 494.207424 176.843921 51.059411 160.406574
225 494.471777 176.836563 51.465416 160.597556
226 495.718425 176.039934 51.482817 162.276176
227 496.335279 175.814495 51.665900 163.127459
228 496.524335 175.983068 51.989345 163.525868
229 497.360216 175.722516 52.109981 164.676527
230 497.916488 175.603104 52.582409 165.344138
231 498.754118 175.320220 53.011810 166.090099
232 499.062656 175.485149 53.502549 166.649919
233 499.805277 175.393750 54.005577 167.692709
234 500.676576 175.329660 54.662838 168.902552
235 501.617839 175.081845 54.899318 170.061117
236 502.058345 175.062222 55.009767 171.070837
237 503.403803 174.850996 55.383326 172.982930
238 504.460560 174.404121 55.474901 174.123915
239 505.302704 174.239070 55.415417 175.413766
240 505.849379 173.960318 55.567079 176.393688
241 506.113672 173.982814 55.979100 176.749683
242 506.743493 173.930445 55.990213 178.240345
243 507.754877 173.934582 56.217559 179.982532
244 508.737213 173.802417 56.567997 181.437647
245 508.985259 173.808556 57.000913 181.560141
246 510.017316 173.739077 57.519758 182.782118
247 510.279615 173.829946 57.996324 183.034494
248 510.423677 174.058884 58.046007 183.780279
249 511.070493 174.035707 58.579071 184.462283
250 513.294948 174.076305 58.883095 185.490659
251 513.503425 174.000394 58.939991 185.702187
252 513.817163 174.032964 58.846271 186.316461
253 516.640271 174.062011 58.415121 188.206774
254 517.280341 173.942865 58.261378 189.197292
255 519.044178 173.734367 58.160540 190.601966
256 520.158440 173.721760 58.288531 191.718115
257 520.536150 173.815177 58.390395 192.138290
258 523.705859 173.238902 57.781278 193.190490
259 525.740255 173.067444 57.494847 194.031676
260 526.308292 173.101583 57.376481 194.649718
261 527.301552 173.046934 57.309364 195.494736
262 528.841274 172.504909 57.249025 195.957290
263 530.189832 172.208183 57.313148 196.594836
264 530.692698 172.560509 57.560846 197.142080
265 527.339914 178.279918 58.476658 197.372053
266 516.673930 217.148990 61.202465 197.546033
267 488.848625 306.397233 71.019627 173.602767
268 480.064518 328.640217 73.295188 151.359783
269 478.124424 339.857078 75.057421 140.142922
270 475.994615 345.128015 77.366047 133.495668
271 472.695102 348.424031 79.824015 128.787715
272 464.845656 349.738564 85.104149 126.245973
273 453.368014 350.373320 94.705754 124.704958
274 441.026220 349.366514 103.842079 124.122751
275 427.511352 347.955284 114.789444 123.812296
276 416.918298 346.277815 123.816691 123.869487
277 410.657480 345.944166 130.792514 125.458772
278 407.367882 345.439435 135.664930 126.391165
279 402.208455 343.392808 143.287152 128.540122
280 396.912657 341.833856 151.134393 131.072118
281 394.290226 341.323671 154.892408 132.199947
282 393.947866 341.301195 155.739497 132.653220
283 393.763849 341.341138 156.479957 133.114472
284 393.543458 341.391640 156.996913 133.590916
285 393.365637 341.355172 157.870894 134.101908
286 393.402804 341.247295 159.184884 134.580771
287 393.467863 341.326342 159.982877 135.064212
288 393.391464 341.482991 160.222321 135.529766
289 393.485080 341.684139 160.577336 136.010324
290 393.623749 341.827172 161.227280 136.538474
