2 207.643682 0.426219 266.250950 394.552961
3 211.280339 5.186485 264.737390 383.099345
4 215.478904 8.355001 262.605013 372.634186
5 217.187026 11.150799 259.766288 363.695578
6 219.262023 15.196295 257.514434 353.107695
7 220.787614 20.865401 255.976489 343.273802
8 222.708732 27.173926 253.739050 332.270412
9 226.958796 30.375102 249.878328 318.158017
10 230.539155 34.218328 245.974433 304.268851
11 236.819017 33.644421 235.811728 289.589467
12 255.069735 84.131821 223.703086 305.995418
13 248.454438 91.724026 226.242764 304.123920
14 247.268155 94.421649 226.813880 302.946248
15 246.642607 96.738719 227.119878 301.738516
16 246.444872 98.751791 227.559751 300.840171
17 244.768777 102.121094 228.819142 299.230286
18 244.554790 104.501996 229.079058 298.339504
19 243.792993 107.623307 229.874254 296.606620
20 241.494945 112.987139 230.865229 294.481362
21 239.752334 116.962217 232.069044 292.517711
22 228.314087 115.171902 277.130057 296.395983
23 220.376877 125.887792 279.683636 292.741820
24 217.277268 129.530307 280.729322 291.180709
25 216.024766 132.129382 281.250255 290.115399
26 214.510694 134.294446 281.960810 289.314896
27 213.575054 135.866420 282.101577 288.460747
28 212.391315 137.223313 282.705185 287.697376
29 210.847714 138.818997 283.424766 286.989532
30 209.052286 140.637660 284.210050 285.652854
31 207.667638 142.573367 285.249984 284.582896
32 166.901472 140.288276 315.495884 273.875844
33 173.464055 138.733975 314.433832 270.007429
34 177.441541 138.503599 312.337875 268.328302
35 181.443799 138.528096 310.180023 263.331244
36 184.179493 137.772162 308.692242 259.169929
37 186.152936 137.930132 307.142333 254.196969
38 189.711531 137.362788 305.225339 249.375006
39 190.880348 136.274290 304.170290 245.143691
40 192.832723 133.891211 303.242391 242.042974
41 194.094222 128.467687 300.987167 239.491934
42 213.801548 159.537152 304.239340 273.565760
43 210.649600 160.528458 304.756665 273.198167
44 209.379713 160.988602 305.022135 273.007253
45 208.831716 161.351618 305.272632 273.182074
46 208.173547 161.618943 305.274075 273.194920
47 207.654679 161.820506 305.206482 273.282820
48 207.167947 161.970972 305.244474 273.292132
49 206.493412 162.169979 305.117679 273.242587
50 206.078176 162.359237 305.245756 273.280055
51 205.582135 162.537299 305.243876 273.268892
52 204.250793 163.497342 305.587302 272.652746
53 204.024396 163.786696 305.917472 272.731159
54 203.563664 164.059546 305.947151 272.707077
55 203.212847 164.309355 305.984738 272.787461
56 202.852546 164.547832 305.968892 272.769561
57 202.524900 164.767075 305.990384 272.804852
58 202.150088 164.982472 305.991552 272.784467
59 201.809741 165.193143 305.982213 272.803004
60 201.544320 165.394155 305.983512 272.814564
61 201.267787 165.589205 305.988254 272.811726
62 207.721708 209.018919 267.477480 229.230858
63 207.674191 210.051353 266.148923 228.836545
64 207.669420 210.997692 264.904102 228.379812
65 207.394401 211.670704 263.685470 227.949798
66 207.330775 212.129973 262.988325 227.482139
67 206.927305 212.859821 261.745768 226.777824
68 206.704551 213.481271 260.787404 226.376288
69 206.708050 213.918709 260.221587 226.143858
70 206.722618 214.434788 259.624426 226.145511
71 206.761508 215.001116 259.183731 226.119838
72 206.785385 215.437543 258.807382 226.230283
73 190.565778 168.681837 329.391493 285.182334
74 190.527914 168.796984 329.567388 285.355681
75 190.649948 168.818800 330.059496 285.361413
76 190.741649 168.801837 330.581082 285.353190
77 190.844792 168.814444 331.048960 285.369880
78 190.974600 168.834960 331.556985 285.364925
79 191.072277 168.842787 332.081498 285.347118
80 191.159335 168.861520 332.577641 285.349827
81 191.279260 168.891844 333.040379 285.375353
82 159.512629 138.785894 351.787166 303.610102
83 170.954253 129.192825 351.545555 299.236968
84 173.224622 126.608999 351.338567 295.946091
85 175.006898 123.276068 349.903699 291.623794
86 176.761496 117.986275 347.579384 285.985236
87 178.345151 111.056730 343.742362 280.745455
88 179.747974 104.819606 338.540786 274.516619
89 182.035358 93.504843 332.634342 269.130061
90 192.200698 73.544098 319.299877 270.213539
91 207.423821 46.088196 300.141928 269.701090
92 230.144742 60.187735 284.971108 293.442245
93 220.841804 78.012675 282.466945 299.791641
94 215.572718 95.664725 284.427354 307.076411
95 211.245301 110.875859 290.170473 305.349885
96 208.097413 122.248732 294.342661 301.614153
97 206.371660 128.516183 297.567830 299.383000
98 205.461992 131.732158 299.498020 298.161331
99 204.135938 133.849601 300.907876 297.695418
100 202.926503 135.821336 302.964841 297.117887
101 200.691585 138.469264 306.368301 296.345906
102 138.378200 112.584436 298.907009 274.030209
103 152.750476 119.594919 300.397656 265.603729
104 162.274192 124.326586 301.683701 258.513156
105 169.760848 127.566521 301.259513 253.404141
106 173.340355 129.171640 300.703031 250.127510
107 178.910509 130.611381 299.874324 247.068184
108 181.525580 131.296974 298.953009 246.510497
109 184.128672 131.540725 297.747171 246.207243
110 184.874745 131.632635 297.603378 246.338899
111 186.215321 131.666146 297.196581 246.144840
112 204.189961 137.815223 318.194640 289.471039
113 197.650434 141.854304 319.337000 286.124429
114 194.539207 145.943262 320.377533 283.463648
115 193.363984 148.663766 321.110419 281.671659
116 192.498852 151.245888 322.191321 280.337383
117 191.215303 154.080311 323.764579 278.586398
118 190.901616 156.295872 324.604432 277.652303
119 191.124351 157.734218 325.307558 277.220092
120 191.154639 159.212400 325.930430 276.609339
121 190.985786 160.468985 326.752124 276.340043
122 203.490369 164.275220 309.553171 276.246263
123 203.583983 164.653597 309.635817 276.247173
124 203.519851 165.083598 309.599897 276.179615
125 203.555424 165.528735 309.648884 276.210125
126 203.436126 165.925194 309.621479 276.151598
127 203.319223 166.359763 309.595861 276.138612
128 203.421278 166.722523 309.629889 276.259923
129 203.496636 167.025458 309.628130 276.256587
130 203.573909 167.320356 309.655447 276.266185
131 203.742327 167.534262 309.775773 276.370356
132 194.773814 153.564147 343.058815 292.994489
133 193.498054 153.697423 344.317428 292.722278
134 192.282486 153.999203 345.246395 292.723102
135 191.582323 154.236164 345.935658 292.812547
136 191.030544 154.403492 346.277044 292.831701
137 190.545316 154.581207 346.922362 292.834649
138 189.700151 154.765160 347.425718 292.789131
139 189.207811 154.899139 347.894666 292.895536
140 188.630074 154.997099 348.386971 292.875753
141 188.261423 155.097322 348.714785 292.878631
142 183.393107 155.890006 351.927993 285.055972
143 182.513675 155.505747 352.975189 285.946175
144 181.615164 154.944459 354.073079 286.471000
145 181.016765 154.375864 355.570624 286.926645
146 180.076871 153.986671 357.323929 287.383091
147 179.750922 153.502123 358.295938 287.845373
148 179.319464 153.156037 359.163681 288.272859
149 179.178839 153.132824 359.667600 288.570476
150 178.843754 153.184259 360.323685 289.108536
151 178.554127 153.154744 360.782105 289.629693
152 178.481607 141.831784 378.710578 316.821991
153 178.616035 141.919806 378.948693 316.924588
154 178.631405 141.956529 378.948693 316.924588
155 178.646775 141.993253 378.948693 316.924588
156 178.655640 142.027014 378.957585 316.918965
157 178.666564 142.066549 378.948693 316.924588
158 178.681935 142.103273 378.948693 316.924588
159 178.693528 142.138273 378.953844 316.921323
160 178.705600 142.176297 378.949669 316.923953
161 178.720483 142.213338 378.948693 316.924588
162 151.582914 129.222004 403.629365 300.850497
163 151.752704 129.257658 403.846888 300.839363
164 151.799247 129.289780 403.859410 300.828226
165 151.829183 129.336513 403.848525 300.834426
166 151.874965 129.379844 403.856771 300.840182
167 151.923116 129.411499 403.865189 300.830407
168 151.956443 129.461447 403.842631 300.839277
169 152.022086 129.542482 403.826217 300.808261
170 152.067308 129.646275 403.800172 300.795559
171 152.121605 129.754150 403.803004 300.802505
172 139.169595 159.542666 437.490579 286.868952
173 138.622995 159.591261 436.149022 286.566712
174 138.600668 159.801254 435.821923 286.762945
175 138.487045 159.956718 435.184779 286.723682
176 138.480103 160.205865 434.537816 286.671938
177 138.509040 160.397978 434.143463 286.729744
178 138.354838 160.503121 433.473374 286.729977
179 138.189347 160.657128 432.721410 286.764860
180 138.216508 160.783265 432.458944 286.816536
181 138.142602 160.881867 432.089248 286.856469
182 157.674976 171.948754 387.605134 287.042315
183 157.885119 172.384466 387.285721 287.347336
184 158.033833 172.649394 386.776350 287.374685
185 158.172213 172.919538 386.283465 287.350146
186 158.302080 173.142194 385.994361 287.374096
187 158.321336 173.346624 385.475560 287.387942
188 158.355136 173.620805 384.714902 287.348035
189 158.552980 173.960728 384.020625 287.333860
190 158.782272 174.182630 383.929305 287.363581
191 158.817766 174.419146 383.378723 287.344772
192 179.395575 167.063250 353.001177 266.845767
193 177.991242 166.502873 352.785584 266.868407
194 175.999456 165.943537 352.218373 266.738176
195 175.093906 165.522740 351.684417 266.792705
196 174.207104 165.016572 351.148766 266.748399
197 174.236583 164.537738 350.895085 266.665402
198 174.203498 164.201861 350.342655 266.734827
199 174.180337 163.848280 349.818388 266.803476
200 174.165450 163.576080 349.531715 266.746311
201 174.329431 163.313326 349.546084 266.745025
202 153.554156 162.666913 368.895442 265.938392
203 154.704609 161.592610 368.741156 265.728273
204 155.780693 160.988230 368.740434 265.786213
205 156.602605 160.491358 368.835449 265.781876
206 157.546645 159.754318 369.019619 265.702728
207 158.034613 159.688520 369.271497 265.756546
208 158.402615 159.595979 369.278105 265.750420
209 158.736163 159.540645 369.294667 265.747629
210 159.129140 159.551166 369.361461 265.816858
211 159.489760 159.522304 369.363734 265.816984
212 15.348276 112.923807 425.674069 272.896219
213 19.484516 118.316907 423.435735 268.307539
214 21.324743 123.189325 421.604586 263.500731
215 22.731955 132.961871 420.223322 256.166491
216 21.937722 137.976051 419.885196 250.674790
217 20.457759 143.013065 419.123371 244.563160
218 22.014860 146.724112 417.382769 240.269868
219 23.025235 150.287883 414.217736 235.808331
220 25.119871 152.912100 411.835079 231.600140
221 28.343206 156.030405 409.030004 226.989971
222 64.116752 165.121797 412.161069 224.848949
223 78.019702 166.331789 409.315365 225.599120
224 96.127874 169.340968 403.226083 227.854758
225 103.439839 172.073407 400.934873 227.866982
226 117.818825 174.233069 395.741716 228.052392
227 121.517355 175.854283 394.662063 228.455251
228 123.534175 177.126158 393.656513 228.536806
229 125.112248 178.156271 393.400062 228.920167
230 126.785151 179.294685 392.829766 228.914838
