45 1177.422178 289.347071 336.365799 260.890281
46 1121.145435 269.213121 353.247612 276.098322
47 1064.336498 265.816069 348.489328 280.109810
48 1023.978829 268.272977 345.640438 281.034744
49 1016.367228 278.223269 347.685559 278.143480
50 1014.761758 256.198335 343.886215 275.422380
51 1017.701660 258.369231 342.295035 276.802520
52 1005.233589 268.982589 365.854880 263.195939
53 1006.990744 270.381448 368.010149 262.585607
54 1025.722099 258.987474 372.378476 262.504776
55 1051.238291 256.609703 382.375082 261.744852
56 1119.927257 258.893405 384.466604 258.112999
57 1160.765746 251.291162 377.718458 254.904547
58 1168.011645 249.790821 375.918105 253.499208
59 1197.871481 241.214690 370.387840 251.166784
60 1269.897049 257.065737 359.728224 254.827390
61 1275.928973 257.798433 356.683039 255.592185
62 1278.455297 280.136008 357.856840 250.514233
63 1279.406994 286.334521 357.060135 245.973757
64 1207.641959 260.464828 381.335066 252.988404
65 1190.510472 250.595884 384.560511 265.752966
66 1216.069165 235.266581 374.640450 267.809392
67 1238.755588 224.240384 365.523630 277.824817
68 1266.263386 208.292237 352.637588 295.331653
69 1288.884726 206.455701 341.671104 296.827526
70 1293.381872 205.177721 338.434652 296.892609
71 1298.091592 207.743568 336.316631 296.143337
72 1298.817606 210.989258 336.004433 293.746850
73 1299.105520 210.897234 336.410000 293.915872
74 1298.824345 210.643763 336.878002 295.717511
75 1298.729262 210.050594 336.476507 296.660115
76 1294.097116 220.708621 336.470011 288.551791
77 1297.036255 222.840731 333.909475 288.701733
78 1304.494522 235.370929 327.988388 286.711843
79 1313.990134 229.635452 325.611060 285.890374
80 1316.905799 247.056570 325.986445 281.770057
81 1322.111566 244.373154 322.182610 280.807241
82 1323.150205 241.926848 320.528402 282.378756
83 1329.679214 240.123886 315.155024 283.770336
84 1331.068162 249.593490 311.379646 282.026607
85 1336.916680 249.408246 307.544133 280.098331
86 1342.050109 249.642919 304.044873 281.183316
87 1342.040508 245.443361 303.427576 281.214950
88 1345.751828 248.287956 301.014230 280.132602
89 1343.116251 251.978935 301.660875 273.625841
90 1337.308966 253.984278 303.415783 266.978073
91 1321.532475 255.705764 314.159502 261.934637
92 1316.370003 257.835555 319.590647 258.877629
93 1316.828968 256.000163 321.990921 260.827368
94 1304.218824 256.622318 333.462814 260.119796
95 1302.096794 258.399716 334.356685 260.195360
96 1299.901593 257.983437 335.347163 259.486086
97 1300.371320 257.515841 335.205591 259.694704
98 1300.341380 262.221160 335.166972 259.161105
99 1299.802243 265.446855 337.356859 255.998538
100 1306.499487 269.182974 333.979778 254.198474
101 1305.543489 271.217944 334.232668 253.058423
102 1304.435113 272.524316 334.930847 251.721615
103 1281.164628 274.070592 340.842331 251.761092
104 1276.543597 273.396082 341.009301 253.159452
105 1270.851625 281.951206 341.310601 256.006519
106 1264.509036 290.185049 344.266780 254.385331
107 1260.318870 303.966925 345.516932 254.213032
108 1264.560795 312.308186 338.051602 252.879789
109 1263.157536 316.111720 338.254174 253.304012
110 1264.392172 317.741966 335.001000 254.106035
111 1264.796548 319.089977 333.080592 255.181142
112 1279.985837 321.385558 317.448681 255.949974
113 1281.161998 322.322693 314.016065 256.192859
114 1281.551022 322.497386 314.404682 256.312733
115 1297.841736 322.106738 298.406070 256.635604
116 1311.725856 319.806462 284.980168 254.327210
117 1336.070099 299.973529 266.076502 255.160305
118 1345.335037 297.026234 249.447892 261.285918
119 1348.804108 301.165545 248.762452 255.839640
120 1357.812951 303.784860 241.057226 254.686426
121 1361.436627 291.119567 233.203527 260.539920
122 1367.872394 292.756279 228.904548 261.279911
123 1367.913907 292.865513 228.968999 261.437791
124 1368.066667 292.232665 229.026578 261.579367
125 1368.285321 292.235970 229.391332 261.938459
126 1368.583584 292.266891 229.377149 261.887187
127 1365.899427 290.044237 229.907434 260.275485
128 1366.114957 288.545822 227.459194 260.116085
129 1366.125151 288.772622 227.471198 260.387473
130 1366.170263 288.779547 227.483110 260.395509
131 1366.327402 288.768790 227.404353 260.303391
132 1371.525694 292.016407 229.672354 259.211221
133 1371.358953 291.074700 229.070821 260.523806
134 1371.389080 291.046962 227.346249 261.306407
135 1374.598166 293.680225 225.357500 259.794612
