42 974.343426 124.553913 37.281496 42.792913
43 963.943468 133.139444 40.375897 40.916039
44 964.310741 165.581409 42.971063 41.813982
45 968.592430 169.615748 44.442323 40.592183
46 954.228326 182.584751 46.783691 40.118515
47 945.306239 171.665093 49.041872 42.207310
48 957.026982 180.067460 51.998353 42.286145
49 967.612676 154.512938 54.744910 43.856904
50 920.541627 155.952331 57.201996 41.536351
51 934.741980 152.232913 60.478273 40.355734
52 934.005799 140.090447 61.000579 41.849227
53 975.092620 131.060811 64.760595 44.945877
54 986.523406 123.537426 65.079315 46.709483
55 986.120058 111.076630 66.843371 51.110392
56 1014.772437 107.065783 69.527171 51.198331
57 1049.129926 135.575153 75.760799 54.431756
58 1074.527092 152.580369 78.847210 55.397872
59 1061.216192 171.362683 83.355790 54.664348
60 1040.205308 175.183988 83.051942 58.679427
61 1037.453827 185.725800 86.236909 61.619770
62 995.840120 207.087892 88.913984 64.547486
63 979.441364 235.140402 86.863764 67.440166
64 974.458857 255.620107 84.346377 71.477055
65 960.883141 254.012493 81.387074 79.792639
66 921.574607 260.708890 87.559321 80.600948
67 861.731914 271.934934 87.793855 82.339157
68 887.105501 276.545430 89.864856 86.576306
69 872.181687 287.255632 87.566966 89.170748
70 872.129670 304.564065 85.179190 95.099580
71 796.484408 315.636898 88.045159 91.838722
72 809.222804 329.366935 91.996902 91.751763
73 809.996312 330.085523 92.095516 91.666394
74 815.896097 295.660545 99.032938 89.068065
75 815.508028 262.524500 103.056784 88.147991
76 832.396133 293.412767 105.900503 90.410854
77 762.764369 312.706645 107.701579 86.974251
78 731.740010 238.623066 111.289672 89.293161
79 701.760456 234.088613 112.212440 85.286721
80 686.106122 302.373858 116.682143 86.741222
81 652.257510 232.265675 120.285534 89.519996
82 643.020314 155.565232 125.656377 92.503814
83 626.627887 162.193674 127.368912 88.169637
84 647.783029 111.435928 131.183224 93.625011
85 658.457356 127.391603 131.290042 94.976539
86 660.263698 108.255349 131.819214 94.950832
87 657.016715 143.025307 133.773997 97.446609
88 653.484670 183.427986 135.787968 99.797188
89 632.943653 225.201717 141.363336 101.072636
90 646.342485 207.617772 140.833298 102.432000
91 652.635014 205.578636 140.767121 100.972807
92 654.476517 232.130990 141.412212 103.612016
93 665.011643 262.561705 141.216514 107.647324
94 698.927096 268.692985 139.802589 108.019708
95 704.344014 270.048333 140.105610 108.642033
96 721.016685 306.875211 138.853549 114.063075
97 710.839930 350.087082 138.649761 118.825155
98 721.903270 366.328574 140.831830 120.672734
99 679.316683 330.266175 143.829824 125.687825
100 652.774915 302.381171 145.014924 133.926328
101 671.941281 313.844165 146.182961 141.420889
102 671.584783 310.469641 146.905217 141.428317
103 613.961441 300.811633 147.926425 138.543168
104 611.203941 304.535623 147.866245 135.693299
105 588.203758 322.670709 148.891196 139.297836
106 577.868447 327.192045 149.295421 135.954562
107 574.782618 337.168094 148.728972 133.696073
108 566.472874 351.165101 147.938283 132.236804
109 556.793604 361.239355 153.547572 131.084659
110 522.144794 364.481213 157.488134 123.758717
111 521.811184 359.903122 164.621811 116.883578
112 465.920348 366.942764 169.534897 108.617962
113 445.757174 351.532933 180.911239 102.572242
114 438.219257 319.855137 192.369075 100.133733
115 403.313667 293.757396 206.124028 96.279701
116 331.265892 288.209696 214.100471 90.613034
117 302.468586 234.889811 220.102903 92.003926
118 304.766265 218.509331 223.433941 90.133535
119 306.564965 215.752476 222.404503 88.580706
120 319.441482 213.479250 222.329938 86.927388
121 341.427626 211.958003 222.720426 85.647300
122 340.916358 212.264037 221.939471 85.661963
123 317.557262 257.484981 225.034717 87.018819
124 334.668812 273.014373 225.430731 90.353954
125 366.468405 278.578781 226.815225 91.133713
126 373.407448 290.743079 223.828898 91.899307
127 419.637777 280.596941 237.032565 88.167611
128 453.906515 258.213440 249.320289 85.759824
129 500.611323 240.256078 257.409778 83.981539
130 522.356376 264.583328 257.806669 86.223896
131 537.489562 277.620565 258.233463 85.923000
132 535.600415 204.037562 270.892211 88.350476
133 547.734762 153.331662 282.095592 88.943519
134 529.285693 196.411782 286.901400 90.662401
135 509.921815 254.669001 295.673149 93.080221
136 532.763633 222.344459 311.943858 91.820646
137 490.426692 144.198527 324.937644 94.490528
138 504.847679 141.186936 322.474203 94.303498
139 441.953153 206.120502 324.734731 97.810856
140 309.660343 189.419094 326.584318 101.523527
141 290.535574 185.250204 329.496933 103.419594
142 295.208991 190.917457 329.975266 106.686454
143 387.972757 194.405878 341.265937 110.436793
144 403.941209 213.796738 335.977578 113.260956
145 425.726766 216.834449 331.657455 118.602654
146 478.093996 226.202800 326.171440 126.066533
147 484.137419 254.674340 325.348583 128.744214
148 463.542675 253.286873 323.848793 135.805945
149 461.328505 246.431931 324.659849 141.808718
150 457.064008 202.019524 332.538043 148.708235
151 431.638441 144.737632 338.621338 158.485251
152 411.216014 177.513085 339.218984 162.660486
153 391.681729 194.338975 342.347821 163.298680
154 362.912393 157.345176 345.927822 171.818487
155 338.706826 108.410673 351.896505 182.195674
156 328.610043 94.061168 359.129909 183.376354
157 318.589989 97.653049 359.596083 182.673067
158 309.162860 126.162898 360.974779 182.246203
159 290.939182 151.704199 362.656830 180.909859
160 284.240664 177.638679 364.990712 181.262185
161 292.578017 181.019114 368.743198 180.087042
162 296.694109 176.847670 370.940655 180.043558
163 305.840734 203.687392 373.159251 182.244104
164 318.086626 214.036766 376.890358 181.493503
165 325.232542 214.173511 376.521944 181.400862
166 348.125650 253.222847 376.094960 182.757149
167 391.273976 272.569119 379.208036 180.476057
168 404.971270 255.000201 380.211823 192.131723
169 413.297439 246.711392 383.809820 205.550646
170 435.760144 256.401500 381.167285 218.361403
171 435.672896 218.661495 387.890781 224.748460
172 425.767526 142.319374 400.150014 224.085131
173 434.508033 140.197102 401.423948 228.915874
174 435.884296 163.403976 400.125733 239.489744
175 423.402567 184.005490 399.860812 247.042881
176 423.055444 184.154105 400.617523 248.227010
177 433.308548 183.362733 402.460819 248.895095
178 438.516826 184.347104 403.275404 249.986061
179 488.532992 170.309753 408.843034 248.222411
180 510.156255 159.261349 411.828487 249.525175
181 525.609775 164.170967 415.641054 252.416933
182 553.232070 185.583661 417.746082 255.723374
183 558.390133 202.900112 421.285437 261.636047
184 556.487305 203.208943 422.059025 262.383589
185 565.504382 162.426611 431.383904 259.340991
186 553.977443 95.572491 442.062383 257.265517
187 540.854841 62.515368 450.074599 255.527217
188 534.659585 42.661293 456.854339 251.012854
189 561.940293 1.851241 465.774134 242.144398
190 571.349063 0.000000 469.687222 218.819637
191 544.647963 0.000000 484.823537 182.092703
192 528.783256 0.000000 481.068131 177.108536
193 465.970588 32.261893 476.267689 183.852448
194 466.316865 31.178598 474.170159 183.365601
195 466.508325 31.875199 471.839350 183.074927
196 489.562086 40.845249 468.111132 194.097403
197 479.032400 45.661224 464.223153 205.055409
198 451.521035 61.731928 457.348791 210.984336
199 427.952868 91.403999 450.614175 219.148769
200 430.066897 100.573218 449.198754 230.259880
201 431.410548 127.980478 446.256740 242.920599
202 430.643331 127.359120 447.912643 244.526479
203 446.690345 112.728134 451.192960 247.983269
204 475.217496 69.211823 456.668084 246.845624
205 464.115701 51.635633 462.020273 243.209655
206 464.880333 46.903216 461.750328 242.407197
207 442.258859 40.598231 461.416495 242.753687
208 438.092705 38.841154 459.457048 241.746978
209 429.162184 36.977858 456.221726 239.929556
210 423.667753 36.549514 455.838025 240.003971
211 383.762157 66.640005 451.593798 247.594637
212 359.880814 95.383183 449.731974 252.889893
213 362.808230 97.037932 451.698289 256.016900
214 359.518983 120.729099 451.628533 261.327330
215 359.036615 162.047740 451.055632 268.017599
216 361.600745 161.681717 451.187654 267.724133
217 374.983381 108.334254 460.934008 263.259466
218 374.230623 107.483512 461.007320 263.395047
219 377.819152 105.013344 461.619097 262.911182
220 385.226326 76.824473 471.644107 258.116643
221 387.811771 77.210708 473.289410 259.524335
222 383.744517 62.815234 479.353228 255.208561
223 352.413616 4.664173 506.262095 235.614038
224 315.780046 0.000000 534.991108 180.339662
225 232.536388 1.267906 546.624424 165.948434
226 227.214092 51.092169 568.532345 165.291943
227 178.470799 87.903686 574.800395 164.800681
228 122.861280 100.567669 595.593488 157.462769
229 115.696270 100.284292 596.871512 155.570956
230 103.988311 130.270034 607.420012 156.303133
231 40.068753 170.351073 627.938127 160.136910
232 36.299382 173.969457 629.626154 159.273232
233 21.773522 208.848195 635.486130 160.036093
234 88.162333 184.863219 633.531881 173.351904
235 119.497114 179.905371 629.393116 172.681043
236 119.091568 132.282483 624.390974 185.877819
237 154.050957 97.424600 619.320242 192.322442
238 184.037033 111.258599 606.876114 194.924250
239 181.106715 110.536745 601.525963 194.660816
240 194.503154 87.743436 599.799802 200.785734
241 239.211922 53.091102 603.594532 199.755951
242 228.575240 80.789449 594.566878 199.770555
243 233.143612 76.952050 590.650233 199.514294
244 273.079711 66.982644 588.428167 200.139551
245 282.106201 72.802954 586.756404 199.679807
246 284.376453 73.527578 584.438856 198.796854
247 287.750196 68.597805 581.770887 197.477063
248 290.336672 66.283161 580.352535 195.894763
249 314.483879 78.063647 580.115519 191.992740
250 314.811864 78.468708 576.037754 191.729343
251 310.189963 63.045391 573.615675 194.038522
252 323.073777 44.270915 572.191935 192.497713
253 332.199984 44.809340 569.085123 192.126382
254 309.395099 64.025336 565.166900 191.488003
255 323.078492 58.030194 561.841343 195.896602
256 317.230477 80.534622 554.492096 197.418472
257 285.322901 72.630717 547.589982 202.128040
258 233.355584 78.557470 547.162277 192.152894
259 211.610082 43.728036 546.117252 198.584753
260 145.874958 110.932709 550.857064 199.968985
261 151.738653 111.968076 548.636494 199.158154
262 135.816134 140.462293 542.543710 199.735311
263 79.713886 204.243662 553.399030 198.695068
264 89.622792 208.899569 550.856721 199.145780
265 89.100882 208.077101 548.435290 198.204381
266 87.624409 208.743292 546.556641 198.281779
267 87.064225 198.873858 544.765314 200.959395
268 90.723656 196.342987 544.728403 200.667545
269 114.553255 230.266371 541.692555 199.449815
270 118.166300 229.658504 540.263684 199.619511
271 131.602268 223.458969 539.479542 201.815672
272 154.592914 214.921542 538.098482 209.479363
273 166.132860 176.994325 535.926608 223.663736
274 158.620810 143.568855 531.598627 227.712395
275 177.885960 97.710246 530.362766 242.648520
276 208.851698 96.401175 527.922544 249.583525
277 213.266239 96.217071 527.438150 251.665688
278 211.966109 64.293710 532.153586 253.225746
279 274.687103 70.502272 536.708603 259.055889
280 320.826885 94.595718 533.923369 267.916434
281 314.107165 44.471550 542.807102 258.832240
282 178.322845 58.728397 562.974077 240.645493
283 156.373445 66.101720 561.055093 239.599095
284 156.465186 64.841620 559.009605 238.394772
285 160.327901 68.957004 560.769976 237.670178
286 326.660034 78.389545 567.204499 244.085197
287 389.736645 105.554236 563.135167 238.736467
288 404.053503 103.245268 561.295899 245.751130
289 400.350455 118.605008 553.777699 252.758950
290 410.463976 143.357659 546.129147 260.594095
291 414.397933 138.349441 545.008088 261.714556
292 417.245998 136.616432 544.617925 262.355092
293 416.504158 136.247449 544.533340 263.076494
294 415.518512 135.021792 544.150776 263.373260
295 424.651979 122.889728 544.480995 267.794073
296 426.922019 121.924501 544.158498 269.130221
297 428.690918 121.256999 544.462119 270.575172
298 427.491534 120.914660 544.113192 271.776810
299 428.679481 120.488390 544.541620 272.841129
300 430.543189 121.131256 544.939865 273.843440
301 433.056582 120.104025 544.708367 274.621779
302 435.694716 120.226181 545.560709 276.441514
303 441.997433 122.219262 546.521097 278.804211
304 442.572990 121.982420 546.564831 279.568722
305 443.806846 123.042057 547.218445 281.386013
306 448.530887 152.015301 542.203602 284.302272
307 446.687658 151.598235 541.198586 284.111971
308 449.001058 148.273863 540.760184 283.733751
309 442.514253 148.098767 538.368640 282.944117
310 428.538299 150.764450 535.558468 282.861654
311 423.390764 150.958569 534.331594 282.515858
312 417.551316 153.375142 532.535696 283.827266
313 396.195331 187.258540 530.555469 286.177595
314 392.518106 187.020898 529.652923 285.693446
315 361.897439 211.155167 526.827585 287.314495
316 357.905812 211.210082 526.264616 286.662074
317 360.303282 213.200986 526.883863 288.060386
318 409.619162 291.061398 518.076202 290.879340
319 453.795537 367.993859 510.135028 299.079611
320 450.972401 367.719162 511.137093 296.410118
321 451.969756 342.356078 520.435406 288.328871
322 436.705947 300.062647 527.707670 283.102456
323 443.884300 274.266381 530.733165 283.848516
324 442.299930 272.805790 529.232787 282.894471
325 413.466709 247.534184 530.685014 278.958251
326 427.607960 218.314865 537.019640 279.160630
327 432.476866 194.105120 543.491627 280.251996
328 406.781690 197.991214 538.568244 280.575116
329 382.182953 275.829901 549.300348 273.422447
330 462.850881 342.890753 560.985054 265.885801
331 418.377543 395.758788 556.595653 264.197851
332 376.395110 310.847505 571.942720 261.675970
333 387.278252 280.608335 577.421251 270.844583
334 437.287501 321.661091 579.388181 280.222662
335 453.956087 368.674186 581.157521 285.001318
336 452.976112 368.552091 581.379937 284.984531
337 456.613953 358.538528 587.750963 287.056907
338 462.196186 351.949094 596.096989 289.231113
339 466.478257 347.574995 600.384649 290.831369
340 464.486764 346.672092 601.387313 291.222543
341 465.539226 347.459899 604.111187 292.093952
342 466.614576 337.954775 611.797519 292.435702
343 446.822501 291.104971 623.135667 290.984843
344 441.003507 272.287297 633.918385 290.805029
345 443.179473 272.911333 635.292426 292.168675
346 450.820313 305.602480 636.404029 301.022082
347 452.583476 311.826621 638.785103 303.245827
348 451.249029 312.369618 640.027201 303.216508
349 444.230863 290.926249 654.412105 299.859769
350 430.191098 288.530835 656.178201 297.835622
351 426.606931 286.294462 658.929594 296.125606
352 384.283007 250.720695 668.599680 290.101550
353 350.692725 228.802186 668.107044 288.277095
354 340.074218 228.370219 668.070718 288.010837
355 326.221094 230.862558 669.759634 288.692113
356 316.302197 193.712082 687.656847 281.610811
357 279.892804 110.467983 716.894299 279.226851
358 279.910542 110.315109 721.277995 281.238479
359 281.052799 188.498752 723.469721 288.131804
360 308.077268 245.250779 721.496426 299.532915
361 303.349427 246.716650 725.617653 301.140118
362 296.507115 247.175311 729.982014 303.000217
363 298.375576 242.657487 734.056062 301.550244
364 253.436740 210.467369 755.493339 294.658634
365 256.185431 206.913627 764.635556 296.039712
366 244.694023 207.779256 771.658629 297.821302
367 229.169911 249.183786 775.943946 304.958741
368 231.118075 248.742964 778.422336 305.024680
369 232.206637 245.717590 780.883663 305.226075
370 235.873568 242.335119 783.717884 305.745912
371 232.977248 240.759616 785.788602 306.443121
372 230.019981 240.091955 787.929589 306.363393
373 225.801535 239.282449 789.807083 306.134974
374 224.753273 237.001725 792.492256 306.832010
375 222.361036 235.037123 792.571611 306.378696
376 221.813597 233.130500 795.072768 306.185718
377 224.140124 231.392243 796.409240 306.072743
378 229.241108 229.862894 798.966654 306.199558
379 226.315640 227.596340 799.607874 305.896486
380 227.868285 224.606208 801.348953 305.573411
381 228.797572 221.464777 802.856413 305.585668
382 224.741088 219.932305 803.680414 305.848791
383 221.951331 218.847835 804.118694 305.479838
384 223.166507 216.881531 805.058276 305.187209
385 222.907061 216.799866 806.079557 305.276245
386 222.963724 217.339223 808.373121 305.950525
387 222.420852 217.633869 810.828905 306.566723
388 220.758332 218.319787 812.718445 307.633264
389 223.483270 219.344726 815.727908 308.745579
390 228.015786 223.783581 821.638863 310.716498
391 228.436469 223.359003 821.729312 310.004590
392 231.940553 219.477934 823.744144 309.058597
393 230.515607 217.992908 823.674825 309.161375
394 230.002933 217.970144 824.523204 309.100129
395 230.274022 218.084837 825.080606 308.850761
396 227.563267 217.564604 825.684494 308.476256
397 225.788312 217.033264 826.093898 307.792737
398 226.223294 217.371411 827.794599 307.952327
399 226.590683 218.137390 830.702630 309.035022
400 226.000359 218.549632 832.474135 309.602480
401 226.404066 217.417913 831.762991 309.192358
402 227.335824 216.242545 831.463821 308.954437
403 226.415381 216.051827 831.315434 308.428281
404 224.940815 215.045938 830.944438 307.806536
405 222.159211 213.445165 830.346621 307.466260
406 222.382109 211.831010 830.005300 307.115865
407 226.110376 209.399693 830.665336 306.792332
408 225.324802 207.209201 830.776593 306.558491
409 224.877117 205.282049 829.959086 306.359753
410 221.859012 203.353124 830.355683 306.503625
411 218.696059 201.840135 829.447793 306.431425
412 214.959979 199.813889 828.726489 305.773179
413 211.985502 198.065417 828.805355 305.884219
414 208.543681 197.025435 829.001937 305.935332
415 204.857205 196.028023 829.523495 305.865133
416 200.088945 194.912751 829.187672 305.720316
417 198.640536 193.643126 829.842891 306.395086
418 198.190494 193.690160 830.278784 306.334192
419 195.521881 193.366795 832.673479 307.382633
420 192.073552 192.422547 833.969459 307.463314
421 187.963665 191.130994 834.786536 307.463856
422 185.660022 190.447204 835.331268 307.298725
423 182.815768 188.939940 836.035526 307.351540
424 178.811203 187.761400 837.590084 307.608930
425 172.853451 186.997064 838.621522 307.920825
426 174.104067 184.713690 839.841260 307.656730
427 172.932260 183.268699 840.436953 307.935394
428 168.852125 182.620132 841.894440 308.029168
429 165.865814 182.456204 842.496009 308.219693
430 166.246405 182.388014 843.101558 308.271268
431 164.989980 181.794014 844.006023 308.253483
432 161.777387 181.237989 844.699814 308.115690
433 158.560095 180.702273 845.916458 308.746429
434 156.414325 180.259917 847.766951 309.484242
435 154.299158 179.761741 849.765548 310.009804
436 151.811649 180.012228 850.575421 310.817377
437 150.518504 179.888703 852.573688 311.331665
438 149.125314 179.509145 854.001846 311.498307
439 146.874680 178.629195 854.212376 311.070690
440 145.717074 178.760433 854.992453 311.404433
441 145.405413 178.805885 855.645423 311.581798
442 145.147998 179.409666 856.974145 312.289408
443 144.586773 179.695474 858.053743 312.687695
444 143.101827 179.794464 859.130463 312.960837
445 141.617557 179.758032 860.734443 313.267710
446 139.433605 179.911400 862.003278 313.711915
447 136.075644 179.412381 862.269976 313.563052
448 133.368014 179.185372 863.367455 313.956774
449 132.348011 178.877856 864.690284 314.037941
450 129.739071 178.397150 864.931737 314.140623
451 125.692983 177.614976 863.705646 313.915450
452 125.261689 177.439833 866.391792 314.666210
453 124.655532 177.335460 867.850353 315.407322
454 123.704517 177.165959 869.438988 315.681328
455 124.218915 176.825217 870.592787 316.149535
456 124.570294 176.471040 871.641262 316.344297
457 123.670366 176.163611 873.906826 316.912296
458 131.747751 177.526387 876.444272 317.529822
459 128.645980 177.064596 876.388199 317.568388
460 125.727764 176.610830 876.203591 317.476816
461 129.420960 177.323067 878.391088 317.821277
462 127.119388 176.724221 879.025512 317.673501
463 125.582914 176.238400 880.435046 317.680977
464 124.966967 175.718772 882.320492 318.366166
465 126.927174 175.592644 883.634038 318.546519
466 127.189949 175.500560 884.829096 318.935596
467 127.825986 175.101192 885.302701 318.646403
468 128.435503 174.877635 886.351868 318.695504
469 127.015732 174.055870 887.095987 318.671973
470 128.029338 173.522667 888.469450 318.736331
471 128.897121 172.750597 889.731778 318.937026
472 127.774162 172.016677 890.738982 318.740727
473 127.052100 171.564352 892.282191 319.025905
474 130.158217 171.636359 895.250207 320.039515
475 127.553339 171.298653 897.735727 320.724945
476 127.379955 171.436273 900.421256 321.606473
477 127.528865 171.732009 903.120536 322.506626
478 124.398809 171.497265 904.418126 322.957244
479 121.041454 170.791014 904.236649 322.472749
480 119.579651 170.107170 904.810622 322.097143
481 116.682576 169.678301 905.118414 322.257781
482 116.107960 170.306669 907.542862 322.812635
483 115.189553 170.427890 909.392902 323.091117
484 112.226661 170.282215 910.197016 323.497208
485 110.676549 170.290306 911.781163 323.640682
486 108.248816 170.314604 912.948203 324.071500
487 106.165825 170.318463 915.085642 324.781940
488 107.135341 170.745046 916.852895 324.929534
489 102.978232 170.148458 917.002536 324.696627
490 100.532544 170.055893 918.337940 325.004851
491 100.588040 170.573565 918.925055 325.440120
492 97.332515 170.158361 918.878878 325.095211
493 95.154419 169.771934 918.807361 325.082313
494 96.025587 170.237650 920.870820 325.622678
495 95.497301 170.370241 922.700630 326.057843
496 93.851294 170.303625 922.815854 326.091181
497 95.929676 171.174517 925.611456 326.636989
498 93.387257 171.163438 926.118380 326.768466
499 90.995100 170.926844 927.022549 326.886860
500 91.672687 171.617081 928.383958 327.105484
501 92.161807 171.792366 929.442910 327.293567
502 89.817529 170.983085 928.654691 326.735389
503 88.767952 170.479868 928.815675 326.484073
504 89.660228 169.399032 928.560651 325.621347
505 90.600989 166.841514 928.077003 325.076105
506 92.912153 163.962739 930.221386 325.068996
507 96.247720 160.964888 930.382287 323.993899
508 97.732840 155.029002 929.385211 322.125926
509 99.172106 151.967575 929.403644 322.088408
510 99.808969 151.087561 928.536085 321.454358
511 100.985541 149.826116 928.613188 320.924147
512 102.071555 149.352408 928.628073 320.383823
513 104.501310 148.910220 929.369890 319.696179
514 109.235467 147.188427 930.420435 319.574966
515 116.076015 146.437351 932.055912 319.176941
516 117.680611 143.776805 932.185410 318.680497
517 119.831764 142.525331 931.497179 318.434999
518 119.759175 141.753104 930.972677 317.863213
519 121.732989 140.077507 931.411617 317.166391
520 122.674456 138.542471 930.572876 316.968782
521 129.833521 138.333914 932.538724 316.070715
522 133.891317 136.404556 932.693783 315.902135
523 139.185208 134.466419 935.413078 315.883268
524 138.318930 133.924384 935.893533 315.752974
525 140.801705 133.228481 938.633152 315.840927
526 140.324742 132.383412 939.980886 315.680135
527 137.886397 131.997248 940.250514 315.722989
528 135.141321 131.421964 941.067578 315.678523
529 133.149724 131.026692 941.991412 315.770423
530 149.561508 132.567355 946.920145 316.267503
531 154.620442 133.167797 950.470772 316.695998
532 151.691847 132.290718 952.357624 316.667454
533 148.742508 131.728186 952.134016 316.330781
534 145.775574 131.108789 952.125341 316.099733
535 145.175933 131.788301 953.890131 316.897249
536 140.727877 131.144912 952.548315 316.329693
537 141.102135 131.850795 953.452699 316.930572
538 144.643705 132.279577 954.624112 317.953350
539 153.689417 132.697606 959.374284 320.283611
540 148.422152 135.393761 959.931218 323.124731
541 143.224533 134.511686 959.611038 323.168872
542 143.673622 130.885957 960.725922 322.577143
543 143.306642 127.596347 961.198281 321.901587
544 142.951341 124.528168 961.611227 320.856484
545 141.031729 121.931028 962.638580 320.604389
546 141.169275 118.957746 964.818776 320.777827
547 139.574779 116.241375 965.824447 320.369970
548 138.036873 113.634451 968.003119 320.261423
549 136.967612 112.092090 968.376649 320.242885
550 137.123405 111.839911 967.843574 320.043217
551 136.404057 111.883872 967.882713 320.039198
552 136.014185 112.444546 967.378669 320.492802
553 137.723679 112.243189 967.408286 320.131826
554 135.019120 112.166020 967.601033 320.675613
555 139.176084 117.086766 970.393653 322.389476
556 140.182380 117.517559 972.423552 322.528019
557 136.584728 116.999322 972.013182 322.015514
558 137.487970 118.523767 975.002951 324.038154
559 151.503119 125.866249 982.789811 327.906895
560 149.247309 127.068398 986.014784 328.639186
561 149.314082 128.268803 989.758272 328.916603
562 147.250212 129.787459 992.589581 329.842223
563 148.258571 133.774211 998.319859 331.495309
564 144.538571 133.082054 1000.105435 330.782608
565 141.897158 132.776390 1001.166188 330.274773
566 143.316827 134.485013 1003.826301 331.778298
567 144.838857 137.495516 1007.744835 333.549807
568 141.944918 138.618700 1010.676894 334.795745
569 143.914713 140.554504 1013.587674 336.779141
570 144.057295 149.945212 1011.689437 340.388493
571 142.545045 150.440450 1013.712120 340.894315
572 140.259816 150.062415 1013.310897 340.470488
573 137.770154 149.527491 1012.508466 339.894889
574 135.392697 149.185694 1011.986445 339.519203
575 133.407180 149.454610 1011.595519 340.400270
576 130.603125 148.989687 1011.493168 340.062789
577 129.916340 148.926041 1010.774879 339.923059
578 130.728161 149.762343 1011.753447 340.083154
579 130.484162 149.198226 1011.339135 339.245307
580 130.975242 145.303283 1012.665191 337.604442
581 130.867848 143.388997 1012.562514 336.911596
582 127.962893 142.441797 1011.780334 335.953962
583 127.732232 141.576924 1012.397822 334.996239
584 128.850691 139.922520 1012.003684 334.078873
585 128.923207 139.431673 1011.274756 333.550405
586 128.769105 139.461564 1011.085976 333.440029
587 129.096119 139.104514 1011.391767 332.571007
588 129.962270 138.788282 1011.287393 332.158240
589 127.251483 138.322907 1010.642964 331.802292
590 127.466977 138.042103 1009.986518 331.256355
591 127.471502 137.441886 1008.656898 330.559000
592 127.120980 136.918092 1007.760179 330.188596
593 125.219317 136.781819 1007.593897 329.962681
594 125.194587 137.466583 1009.638302 329.719953
595 125.223875 137.430273 1010.762044 329.415201
596 123.476808 137.225290 1010.744014 329.263805
597 125.428278 138.573417 1014.487239 330.372460
598 123.834796 138.482145 1014.607199 330.089434
599 122.055986 138.221846 1014.406096 329.974122
600 122.733314 139.195523 1017.037421 330.154540
601 121.802836 139.323260 1018.532515 330.252025
602 119.909952 139.071590 1019.080902 330.123743
603 119.020689 140.029489 1021.062683 330.876037
604 120.810990 141.421578 1023.557465 331.196834
605 117.164094 140.150012 1022.126660 330.386671
606 118.048178 140.223176 1023.170793 330.025120
607 118.069785 140.839222 1025.186578 330.374996
608 115.909875 140.233948 1024.725185 329.755192
609 114.869131 140.157422 1025.593988 329.769536
610 112.692058 140.255329 1026.152005 329.987081
611 112.567232 140.510742 1027.973559 329.775940
612 111.272286 140.695282 1029.741199 329.916066
613 108.382438 140.533944 1030.065224 329.855547
614 105.979441 140.564833 1030.211904 329.763006
615 106.082459 141.180860 1031.327239 330.376585
616 105.332140 141.888106 1033.257948 330.760882
617 103.338809 141.834949 1033.867539 330.835175
618 102.383983 142.260680 1034.610839 330.972695
619 100.749308 142.436364 1035.066182 330.946747
620 100.713952 142.763362 1035.908985 330.869740
621 99.649681 142.876789 1036.199034 330.682219
622 98.140451 142.868219 1036.636658 330.704126
623 96.204313 142.855892 1036.871584 330.752107
624 94.015175 142.652650 1036.752661 330.624547
625 95.231152 142.472152 1036.804483 330.533067
626 93.935515 142.092580 1035.303290 330.367200
627 97.034084 142.662652 1036.443585 330.378179
628 95.402727 142.395577 1035.243341 330.326457
629 97.863256 142.952579 1036.403047 330.376540
630 98.543126 142.828111 1036.531088 330.079553
631 100.210981 143.301139 1037.159717 330.340041
632 98.280300 143.224532 1036.726409 330.523356
633 96.366734 142.965949 1035.792628 330.430333
634 94.855721 142.824560 1035.740846 330.161108
635 99.277989 144.337863 1038.149013 330.881805
636 99.777539 144.475498 1038.809299 330.689669
637 101.315741 144.162768 1038.430994 330.193678
638 102.001079 144.194565 1038.056156 329.877359
639 100.376813 143.767735 1037.978064 329.483966
640 98.445026 143.291672 1036.867984 329.022205
641 97.752600 143.454210 1036.751870 329.237739
642 95.646906 143.098857 1036.008716 328.936434
643 96.600698 143.213315 1036.151461 328.750122
644 98.049468 143.669772 1036.736692 328.804748
645 95.925996 143.168683 1035.853103 328.494942
646 95.649592 143.275629 1036.747032 328.743639
647 93.764283 142.948937 1035.973706 328.659368
648 93.097929 142.667127 1035.442517 328.554964
649 92.961111 142.398471 1034.663315 328.749354
650 97.241565 143.469620 1036.478655 329.008189
651 96.071790 143.992524 1036.429818 329.833750
652 94.225501 143.916310 1036.027604 329.786940
653 97.148348 144.266711 1037.107275 329.831629
654 95.440539 144.379662 1037.348616 330.271282
655 94.987277 144.580839 1037.731034 330.448545
656 97.053825 145.123729 1038.791684 330.912867
657 98.187495 145.953384 1040.093918 331.616386
658 98.140229 146.244277 1041.112298 331.733675
659 97.090429 146.452384 1042.103400 331.879621
660 97.280328 147.125977 1043.916196 332.129957
661 96.783989 147.586825 1044.961983 332.533533
662 95.671918 147.574765 1045.018387 332.581406
663 95.224898 147.594613 1045.502343 332.410441
664 93.956613 147.484126 1046.139107 332.175182
665 93.696932 148.042906 1047.546125 332.695839
666 92.351234 147.916586 1047.964420 332.499806
667 93.098274 147.540178 1047.749588 331.734227
668 92.442859 147.581751 1047.753785 331.629016
669 92.243294 147.738953 1048.503773 331.835025
670 91.667724 147.623331 1048.880902 331.683633
671 91.584666 148.034874 1048.829581 332.256874
672 92.554883 148.484648 1049.084884 332.562579
673 92.090799 148.689608 1049.995186 332.585979
674 91.961377 148.870672 1049.904521 332.511318
675 89.806380 148.702009 1049.109342 332.518368
676 89.850125 148.963547 1049.605343 332.818427
677 90.857653 149.106891 1049.637208 332.799770
678 88.860294 148.753051 1048.790159 332.600477
679 89.546949 149.028236 1048.723988 332.471049
680 87.830856 148.809392 1048.388503 332.464041
681 86.170629 149.007799 1048.427505 332.492326
682 88.272226 150.421448 1050.371864 332.989470
683 90.631899 151.769144 1052.273949 333.388345
684 88.503016 151.875494 1052.067638 333.347924
