60 473.072155 346.836567 81.685529 67.208688
61 473.365390 347.418949 81.447993 66.498092
62 473.154175 347.912072 80.694779 64.037138
63 470.470566 343.822731 79.907074 60.579733
64 470.536034 344.848323 79.183601 59.380284
65 468.733891 343.904886 79.183259 56.376071
66 465.059824 340.478222 78.704265 53.474535
67 465.425210 341.146352 78.289922 52.253742
68 465.552150 341.783428 77.946538 51.483827
69 465.084433 342.236814 77.385872 50.490791
70 460.760781 342.685892 77.572790 47.801728
71 459.759831 347.204988 76.225352 46.392874
72 456.131644 345.890173 75.941375 44.806913
73 454.024134 343.806621 75.014134 44.189934
74 453.365622 345.849190 74.611955 44.009141
75 451.977464 346.123314 74.511673 44.201638
76 447.779388 341.876608 75.255561 43.524194
77 446.494385 340.945121 75.196639 43.854026
78 446.737296 341.079210 75.201359 43.884889
79 442.006174 338.396812 74.885528 43.536840
80 441.803776 338.698550 74.648591 43.828022
81 439.862252 342.366242 74.576998 44.067804
82 436.371117 339.727243 75.281224 44.917586
83 435.622489 338.586394 75.507510 44.805941
84 432.983574 339.681836 75.920766 45.149148
85 428.658172 339.299670 76.669165 45.274562
86 417.579906 341.667090 80.770856 47.527235
87 414.676131 341.858019 83.881348 48.433770
88 413.495256 341.228987 86.800943 48.753653
89 405.028374 345.070035 87.346415 48.914007
90 404.280869 344.645549 88.881870 49.163448
91 402.186893 341.860270 91.928970 49.298851
92 394.500215 343.272421 92.267443 48.790887
93 391.944381 344.481272 91.861188 48.615082
94 386.588488 343.175306 93.220006 49.037386
95 386.489687 342.119711 94.774401 49.672338
96 378.435335 342.014158 96.314620 50.499792
97 375.875645 344.733209 96.611627 50.871930
98 370.278315 345.284871 98.010461 50.208171
99 369.024570 345.408829 98.172325 50.310137
100 361.214309 347.724903 97.639848 49.590120
101 358.489216 348.049184 97.104297 49.836805
102 352.863857 348.708096 95.823089 49.780543
103 346.207187 349.382652 95.764183 50.661478
104 342.268980 347.761953 95.848618 51.601297
105 335.963784 348.830869 95.409229 52.080734
106 329.797038 350.230177 95.476402 52.347481
107 322.660895 347.221048 96.426101 53.601924
108 319.087217 347.155641 96.713789 54.256977
109 313.882036 348.061095 98.948953 54.143746
110 306.877738 344.519678 101.353282 55.745065
111 297.173155 345.371601 103.505445 56.852660
112 292.829569 346.322238 105.586547 57.044844
113 286.174857 345.272490 106.425445 58.134557
114 282.810537 345.835130 106.427736 58.298978
115 275.811485 345.955959 106.674471 58.324217
116 272.363591 346.862867 106.192772 58.288068
117 270.403955 345.564025 105.458397 58.376330
