2 1163.843643 1.695502 43.990387 128.458628
3 1163.451828 2.176971 44.235107 128.280095
4 1161.678925 3.523890 45.255707 127.966515
5 1158.765151 6.061445 46.771213 126.711743
6 1155.176648 7.698670 49.206272 126.182529
7 1149.421887 9.709057 51.919787 126.232216
8 1147.694378 9.953666 52.572948 126.572137
9 1144.399270 10.537403 53.135601 126.519797
10 1142.524945 9.913059 53.049176 127.155913
11 1140.666659 8.865708 52.739118 128.560423
12 1140.515108 8.761864 52.855738 129.407683
13 1140.177420 7.996023 52.687555 131.167033
14 1140.158164 7.027274 52.927339 134.083170
15 1140.058041 6.800446 52.980614 135.436455
16 1137.319736 3.971677 53.568747 140.312531
17 1136.427441 4.827386 53.913457 140.263097
18 1134.920432 5.783484 53.980145 140.352650
19 1134.921196 5.863075 53.995110 140.495411
20 1132.551230 7.409632 54.008242 140.414487
21 1130.995667 7.864673 54.849544 140.665057
22 1130.282438 8.390938 55.045332 141.085717
23 1128.032172 9.549799 55.537466 141.805778
24 1125.310250 9.882253 55.694172 142.985647
25 1123.938392 9.314661 55.946685 143.610348
26 1123.301809 9.042493 55.631335 144.388621
27 1118.514001 8.039688 54.876952 144.651359
28 1118.061880 8.243366 54.668039 145.010648
29 1117.649270 9.115735 54.395146 145.766862
30 1115.194026 11.568197 53.421316 145.604896
31 1114.320286 14.932578 52.477313 144.313311
32 1109.846409 22.585619 52.873414 139.121276
33 1108.988201 24.012330 52.443118 138.554748
34 1108.351212 25.760226 51.769221 138.132231
35 1106.980153 26.818473 51.252469 137.591217
36 1106.331553 26.496904 50.808256 137.442506
37 1106.048475 26.086509 50.802019 137.619984
38 1104.712555 24.168389 51.230780 139.695224
39 1102.517083 21.991325 51.806900 141.383596
40 1101.692868 21.983059 52.054910 141.523258
41 1101.683637 22.320708 52.415573 141.954038
42 1098.763227 26.568442 52.095486 142.696000
43 1097.615441 27.418957 52.086592 143.499598
44 1096.074645 28.854081 52.724655 143.581975
45 1095.681486 29.034062 53.208709 143.962221
46 1093.105174 30.855451 53.490140 143.093175
47 1092.698416 32.084127 53.099710 142.484878
48 1092.140924 32.556026 52.759450 141.982974
49 1091.154524 31.528048 52.587426 142.349916
50 1088.505205 29.720175 52.752720 143.145029
51 1085.278596 29.812470 52.489708 143.679619
52 1084.539217 30.377651 52.115298 143.761192
53 1082.861207 31.477509 52.077337 143.698020
54 1080.534401 33.588371 52.246296 143.119782
55 1077.488473 35.324123 52.383550 142.314593
56 1076.586088 36.158548 52.083002 141.789957
57 1074.222288 37.602457 52.156599 140.478902
58 1072.521063 38.728081 52.533676 139.344138
59 1070.847870 39.347681 53.125053 138.924353
60 1067.819025 40.570478 53.528103 138.332875
61 1066.489371 40.893555 53.847482 138.413571
62 1065.501106 40.857658 53.733218 139.041220
63 1064.917191 40.690536 53.744419 139.937408
64 1063.693718 39.491931 53.579611 141.050925
65 1063.189779 39.762431 53.681379 142.048092
66 1059.275137 42.025980 53.308675 142.192693
67 1057.579807 43.743548 52.683928 142.567440
68 1056.082334 45.277590 52.530078 143.141796
69 1056.007420 46.102826 52.772306 143.958086
70 1054.675425 51.019957 52.672157 144.245647
71 1054.577729 51.610389 52.823334 144.552194
72 1054.255002 52.023407 52.867876 145.281696
73 1052.317769 53.708570 52.669392 145.467565
74 1051.584074 54.339375 52.857216 145.356960
75 1045.879031 58.004776 53.059698 145.508971
76 1046.036206 57.697020 53.355053 146.099512
77 1045.714423 57.686025 53.382449 146.494628
78 1040.893363 56.874511 53.669565 147.506068
79 1037.887648 56.115961 53.128219 148.416678
80 1037.938793 55.032616 52.953985 151.096671
81 1035.835327 58.833572 53.233345 151.011775
82 1032.282655 59.041116 54.422090 151.679244
83 1028.339817 56.695038 56.221836 151.532531
84 1023.521113 53.357336 59.491416 151.460559
85 1022.181616 56.164700 59.885876 150.489351
86 1019.029623 61.276571 60.832855 148.814415
87 1016.936898 63.353286 62.095940 147.543288
88 1014.494106 64.428915 63.980713 147.019192
89 1013.199886 65.157771 64.518933 146.959712
90 1013.260537 65.326944 65.016095 146.852541
91 1011.037120 65.478542 65.847184 146.540352
92 1000.513213 66.355953 67.044320 146.356156
93 997.275265 66.647337 69.231773 146.040707
94 988.412151 70.064640 73.587344 146.657401
95 980.514197 69.965870 79.848090 147.526056
96 973.966995 70.515045 87.567204 148.895381
97 968.820309 70.335984 91.403599 149.716576
98 966.237122 70.516098 94.226956 150.620821
99 965.581799 70.399325 95.262619 151.550451
100 964.897118 69.581964 96.699788 153.879300
101 964.843946 69.259280 97.181539 154.544439
102 963.322629 67.576686 98.604608 157.166679
103 956.594953 64.787638 99.513394 159.705877
104 956.584465 64.773254 99.913359 160.243904
105 956.620843 64.901799 99.987059 160.474920
106 952.471797 65.560173 100.657783 160.567433
107 945.823333 66.574857 101.487019 161.346850
108 944.124558 67.115012 101.788443 161.414458
109 942.672257 67.719873 102.000068 161.378125
110 941.725851 68.501478 102.480078 161.233009
111 939.542539 69.846559 102.845503 161.067978
112 938.189817 70.495739 103.346845 161.356740
113 936.610929 71.748451 103.774874 161.007595
114 936.152505 72.366793 104.181062 161.273424
115 931.222640 73.677097 104.995006 161.076111
116 930.978488 73.908032 105.102284 161.486400
117 931.170222 73.916472 105.488560 161.475165
118 928.357898 74.362698 105.397008 161.438916
119 923.206367 75.202915 105.037630 161.417831
120 923.288138 75.757504 105.433379 161.316495
121 920.955069 82.028683 104.904343 160.327265
122 920.934960 82.293164 104.963626 160.376990
123 919.835762 84.254960 104.751523 159.753006
124 918.980662 85.727449 104.950733 159.396904
125 914.262734 90.523850 105.129115 158.089056
126 911.827770 91.286413 105.452239 158.279492
127 900.659938 90.260696 107.100913 158.879564
128 871.414052 86.708624 116.261961 161.586046
129 865.049164 85.110772 119.127198 163.749844
130 865.234983 85.235091 119.483475 163.976125
131 865.244665 85.247740 119.484028 163.974499
132 870.301476 86.116115 119.264698 164.490846
133 870.434461 86.146130 119.828895 164.760130
134 868.497293 87.006560 121.852741 166.263752
135 865.311356 90.305040 122.879721 166.189921
136 863.388494 92.269876 122.977818 166.003244
137 861.413077 94.104867 123.013255 166.297420
138 858.220819 96.006371 122.948842 166.665630
139 857.958967 96.282301 122.654470 166.979965
140 856.978331 96.064428 122.111807 167.214608
141 853.362335 96.455225 121.628981 167.386768
142 852.834478 96.751683 121.522286 167.516413
143 852.852541 96.606985 122.273232 168.541246
144 850.643243 94.060965 123.663321 171.269787
145 848.554077 92.787726 124.609554 173.100657
146 844.768246 90.898392 126.652896 175.709065
147 842.809661 91.483660 127.479586 176.456535
148 834.295800 93.885950 128.749300 177.138779
149 821.560770 98.951477 127.901119 176.715045
150 814.632531 101.022904 126.444403 176.975828
151 812.816779 101.684576 125.391833 177.024890
152 811.918963 101.647496 124.639732 177.713035
153 798.245928 103.541091 122.654510 177.994364
154 792.735512 102.846831 122.238077 177.771902
155 791.889050 102.276695 122.067683 178.297553
156 792.031077 102.341830 122.434514 178.508341
157 792.033346 102.558741 122.423415 178.977586
158 792.069057 102.572295 122.463702 178.971142
159 792.078707 102.586315 122.472038 178.973404
160 791.997318 102.587868 122.366159 179.011659
161 790.834443 102.819996 121.953340 179.709436
162 772.342971 113.966283 119.703576 179.758078
163 772.509162 114.016769 119.945629 180.010806
164 772.542132 114.050118 119.859026 180.552778
165 771.299026 113.764005 118.937880 181.152290
166 767.400704 110.076951 117.262056 181.950342
167 761.618892 103.377337 114.163354 182.680901
168 758.970703 103.636774 113.478272 182.704717
169 757.922288 103.288650 113.090510 182.863558
170 751.070779 112.781839 112.230050 181.565295
171 744.292279 119.914395 110.827906 179.194678
172 744.281969 120.028814 110.832845 179.476222
173 744.028644 119.804451 110.749879 179.538431
174 740.410009 114.888990 109.788288 180.073565
175 732.122467 114.670932 109.276324 178.613882
176 722.542372 112.763553 107.765869 177.089371
177 720.440572 115.923618 107.329774 175.723504
178 715.042793 130.047481 107.390160 173.818203
179 714.952263 130.025632 107.527368 173.905025
180 715.014272 129.973987 108.041894 173.922871
181 715.187719 129.872507 108.506571 173.927576
182 714.511171 129.643324 109.242667 173.661376
183 708.296957 127.973132 110.661822 172.425219
184 704.680840 128.198910 112.138337 170.678089
185 699.582789 129.738187 113.795030 169.552289
186 695.278985 131.043997 114.643985 168.933739
187 688.677408 132.922527 115.447683 167.549244
188 687.974984 133.468012 115.470304 167.751960
189 680.251419 136.114901 116.370874 166.640965
190 680.051040 136.382938 116.642784 166.925544
191 677.703407 136.681167 117.456312 166.404354
192 668.733320 135.329332 118.519453 164.986206
193 668.840445 135.077260 118.915321 164.803250
194 665.471301 134.847099 118.888873 163.247484
195 663.198072 134.219923 118.842990 162.871619
196 654.788440 132.008241 117.912979 162.115317
197 650.246264 133.753178 117.199222 161.737297
198 641.870340 135.324904 116.531152 160.682990
199 639.087074 135.919666 116.456796 160.296749
200 637.026366 136.423975 116.124511 159.862562
201 635.587207 137.206660 115.989059 159.684624
202 629.881693 142.454894 114.643053 159.399765
203 628.525134 145.067200 114.266685 158.260021
204 624.501751 149.596073 113.736171 156.932438
205 624.617499 149.633335 113.967069 156.978222
206 621.848147 150.556143 113.279504 156.847885
207 621.352737 150.500418 113.374266 157.021388
208 614.378865 149.973550 112.482395 157.919083
209 609.964576 150.375521 111.516702 157.736806
210 609.356353 151.325765 111.317789 157.631827
211 607.673577 153.107969 110.550713 157.435385
212 607.430959 153.577212 110.832125 157.289858
213 597.207147 162.417718 110.603266 156.615007
214 597.387222 162.651262 110.975356 156.947453
215 596.899122 162.913572 110.956069 156.890677
216 589.827929 168.605345 111.475985 156.442043
217 588.801546 169.511093 111.659119 156.020072
218 588.240696 170.108496 112.228187 156.278662
219 588.351267 170.268746 112.503363 156.448554
220 588.555488 170.292813 113.000022 156.486388
221 588.435349 170.251008 113.551539 156.552969
222 588.431796 170.474770 114.034252 157.027887
223 588.657185 170.711375 114.485067 157.475269
224 585.697427 170.987656 114.276089 157.462697
225 578.935595 170.947631 113.746894 157.301588
226 570.727857 172.759774 113.891988 157.216851
227 570.319602 173.438019 114.000304 157.304352
228 555.378937 185.981121 113.693298 158.675014
229 554.623491 186.202972 113.831328 159.325976
230 553.705406 186.214293 113.782062 159.689515
231 551.214950 186.141051 113.745250 160.134171
232 542.904284 185.968358 113.479748 160.684328
233 541.591925 186.602879 113.210425 161.205884
234 537.241090 192.169205 112.291050 162.901421
235 532.119415 199.672690 110.871186 165.361798
236 531.347164 199.727697 110.512588 166.711921
237 527.544634 200.386826 110.451487 168.807196
238 525.167284 200.925111 110.080325 169.851998
239 521.401891 201.634600 109.725782 170.813371
240 514.660197 203.523904 108.384145 172.148210
241 514.218926 203.701271 108.420594 172.892000
242 503.597303 204.584745 108.184519 174.737934
243 499.699424 205.349954 109.058230 174.890952
244 492.103103 207.072340 110.023698 175.062685
245 491.438924 207.509106 110.140055 175.518737
246 483.428352 209.951609 109.363007 175.424093
247 483.056030 210.220550 108.991376 175.602196
248 482.384227 210.906005 108.508273 176.170834
249 478.934842 214.647143 108.721511 176.736865
250 479.074284 214.780399 108.983908 176.969869
251 478.938416 215.280048 108.819443 178.450932
252 478.868740 215.330253 108.897011 179.152835
253 473.381669 217.280491 109.262122 183.941280
254 473.500295 217.311781 109.483229 183.969397
255 472.044807 217.440115 109.095762 184.769857
256 464.789008 219.242455 109.001547 185.770539
257 461.805107 219.874905 108.655386 186.368931
258 458.996409 220.955826 108.439930 186.325661
259 459.005822 221.066224 108.483755 186.478586
260 457.320546 223.604690 108.347366 186.593012
261 456.530902 224.884244 108.435060 187.684128
262 453.893726 227.096359 108.800141 188.532592
263 452.911567 230.050231 108.905712 190.312423
264 452.918119 230.187749 109.004751 190.503270
265 452.432570 230.858851 109.728769 190.826027
266 441.350887 233.231570 112.214328 189.752716
267 428.635012 232.379904 113.963475 191.560759
268 428.276433 232.448225 114.304511 192.317688
269 419.600411 232.166892 115.314797 196.271350
270 410.866704 227.852323 114.877739 203.954006
271 408.096764 226.761388 113.853236 205.733631
272 402.632665 223.971608 112.617699 211.381426
273 394.982760 223.344180 112.217371 215.422340
274 392.105790 222.676422 112.763924 217.113471
275 388.471018 221.495211 113.994010 220.704786
276 388.890042 220.870396 117.514408 225.036367
277 389.212635 220.908912 120.260901 227.577944
278 390.237289 218.624581 122.733967 231.747170
279 389.878781 216.205785 127.586688 235.056481
280 386.165381 212.057377 132.354456 240.931222
281 376.472701 207.719984 135.618718 248.274857
282 366.741846 209.846160 137.379525 250.277991
283 359.345803 211.534042 137.103456 250.836628
284 359.215234 214.624912 137.632317 250.017006
285 357.575186 221.860347 139.033260 248.271739
286 356.480714 224.522123 139.517062 247.515954
287 355.822864 227.143804 140.095216 246.789748
288 352.425494 232.439688 140.840653 244.552592
289 352.295209 233.311748 140.946011 244.572537
290 352.147032 233.968679 140.979453 244.687318
291 347.041427 237.977608 140.548201 243.047315
292 346.340620 239.152835 141.039930 242.686174
293 339.819516 242.110337 141.519371 240.840249
294 340.060087 242.192511 141.979037 240.958974
295 333.101048 244.182404 141.939263 240.209079
296 329.138323 244.867648 142.179319 240.156042
297 319.517098 248.074375 143.294497 239.648540
298 317.687646 248.862993 144.056961 239.818714
299 317.585156 248.599476 144.977470 240.944904
300 317.085376 248.887370 145.668922 242.487116
301 317.180350 248.905271 146.135324 242.918834
302 313.105268 253.680928 147.599048 243.795863
303 313.019963 253.788791 148.166825 244.205680
304 308.742226 254.015451 149.511766 246.100630
305 307.642113 253.888092 150.663464 247.563623
306 301.946706 251.206665 152.766046 251.657563
307 293.652736 248.611996 155.044682 255.298425
308 289.255677 245.113686 157.456318 260.458838
309 283.027294 244.224583 159.013926 263.926699
310 277.388364 250.219107 160.062324 265.585257
311 277.260587 250.726502 160.598405 266.082699
312 270.193863 257.410290 159.764036 266.874776
313 269.959717 257.711135 160.003555 266.959590
314 269.342825 257.857090 160.579341 267.124655
315 268.190950 258.533677 161.095994 267.701459
316 268.024225 259.063909 161.546783 267.871019
317 265.427077 262.500341 162.594745 267.470058
318 255.293355 265.480827 164.199032 268.042780
319 242.206039 266.845236 164.732950 268.406141
320 241.590060 267.570818 164.971880 268.187848
321 234.295197 272.169690 164.278199 267.860589
322 229.986938 275.186786 163.130043 268.737937
323 229.873194 276.471368 163.266579 269.240223
324 229.359660 280.991347 163.029751 270.369572
325 229.163860 282.690149 163.413625 270.354144
326 228.626209 284.373151 163.053896 270.763064
327 226.593148 287.971642 162.831850 271.649190
328 223.824144 289.402022 162.558898 271.998547
329 219.668171 290.357260 162.571350 272.399216
330 215.764716 290.517112 162.631648 273.676642
331 212.395594 290.421313 162.077426 275.497379
332 207.671950 288.898235 160.986543 278.197747
333 205.506373 287.485465 160.495539 280.271116
334 198.636242 286.683995 160.164895 282.819194
335 198.033642 287.194455 160.551422 283.267488
336 189.399657 297.016834 162.284452 286.442062
337 184.913648 304.668336 162.824132 287.271841
338 183.241807 307.059464 163.864902 287.041404
339 180.940740 308.791564 164.709794 287.359660
340 179.882044 309.588205 165.123879 287.434251
341 179.478791 309.588465 165.512619 287.632772
342 171.905612 310.715763 166.382746 288.824071
343 171.460274 311.020510 166.527827 289.232355
344 171.102378 311.157853 166.846271 289.735794
345 169.562415 311.735573 166.396725 290.367210
346 166.327618 313.620626 165.827482 290.360135
347 160.600926 315.843940 165.651148 290.061594
348 155.443054 321.870533 164.332909 291.322151
349 148.977534 329.055488 162.978089 292.896694
350 146.432327 330.246293 162.920045 294.277413
351 141.640393 329.300918 165.125577 298.027144
352 135.854189 326.477096 168.918602 304.011872
353 128.933270 321.714204 173.067375 314.432732
354 117.483153 317.305027 180.830518 320.524825
355 107.064268 314.919039 186.286388 324.429951
356 106.861953 314.583909 186.936078 325.059176
357 106.555056 314.297993 187.403220 326.317742
358 105.530473 314.211250 187.665600 326.742109
359 104.117046 313.513913 188.082976 327.929536
360 101.367787 313.316669 188.613110 328.374178
361 99.329184 313.605472 188.824145 329.043466
362 97.336641 314.164048 188.803029 329.896424
363 93.828074 317.976336 188.435384 330.702659
364 87.053563 322.447597 187.141092 332.902441
365 83.984942 322.033942 187.390825 336.458709
366 79.977950 324.881881 188.017005 338.970151
367 78.638724 326.046460 188.374657 340.822304
368 64.177287 334.003935 187.505112 342.630714
369 52.384710 336.280939 188.048086 342.754765
370 49.276302 337.128809 188.401721 342.982581
371 43.802198 337.939347 189.792934 343.382834
372 34.670553 339.044522 189.341091 343.226579
373 28.152036 340.367720 188.305342 342.729843
374 28.169737 340.590563 188.341760 342.989205
375 28.074806 340.925655 188.145426 343.551639
376 19.558136 348.908991 187.062884 346.697916
377 19.714779 349.088128 187.522200 346.971938
378 19.616102 349.695607 188.115418 347.459820
379 16.185275 358.774699 189.276317 348.384081
380 12.767007 372.513458 190.009607 346.547162
381 12.978957 372.694986 190.446933 346.946307
382 12.085797 372.601823 189.947744 347.045883
383 7.466929 368.464866 187.207067 349.642529
384 7.323601 365.491293 186.310574 351.890097
385 5.700513 363.008705 183.848433 353.512299
386 2.767005 363.782758 181.217020 355.270155
387 0.000000 367.583153 168.011639 361.314318
388 0.000000 364.639494 159.493277 371.848476
389 0.000000 363.077971 158.740418 373.861355
390 0.045611 359.329489 157.816851 378.147550
391 0.000000 356.036670 154.464378 382.886510
392 0.000000 349.017159 149.053092 386.980154
393 0.000000 346.392812 146.137582 388.613047
394 0.130801 340.932193 145.905241 389.787552
395 0.178870 340.991460 145.979762 389.928236
396 0.197009 340.975681 145.979073 389.928924
397 1.094777 329.902474 145.401805 389.736002
398 0.009959 268.781257 141.297055 392.902807
399 1.731412 227.990200 138.766131 395.651668
400 2.430931 223.400078 138.355457 397.137440
401 2.346234 212.403168 137.909176 398.798690
402 2.285939 206.371636 137.807880 399.051998
403 2.441163 193.359068 137.565045 399.125789
404 2.777291 183.017244 137.515127 397.922042
405 3.134074 183.576812 137.836406 398.381479
406 7.061120 191.565515 136.582151 400.705672
407 10.585988 193.746942 137.377863 400.851237
408 14.719575 199.523161 140.771889 398.774009
