5 302.549613 216.025549 26.950748 56.863006
6 302.799585 217.263005 26.444917 56.129311
7 302.786122 217.473618 26.460767 56.324739
8 302.692164 217.650737 26.430717 56.378780
9 300.848719 219.759664 26.230809 55.122246
10 298.116623 225.833427 25.347842 55.144540
11 296.913292 226.929630 25.337440 54.752524
12 295.644236 226.952461 24.939951 54.564590
13 295.607101 227.280724 24.868827 54.898411
14 295.707460 227.225839 24.890864 54.786871
15 295.759557 227.325949 24.955765 54.899310
16 296.090279 227.343367 24.703352 55.009135
17 296.290707 227.403265 24.884706 55.418122
18 296.376504 227.298798 24.850986 55.426259
19 296.466297 227.374933 24.734401 55.388963
20 296.604764 227.513984 24.830179 55.365026
21 296.744786 227.426276 24.861802 55.354464
22 296.832717 227.472844 24.881493 55.390067
23 296.883904 227.537446 24.953376 55.385914
24 296.895750 227.656196 24.945827 55.344656
25 296.912982 227.779382 24.931201 55.193134
26 297.193444 228.251431 24.738963 54.734801
27 297.707271 229.006639 24.567369 54.765253
28 298.201521 229.128728 24.393070 54.710895
29 298.280845 229.265235 24.370772 54.900776
30 298.519291 229.133858 24.007631 54.913221
31 298.818383 229.203078 24.307183 54.871207
32 299.009330 229.320834 24.215754 54.844013
33 299.280505 229.458206 24.103423 54.868348
34 299.510682 229.648406 24.203262 54.855169
35 299.713755 229.614200 24.312521 54.912187
36 299.870914 229.313640 24.229583 54.762741
37 300.081299 229.396201 24.235032 54.755712
38 300.280893 229.623884 24.218249 54.810837
39 300.488207 229.706622 24.266235 54.878206
40 300.599746 229.778832 24.456776 54.894514
41 300.856721 230.175751 23.732859 54.852159
42 301.065394 230.356076 23.753603 54.827160
43 301.184836 230.346487 23.926488 54.861018
44 301.266179 230.285187 23.837910 54.600685
45 301.173812 230.017139 23.778844 55.015993
46 300.851623 228.106635 22.517649 56.170445
47 301.032169 228.284422 22.821300 55.928125
48 300.253824 227.723278 22.415227 55.621668
49 299.893709 226.870911 22.220064 55.931793
50 299.937636 226.736864 22.247941 55.994630
51 300.290882 226.564239 22.357301 55.977799
52 300.639904 226.907232 22.150254 55.542294
53 301.119935 227.128822 22.412539 55.843564
54 301.685233 227.587767 22.119588 55.201181
55 301.888464 227.751547 22.457563 55.364677
56 302.326192 228.200615 22.129260 55.050353
57 302.498791 227.740496 22.502632 54.991671
58 302.825781 227.355833 22.845018 54.541091
59 303.063384 224.379138 22.989853 54.235254
60 302.720929 224.613211 22.780790 54.019213
61 301.578976 220.394692 22.100645 56.875017
62 301.820184 218.835223 21.748440 56.861079
63 301.730244 218.985638 21.496967 57.323697
64 301.860607 218.437113 21.294440 56.259444
65 302.101105 216.736420 21.354121 56.099515
66 302.183403 216.924563 21.430965 56.257445
67 302.320027 216.440381 21.425299 56.406306
68 302.423993 216.232479 21.424795 56.223623
69 302.647747 215.099504 21.293396 56.376315
70 302.700162 215.168403 21.426005 56.371450
71 302.718494 215.461181 21.327540 56.338554
72 302.727677 215.794473 21.120544 56.195412
73 303.061653 214.144391 20.801347 56.238855
74 303.183002 214.135801 20.934865 56.324494
75 303.209111 214.247672 20.962848 56.346860
76 303.354881 212.467814 20.547962 56.692614
77 303.031906 212.396768 20.850973 57.199755
78 302.433979 212.951616 20.301666 57.846209
79 302.410684 213.299205 20.352705 58.201525
80 302.476920 213.692203 20.413416 57.975220
81 302.524493 213.779797 20.427373 57.934537
82 302.652335 213.673311 20.343306 57.574697
83 302.757123 213.946101 20.364579 57.935801
84 302.820552 213.991246 20.463707 57.890090
85 302.819876 214.243238 20.389060 57.997699
86 302.880886 214.222116 20.439342 57.899112
87 302.957270 214.311379 20.398902 57.970927
88 303.273154 214.660516 20.306391 57.842518
89 303.434044 214.802424 20.404404 58.105604
90 303.590061 215.711825 20.275497 57.459345
91 303.696812 215.744439 20.444338 57.488169
92 303.904347 216.622666 20.278161 56.728862
93 304.058492 217.426902 20.278701 56.848150
94 304.310654 217.600255 20.162819 56.691510
95 304.446150 218.247747 20.374935 56.789988
96 304.643848 218.574635 20.255931 57.002177
97 304.796513 218.992497 20.229483 57.340465
98 304.933730 219.142137 20.420844 57.311193
99 305.106416 219.894811 20.195169 57.552846
100 305.319016 220.371468 20.266904 57.675080
101 305.445004 220.869980 20.153125 58.018787
102 305.669439 221.626847 19.873663 58.665158
103 305.575191 222.539631 20.073115 58.795062
104 304.477447 223.569695 19.956150 58.575791
105 303.570531 222.937927 19.601715 59.461230
106 303.695922 222.955508 19.860256 59.435017
107 303.620535 222.707734 19.914498 59.457553
108 303.405846 222.704714 19.832245 59.443685
109 303.611944 221.376733 19.713837 59.198867
110 303.687277 218.016670 19.593639 59.046894
111 304.719538 216.837959 19.808596 59.401848
112 306.722164 212.885728 19.401603 60.159818
113 308.237786 210.286931 19.001830 61.213894
114 308.793270 210.530700 19.259848 61.567707
115 309.207725 207.612511 19.313648 62.986163
116 309.506804 205.135472 19.259068 62.788234
117 309.717291 204.619160 19.410199 62.982591
118 314.214807 200.917956 19.509174 60.942236
119 318.872954 198.085901 18.788626 61.085571
120 320.771427 198.017414 18.383299 60.949127
121 321.180783 198.540665 18.235158 61.083846
122 321.433487 198.807533 18.393992 61.424387
123 321.656115 198.857982 18.398842 61.454396
124 321.816752 199.192725 18.337624 61.474100
125 322.181946 199.270458 18.379089 61.507551
126 324.100026 199.940303 18.118771 61.573174
127 324.950257 201.170789 18.105068 61.908964
128 326.017742 203.143536 17.942491 61.662256
129 325.718263 204.171600 17.698545 61.804665
130 323.852066 207.292827 17.879601 61.372873
131 322.888832 204.883786 17.719350 62.534307
132 319.731602 206.575729 18.122659 62.646937
133 319.318688 207.590232 18.398212 63.574676
134 319.192817 208.393556 18.400172 63.597034
135 319.213397 208.771604 18.431723 63.781906
136 319.172078 210.281069 18.193774 64.892349
137 319.245128 210.678081 18.397852 64.918513
138 319.368671 211.892453 18.299175 64.598709
139 319.747613 211.983852 18.364890 65.176287
140 320.345300 211.438578 18.303644 65.625219
141 320.860452 211.475313 18.345656 66.283817
142 321.147883 210.877011 18.374421 66.215650
143 323.428019 207.980366 18.233307 68.543802
144 324.291406 205.937286 18.343684 69.113870
145 327.929428 201.750803 18.140264 70.029335
146 330.353216 202.364724 18.093418 69.231542
147 331.102601 200.393802 18.623115 69.283396
148 329.037396 200.472248 19.517250 67.619013
149 325.995300 197.168352 20.971051 67.808745
150 323.912308 195.984518 20.811065 67.887771
151 322.041999 194.063967 21.214142 70.747289
152 320.409619 193.252584 21.919275 70.669710
153 315.163847 191.147272 24.752512 71.402714
154 313.532314 191.000779 24.226123 71.716438
155 313.330367 188.300860 23.902381 73.378561
156 312.833268 188.074236 23.674049 73.724006
157 310.661133 192.454433 25.519526 72.630132
158 308.431924 195.416594 25.812504 71.380830
159 307.593055 197.015013 25.772060 70.522700
160 305.973582 201.572533 25.308790 70.003411
161 304.844178 201.834174 25.494923 69.893078
162 304.406678 203.905868 25.195383 69.073821
163 304.293346 204.407056 25.202351 70.010826
164 304.365048 204.492432 25.268907 70.448284
165 304.482443 204.572579 25.477700 70.383204
166 304.485334 204.889273 25.246425 70.377974
167 304.608028 205.263244 25.404766 70.490470
168 304.649479 205.610862 25.451425 70.306716
169 306.494207 207.931143 25.216051 69.617668
170 306.928024 207.545607 25.532389 69.482565
171 307.249114 207.858999 25.830973 69.485819
172 307.712016 206.914246 25.391472 69.540752
173 307.431278 204.724920 25.315409 70.340058
174 307.516105 200.955144 24.741502 70.416589
175 306.418026 198.541862 27.042996 71.194249
176 306.646072 198.761306 27.420462 71.313026
177 306.159684 196.823689 27.557721 71.696561
178 306.796267 194.253851 27.237342 73.336655
179 305.975336 194.808311 27.672415 76.256029
180 306.230104 195.086944 27.878415 76.346395
181 309.187803 190.958795 27.956671 76.420642
182 309.536141 190.805403 27.848310 75.751062
183 303.753949 180.038764 30.241268 73.497813
184 289.996568 179.378468 29.701479 71.834710
185 284.695615 181.996988 28.307473 72.029804
186 280.324364 179.518922 26.993140 74.457669
187 277.404833 181.722534 25.220748 72.743846
188 276.858039 183.038657 25.036127 72.511332
189 274.877414 184.027001 24.333029 69.015039
190 274.223141 183.446044 24.675328 69.190441
191 273.372097 179.447176 23.734912 69.974213
192 270.432898 183.329597 24.180675 67.948878
193 267.657009 181.021270 23.566666 68.924324
194 265.528206 178.238183 23.789153 68.326830
195 264.170590 178.281897 23.944933 66.220291
196 262.786071 177.748467 24.091793 65.831814
197 262.954734 175.517972 24.140644 65.509713
198 264.344982 175.314990 24.241751 65.924834
199 264.578136 175.983679 24.270809 65.701451
