5 134.977677 38.622148 19.733992 23.249844
6 133.705943 27.897077 19.614828 23.159253
7 132.679291 21.048529 19.623802 23.661016
8 131.855021 18.918408 19.820345 23.982808
9 130.139068 20.431552 19.789717 23.819048
10 128.234558 26.711754 19.652416 23.421481
11 127.237081 36.111180 18.832906 23.909549
12 126.616380 50.555389 18.262053 24.087520
13 126.194736 68.564616 17.500981 24.443583
14 131.115819 73.935840 17.298885 25.296285
15 129.056597 75.485980 18.004541 23.887928
16 126.638091 69.610641 17.842984 24.910321
17 126.595829 52.010552 17.682419 25.081751
18 125.768235 34.131803 17.453198 25.781331
19 126.802839 19.089714 16.836484 26.701743
20 127.262886 10.472589 17.057047 26.825972
21 128.261653 5.351446 18.597746 26.761685
22 128.517368 5.520283 18.942913 26.791247
23 128.677766 8.432183 18.677580 27.085493
24 129.371256 14.305298 17.914801 26.999678
25 130.267130 27.779148 16.963145 27.467801
26 130.008599 43.807858 16.506328 27.187805
27 132.041193 66.700849 16.092423 27.998043
28 134.972905 73.297033 15.936433 29.017924
29 138.438828 57.712161 15.909689 29.468737
30 137.347727 48.186270 16.168459 28.758881
31 132.525535 55.229274 17.518484 28.563726
32 133.316076 56.557444 18.368923 26.583858
33 133.386124 43.821727 17.712218 27.220999
34 133.034794 34.516443 17.772891 27.107138
35 133.034931 28.703985 17.697594 27.020671
36 133.090760 28.535008 17.751672 26.347726
37 132.736786 29.663013 18.265559 24.885128
38 133.350329 35.679416 16.680663 24.478774
39 133.138770 45.184270 15.909379 24.425195
40 133.366783 57.518358 15.368816 24.256329
41 134.534145 73.441107 14.638623 24.798170
42 133.516289 94.089867 14.180594 24.664452
43 136.190848 114.347466 14.189294 24.552462
44 135.627612 114.883533 14.589510 24.224914
45 135.117009 96.530021 14.924339 25.557116
46 135.889144 80.498920 14.941394 25.817449
47 136.461725 68.054949 14.903086 25.992436
48 137.051232 60.021886 15.393029 25.775856
49 137.329731 54.325629 15.290325 26.606772
50 137.941186 52.287938 15.631496 24.776628
51 138.133769 52.573776 15.874973 24.941453
52 139.319001 55.285795 14.997015 23.652828
53 140.789809 60.640669 13.563330 23.368571
54 140.979273 69.159417 13.266786 22.821163
55 141.489348 78.539621 13.014795 22.430126
56 142.661807 90.948086 12.885220 22.454608
57 142.589068 105.414507 12.602763 21.876552
58 140.233546 118.795079 13.629692 20.697279
59 133.446075 120.878123 14.096377 20.326521
60 139.468324 117.431700 13.654982 19.890099
61 144.935149 117.531127 12.853175 19.798558
62 147.051002 115.530671 13.443515 19.377851
63 147.896136 111.823917 13.624977 19.043503
64 148.354146 109.797766 13.676228 18.850121
65 148.838314 104.742980 13.075273 19.916935
66 151.040184 99.329433 13.437307 19.296928
67 148.018291 93.733799 12.815352 20.020699
68 149.305441 86.402057 12.379918 20.062700
69 152.053277 79.269634 11.882265 20.763668
70 156.509784 78.975414 12.570090 18.448804
71 161.809703 73.812478 12.648687 18.867947
72 165.921816 71.007133 12.016004 21.028639
73 169.000679 68.617592 12.057227 21.292927
74 171.167283 69.863172 11.911925 21.138944
75 174.050846 71.488993 10.879759 21.511791
76 175.514619 75.981199 10.441943 20.946654
77 176.859849 81.390617 10.002014 19.917703
78 178.823663 89.382571 10.162929 19.447769
79 180.502227 95.807028 10.354032 18.805125
80 175.695934 108.589345 10.691508 18.422699
81 178.062650 114.859610 11.174171 18.290426
82 179.100848 119.103495 10.892331 17.046417
83 178.885823 115.640440 10.991730 19.239324
84 178.556207 112.388732 11.773371 18.989008
85 180.082673 108.353946 12.604169 19.140335
86 178.021184 107.116088 14.461884 18.408817
87 178.137913 104.072249 15.738258 18.528761
88 180.071851 101.569905 16.309247 20.072957
89 180.751575 100.469642 16.438017 20.707365
90 181.809761 101.606225 16.962731 19.954343
91 182.710814 103.454729 16.851870 19.887688
92 180.182779 105.448537 15.862997 21.279962
93 182.002115 96.883471 15.440404 21.866183
94 183.965358 91.650519 15.055000 21.936482
95 182.062854 84.576572 14.482223 23.588716
96 178.007879 75.648702 14.174070 24.132489
97 177.434926 63.270646 13.572261 25.986987
98 179.654093 60.981528 13.574341 24.940383
99 182.385312 54.599830 13.413438 25.234278
100 181.707195 49.811413 13.441753 25.607198
101 181.102544 47.338371 13.481388 25.505900
102 179.236718 43.973794 13.258288 26.193588
103 181.661384 38.743651 12.599684 28.005926
104 181.822154 35.145758 12.402002 28.392102
105 180.346416 26.158268 12.037353 29.230822
106 178.112330 21.998686 12.056683 29.243924
107 173.647627 20.788311 12.492996 28.453929
108 172.418987 12.589390 12.409555 27.549731
109 170.617150 12.798507 12.266495 27.883611
110 166.853134 9.952257 12.606987 26.689136
111 165.911455 9.716974 12.739509 26.874752
112 164.059724 8.516351 12.965854 26.193544
113 159.410586 10.338549 13.854265 23.973999
114 156.339424 21.823521 13.099776 26.894666
115 155.928041 25.587444 12.983031 26.169405
116 156.288118 30.087600 12.683635 25.343941
117 156.282117 34.619658 12.889255 24.746528
118 156.242963 34.630057 12.925721 24.777249
119 156.103900 34.465507 12.942063 25.084103
120 155.617763 36.265656 12.978836 25.022335
121 155.540727 36.430713 12.973912 25.366160
122 154.352059 37.026197 12.906371 25.216793
123 153.677459 37.389224 13.050865 25.163128
124 151.001825 39.994115 13.201771 24.476369
125 149.351290 40.110739 13.455470 24.657424
126 148.974210 42.978032 13.034617 24.709886
127 147.897676 43.621483 13.896250 24.527279
128 147.986562 44.499004 13.964967 24.507648
129 147.941689 44.778162 13.953243 24.997874
130 148.926652 46.037664 13.173061 24.382457
131 149.835948 47.206376 13.101189 24.493802
132 151.183117 48.434126 12.958383 24.141471
133 152.436398 49.533857 13.357444 23.118332
134 151.948432 52.004933 13.346831 22.157492
135 155.269807 51.442470 12.125516 23.574279
136 156.096474 51.272521 11.809278 24.077959
137 157.153627 49.016126 11.493413 25.128181
138 160.654800 43.576936 11.363237 24.057452
139 160.361659 38.727586 11.616633 23.276424
140 166.804797 37.442831 11.456451 24.173419
141 172.959655 34.038077 11.207043 24.776794
142 178.532674 32.267437 11.082494 24.599745
143 184.043260 30.931351 10.774967 25.761498
144 187.733226 28.170459 10.805853 25.217969
145 192.474180 27.683563 10.527699 26.140428
146 195.250354 26.497579 11.069881 25.093737
147 197.909631 24.277585 11.301473 25.239601
148 198.218279 23.738179 11.429073 25.071240
