141 136.312722 127.522876 36.101958 109.453928
142 137.473892 126.410693 36.674474 109.715977
143 138.973809 124.948987 37.321240 109.637456
144 143.032005 122.842341 38.447573 110.226520
145 150.747160 123.459956 39.348025 110.333603
146 155.284567 124.744861 39.492577 110.149192
147 159.728271 126.120381 39.681320 109.857329
148 163.011882 125.439653 39.780155 109.539224
149 165.778064 123.911254 39.337889 109.923100
150 169.425306 122.599163 38.917522 110.339077
151 172.898122 120.625043 38.537274 110.374143
152 175.215169 119.514943 37.979271 110.516197
153 177.519432 119.566533 37.062852 111.680295
154 184.191658 118.803700 36.793206 114.585677
155 188.711693 120.271701 36.841113 114.217037
156 190.516895 120.799686 37.306931 113.430171
157 193.250515 121.134652 38.507558 111.718396
158 195.120420 121.769629 39.785277 110.820854
159 197.287793 122.421863 40.632818 110.507258
160 203.013355 118.497556 41.679473 110.874161
161 204.219499 118.166118 42.011978 110.866021
162 206.335208 115.993759 42.575345 110.317291
163 207.176305 115.594127 42.790582 110.328319
164 213.145989 113.746685 42.832142 111.145675
165 213.699546 114.065900 42.716134 111.470046
166 217.675567 115.387762 42.799672 112.552713
167 225.145232 118.234626 42.939485 113.270674
168 230.988173 118.015563 42.302991 114.670275
169 234.038272 118.548832 42.160813 115.257407
170 235.279106 118.944125 42.206800 114.948152
171 235.708017 118.608645 42.268198 114.213736
172 237.927175 119.841671 42.673763 113.544330
173 240.240333 120.738866 43.290618 112.729794
174 244.917470 120.465992 44.361404 111.823075
175 252.369214 119.781336 45.587932 112.335629
176 255.559837 120.177121 46.024988 113.651960
177 259.934150 115.566542 45.960746 114.710010
178 261.511529 114.596326 45.340888 115.003701
179 262.974695 114.140830 44.427104 115.591248
180 269.934102 114.855492 43.457226 116.509799
181 272.831543 113.943253 42.408602 117.716354
182 279.874248 104.878265 41.880216 117.565024
183 283.048806 113.514716 41.592333 117.049755
184 286.007968 115.979231 41.815594 116.580233
185 288.294837 117.447295 41.892749 115.753569
186 290.462394 115.573746 42.211695 114.532372
187 292.791723 116.332562 42.874216 113.423698
188 295.544740 118.312651 43.567665 111.975097
189 298.443867 116.816699 44.476636 110.543230
190 301.676627 118.279900 44.966191 108.791472
191 305.040441 117.182741 45.436361 106.538852
192 307.397813 117.319609 45.338902 105.504354
193 310.561339 115.834308 44.856900 105.596587
194 315.636346 116.743454 44.090980 107.160674
195 320.691291 115.107807 43.964831 107.845436
196 324.668870 116.442047 43.484853 109.101402
197 327.020382 118.249699 43.136004 109.402731
198 330.884872 120.053465 43.220654 108.516691
199 334.702130 120.670370 43.567508 108.023978
200 337.224451 120.915609 44.158749 107.730078
201 338.570466 120.365177 44.796310 107.607088
202 339.774570 120.720861 45.216898 107.466008
203 342.436434 121.379069 45.950593 107.059728
204 348.392959 120.216533 47.119702 106.470807
205 349.177626 119.662064 47.375016 106.078449
206 350.467849 118.610248 47.353384 105.436601
207 354.866120 116.752035 47.051050 105.818987
208 357.784747 114.671852 46.754857 105.388929
209 364.423594 114.433985 45.790121 105.834452
210 365.888427 113.404396 45.350921 105.997377
211 368.263384 112.201313 45.137842 106.192732
212 373.625845 112.728061 45.005433 108.036444
213 374.998739 113.000002 44.833318 108.952599
214 382.799181 113.012081 44.680603 110.502511
215 385.344737 113.432638 44.092289 111.887062
216 387.809345 114.364368 44.126811 111.712960
217 389.149444 115.165452 44.163688 111.554233
218 391.501328 115.885335 44.502275 111.357865
219 393.942991 115.909536 45.048179 110.788137
220 397.225436 116.052766 45.393244 109.461478
221 400.156866 115.175247 45.138526 109.058335
222 403.262251 114.149201 45.073114 108.938385
223 407.097752 112.589301 44.241531 110.925875
224 412.150010 103.428407 42.890223 113.525938
225 414.220110 99.949960 42.002046 114.983786
226 416.579512 103.785035 42.091807 115.587944
227 421.450784 104.670159 42.126526 116.696287
228 423.556831 104.837257 42.157319 116.819798
229 425.217748 105.458306 42.368590 116.319580
230 427.959132 106.022026 42.954214 114.879906
231 431.099926 107.665788 43.393728 114.553808
232 434.444710 108.007895 44.364971 115.190013
233 435.961134 108.875511 44.880911 115.572666
234 436.887886 110.478306 45.168348 115.759028
235 438.745380 106.947512 45.503638 115.760876
236 442.904909 104.411016 46.010015 115.459624
237 444.568710 97.347090 45.665892 114.704578
238 447.642437 96.766054 44.930302 116.792022
239 451.483126 93.857827 44.016372 119.987847
240 454.510343 94.569014 43.983343 121.375242
241 461.230707 96.409411 43.626577 122.310654
242 464.806207 95.501491 44.500445 120.750299
243 467.148567 99.441442 44.880682 118.818356
244 468.877701 100.821604 44.992524 116.835730
245 470.865044 102.742414 45.200391 114.812828
246 472.134855 104.167831 45.235514 112.948816
247 475.160884 105.280477 45.396996 111.328923
248 478.140065 103.418586 45.384386 109.948008
249 478.864988 102.573888 45.039908 109.055862
250 479.946167 102.769537 45.063870 109.083492
251 482.301067 102.662394 45.064625 109.462840
252 486.245583 102.551469 44.633970 110.474552
253 490.149198 98.440481 44.156454 109.543736
254 493.763190 94.436711 43.648142 110.889729
255 496.667508 92.846280 43.137281 111.751035
256 497.888795 93.974204 43.043798 112.039114
257 500.887426 97.706823 43.030842 112.093372
258 503.784178 99.722146 43.662878 110.411401
259 506.618488 101.675412 43.909145 108.992662
260 509.054193 103.323609 44.029384 107.088506
261 509.347969 103.760790 43.864458 105.617482
262 510.161372 104.168967 43.285135 104.415069
263 512.488749 104.620129 43.444668 102.685614
264 515.373206 103.218594 43.894201 101.513175
265 516.498289 102.739941 44.014103 100.784537
266 517.812818 102.397164 44.408702 100.169996
267 521.022375 100.770458 44.772037 98.679798
268 523.260932 100.384035 44.759331 98.364293
269 528.222364 95.480019 44.521033 98.871356
270 529.412639 93.295858 44.551301 99.468613
271 531.071153 92.067536 44.533740 98.873210
272 534.311780 89.017024 44.870960 98.054890
273 535.133346 84.873156 44.760354 97.574862
274 536.557647 82.601135 44.946603 98.027057
275 540.458299 85.674596 45.124950 98.794445
276 541.815662 85.603496 45.326889 99.724045
277 542.810452 86.478154 45.405728 100.360179
278 544.454047 87.213693 45.271267 100.161018
279 547.454621 87.132877 45.324381 102.000500
280 548.052428 85.341911 44.457017 104.073395
281 549.265788 85.048014 43.644117 104.528886
282 550.024344 84.083363 43.295770 103.346638
283 550.720153 81.968594 43.062837 101.533657
284 551.905551 80.495658 42.768423 100.535115
285 552.846961 81.109282 42.303348 100.266014
286 555.950251 81.369591 41.850735 100.573043
287 556.614790 80.745837 41.449467 101.512168
288 557.984398 81.042889 40.855471 102.929436
289 558.821296 80.933608 40.511097 102.926417
290 560.580811 80.554437 40.348474 103.242610
291 560.781362 80.622324 39.885377 103.042605
292 563.519482 80.690429 39.573280 103.355288
293 564.286086 79.530943 39.774343 103.028179
294 565.218130 78.858305 39.637934 103.281728
295 566.553572 77.709492 39.874308 102.847489
296 568.331646 75.724890 39.574224 103.945994
297 569.037369 75.564716 39.720844 103.794743
298 569.757880 75.288851 39.904194 102.978419
299 570.247735 74.817492 39.764458 102.213873
300 570.654192 74.752570 39.771284 102.140010
301 570.969045 73.494179 39.872519 102.008476
302 570.793320 72.930758 39.751028 101.545421
303 571.454221 71.865285 40.070412 101.632525
304 571.837058 71.224648 40.462807 101.333950
305 572.235251 70.778658 40.645231 101.226570
306 573.023272 69.579145 41.416940 101.313906
307 573.056232 69.207784 41.644123 101.153792
308 573.067498 68.427743 41.983932 100.734110
309 572.940453 67.986609 41.901819 100.288096
310 573.137244 66.917980 42.107530 100.131143
311 572.549006 65.584327 42.544726 99.544121
312 572.681999 63.784983 43.303396 99.362125
313 572.281207 63.084818 43.719826 97.706914
314 572.152809 63.452997 43.861029 96.636020
315 572.325570 63.407273 43.960455 96.496728
316 572.828323 63.213162 44.186169 96.526900
317 573.187329 62.991417 44.646738 96.871324
318 573.327059 62.394117 45.080275 96.959820
319 572.779062 61.396951 45.628330 96.891555
320 572.621668 61.322132 45.958853 96.769210
321 572.395114 61.007557 46.089001 96.667948
322 571.880559 60.653863 46.488290 96.427034
323 571.388197 60.144348 46.434044 96.039940
324 571.113898 60.602957 46.452009 96.500308
325 570.984851 60.010953 46.337521 96.884529
326 571.532037 59.726591 46.505690 96.877651
327 571.116735 56.195621 47.034599 96.655774
328 570.607343 54.391654 47.641479 96.550331
329 569.620506 53.570486 47.900766 97.131697
330 569.248550 52.773771 47.784915 97.741064
331 568.873003 53.682248 47.698899 97.856726
332 568.290616 52.816709 47.617582 98.078848
333 568.342251 51.322415 47.779484 99.723124
334 568.504998 52.019806 47.855569 100.209527
335 568.043659 52.062848 47.630406 100.584789
336 568.120009 51.819561 47.855143 100.664538
337 568.015329 51.261377 47.742879 100.393350
338 568.236559 51.187728 47.797234 99.735048
339 567.845741 50.426659 47.666190 99.419632
340 567.559751 46.245260 47.493935 101.902587
341 566.719362 43.485395 46.665386 103.729288
342 566.704705 42.234056 46.668328 103.635089
343 566.684973 42.084539 46.739582 102.726333
344 566.198247 39.642385 46.607331 103.161458
345 566.057723 38.695935 46.587167 103.962400
346 566.738323 35.602366 46.706362 106.519727
347 566.138316 33.539893 46.682996 108.696646
348 565.795521 32.605719 46.715416 109.001970
349 565.216122 29.637850 46.838719 110.469033
350 565.284100 26.489094 47.049614 111.174328
351 565.105955 26.056446 47.606472 112.281092
352 564.648296 20.118532 48.183430 114.567452
353 564.809797 19.483473 48.581288 114.445123
354 565.490421 16.354806 49.273885 115.161737
355 565.987778 14.715318 49.742084 117.240107
356 566.663743 12.022757 50.180962 117.938556
357 567.083945 8.943068 50.553063 118.624016
358 566.488946 7.106153 50.722983 118.497513
359 566.684207 4.543518 51.378538 118.739548
360 566.406750 4.197971 51.433575 118.955456
361 565.725802 4.359543 51.285626 118.639150
362 564.850449 4.772617 51.057731 118.281887
363 563.888510 5.818677 51.088521 118.482902
364 563.542149 6.572315 51.017843 118.337604
365 562.712468 6.532275 50.951424 118.082042
366 562.956099 6.129540 50.533837 119.095000
367 563.142746 6.119480 50.554734 119.292306
368 563.419070 6.209657 50.487440 118.838741
369 563.031303 6.895962 50.068397 118.197163
370 563.826502 7.362228 50.256821 118.046128
371 563.760514 7.348944 50.415765 117.912770
372 563.707069 7.214244 50.679482 117.534679
373 562.579246 7.121153 50.731286 116.209838
374 562.617202 6.039262 50.910432 115.331557
375 562.436975 5.450481 50.880688 114.379924
376 562.766150 6.104937 50.878640 113.287163
377 562.376074 6.900652 50.922457 112.364195
378 561.298415 7.547799 50.630387 111.107714
379 561.635580 7.441032 51.063032 110.451216
380 560.943305 6.026404 51.483468 108.571116
381 560.447045 6.579428 51.371974 107.947714
382 560.022067 7.633531 51.162556 106.946167
383 559.382455 7.655386 51.110861 105.687980
384 559.181461 8.454416 51.074845 104.483557
385 558.963115 7.387457 51.149614 103.272381
386 557.612928 8.912658 51.050197 101.348901
387 557.582755 8.474399 51.279683 100.595070
388 558.401256 8.202175 51.394466 100.503311
389 558.823602 7.942175 51.563127 100.456402
390 558.985895 6.805639 52.220708 100.642731
391 559.228994 6.541119 52.728382 100.779887
392 559.193466 5.726979 53.158508 100.722465
393 558.342456 4.473627 53.547208 100.909815
394 558.197930 4.223973 54.262766 100.786702
395 557.846886 4.808904 54.596016 100.467990
396 557.480473 4.754392 54.948956 99.856890
397 556.544800 4.719255 54.792778 99.836555
398 556.217876 5.002451 54.746806 99.495430
399 555.758345 3.854159 54.884550 99.790583
400 555.439511 4.504717 54.868896 99.672484
401 555.081344 4.205089 54.880965 99.357057
402 554.883411 3.275493 54.927412 98.411766
403 553.762111 2.610617 54.678408 97.033480
404 553.427547 2.285666 54.698125 95.962462
405 553.226164 2.966105 54.858941 95.225427
406 553.819754 3.784944 55.234317 94.694721
407 553.491831 3.653977 55.546596 93.882375
408 554.004136 4.021354 56.037897 92.785256
409 553.857390 4.285360 56.484444 92.023349
410 552.817480 4.393961 56.346553 91.591788
411 553.017923 4.515720 56.505868 91.300978
412 553.282156 4.570383 56.853757 90.425732
413 553.249388 4.586627 56.708854 89.475387
414 552.735815 4.417048 56.584618 88.172829
415 552.757404 4.630244 56.776716 87.340215
416 551.945188 4.604957 56.675754 86.358306
417 551.743168 3.661410 56.735378 85.595800
418 551.248859 3.522889 56.579598 84.960890
419 551.132066 2.533701 56.597120 84.083943
420 550.639885 2.596780 56.381629 83.456354
421 550.662684 3.839602 56.197180 83.195938
422 551.155561 4.560025 56.260392 83.170949
423 549.546219 4.816401 56.183079 83.116927
424 548.519020 4.655686 56.047381 83.246150
425 548.594531 4.011768 56.303272 83.113611
426 547.812771 3.178632 56.152403 82.584079
427 550.235807 4.394904 56.953799 82.543058
428 549.289877 3.708098 56.767132 83.042538
429 549.022987 2.103542 57.135157 82.296974
430 555.839561 1.590047 59.147035 81.892994
431 579.770853 1.211863 60.229147 83.878692
432 582.029310 0.351737 57.970690 88.705610
433 583.183578 0.868427 56.816422 94.466199
434 585.433004 0.792722 54.566996 100.401343
435 587.988539 1.454180 52.011461 107.253053
436 590.465867 2.088731 49.534133 112.804635
437 591.645045 2.013962 48.354955 115.186249
438 592.715564 2.668564 47.284436 116.506881
439 593.225557 2.584110 46.774443 116.949220
440 594.015395 2.935046 45.984605 117.469662
441 594.249661 3.189843 45.750339 117.613116
442 594.660717 3.392749 45.339283 117.987959
443 595.024239 3.295328 44.975761 118.099052
444 595.457476 3.699622 44.542524 118.684800
445 595.806483 3.802504 44.193517 118.928089
446 596.281247 3.536050 43.718753 118.729492
447 596.602401 3.526160 43.397599 118.767754
448 597.283668 3.984544 42.716332 119.141956
449 597.563346 4.282123 42.436654 119.301577
450 597.490675 4.737791 42.333105 119.211990
451 597.512684 4.606385 42.346227 118.925980
452 597.489835 4.252045 42.345803 118.395045
453 597.473485 4.410877 42.371443 118.174451
454 597.334161 4.309727 42.385185 118.387882
455 597.490379 5.149242 42.398429 118.631273
456 597.818799 5.501504 42.181201 118.957289
457 597.743576 4.427963 42.256424 118.431071
458 597.757541 4.170872 42.242459 117.898027
459 597.994469 4.474411 42.005531 117.723229
460 598.671103 5.979151 41.328897 118.219232
461 599.383691 6.772848 40.616309 118.598127
462 599.797252 5.586658 40.202748 118.733923
463 601.020918 6.154966 38.979082 119.206910
464 602.001497 6.893981 37.998503 119.761360
465 602.115529 4.994564 37.739751 119.523731
466 602.470790 5.102756 37.529210 119.554785
467 602.806673 4.624087 37.193327 119.125883
468 603.234621 7.430730 36.765379 120.321630
469 603.061614 4.836384 36.819345 119.533352
470 603.121755 4.531052 36.796502 119.355829
471 603.225882 4.395728 36.774118 119.008855
472 603.226462 4.167860 36.773538 118.939855
473 603.161649 3.491923 36.837690 118.224037
474 603.214945 3.699570 36.785055 118.044777
475 603.272638 3.968616 36.727362 117.997912
476 603.402315 4.317350 36.597685 117.653211
477 603.175849 5.020310 36.706580 117.723589
478 603.379070 5.674837 36.620930 117.901606
479 603.476907 7.673768 36.523093 118.670002
480 603.133021 6.100238 36.713099 119.135305
481 603.192554 5.190690 36.787243 118.915484
482 603.306837 5.035974 36.693163 118.752399
483 603.448946 4.681346 36.551054 118.575126
484 603.494706 5.205158 36.505294 118.898542
485 603.558989 5.619426 36.441011 118.632863
486 603.456449 5.795805 36.318432 118.389399
487 603.702097 9.770838 36.297903 119.316489
488 603.852870 10.414630 36.147130 119.596214
489 603.979821 10.151646 36.020179 119.779959
490 604.198005 10.279485 35.801995 119.879642
491 604.237440 10.661655 35.762560 120.690445
492 604.018536 9.612296 35.764704 120.574569
493 603.869815 8.705303 35.795196 120.564108
494 603.869190 7.767208 35.805758 120.169592
495 603.953088 6.949969 35.839073 119.823743
496 603.747402 5.747210 35.802222 119.241446
497 603.873745 4.757850 35.856417 118.796910
498 603.923361 4.295817 35.894480 118.202083
499 603.956014 4.087810 35.903065 117.896242
500 603.713981 4.024460 35.840051 117.264351
501 603.686489 3.790370 35.882295 116.851046
502 603.620035 3.417206 35.909895 116.349015
503 603.586651 3.360063 35.919366 115.833593
504 603.527734 3.371990 35.905147 115.472645
505 603.499926 3.670470 35.877236 114.913829
506 603.441006 3.500506 35.914535 114.454642
507 603.386712 3.563729 35.912326 113.983089
508 603.356328 3.849352 35.887368 113.879583
509 603.354298 4.354933 35.857904 113.873152
510 603.399417 4.806299 35.860300 113.780997
511 603.515193 5.306579 35.891057 113.726355
512 603.589777 5.177796 35.836929 113.600681
513 603.593263 4.845636 35.841232 113.360863
514 603.658794 5.483745 35.790961 113.214522
515 603.706926 6.141467 35.788221 113.335927
516 603.715276 5.747580 35.794551 113.084215
517 603.709867 5.781073 35.799348 113.256022
518 603.722316 5.098471 35.835439 113.125445
519 603.781107 5.403662 35.844471 113.210480
520 603.763659 5.604492 35.814707 113.160250
521 603.764331 5.409342 35.808163 113.055147
522 603.821973 6.119989 35.843019 113.231976
523 603.969758 6.241164 35.845273 113.471024
524 603.703318 5.820881 35.738996 113.156759
525 603.731810 5.362398 35.853262 113.149496
526 603.681595 5.655266 35.817941 113.198849
527 603.681318 5.049256 35.829049 113.336268
528 603.599006 5.039046 35.824231 113.061863
529 603.461854 5.109022 35.828519 113.117148
530 603.340867 5.018786 35.817390 113.016802
531 603.335660 5.310821 35.825983 113.046839
532 603.354881 5.670771 35.815627 113.061679
533 603.331024 5.545754 35.778378 112.879567
534 603.336777 5.351505 35.844260 112.585417
535 603.346638 5.204782 35.874028 112.724945
536 603.336687 5.523889 35.890602 112.760573
537 603.348942 5.608099 35.873274 112.583870
538 603.272868 5.542742 35.902685 112.647166
539 603.308162 5.165753 35.922524 112.930750
540 603.301811 5.401063 35.893824 113.074396
541 603.209016 5.099575 35.847913 113.020012
542 603.252101 6.187256 35.807420 113.496623
543 603.438115 6.290086 35.860992 113.468415
544 603.496380 6.498712 35.827592 113.452936
545 603.567878 6.882175 35.804558 113.315009
546 603.718014 6.938588 35.810019 113.208520
547 603.968253 7.220291 35.844312 113.460416
548 603.893494 7.170435 35.779230 113.530919
549 604.013289 9.121945 35.750494 114.745436
550 603.962417 10.148426 35.792957 115.112595
551 603.945534 10.244536 35.745503 116.121573
552 603.773561 8.790502 35.780272 116.258573
553 603.831058 7.384249 35.838353 115.707724
554 604.000716 7.265879 35.823093 115.726510
555 604.082073 7.805398 35.893189 115.791464
556 604.152190 8.249017 35.822040 116.034189
557 603.827668 7.445948 35.705721 115.886383
558 604.311456 8.857966 35.688544 116.191267
559 604.381546 10.716576 35.618454 116.967644
560 604.450254 10.845433 35.549746 117.311347
561 604.545732 11.250369 35.454268 117.549820
562 604.557399 10.614684 35.279825 117.936570
563 604.671831 8.920027 35.309651 117.904802
564 604.283334 7.438571 35.197287 118.180071
565 604.461792 7.501329 35.344370 118.382079
566 604.414532 6.425417 35.308233 117.980796
567 604.673749 7.721063 35.326251 118.890624
568 604.018896 5.418922 35.238744 119.200878
569 603.914196 5.109880 35.319725 118.756407
570 603.851507 5.682947 35.328732 118.673293
571 603.842972 6.534674 35.286149 118.625986
572 603.706099 5.218197 35.362467 118.035659
573 603.717242 5.143702 35.327603 117.834437
574 603.925295 5.533869 35.363656 117.827137
575 604.123160 6.422975 35.388582 118.068966
576 604.119023 6.181732 35.366630 118.599918
577 604.020690 5.305647 35.355549 118.159792
578 603.948398 5.178155 35.375976 117.931507
579 604.134751 7.447234 35.433129 118.294528
580 604.034028 5.778848 35.366261 117.890015
581 604.059635 5.302710 35.356301 117.598767
582 604.155038 5.451280 35.366132 117.722515
583 604.207177 5.834057 35.339444 117.710603
584 604.142648 5.227347 35.344468 117.148132
585 604.124034 6.119256 35.298608 116.994557
586 604.249868 6.260180 35.378462 116.897224
587 604.247781 6.141799 35.405516 116.503548
588 604.271363 6.337371 35.363131 116.669623
589 604.398650 7.837702 35.373135 117.142387
590 604.468442 7.979995 35.328534 117.062626
591 604.650494 8.417226 35.349506 117.274822
592 604.538610 7.657706 35.286225 116.731857
593 604.622981 7.558648 35.327889 116.603808
594 604.953053 9.145256 35.046947 117.375544
595 605.115618 8.213742 34.884382 118.355755
596 605.020374 7.245242 34.845602 118.093038
597 604.980016 7.113014 34.820073 118.306877
598 605.033604 7.051169 34.863582 118.364704
599 605.068139 7.222403 34.917597 118.631182
