2 552.970331 127.507412 76.589393 104.300392
3 554.050750 127.816101 77.120540 104.346675
4 560.043430 166.123388 80.374957 110.363963
5 512.552045 213.567168 81.152010 109.226660
6 507.871732 218.406160 80.273753 107.867195
7 509.795041 228.760426 79.245389 112.679738
8 510.814445 227.921897 78.606196 113.287162
9 522.318731 194.214911 79.839381 115.731161
10 520.091424 197.817435 79.478958 114.969467
11 519.146099 200.086993 78.743910 114.930199
12 465.407840 254.450800 79.665631 115.915020
13 437.131596 272.640117 80.028519 113.038636
14 438.355016 374.014949 84.779065 116.247248
15 452.026581 370.477729 90.585352 117.426627
16 448.773543 325.803923 96.867317 113.295354
17 431.996600 323.938903 96.956823 118.108188
18 431.521905 323.147008 97.140550 120.948065
19 407.794436 337.989514 99.359453 127.324397
20 409.277422 337.918751 100.262361 132.624794
21 430.191180 332.181130 98.710118 146.597088
22 448.944695 332.383602 100.506050 152.706867
23 450.320991 330.340304 101.579135 155.859134
24 444.536374 322.962571 101.846603 158.950827
25 423.370099 317.283292 102.623765 159.064300
26 426.763499 314.040806 103.853949 163.720831
27 427.685707 311.451720 104.726772 167.374081
28 427.844381 308.248219 105.418137 170.755534
29 429.351370 310.624146 105.771936 176.118898
30 411.196633 306.594666 109.808718 172.994873
31 374.221979 353.173621 111.725393 174.554049
32 395.313743 352.305992 109.240434 190.803357
33 396.791699 351.522462 108.204198 194.531814
34 382.461224 342.852061 106.626164 196.844611
35 380.466214 329.523520 105.964691 196.262999
36 376.851345 322.079567 103.998898 195.385653
37 356.411237 322.166227 103.781894 196.339787
38 356.186096 320.917969 103.456710 195.850107
39 355.388344 318.963440 102.570793 195.691086
40 369.659901 321.289815 104.694333 201.260046
41 387.220893 324.368697 105.180655 208.838469
42 399.443287 329.981313 105.580661 213.310828
43 398.316513 328.084761 104.786057 211.804707
44 417.475132 319.446285 105.746903 220.294705
45 424.497398 317.813996 105.022758 223.202964
46 432.173849 338.840942 103.731320 229.824485
47 435.463951 307.210752 102.564205 230.903208
48 435.713095 301.065668 101.755986 228.499411
49 458.760317 175.839747 109.476423 230.108090
50 442.691295 35.692281 117.894196 233.109088
51 420.230003 0.000000 128.195786 170.025535
52 409.840941 0.000000 144.037673 115.953691
53 365.062521 8.366529 148.187232 113.002959
54 244.925926 0.000000 151.225779 107.493325
55 272.172751 0.000000 150.100218 93.548255
56 282.450230 0.000000 147.737373 85.884208
57 282.950733 0.000000 150.660137 71.062051
58 285.833946 0.000000 150.790718 59.927205
59 291.957520 0.000000 151.048191 52.571039
60 277.173514 0.000000 152.662153 45.986153
61 286.193018 0.000000 154.470182 43.538598
62 270.490544 0.000000 158.811335 40.637779
63 279.659487 0.000000 165.137152 41.486072
64 232.039511 4.470366 170.211780 41.021520
65 234.397871 7.747107 173.165599 41.481011
66 282.723270 11.931054 177.680236 44.723734
67 292.789954 13.013938 175.914954 46.920487
68 296.004150 17.698254 173.636962 49.137617
69 312.526246 18.126729 177.456881 50.631648
70 239.053442 18.871393 177.905804 52.437838
71 257.496793 15.994467 177.598150 53.647228
72 228.698578 21.238616 174.435310 57.189369
73 230.424840 21.438193 175.104490 61.028371
74 212.729303 32.949310 174.611350 66.517761
75 200.422482 14.852560 175.581247 72.968822
76 213.706385 17.981348 179.631019 77.873572
77 230.683444 15.178275 185.500854 83.420871
78 234.063196 8.867056 189.737593 87.634113
79 223.411136 10.182587 188.144423 91.615099
80 232.063251 10.891762 188.564779 93.771370
81 246.398696 12.312547 191.614977 95.757341
82 256.874475 13.364990 193.087692 96.397490
83 276.966401 18.157462 194.264616 97.204993
84 285.574280 21.430090 191.735138 98.419023
85 318.223843 29.180517 192.146979 101.557487
86 337.269448 36.690807 188.676173 105.998441
87 338.294444 41.057979 184.716058 107.652606
88 339.623337 42.818827 181.161762 108.958427
89 334.676916 48.036582 176.425517 109.388593
90 337.327919 48.354957 172.539028 109.397531
91 339.268514 50.100201 170.043111 109.266229
92 345.650270 52.372540 168.252734 111.129234
93 350.798455 54.519719 165.349624 112.972283
94 355.239883 68.004405 159.522805 116.263642
95 359.425898 69.253146 157.659042 117.165618
96 370.127402 59.852474 155.667518 120.057729
97 376.907542 63.001702 152.539022 122.560820
98 382.448985 65.742903 149.838346 124.534867
99 387.328921 66.022933 147.350664 125.977331
100 402.047526 61.232170 145.487196 128.933238
101 411.216392 65.135775 144.648099 132.633821
102 432.511869 89.422172 145.008587 140.815013
103 440.753425 125.022145 143.798204 148.183258
104 440.521527 128.170276 142.910987 148.401170
105 426.561422 131.244418 145.520122 148.825664
106 418.028010 135.137532 145.648463 152.018754
107 419.550028 137.204059 144.928060 152.413997
108 421.441801 138.766591 144.030686 152.832007
109 424.782831 146.126687 142.921660 154.753222
110 416.389506 149.977197 140.815382 157.165985
111 413.240610 172.534838 139.875470 160.427943
112 429.027040 226.516402 138.696833 170.406211
113 441.982717 244.033061 141.884495 171.257243
114 460.718935 283.642449 143.705623 172.167559
115 448.789752 308.525857 142.127071 169.804424
116 421.846373 381.200845 141.923980 172.123314
117 419.571136 381.060269 140.088969 173.546128
118 419.463521 381.589820 138.785910 174.933915
119 420.129402 380.962267 137.521988 176.180351
120 413.022069 389.600303 140.045114 174.080812
121 423.087886 413.439778 148.235140 178.491908
122 449.847098 408.413859 150.987559 176.202530
123 464.124650 403.237074 156.600902 174.445006
124 478.756192 399.503133 165.241326 172.965393
125 483.519422 399.367849 169.892582 173.919869
126 486.644136 399.722253 173.475717 175.234240
127 486.086193 400.623779 175.696316 176.023148
128 484.268850 401.046881 177.364400 176.289554
129 480.575717 408.278283 180.342926 177.612854
130 479.375689 410.383948 181.578351 177.958784
131 479.744209 410.837115 183.387916 177.794674
132 480.535116 411.748435 184.947847 177.338129
133 480.097420 411.889075 185.828840 176.529839
134 483.796992 412.742218 188.069710 177.186710
135 523.284978 409.758822 185.444220 180.848387
136 569.658944 409.354698 181.304006 185.832988
137 636.946538 406.417364 184.031400 190.368191
138 657.225896 406.468162 187.797278 190.455462
139 668.211578 401.658904 187.427659 190.178826
140 707.459677 393.919882 186.817682 189.609502
141 709.257728 393.961040 184.674903 189.109538
142 703.324946 373.886319 179.399785 195.644415
143 702.104137 368.107470 174.750699 202.587945
144 717.656961 361.178618 175.279162 205.587699
145 720.991450 364.026800 174.692064 204.548419
146 715.423508 371.846630 173.159471 200.647326
147 717.664586 372.968470 172.765992 197.229774
148 720.153069 373.656995 171.655062 194.277659
149 733.627908 378.454358 172.344746 189.273848
150 748.830558 392.979207 176.272993 185.208746
151 754.616514 402.922619 177.534146 180.432997
152 766.178052 416.203636 179.933473 173.405014
153 766.952017 439.094584 181.282019 166.876404
154 769.062063 521.881277 188.158404 164.530331
155 770.075117 508.428580 205.691473 160.482404
156 776.728332 550.786102 217.722859 160.346231
157 819.629395 536.666225 237.843277 155.847911
158 779.082012 557.426073 245.791070 150.656945
159 767.872694 570.438950 260.268549 143.194831
160 775.996456 568.437856 279.545977 136.819153
161 770.189391 562.419535 296.033024 133.634323
162 760.581729 555.445190 314.506510 130.715526
163 742.722544 519.050349 335.735216 131.575256
164 800.353635 517.816026 354.996403 136.450073
165 869.256515 518.167042 364.063592 144.271410
166 936.730263 510.117107 343.269737 154.530977
167 962.258228 522.207528 317.741772 169.695492
168 1002.816314 501.936934 277.183686 181.373813
169 1029.851515 481.754230 250.148485 192.339360
170 1047.788549 460.597019 232.211451 204.136378
171 1060.865305 460.170923 219.134695 214.699520
172 1064.519805 455.438003 214.055162 217.260412
173 1068.551415 465.358039 209.481616 220.209447
174 1077.108436 484.852486 202.891564 223.308495
175 1078.827085 484.491701 201.172915 222.396009
176 1081.728485 482.736728 198.271515 221.504435
177 1084.589089 486.849635 195.410911 221.618869
178 1087.508543 489.370639 192.491457 221.365848
179 1087.295673 486.476379 192.704327 220.570486
180 1088.043773 485.574930 191.956227 221.308166
181 1087.603153 486.121821 192.396847 221.397908
182 1087.521422 486.055122 192.448367 220.598496
183 1087.240894 486.178345 192.420105 220.062457
184 1085.069639 483.635126 192.076356 219.203865
185 1086.001681 483.169015 190.924359 220.579125
186 1088.738044 482.792111 188.972122 222.392494
187 1089.598537 480.791130 187.267544 222.334140
188 1091.703328 478.683374 185.369280 224.056804
189 1094.824059 479.782310 183.867665 226.882718
190 1096.257694 477.794376 182.153149 227.025177
191 1098.218654 476.430410 180.319801 228.250696
192 1098.676458 474.670068 178.952409 228.962622
193 1099.914609 473.350870 177.435882 230.060312
194 1098.874737 471.372187 176.468391 230.884073
195 1097.029161 470.141292 176.802233 231.295751
196 1096.112575 467.069723 177.064262 232.148970
197 1096.516311 464.560596 177.002731 233.670343
198 1096.650835 461.486081 176.721105 234.749482
199 1097.459239 458.806661 176.047831 235.013346
200 1107.399846 460.281866 172.306826 241.841914
201 1107.884550 456.807517 172.115450 245.437951
202 1109.444387 450.844363 170.555613 245.205363
203 1111.612790 449.873350 168.387210 245.622589
204 1113.509872 449.292449 166.490128 245.732423
205 1115.679159 444.919451 164.320841 248.394156
206 1114.909541 446.216963 165.090459 248.527467
207 1115.267401 445.381075 164.732599 248.787065
208 1116.339048 445.240259 163.660952 249.308123
209 1115.102544 444.065707 163.674870 248.921492
210 1114.577969 440.204161 163.486953 247.497904
211 1113.949033 438.441513 163.589751 247.767616
212 1115.152499 440.101686 164.267957 249.040661
213 1115.203910 439.549276 164.751140 249.962832
214 1116.448575 439.754315 163.551425 249.992430
215 1114.249639 435.479679 163.538878 252.769399
216 1111.408163 418.768442 164.634705 256.274297
217 1113.580400 421.682334 165.920794 256.767856
218 1114.260382 422.705966 165.739618 257.123993
219 1116.231829 421.535372 163.768171 259.602605
220 1109.303214 415.002070 167.574096 264.696683
221 1106.109186 416.200548 170.770117 271.138039
222 1100.397739 416.280497 175.889014 274.292687
223 1098.544269 420.960811 179.352326 278.560133
224 1099.106410 420.737969 180.678503 281.292690
225 1096.422782 419.492227 182.481995 283.230905
226 1090.187778 390.858395 185.805090 286.767719
227 1091.225418 394.898706 187.276150 289.868437
228 1092.220398 402.581462 187.779602 293.631638
229 1093.226020 395.731969 186.773980 297.616821
230 1080.874667 311.709874 194.473171 299.118066
231 1044.531646 323.728692 199.466504 286.712020
232 1012.719187 344.176494 203.884449 279.775104
233 991.588326 341.846897 201.657905 274.327734
234 984.969265 349.153362 198.684406 270.391385
235 980.155165 355.903536 197.784385 265.953272
236 982.109668 342.445064 199.171146 261.371022
237 969.025858 435.574760 199.419997 259.260565
238 966.851019 440.655976 203.928341 255.395668
239 951.036244 450.892143 210.735043 249.927604
240 966.563402 457.185183 217.851660 247.750616
241 977.352841 464.250333 224.616460 241.059164
242 1003.962450 466.507783 231.364893 238.856095
243 1018.932831 469.244330 235.386479 237.789177
244 1021.848525 469.728198 239.159575 237.267304
245 1026.778584 466.927834 244.810782 240.621172
246 1020.280413 465.099373 246.803394 243.553277
247 1020.974229 460.973241 248.857795 245.600021
248 1020.982724 458.237268 250.014272 247.561723
249 1025.839638 448.474639 249.410231 256.009855
250 1024.015050 442.088927 246.894169 265.858709
251 1026.369905 441.027474 244.841610 272.986389
252 1033.044730 443.143986 241.309039 276.856014
253 1038.047107 443.164506 238.370101 276.835494
254 1039.953422 441.366650 236.826811 277.695263
255 1040.990547 434.800403 235.489639 280.223693
256 1043.063800 433.545334 233.967194 281.695055
257 1041.033092 431.748853 232.834615 282.915512
258 1039.130462 430.658882 231.985629 283.125715
259 1039.474880 430.454209 230.453136 281.926304
260 1042.866721 430.673651 229.084687 282.633304
261 1046.251852 432.466150 227.486117 281.153319
262 1051.047262 428.504129 227.428631 281.962864
263 1056.289965 428.698837 223.710035 281.951551
264 1062.685055 405.956432 217.314945 284.959239
265 1062.677366 381.449944 215.659805 291.185288
266 1065.404977 365.168461 212.611693 307.656923
267 1067.626547 364.803896 211.624640 313.548988
268 1070.341413 360.534826 209.658587 319.993192
269 1066.647889 346.897009 210.961594 331.451859
270 1066.484651 341.313746 210.953286 339.108994
271 1063.816751 338.696282 211.496876 342.004121
272 1059.741077 315.887509 214.687226 343.886771
273 1055.366562 324.304374 218.026831 341.455667
274 1052.668874 332.793726 219.570416 339.319541
275 1052.446226 330.502448 219.707433 337.102983
276 1051.994724 324.300733 219.005152 333.070235
277 1053.461347 321.707612 218.549269 327.204415
278 1053.719868 321.052159 217.729359 320.744963
279 1053.048439 322.166792 216.657053 313.822703
280 1054.423115 338.941242 216.932608 307.735338
281 1041.629605 350.071328 223.458009 298.030717
282 1032.124404 354.502402 227.597043 292.145329
283 1025.054688 356.823494 230.511460 287.600443
284 1018.322614 356.519714 234.205600 279.404242
285 1022.478120 359.744279 236.669566 276.893495
286 1018.874530 383.113403 241.907726 273.649560
287 1020.986057 387.134745 239.195369 272.235239
288 1017.750030 399.084115 237.431793 269.278080
289 1021.420474 422.189122 236.966088 271.835831
290 1035.584954 422.367314 240.605235 272.895706
291 1037.181104 429.203338 239.119704 276.014980
292 1037.701549 431.835402 236.401526 273.786976
293 1038.111340 434.714353 233.543863 271.833976
294 1047.663571 439.820349 230.958678 271.750795
295 1056.915951 437.569385 223.084049 277.493444
296 1059.555733 434.953620 219.359955 279.531531
297 1061.236437 432.926935 216.328502 279.586786
298 1063.667412 430.489837 213.472946 280.060816
299 1066.853612 427.685037 209.805618 283.091193
300 1067.099484 426.818680 208.385330 282.048104
301 1068.974167 425.745613 206.876443 281.322544
302 1070.756261 426.191741 205.189587 279.990104
303 1073.591730 426.815034 203.411911 278.914942
304 1076.341284 428.182897 201.741255 277.983952
305 1077.430573 430.015314 200.892577 277.263347
306 1080.231642 432.299069 198.412243 276.998313
307 1059.638156 409.949165 198.788907 275.776573
308 1036.057112 381.434126 203.679017 277.217214
309 1029.755543 324.599622 205.945865 275.028299
310 1010.393689 322.648698 207.611850 267.407258
311 992.467962 321.441570 206.569556 260.434660
312 1021.175158 322.355218 209.434763 255.218941
313 1018.696216 319.318957 207.357820 250.996460
314 1036.985247 322.867888 208.423907 247.424736
315 1026.678059 322.291276 207.127907 241.495627
316 987.961447 326.569073 207.626895 235.257798
317 992.614399 332.655135 206.744959 233.635474
318 994.742715 336.656064 205.341791 232.385484
319 1035.474201 348.909297 209.226012 233.441041
320 1046.295230 344.796005 209.176183 231.471202
321 1052.308648 345.182842 207.635855 229.592819
322 1056.701270 349.152631 206.187218 230.755161
323 1059.187397 350.351045 204.728354 230.770504
324 1062.010216 367.516917 203.194782 234.024856
325 1055.701271 373.904251 200.997723 233.272257
326 1034.778762 384.796712 199.588386 230.812818
327 1020.205764 387.701436 198.353481 224.481194
328 1018.176363 392.842278 196.916961 219.583196
329 984.885395 394.485905 204.062521 210.442506
330 1017.921061 451.316706 214.045148 212.930180
331 1030.983944 453.164534 216.625493 223.029775
332 1014.530098 447.864761 225.829853 232.292526
333 1009.125030 451.353528 233.257684 238.159928
334 997.079816 442.387129 242.191405 241.473755
335 996.611060 437.576174 241.118694 240.257534
336 986.717763 429.033189 238.373326 238.506380
337 981.181692 425.637661 235.146696 235.318709
338 976.344904 424.025766 232.530984 232.296747
339 973.525400 422.768857 230.013028 230.074725
340 972.070235 423.784174 226.949810 229.106483
341 977.706423 426.653238 223.312432 229.952674
342 975.717503 427.362793 220.540518 229.519196
343 976.797405 437.990413 218.724560 232.641968
344 974.353169 429.824034 218.798466 237.387371
345 974.216270 458.026555 221.654094 235.918888
346 994.078688 472.348015 223.293170 238.208077
347 998.256638 473.948368 223.611443 237.620196
348 999.218795 474.248773 223.186983 236.699470
349 995.843215 473.041930 221.444695 235.460787
350 1000.333056 475.141198 220.955067 234.747308
351 1002.083708 476.550291 220.073490 233.720816
352 1010.119498 477.531730 222.279570 234.339292
353 1015.608465 477.746065 223.423727 234.563244
354 1018.882480 477.084898 224.850239 236.536757
355 1019.528650 478.088584 227.393689 238.440996
356 1019.685350 478.079579 229.738700 240.374927
357 1014.084820 480.283752 232.163861 239.716248
358 1014.014087 482.718269 233.472771 237.281731
359 1012.791622 483.962972 233.801791 236.037028
360 999.128060 483.318061 233.453281 236.681939
361 995.503406 483.839618 232.184523 236.160382
362 994.032121 483.507400 231.193948 236.147531
363 994.025516 483.739964 230.639295 235.963555
364 995.517483 483.948638 230.032294 235.298128
365 999.302625 488.141497 230.728989 231.858503
366 1019.019056 490.970788 232.565972 229.029212
367 1026.297781 493.073511 231.791332 226.926489
368 1030.079474 493.676611 231.019265 226.323389
369 1033.243783 493.603191 231.767834 226.396809
370 1037.764659 494.873467 231.384487 225.126533
