2 273.893237 283.714596 44.413688 90.711570
3 274.213124 282.650816 44.120016 91.489125
4 274.157709 282.181181 43.948140 91.861100
5 270.888747 278.209667 42.942803 95.706884
6 271.250921 278.474548 43.056981 97.270541
7 270.254341 280.665821 43.279284 102.712655
8 269.936038 278.066248 43.272835 109.200308
9 269.214417 280.827096 43.367022 114.704058
10 268.323523 273.722455 43.810236 120.584482
11 268.013827 271.354635 44.130287 123.786485
12 268.011863 267.178819 44.228039 132.196468
13 267.775768 267.100113 44.445946 137.052881
14 267.360376 267.783973 44.494175 140.543552
15 266.712825 257.650624 44.333582 146.484926
16 266.817546 257.093336 44.497640 147.042989
17 266.837785 256.765848 44.509222 148.039240
18 266.920825 256.661621 44.902359 149.196504
19 267.336201 245.566922 44.553228 154.627856
20 267.648449 242.614815 45.044089 156.876687
21 267.627151 240.582594 45.307187 158.744355
22 267.923121 239.538905 45.440746 159.728997
23 267.581725 237.979140 45.290335 161.520554
24 268.827438 235.264157 45.335049 163.857265
25 269.769120 229.949489 45.258195 166.915125
26 270.191893 228.733306 45.535803 167.555376
27 270.637695 227.823490 46.051546 168.715627
28 270.888918 226.475257 46.550007 170.444712
29 272.058261 220.596353 47.122406 170.085448
30 272.752123 219.311834 47.688090 171.065422
31 273.365601 218.326224 48.228669 172.252583
32 273.394893 216.528700 48.480185 172.903474
33 273.426239 215.027137 48.514718 173.284452
34 274.404294 213.185134 48.826702 173.123821
35 275.527301 211.673461 48.895757 172.652551
36 275.498302 210.049691 49.086794 172.859045
37 277.072188 207.828840 49.449387 171.531949
38 277.012577 206.293264 49.404149 171.934149
39 277.214692 205.487838 49.294926 171.930926
40 278.240090 204.290643 49.423190 170.118127
41 278.599570 203.515824 49.200602 169.426115
42 279.280946 202.693148 49.057889 169.825712
43 279.366806 202.199553 49.120376 169.859495
44 280.905035 193.149452 49.373684 169.866215
45 281.068376 190.916112 48.889785 172.904974
46 281.508076 189.280599 48.454731 175.050466
47 282.484380 187.533975 48.648124 174.291046
48 283.167790 186.192162 48.999297 172.759304
49 283.742538 185.652064 48.839884 172.604455
50 283.772787 185.291484 48.877689 172.824942
51 283.849265 185.249343 48.854212 172.704222
52 285.093095 181.326169 48.753006 172.245496
53 285.925898 179.780285 48.635576 171.834611
54 286.468343 179.140713 48.687241 171.666261
55 286.788352 176.981823 48.751092 171.042496
56 287.325306 175.688392 48.787028 170.474714
57 288.252150 173.994305 48.826625 169.976098
58 288.490871 172.895686 48.759992 169.121836
59 288.469395 171.780698 48.987355 168.595411
60 289.184715 170.939419 48.971467 168.469046
61 288.975683 170.019214 48.861128 167.934381
62 288.832352 168.082409 49.012374 167.728304
63 288.645365 166.898948 49.347470 167.752673
64 289.016087 165.940952 49.293914 167.905840
65 288.770607 164.755000 49.396995 167.647169
66 288.409451 163.690837 49.298351 167.820428
67 288.699459 162.868986 49.169771 167.539231
68 288.444014 162.068621 49.230286 167.785589
69 288.786329 160.841360 49.413118 166.845763
70 288.456892 160.169837 49.396716 166.325065
71 288.850572 159.671230 49.266180 165.838089
72 288.248989 157.159385 49.276235 165.473335
73 288.604591 156.796120 49.216419 164.929741
74 288.950830 156.315743 49.168268 164.623801
75 288.327430 153.787323 49.311843 164.142755
76 288.694097 153.650147 49.276322 164.068629
77 288.119036 152.171284 49.235696 163.393561
78 288.397445 152.019173 49.216022 162.826081
79 288.659988 151.107171 49.335505 162.426129
80 288.894336 150.627120 49.284510 162.241708
81 288.231271 149.257810 49.130920 162.670872
82 288.515790 147.652619 49.146954 162.239855
83 288.867786 146.892865 49.082880 162.165501
84 288.682282 145.614101 49.102853 162.744685
85 288.326785 141.325913 48.929262 162.732713
86 289.040439 140.589400 48.388900 163.446620
87 289.574869 139.585140 47.962642 163.566315
88 289.757824 139.312482 47.612844 163.280118
89 290.357074 137.861551 47.394720 163.593828
90 290.139285 137.158487 47.078932 163.161635
91 290.130862 136.730342 47.013445 162.905572
92 290.704570 134.047049 46.923616 163.599116
93 290.443327 132.912837 46.550830 164.522518
94 290.396506 132.292531 46.547071 165.227639
95 291.146542 127.121881 46.271539 167.340942
96 291.228735 125.813841 45.896154 168.549479
97 292.095939 121.904599 45.505059 170.673777
98 292.520233 123.375240 45.563736 169.063429
99 292.872720 123.900770 45.582821 168.430716
100 293.291872 119.002858 45.311774 171.925324
101 293.823576 120.035977 45.125510 171.128834
102 294.547242 111.061024 44.871822 175.824864
103 294.731659 110.694063 44.829306 176.387256
104 294.929489 110.324854 44.817449 176.712618
105 295.663937 108.039474 44.654373 179.331487
106 295.988295 104.777201 44.699852 181.963012
107 296.508374 102.190438 44.656499 183.205929
108 296.571472 99.688457 44.774270 184.311944
109 296.657667 98.660257 44.811024 183.822458
110 297.134619 97.275573 44.562733 184.518339
111 297.703012 96.134932 44.597707 185.202427
112 298.026815 95.377011 44.608556 184.671025
113 298.364303 94.894522 44.642859 184.048488
114 298.488406 95.491688 44.582901 183.083060
115 298.943907 94.193458 44.350034 183.420489
116 299.413778 93.441080 43.949112 182.677014
117 299.991093 93.458191 43.434701 183.025986
118 300.234855 93.819526 42.988853 183.118755
119 301.021256 94.231863 42.513266 183.126578
120 301.490813 94.400278 42.641834 182.495356
121 301.441317 92.570997 42.312124 183.041125
122 301.993754 93.136879 42.113817 182.780937
123 302.654510 93.869718 42.099816 182.283446
124 302.952949 93.288487 42.126524 181.402234
125 303.785807 93.830812 42.102053 180.981443
126 304.016865 93.029085 42.161447 179.737347
127 304.655767 93.669756 42.182475 179.014638
128 304.816524 93.491443 42.228125 178.099351
129 305.216824 93.193808 42.289110 177.049497
130 305.295366 91.746618 42.247513 176.410566
131 305.238516 91.094695 42.182923 175.142353
132 305.469440 90.394919 42.300295 174.593952
133 305.619000 89.919147 42.289870 174.149755
134 305.720030 89.816962 42.239188 173.418536
135 306.271801 88.640701 42.329952 172.048861
136 306.438389 88.251410 42.403915 170.980736
137 307.146584 86.831074 42.598448 169.043354
138 307.961433 85.725091 42.993740 167.518473
139 308.241549 84.941682 42.874571 166.035480
140 308.603103 84.538755 42.788323 164.727328
141 308.844828 84.105847 42.839698 163.133715
142 309.878400 84.013390 42.883826 161.923248
143 310.468839 83.326211 42.871020 159.823796
144 311.548593 81.820570 42.991040 157.194481
145 313.233314 79.795662 43.562326 153.606104
146 314.615981 80.023797 44.172586 151.069931
147 316.946360 80.186767 45.584244 147.311224
148 317.634099 81.571873 47.186407 143.962437
149 318.096282 82.061673 48.134035 141.402935
150 322.538024 81.275551 50.265822 139.720785
151 322.917077 81.282011 51.035435 139.515683
152 323.937260 81.088458 52.561702 139.759047
153 324.803225 81.134948 53.819548 139.828935
154 325.214771 81.282044 54.426608 139.685493
155 326.076382 79.931640 56.326675 138.643641
156 326.876342 79.887197 57.473427 138.465515
157 327.631974 79.475801 58.613034 138.519390
158 328.366516 79.114399 59.888585 138.619100
159 328.819025 79.161299 60.576118 138.420922
160 329.857969 79.127499 61.427475 138.461491
161 329.887017 78.762336 61.686012 138.660548
162 329.894412 78.698941 62.113454 139.072365
163 330.110418 78.196697 62.635976 139.353499
164 330.090920 78.369713 63.056101 139.341286
165 330.662527 77.460408 63.174087 139.897483
166 330.705826 76.403577 63.164894 139.454166
167 331.480670 74.703976 62.890450 140.793883
168 331.917530 73.350577 62.507533 142.074783
169 332.529612 72.643437 62.564181 142.549997
170 333.637751 70.866904 61.790322 145.471675
171 334.712830 69.133584 61.067247 146.803369
172 335.499010 66.429954 60.139858 148.558290
173 336.241206 64.640251 59.419015 149.622522
174 337.149092 62.927354 58.133614 150.839438
175 338.739344 61.390943 57.209018 151.828885
176 339.596947 60.371975 56.416992 152.142900
177 340.694615 57.885080 54.716200 155.027484
178 341.751861 57.411310 53.632978 155.912620
179 342.850298 57.019601 52.878009 155.878155
180 343.378128 54.892300 51.225528 157.615655
181 344.281847 55.356022 50.367026 157.124991
182 344.542595 54.534007 48.854946 158.679715
183 345.290439 54.254047 47.826069 159.141778
184 345.973131 54.691648 47.201118 158.633583
185 346.346549 53.208540 46.575009 159.601601
186 346.513236 53.334818 46.211295 159.244705
187 346.957630 53.555230 46.064712 158.093695
188 347.450174 53.939734 46.068936 157.113668
189 347.236901 54.055147 46.040300 155.690924
190 347.111754 53.671535 46.004586 154.275652
191 347.011606 53.779083 46.017284 153.002822
192 346.754915 53.152866 45.906307 151.642616
193 347.202808 53.763860 45.405154 150.386764
194 348.183122 52.994927 45.104600 149.785137
195 348.841519 52.579384 45.128101 148.949597
196 349.384803 51.981005 45.342751 148.394253
197 350.793854 53.340811 45.160074 148.257744
198 351.336792 53.631048 45.314731 147.866786
199 354.027238 53.432735 45.545740 146.851280
200 355.711693 51.477184 46.375883 145.791084
201 356.717866 50.291415 46.741086 144.881047
202 358.324773 46.661776 47.226301 143.926255
203 360.213401 43.986296 47.554808 142.838766
204 360.233720 43.047002 47.827116 141.700983
205 360.855599 31.158803 48.709291 138.664170
206 361.197913 32.307522 48.825461 137.766602
207 361.538331 32.068645 48.683318 137.715939
208 361.671401 32.004875 48.618290 137.544120
209 361.837075 32.026929 48.618344 137.544100
210 362.002627 32.049072 48.618295 137.544113
211 362.168049 32.071070 48.618169 137.543922
212 369.168655 32.130093 49.356847 135.685644
213 369.188012 31.128423 49.362807 133.919143
214 369.415520 29.545352 49.568747 132.074233
215 369.002230 30.295482 51.094134 133.166249
216 368.500447 30.834761 52.055163 133.802190
217 369.742987 38.317937 55.799247 133.587557
218 372.055366 41.777765 57.008910 133.282024
219 372.476228 43.261022 57.663308 131.580107
220 380.134240 48.252150 59.744327 128.706691
221 380.261242 47.753772 59.682838 126.562114
222 380.514534 47.726218 59.744522 124.993279
223 380.770572 47.705141 59.733152 123.453557
224 387.786339 48.817822 62.763951 121.873823
225 389.508175 49.205982 64.317488 120.892708
226 392.612618 50.493871 64.526564 121.041779
227 393.142592 51.080886 65.473675 121.194795
228 393.278034 51.905450 65.430491 120.971348
229 393.907768 52.515471 65.522219 120.565037
230 408.726947 64.489625 66.412679 124.674700
231 414.800340 70.417564 66.813780 126.753777
232 415.210420 70.195862 67.499623 126.930110
233 416.280137 69.231092 68.554362 126.626894
234 420.236971 75.043138 68.894333 129.503905
235 422.696424 74.017513 70.122496 131.757011
236 425.544369 71.334743 71.631946 133.227605
237 432.080585 85.393344 72.055567 137.661467
238 431.793509 115.220985 71.149250 146.582846
239 433.493671 116.028019 71.198822 149.779858
240 435.965833 114.960543 70.307035 152.052019
241 436.884211 114.015197 69.548383 153.649994
242 438.540890 113.120187 68.041868 155.896941
243 440.006672 111.909094 66.688089 157.243134
244 441.381971 110.502227 65.159860 159.217992
245 444.614780 111.272598 62.289636 164.471803
246 445.754844 110.662253 59.389517 166.144081
247 447.344286 110.701449 56.781685 167.186308
248 449.836311 109.545508 54.342231 168.483003
