5 145.898457 89.165816 39.473616 65.690328
6 148.913716 95.559536 39.033574 64.837065
7 152.863485 98.017540 38.945573 64.521170
8 156.048008 98.142859 38.775267 64.660196
9 158.714496 97.733007 38.883159 64.276606
10 158.773253 97.844747 38.994319 64.490490
11 158.776430 97.849545 38.994319 64.490490
12 158.789317 97.866412 38.989333 64.483472
13 158.794987 97.874719 38.994319 64.490490
14 160.999591 97.690998 38.782607 64.284607
15 161.627645 91.737549 38.851441 63.762201
16 156.797254 90.891300 38.828942 63.395453
17 152.673909 87.748180 38.267986 63.666036
18 152.909386 87.655507 38.372691 64.403754
19 155.557628 60.789608 37.616740 66.268756
20 150.658258 55.273570 37.658328 68.639987
21 146.973876 52.634106 39.649537 68.894984
22 147.072018 48.309731 41.199656 71.376073
23 142.313664 46.983604 42.774387 73.199040
24 126.908155 49.924800 42.673466 75.758393
25 125.886550 44.187428 44.945202 77.026527
26 121.802122 43.898907 46.486150 77.486611
27 121.279948 43.200443 46.967951 77.849711
28 122.185773 39.628092 47.083597 78.729785
29 134.001698 39.137492 47.792218 80.038746
30 135.646417 41.074863 47.967096 79.594581
31 143.726925 48.730625 47.790564 81.002300
32 148.707083 60.273950 47.659071 80.763366
33 150.628724 70.355943 47.632464 80.511362
34 152.227726 93.308181 46.017529 82.111416
35 154.148133 104.864760 45.021356 81.328074
36 162.373510 85.221897 44.511862 84.369956
37 160.684526 78.306343 44.584871 84.042069
38 156.911072 69.465561 44.677056 82.664355
39 154.217616 80.818119 45.112183 79.461999
40 152.741503 90.017302 46.286709 78.043064
41 143.474471 98.117959 49.487599 76.840300
42 136.579866 102.536663 49.655065 77.512382
43 135.961974 106.122108 51.659348 77.397785
44 140.737365 123.004212 52.486007 72.679206
45 144.567990 143.791479 52.721959 70.111644
46 149.067192 164.103813 52.858980 67.593247
47 150.068963 184.964397 52.736990 68.361499
48 150.089859 194.208298 52.632269 69.216033
49 146.078195 190.607234 50.751171 73.583364
50 151.474705 190.435010 47.151763 73.512535
51 153.219863 187.889332 48.705563 70.628562
52 152.681099 196.114526 49.010323 70.186183
53 149.294076 201.666216 46.239020 71.111154
54 150.032317 195.934459 46.329100 72.727815
55 146.341523 195.821864 49.882480 73.321821
56 146.719082 206.497204 51.877823 73.008826
57 146.877401 222.299017 52.789021 65.700983
58 145.832457 229.893424 53.338811 58.106576
59 144.408682 226.222046 55.438409 58.740907
60 141.176621 228.810468 53.465237 57.848253
61 139.318572 223.442553 50.694140 58.876680
62 140.344777 216.320351 51.392732 58.051663
63 140.521520 215.795225 52.232553 55.613197
64 137.465758 212.880571 51.475235 53.548067
65 136.803490 212.072674 51.796972 53.166856
66 134.681299 212.812215 51.719297 54.076307
67 132.936557 210.325310 54.663181 54.331912
68 130.248069 206.347168 57.934526 56.224905
69 129.969869 207.211681 57.022097 55.813280
70 127.844149 194.010210 56.539521 59.491199
71 123.504572 193.869481 53.520254 59.673735
72 113.069310 185.244810 51.604169 61.856346
73 105.290243 184.278734 51.159700 63.654074
74 111.839025 173.139320 49.748538 63.443126
75 112.845822 171.019845 49.301653 62.751360
76 111.772514 168.600062 51.674821 62.239236
77 111.866018 171.937290 53.645198 60.080889
78 111.211037 180.766303 53.734657 59.495421
79 108.586798 220.387545 52.706473 56.518009
80 105.857844 220.516443 51.840251 58.783851
81 106.941679 217.198056 48.088897 62.231176
82 115.445697 194.085165 45.180997 65.416493
83 122.294472 176.504890 44.071525 66.622984
84 122.882072 153.497670 43.511868 69.579287
85 121.632584 153.207964 44.017376 70.200902
86 126.757061 150.330536 43.653670 70.508485
87 130.880532 151.304795 43.422544 70.702763
88 132.581017 154.445889 43.116635 69.684337
89 146.008967 170.798523 42.945829 65.215578
90 139.668720 198.599682 39.897073 63.494702
91 131.360318 209.504718 40.569915 62.454121
92 132.670630 204.721541 40.582735 61.759159
93 133.363798 205.267537 39.424541 64.289851
94 133.775733 204.866208 39.689140 64.160374
95 133.926557 205.034339 39.996771 64.484521
96 133.795595 205.652173 40.103519 63.962115
97 129.479510 215.152158 41.793861 62.698645
98 122.954447 219.582442 44.854106 59.811803
99 131.172448 220.733749 46.422631 67.266251
100 136.169693 214.944595 46.898091 69.624435
101 137.655454 207.119584 47.804478 71.497725
102 130.205928 216.762342 49.653960 67.178992
103 114.253848 226.937292 51.697013 61.062708
104 107.697528 221.427726 52.949875 56.861963
105 104.031096 210.599074 55.021057 55.551201
106 103.736859 213.820909 56.807583 55.699566
107 100.888409 221.066869 58.124710 55.536622
108 98.252371 225.691607 57.325764 55.281236
109 82.387173 235.562003 58.299496 52.437997
110 78.060501 235.549824 59.247041 51.038530
111 77.887527 235.818573 59.522822 51.051209
112 73.921751 234.773396 58.426781 52.813668
113 71.837428 229.738623 54.692040 56.380723
114 59.727548 215.054835 58.824533 59.166925
115 55.555838 213.847048 59.721833 59.135575
116 54.706953 214.220864 59.750999 59.268784
117 54.767229 216.577377 59.086458 58.817808
118 51.732532 221.402962 57.584574 58.457892
119 44.273041 227.994410 58.797399 60.005590
120 44.266118 228.256933 58.957980 59.743067
121 44.006629 228.242629 59.184468 59.253971
122 45.824805 228.413351 59.944575 59.084844
123 52.208457 229.438587 59.603531 58.561413
124 56.476359 221.796609 61.196308 57.537804
125 56.117842 223.765275 62.087736 56.765057
126 64.356982 229.531964 62.668198 54.081426
127 74.845641 234.079796 61.547755 53.920204
128 80.299374 236.910898 60.810777 51.089102
129 80.634410 236.764014 61.111127 51.235986
130 84.942793 234.612888 60.862590 51.669400
131 90.195887 234.259822 61.240122 51.848956
132 90.317858 231.911938 61.099593 52.874613
133 91.762914 231.467334 60.731517 52.938644
134 89.040142 215.254441 63.663962 55.039484
135 82.324421 211.417339 64.126593 55.269727
136 81.398105 213.162501 64.304739 55.027313
137 81.699789 219.589364 63.416497 54.253264
138 83.452170 221.772757 60.597382 55.503052
139 71.336075 229.086680 61.390090 56.847106
140 72.695096 229.111089 61.716654 56.814531
141 75.506952 229.310025 62.668428 56.738145
142 77.115685 227.578169 62.933304 58.900710
143 80.219488 225.489310 62.093962 60.026289
144 74.756621 212.031076 66.309071 60.282685
145 70.212428 212.374478 66.894291 59.559479
146 70.470133 216.959000 65.978460 57.790312
147 70.815525 217.576561 65.752661 57.599790
148 70.963276 218.001035 65.958087 57.897591
149 68.660959 222.699609 65.563258 58.606840
150 69.810004 224.769721 66.051386 58.607145
151 71.255228 226.631605 65.942271 58.575101
152 69.696960 227.067431 65.541967 59.807999
153 57.881364 223.793209 65.152552 62.888815
154 47.515410 222.655761 65.203554 59.705735
155 42.803467 227.050588 65.652791 59.048890
156 43.765687 232.051944 63.490643 55.948056
157 43.256389 239.316152 62.323739 48.683848
158 37.284718 243.870882 63.140345 44.129118
159 26.441417 237.042872 62.464211 45.063914
160 26.453247 242.899472 60.472795 45.100528
161 24.057754 243.925856 61.353859 44.048918
162 37.062548 247.747383 62.674914 40.252617
163 46.499984 246.661744 63.223089 39.933060
164 39.121072 244.274104 70.537655 39.165697
165 48.725441 245.100119 70.386939 40.326617
166 55.728844 249.721294 72.732698 38.278706
167 61.997793 255.624220 77.370399 32.375780
168 32.990746 256.506271 77.532060 31.493729
169 45.976817 255.516728 72.482315 32.483272
170 51.641539 253.938054 68.131547 33.169668
171 67.136771 253.609487 65.518349 33.729058
172 82.718277 253.243943 63.762602 34.639279
173 88.355589 252.470755 63.839584 35.523078
174 81.911624 240.553669 67.495474 39.081039
175 91.248734 236.024256 66.087077 42.690222
176 97.676957 236.421279 66.167930 42.791066
177 102.192179 242.828299 68.340439 44.475457
178 97.737954 246.489718 67.687499 41.510282
179 75.770816 245.937582 66.203247 41.118186
180 74.550721 243.206424 64.697987 40.190005
181 69.827415 232.373693 61.589034 44.988739
182 68.021302 221.047959 62.091687 50.173613
183 61.956532 207.046971 63.508418 52.186817
184 46.875676 194.324073 66.821153 52.717523
185 45.573160 199.197598 66.422500 52.957062
186 49.373355 206.104175 67.625807 51.885079
187 47.709565 211.834077 68.007484 51.981892
188 46.294236 220.705843 66.954825 53.594695
189 49.003466 225.798273 67.644265 54.252808
190 56.736079 231.598231 68.224513 54.886228
191 55.300605 231.656817 68.862256 54.228099
192 56.952559 231.740625 68.473730 54.385207
193 61.288544 227.458618 68.657973 54.665385
194 69.441854 225.785686 69.695635 56.388674
195 69.750252 223.755554 68.741290 56.539275
196 81.460600 225.675856 66.280531 57.556513
197 85.308791 233.496498 64.325268 54.503502
198 93.399919 208.118173 64.980538 60.409468
199 99.940554 184.250901 64.345469 61.714214
200 96.290381 185.239053 62.225646 64.975279
201 91.704354 186.021926 61.437702 67.120164
202 93.328132 187.304135 59.992016 69.530811
203 99.171518 185.279075 58.746992 70.118257
204 104.121455 187.268107 59.177485 72.503480
205 104.785087 202.237569 58.515317 73.131011
206 104.164431 218.603796 58.421223 69.396204
207 108.457859 221.769118 59.635024 66.230882
208 115.766448 222.491911 58.045169 64.455735
209 116.852490 221.255182 56.314259 65.114222
210 105.152940 223.446691 56.640460 63.893939
211 96.539225 223.680166 57.737814 64.262524
212 100.148019 220.300157 57.641621 65.796058
213 103.753618 213.223938 57.064788 69.408293
214 101.350437 202.513107 57.291499 76.035547
215 99.918918 202.140330 57.820910 77.894089
216 97.239538 201.841902 58.330181 79.633742
217 97.726967 206.203262 58.124891 79.774902
218 112.197117 200.322959 58.804524 77.346138
219 103.320193 200.825034 58.423319 79.624041
220 94.864037 181.449722 58.232998 80.788160
221 93.500183 175.077950 58.433680 78.223651
222 93.207572 170.608291 58.186876 73.933813
223 98.923262 160.470074 59.444920 68.236508
224 110.525224 142.159989 60.567592 67.888766
225 118.280275 136.563958 60.515802 67.664931
226 119.509502 148.032802 61.224593 67.374857
227 123.149428 162.073732 60.094737 68.294913
228 121.373241 175.978816 59.345809 68.363608
229 116.261439 167.988853 59.013775 68.975702
230 115.255445 163.840745 60.543075 69.120776
231 111.603222 161.896262 64.100105 70.682707
232 113.475188 153.371466 70.717263 71.511153
233 109.562584 151.083129 73.743882 74.020214
234 110.245737 149.052226 74.733740 76.281760
235 112.732781 156.351355 74.666691 80.058232
236 112.363545 169.905450 73.925328 83.610491
237 111.957823 189.779257 73.188543 83.851354
238 113.435078 190.984025 74.330132 89.206974
239 118.593244 160.571405 73.632165 101.745337
240 118.530216 161.593417 73.990988 103.598181
241 120.111888 162.866832 74.572419 107.638189
242 126.846747 146.087171 74.936131 114.030122
243 130.845339 144.366344 75.303311 116.206156
244 134.599556 146.763169 74.190341 119.242268
245 138.879866 158.273867 73.962602 116.761147
246 145.720772 170.718426 74.985882 116.146442
247 149.411616 177.156512 74.966766 110.843488
248 153.830199 172.090183 77.756077 113.828617
249 157.102909 147.621927 79.229276 117.092527
250 156.415000 151.207249 79.826631 116.772365
251 157.759134 151.977904 78.793629 120.759908
252 158.417235 153.810077 77.720093 125.073285
253 159.477923 152.458652 77.534816 129.299550
254 168.306530 151.206772 77.139916 130.374367
255 171.686129 151.898432 76.477174 129.794766
256 176.413478 157.709792 74.948520 126.512279
257 176.938521 166.230189 75.601112 121.438548
258 178.349368 160.347839 79.823389 125.310333
259 179.126990 141.029424 81.808784 132.088617
260 178.651615 142.401815 81.976106 132.031716
261 176.112788 133.551159 82.495135 132.657826
262 169.076592 137.284428 82.141759 132.937741
263 163.769624 142.900221 81.415607 133.213577
264 157.876129 143.869620 80.765232 132.423980
265 156.100552 147.233771 79.631134 130.970573
266 152.132485 152.840886 78.868710 129.917183
267 148.692687 156.318292 78.918237 125.741039
268 146.983813 154.664614 77.695687 127.861469
269 141.281339 146.443225 76.777668 132.116217
270 140.649790 145.840806 76.412588 132.740239
271 137.852290 139.436984 76.766301 134.568081
272 136.627921 137.979368 76.674688 133.710139
273 136.641901 136.929523 76.763755 133.478090
274 136.366323 142.193115 75.551238 128.565855
275 129.463110 159.217491 73.634176 125.114373
276 129.075621 165.686406 74.089715 119.648007
277 125.702060 168.585913 74.887166 116.065922
278 117.893818 160.491438 75.652714 114.937685
279 95.569814 158.554680 75.215341 116.762728
280 94.541693 159.216995 75.151336 117.181256
281 92.244853 159.976487 75.252449 116.799522
282 90.644113 157.848732 75.815047 116.539398
283 90.388928 158.256774 75.862355 117.302086
284 95.946380 169.228214 74.599860 113.510758
285 98.226456 177.806920 72.939184 108.412774
286 108.942635 184.006967 73.225257 103.993033
287 112.501330 171.755604 75.445282 106.139678
288 117.251842 149.728686 77.344763 112.143248
289 122.911288 123.659619 82.695841 117.429214
290 123.058301 123.677677 82.997309 117.489343
291 127.468385 126.755909 83.233131 116.705086
292 129.193989 129.640254 83.330117 118.233739
293 130.950398 129.792297 83.044773 119.385826
294 135.394158 136.280177 80.413718 116.714621
295 136.259184 143.173751 78.446151 116.298062
296 133.172100 167.345492 77.079755 114.255135
297 136.129589 165.228173 79.098971 117.861847
298 138.423281 156.340107 76.628499 125.335321
299 137.952390 154.936358 77.292869 126.498128
300 137.830062 159.172897 77.985014 124.698462
301 138.129410 159.401825 77.817143 123.807710
302 137.414849 150.424294 77.321672 127.564916
303 135.468812 139.591494 77.333208 134.645972
304 127.780929 145.661819 75.662640 131.418002
305 125.832048 150.096907 74.943057 130.143598
306 122.287524 163.362109 74.971111 123.956207
307 122.356939 162.835187 75.110325 124.427725
308 122.955667 155.965993 73.837796 129.310582
309 122.875739 155.557937 73.617656 129.338615
310 123.111657 153.964001 74.365044 129.151413
311 123.247790 154.020808 74.421917 129.204734
