2 167.322124 25.110244 30.818204 60.210998
3 167.482583 25.024273 30.989419 61.035748
4 169.623133 25.713469 30.753668 63.229145
5 171.632191 21.090630 31.344063 64.834427
6 170.891152 19.972510 31.375103 66.486012
7 168.982044 18.894814 31.790565 68.182924
8 164.649152 18.862203 31.563269 69.651798
9 164.010706 18.143797 31.233929 71.685175
10 160.264426 19.115667 31.020620 73.979812
11 159.552091 19.400413 30.911245 75.760952
12 155.652222 18.967978 30.732327 79.083840
13 154.646518 18.796670 30.566221 81.931508
14 153.528633 18.121231 30.723424 83.684049
15 152.120776 19.026612 30.906832 86.163222
16 152.066965 19.690296 30.925187 87.491407
17 152.350739 19.232258 31.120837 87.756665
18 152.339906 19.098173 31.896173 88.542770
19 151.638006 19.953460 34.548988 89.213601
20 152.106775 20.411568 36.994946 89.867504
21 152.211651 20.750599 38.339591 90.249128
22 151.469875 23.431774 39.190216 90.163625
23 149.105573 26.223011 40.890280 89.517717
24 143.977173 33.037346 43.239478 87.386674
25 136.787442 38.922138 47.031519 86.321886
26 127.807919 45.245623 50.108218 85.001732
27 126.732691 46.230326 51.032533 84.579500
28 125.814178 45.649412 51.217753 84.610394
29 125.741289 45.352685 51.395237 85.158169
30 125.149108 45.111946 51.351334 85.635498
31 126.435295 55.915818 52.052579 88.199825
32 135.798110 63.713743 51.310987 89.288450
33 136.891570 64.828119 51.104788 89.751452
34 140.955593 71.911725 50.770386 92.521663
35 139.481823 86.931988 53.111157 89.770717
36 138.824878 88.062646 54.955314 89.329443
37 135.247883 93.349670 58.084715 86.896861
38 132.824641 96.034103 60.634800 86.197190
39 130.226399 104.217439 63.206821 83.115220
40 129.281545 106.417427 64.310609 81.745735
41 127.551164 114.992238 66.019116 78.555999
42 127.397278 116.955160 66.805041 78.166771
43 125.469182 124.565274 67.887029 76.508109
44 123.307082 125.340296 67.959624 76.519117
45 122.621246 125.199426 68.592692 76.795588
46 122.176081 125.084050 70.035955 76.535977
47 122.427309 125.133864 72.776427 75.894449
48 121.731520 126.064656 75.158725 74.970059
49 121.263270 126.708480 77.555111 73.861949
50 120.333258 126.479381 80.206783 73.355015
51 119.122190 125.025056 81.670800 73.359971
52 117.641208 121.601543 83.027776 73.450145
53 110.163849 120.665141 88.600911 75.409239
54 102.044334 123.321261 95.403020 76.480763
55 99.847421 120.222344 98.931767 77.017419
56 100.581672 116.359958 101.287881 78.058846
57 101.597385 112.778128 104.010237 79.786577
58 101.070074 112.378209 104.408169 79.930412
59 100.926627 111.822957 104.584780 80.063824
60 101.117109 110.574501 105.983949 81.097515
61 104.031573 106.050990 107.532329 83.548599
62 105.496972 112.169286 107.572749 83.313914
63 105.842795 112.542785 107.487436 82.927997
64 105.375255 112.331585 106.957982 82.646969
65 104.744438 111.972578 106.323092 82.593626
66 103.954226 111.520286 105.667161 82.589673
67 103.200458 110.912149 105.104620 82.523487
68 102.824928 110.654104 104.772138 82.557500
69 102.789271 110.736619 104.350034 82.356193
70 102.942492 110.942358 103.938138 81.859753
71 103.283922 111.286002 103.472341 81.314100
72 103.818368 111.876586 102.980174 80.766215
73 104.776289 113.833405 102.636609 80.087455
74 105.678353 115.304223 102.688144 79.746925
75 106.057524 115.822740 102.792551 79.337894
76 106.457840 115.312351 102.646211 78.971373
77 106.993244 109.488882 103.409313 79.659555
78 109.331269 102.526315 105.945123 82.334465
79 111.414782 97.011205 108.031499 85.659840
80 111.185155 96.391672 108.162733 87.037334
81 109.711987 94.635171 106.496455 90.615271
82 109.789518 90.143745 103.582467 96.947068
83 115.179777 82.632298 100.525184 103.682848
84 121.098657 70.263304 98.763694 112.083884
85 122.907194 64.111249 97.722572 116.534531
86 122.681418 63.676931 96.776967 117.825853
87 122.445837 63.142656 95.899965 118.539818
88 122.557872 63.077811 95.224036 119.349875
89 122.955288 63.042066 94.864258 119.805823
90 123.493536 63.114149 94.454499 120.386879
91 124.620721 63.788140 93.674332 121.225097
92 125.912513 63.195850 93.250914 122.183079
93 125.959377 62.398167 92.497358 122.615271
94 126.234522 62.339752 91.792186 122.985150
95 126.824190 62.389857 91.374244 123.066528
96 127.149184 62.443735 90.955045 123.428067
97 127.686540 62.522137 90.464701 123.581797
98 127.946839 62.497276 89.994372 123.915406
99 128.409268 62.354290 89.513992 123.906022
100 128.767984 62.053081 89.480119 123.901735
101 128.748183 61.671325 89.001461 123.874732
102 128.732032 61.173854 88.808826 123.755507
103 128.599363 60.687545 88.333635 123.755388
104 128.373954 60.370058 87.788701 123.743456
105 128.166578 60.114502 87.291645 123.746028
106 128.132651 59.863957 86.870930 123.878516
107 128.375720 59.971764 86.386000 124.068446
108 128.425172 60.179562 85.765608 124.371710
109 128.519322 60.331872 85.216534 124.341854
110 128.520840 60.137279 84.809575 124.214959
111 128.453296 59.923436 84.337640 124.245996
112 128.509962 59.769475 83.946184 124.213742
113 128.632507 59.621763 83.511966 124.140187
114 129.111178 59.622069 83.572684 124.167365
115 129.231946 59.284444 83.563172 124.132671
116 129.446771 59.025094 83.631028 124.090516
117 129.688107 58.893497 83.609603 124.102205
118 129.975262 58.754951 83.643661 124.113615
119 130.117779 58.503324 83.613312 124.222404
120 130.303101 58.349103 83.656955 124.303153
121 130.455738 58.147650 83.674370 124.343885
122 130.901452 58.512114 83.528004 124.425092
123 131.021325 58.935140 83.832501 124.517335
124 131.031535 59.310386 84.447495 124.800628
125 130.794075 59.487510 84.984839 124.225998
126 129.123540 59.669671 86.888489 123.277275
127 127.308637 60.229947 89.436711 123.338914
128 127.649241 59.892240 89.409990 123.977151
129 125.207829 59.463517 89.168699 124.224721
130 124.988973 59.376396 89.066006 124.478866
131 124.550017 58.631011 88.557156 124.911544
132 123.300576 57.627026 87.561195 128.232223
133 123.527120 56.707297 87.030761 130.079406
134 124.069386 56.326068 86.137965 131.513937
135 124.966759 56.287136 85.008319 132.482763
136 126.670511 56.251256 84.255019 132.621832
137 128.344260 56.546187 83.198806 133.128107
138 132.302969 57.278795 82.731808 133.662499
139 132.827707 57.127789 81.927628 133.374782
140 132.935861 56.571689 80.703352 132.772156
141 133.007726 56.244022 79.551090 131.755801
142 132.835971 56.174946 78.739922 130.574019
143 132.800578 56.320587 78.135267 129.976338
144 133.258655 56.319183 77.378258 129.343049
145 133.769781 56.508155 76.210079 128.985878
146 134.181615 56.387252 75.325086 128.208261
147 134.508030 56.562435 74.541695 128.051049
148 134.653172 56.705840 74.168619 127.951363
149 134.912363 56.686897 73.555215 127.952429
150 135.078425 56.956154 73.007004 127.959448
151 135.038466 57.028389 72.597225 127.768439
152 132.835598 59.001121 71.368681 128.156195
153 129.027207 65.048044 70.041881 126.229998
154 128.186122 65.676776 69.650014 126.148818
155 127.896839 65.500208 69.406649 126.211779
156 127.466946 65.225300 68.974874 126.125992
157 127.277212 65.143301 68.493691 126.128128
158 126.972315 65.201612 67.990377 125.913703
159 127.228553 65.270596 67.732128 125.852368
160 127.427559 65.317297 67.702929 125.647039
161 127.762824 65.294565 67.892868 126.049838
162 128.068587 65.306174 68.030113 126.637433
163 128.199688 65.176382 68.267822 126.729425
164 128.317481 64.957415 68.420543 126.909574
165 128.387920 64.733355 68.484113 126.539266
166 127.834031 64.857963 68.751315 125.954594
167 127.555969 64.804110 68.841430 125.689403
168 127.623221 64.869131 68.642434 125.999808
169 127.920839 64.675140 68.815645 126.107161
170 128.072845 64.431598 68.806116 126.505730
171 128.076958 63.944650 68.659111 127.000176
172 128.086825 63.627280 68.590153 127.532441
173 128.080158 63.127478 68.577910 128.057910
174 128.050494 62.420903 68.508263 128.503701
175 127.996045 61.654646 68.491559 128.867921
176 127.669170 60.633768 68.008175 128.785987
177 127.696375 60.048844 68.118642 128.894255
178 127.757465 59.015778 68.160020 128.889358
179 128.026118 55.203581 68.275342 128.853700
180 127.597069 51.678083 68.134559 128.897078
181 126.944114 48.058102 68.110996 128.761444
182 126.917955 47.231590 68.224962 128.761069
183 126.950354 46.915114 68.399969 128.816688
184 127.175285 47.064050 69.021879 128.334280
185 128.028026 47.021446 71.142742 126.722110
186 128.174354 46.649436 71.611535 126.678714
187 128.287140 46.337361 72.255841 126.479174
188 127.988038 44.976437 73.122252 126.062512
189 127.559179 43.626267 74.054473 126.311265
190 126.219666 42.807940 74.785943 125.808269
191 124.390415 44.977721 75.358425 124.179159
192 119.838295 51.071126 75.476074 122.800030
193 118.316470 50.333364 75.097384 122.077021
194 117.370185 49.354820 74.961735 121.739977
195 116.919709 48.648927 74.930484 121.807560
196 116.714366 48.540956 75.082830 121.636051
197 116.598437 49.468386 75.870661 121.530535
198 116.517491 50.358525 76.196256 121.436857
199 116.030002 50.118593 76.768978 121.659294
200 114.838877 51.697394 77.242424 121.642235
201 112.484785 55.601178 77.639061 121.126003
202 110.864775 58.003783 78.257917 120.967020
203 110.146942 58.537967 78.950438 120.945338
204 109.659296 58.690455 79.788639 120.911215
205 109.110527 58.341998 80.055847 120.922755
206 108.855085 58.035908 79.995190 120.930746
207 109.364097 57.821191 77.989777 122.426877
208 109.596170 57.064767 76.939567 122.845242
209 109.532980 56.081666 75.907414 122.897654
210 109.851936 55.420400 74.923426 122.714176
211 109.917238 53.746979 73.920879 123.334011
212 110.246274 53.157180 73.068963 123.330287
213 110.094978 51.894182 72.625795 123.161510
214 110.149896 51.257791 72.264470 123.247865
215 110.111139 50.885754 71.752499 123.174395
216 110.203864 50.468290 71.254856 123.214381
217 110.451956 50.292779 70.820884 123.202385
218 110.571628 50.041722 70.343005 123.141346
219 110.757831 49.234092 69.910280 123.213957
220 111.071860 48.578421 69.540153 123.303074
221 111.252246 48.273344 69.452915 123.270373
222 111.127957 47.054902 69.019056 123.144956
223 111.352425 46.119003 69.106782 123.098421
224 111.844496 45.160484 69.140631 123.274889
225 112.003696 44.723224 69.095169 123.343448
