77 330.017917 407.818190 61.671044 82.205235
78 339.447468 383.614719 61.240237 82.820043
79 358.961847 423.134003 61.725407 86.238087
80 375.885974 366.631129 63.272090 89.514985
81 391.727766 376.919158 66.124797 90.632658
82 394.610572 454.321437 68.925374 92.899120
83 395.138480 505.984014 72.093467 93.068168
84 401.577854 460.270629 74.039367 101.879062
85 380.150618 449.521915 77.170601 98.270563
86 368.455030 488.625762 80.079839 95.857320
87 354.213857 475.150035 82.843449 89.462503
88 351.399208 474.299873 83.878224 84.706989
89 349.526634 473.100902 84.052439 81.836263
90 377.912694 471.073729 83.191477 83.607733
91 391.984206 430.375927 83.470218 85.673273
92 361.628710 417.310463 84.086524 84.715630
93 341.931130 413.587727 84.709242 82.006279
94 338.720464 375.748789 84.766192 84.962055
95 323.713235 355.276501 85.758391 82.780064
96 322.798781 388.803211 87.202670 83.000966
97 331.424814 424.557174 88.255270 83.888524
98 308.866572 453.711223 95.731272 80.010205
99 281.848320 493.132374 110.588358 77.291089
100 285.375907 533.012091 115.883625 77.780015
101 251.680279 535.116622 117.280131 77.080771
102 221.761833 493.833649 116.451664 85.083189
103 210.231422 497.102455 114.313309 85.316194
104 233.836995 547.852531 115.380740 92.745553
105 251.632763 586.087532 116.869250 93.701214
106 254.206465 475.615249 121.547238 112.149600
107 209.968093 422.514085 121.446956 120.656437
108 239.716483 483.807682 126.956559 128.788673
109 213.570290 458.657351 124.888655 128.786240
110 144.099737 419.117405 126.823622 147.853349
111 140.354348 392.448328 130.401446 139.777823
112 177.362343 406.039271 131.374106 140.749203
113 170.135231 430.284767 131.592921 141.719169
114 178.518042 389.894251 132.818624 138.360405
115 200.080395 414.814556 130.380267 148.523972
116 207.764785 437.834042 128.304890 152.284349
117 205.753751 463.919360 129.720992 147.247654
118 176.233831 388.199074 130.554874 163.550846
119 159.328629 339.070858 130.789831 166.839321
120 154.445349 359.756278 128.350575 169.854768
121 183.793040 418.407409 132.729059 169.891376
122 181.284673 403.479962 132.713535 164.220241
123 140.915166 361.041730 136.129446 166.403591
124 167.349613 410.044898 140.462255 163.827285
125 186.929150 476.106121 142.039901 166.677112
126 161.798259 452.249119 144.042700 162.106494
127 147.671623 471.389783 142.113849 163.174500
128 172.124880 534.551962 146.472289 164.384660
129 161.734127 547.163885 147.698384 155.987432
130 143.515260 520.010071 148.819050 153.427775
131 138.562099 529.654924 148.512151 149.315997
132 129.179530 572.408681 157.267075 142.370586
133 129.594395 565.964858 155.413393 140.460781
134 122.007592 538.425155 151.796766 142.988103
135 117.264058 524.341620 150.883298 145.007958
136 104.134952 484.239270 151.803648 146.427972
137 75.843847 469.259801 152.204768 145.606289
138 54.185573 435.109930 151.171986 145.440844
139 42.561957 445.997531 148.432871 148.309438
140 44.619861 513.958356 151.816132 148.225653
141 41.469617 497.836903 152.442508 142.976409
142 29.959713 474.557341 153.513306 138.957277
143 26.862390 492.182535 154.734594 130.992662
144 29.373340 504.370008 155.620155 125.427763
145 32.269090 499.858508 153.631456 123.696797
146 44.113952 505.424845 151.586965 122.370710
