29 442.638786 348.986155 18.671397 17.214903
30 442.342335 339.777245 18.639632 17.559794
31 441.222014 335.447453 18.839661 17.566715
32 442.187482 331.519098 18.106809 17.927143
33 442.295294 326.216238 17.976291 17.995217
34 442.431670 321.397666 17.322856 17.968790
35 440.720377 312.721166 17.314586 17.974032
36 440.375889 309.204377 16.911222 17.612970
37 441.000724 305.584984 16.491011 17.803905
38 441.131097 301.729953 16.025260 17.757347
39 440.718099 297.556750 16.084528 17.790018
40 440.997558 288.583969 16.270558 18.058259
41 440.911548 284.683109 15.846516 17.984070
42 441.126206 281.460743 15.476292 17.876111
43 441.154991 277.792456 15.104017 17.947388
44 441.135500 274.513151 15.143980 17.751512
45 441.077098 266.298357 15.331019 17.868448
46 441.099113 263.580228 14.808161 17.841245
47 441.348202 259.621395 14.636498 17.623536
48 440.865672 256.314356 14.498863 17.737998
49 441.017456 252.544079 13.871497 17.800434
50 440.552878 246.875757 13.838057 17.976842
51 440.743364 243.656280 13.622253 17.672222
52 441.151275 240.378469 13.317562 17.915268
53 441.209162 237.682383 13.249333 17.992305
54 441.190775 234.288873 13.345363 17.595846
55 440.806427 226.762657 13.478287 17.754378
56 440.455058 222.309926 13.097114 17.904270
57 440.866343 219.987214 13.366923 17.835947
58 440.776984 218.093456 13.082593 18.053840
59 440.962732 213.745001 13.265475 18.398726
60 439.682393 209.249741 13.413691 17.979084
61 439.824849 207.237056 13.345547 17.924204
62 439.436484 204.464721 13.193825 17.729103
63 439.704590 202.078660 13.485723 17.931129
64 440.408200 198.901461 13.004179 18.082467
65 440.677309 193.604298 13.259470 18.166496
66 440.272590 191.288446 13.131656 18.525076
67 440.352459 188.474443 13.228155 19.003512
68 440.247068 186.986078 13.445844 18.935647
69 440.264858 184.119103 13.186588 18.912805
70 439.745900 179.025997 13.751415 18.358027
71 439.047870 177.028010 13.670237 18.258166
72 439.386628 174.887654 14.106786 18.037365
73 438.230354 172.338282 14.053229 18.443962
74 438.445169 169.154047 14.320005 18.344874
75 438.304242 166.302665 14.202646 18.544099
76 438.116632 163.269074 14.614778 18.468779
77 437.450795 161.871763 14.671325 18.287826
78 437.360419 159.791392 14.207343 18.606860
79 437.383747 157.257787 14.350713 18.880193
80 437.803697 152.861493 14.263187 18.692400
81 438.037405 150.619444 14.361091 18.800983
82 438.457933 148.200501 14.395938 18.718372
83 438.737557 145.771770 14.534976 18.596717
84 438.068314 144.798166 14.541380 18.818845
85 439.072101 140.173562 14.807173 18.918588
86 438.794093 138.948300 14.754593 18.748290
87 439.081690 138.074290 14.922180 18.727254
88 438.385056 136.598784 14.843388 18.912205
89 438.657854 135.170560 14.883479 18.730210
90 440.891782 131.324080 15.679218 20.476550
91 439.775903 129.086104 19.543656 20.724452
92 437.206819 128.031755 21.591611 21.553773
93 434.881545 125.265828 24.905470 23.573199
94 431.616607 119.109130 27.292525 29.331143
95 423.376023 116.387735 37.392676 32.731532
96 422.330124 115.044191 39.020203 33.045736
97 421.282689 107.706670 41.160083 38.761257
98 416.795468 105.545869 45.861947 42.450802
99 413.423329 99.607263 48.546561 46.252117
100 409.301330 94.079101 49.601409 47.605159
101 408.450466 94.190892 50.558550 47.895149
102 406.154196 92.244312 49.937361 47.829733
103 404.636908 94.171047 50.054591 47.321027
104 403.371334 91.747603 49.691815 48.227871
105 404.053180 89.883175 48.267808 48.334927
106 401.554217 86.916881 47.636175 48.899026
107 402.184298 87.297878 47.344643 48.906524
108 400.768714 84.204944 47.598341 45.099997
109 398.802525 87.204166 46.917277 45.008922
110 388.961651 88.049986 48.717755 44.490609
111 384.599279 83.832714 45.769113 46.953894
112 384.721261 78.856665 44.981021 46.784125
113 379.426306 78.228433 43.439392 45.689369
114 374.022661 80.176809 43.181446 44.796592
115 369.742805 75.899032 42.663822 42.064354
116 368.494363 76.601328 41.872096 41.153498
117 366.666191 74.036965 41.579876 39.367807
118 366.663881 74.384595 40.319425 39.020126
119 367.130561 74.553322 39.104935 38.904689
120 362.798518 69.187881 40.315564 35.177933
121 363.504501 68.642426 39.465104 34.843584
122 359.158512 66.108477 38.403046 33.097552
123 356.470799 65.157862 36.753466 32.411163
124 350.686297 65.124941 35.601531 30.527636
125 340.277980 57.823633 33.756575 31.010443
126 339.786649 57.413408 33.557366 30.577483
127 338.546214 59.286335 32.787917 31.405466
128 334.191250 57.296997 31.112383 32.676430
129 332.244394 55.767207 30.975510 32.668723
130 327.574287 52.585189 30.168250 32.933017
131 326.357434 50.331717 33.385613 29.426708
132 326.217062 50.707937 33.111551 30.225030
133 324.952618 49.127266 33.049268 29.967131
134 326.239140 48.833480 32.317374 30.002526
135 325.612935 49.171581 31.618962 31.418398
136 326.074673 49.487429 31.720743 31.621386
137 324.850482 47.228749 32.498732 30.483134
138 323.696766 46.577188 31.795612 30.211654
139 322.982664 47.560031 31.698746 30.315309
140 322.660064 39.978140 30.258990 32.220411
141 321.675179 37.254583 30.353009 33.679960
142 321.559194 36.905196 29.994628 33.761043
143 321.923323 35.487078 29.262144 35.716274
144 318.386073 35.930766 29.105971 35.719516
145 315.931046 36.420387 29.746916 35.757769
146 314.218633 34.957123 29.547565 36.797728
147 312.655949 33.035755 29.869250 37.047077
148 312.817049 31.336834 29.756897 38.394849
149 311.182502 26.861576 29.408501 38.995467
150 309.982107 25.805018 29.924610 38.950152
151 308.254615 24.859932 29.832414 41.064606
152 308.062770 24.954541 29.989187 42.035881
153 307.724831 26.123002 30.038034 44.739916
154 309.354861 26.654610 30.707274 45.010169
155 307.794826 19.066657 29.762051 46.663034
156 307.959026 17.635817 29.872726 47.055222
157 305.868454 15.355783 29.894126 47.673905
158 303.679938 11.109596 30.144932 48.832452
159 303.687974 10.704216 30.510982 48.677743
160 301.687404 8.624705 30.889194 48.087900
161 301.834830 9.645184 30.933694 47.676940
162 301.123466 8.087031 30.490706 47.682813
163 301.549248 6.391194 29.804906 47.876887
164 301.302456 6.529043 30.164640 47.853083
165 299.376184 6.537362 30.550995 47.421877
166 298.462248 7.167716 30.952733 46.765280
167 298.196138 7.712100 30.756940 46.311396
168 296.894049 5.908202 30.617921 46.555829
169 296.621191 5.744469 30.633752 46.775279
170 296.453420 5.787635 30.737255 47.012983
171 295.643331 6.496768 31.335046 46.551727
172 294.701760 5.639864 31.034965 47.588556
173 294.591771 6.216386 32.055021 47.832594
174 293.334706 5.102932 33.441342 48.450797
175 292.573919 4.265601 33.306495 49.705969
176 292.979574 6.731967 33.394587 50.269451
177 293.660487 6.155143 34.235130 49.477626
178 292.059297 6.133766 34.508605 48.205691
179 292.935227 9.483888 35.476207 47.603083
180 292.981568 9.766351 35.375781 47.692566
181 296.574615 6.094601 35.863392 48.351100
182 296.621037 5.509746 35.829865 48.419004
183 294.093116 3.982862 35.785039 48.910974
184 293.984194 5.396138 34.925870 51.191137
185 293.317404 5.419486 35.275300 51.321114
186 292.386746 3.509324 35.473725 52.122427
187 293.611578 3.602982 35.675424 53.514646
188 296.135625 4.187204 35.790244 54.159617
189 301.098415 2.572857 35.448660 54.645598
190 304.099611 1.166316 36.064345 55.813451
191 304.358766 0.543500 36.520842 56.288428
192 305.230337 0.000000 37.131712 54.034608
193 304.807068 0.060354 37.800990 54.504504
194 304.953880 0.000000 37.962757 55.048905
195 303.793319 0.000000 40.730348 54.915259
196 303.788716 0.000000 41.139527 54.912835
197 302.834567 0.000000 42.974479 55.320844
198 302.011878 0.000000 43.731913 54.996620
199 301.015250 0.000000 45.685938 55.814986
200 300.842724 0.012671 46.496733 55.749319
201 296.233508 0.355923 47.760143 54.004958
202 294.660528 0.261920 50.207211 55.959668
203 294.478475 0.082957 51.190586 56.216085
204 294.727319 0.202553 51.629829 56.570791
205 291.377672 0.000000 47.541044 51.756128
206 290.901734 1.226349 48.528165 51.985460
207 291.206473 1.430161 48.978189 51.868184
208 290.691140 1.421516 49.227606 53.069340
209 289.744091 2.722187 53.944008 53.476030
210 290.351997 3.184330 54.076792 53.547731
211 291.139435 4.056327 54.598446 54.045180
212 302.326621 4.943511 54.172311 55.544822
213 304.081717 7.124026 54.757353 58.053174
214 304.413161 7.404998 54.803837 58.464495
215 305.793995 7.497997 55.053842 61.998378
216 301.859313 8.726035 54.939358 61.919846
217 300.376675 8.755226 54.660777 61.824923
218 299.950478 9.260352 55.187149 61.540781
219 299.288980 8.005777 59.652684 62.656478
220 296.594651 12.121502 59.438908 62.494066
221 295.935992 13.983040 59.136146 66.946658
222 296.782602 14.355754 59.385213 67.644604
223 298.876263 15.801341 57.544257 67.459162
224 300.896174 14.673014 56.396279 67.304000
225 302.017443 13.669411 55.839157 70.918980
226 304.399706 10.674941 53.715622 68.876231
227 302.699251 10.920713 52.901235 68.693533
228 304.466659 8.210815 50.095482 66.671193
229 304.369501 8.436124 50.575629 67.140680
230 306.671086 8.428999 50.398715 68.754553
231 305.459953 8.797963 48.157651 64.557745
232 311.434482 3.486761 48.745260 66.599380
233 315.000917 8.946177 47.757644 66.449710
234 317.378751 6.400432 46.504944 67.072515
235 317.119834 8.117458 46.019053 68.246148
236 314.722341 4.777425 43.355551 67.308213
237 315.397521 2.658018 43.466574 67.376668
238 314.460805 3.070224 43.723881 67.100163
239 316.602303 3.945718 44.445385 65.759881
