56 491.009687 92.869770 255.084863 262.384102
57 491.167110 92.896727 254.807434 261.816248
58 491.188065 93.197875 254.459553 261.097608
59 492.004184 94.491082 253.678693 260.406543
60 494.798591 94.844425 254.144419 259.733736
61 495.280291 95.363177 254.107429 259.117229
62 496.043402 96.166193 253.684421 258.626785
63 498.039948 96.230399 253.911524 257.987800
64 498.998701 96.742977 253.792152 256.758208
65 499.314446 97.272041 253.173367 256.206593
66 499.583809 97.364892 252.775589 255.899109
67 499.800175 97.620183 252.262457 255.243542
68 499.952274 98.269097 251.905771 254.600881
69 500.238777 98.399215 251.354220 254.524387
70 500.745086 98.685002 250.953708 254.479094
71 500.727671 98.678247 250.395406 253.928927
72 500.712372 98.684449 249.842906 253.392697
73 500.769509 98.765999 249.299455 252.836886
74 500.797138 98.839353 248.904646 252.409058
75 500.741304 98.861755 248.301829 251.845883
76 500.747644 98.926628 247.808244 251.347876
77 500.739493 98.983203 247.307791 250.846399
78 500.733678 99.033481 246.802802 250.351900
79 500.837306 99.020179 246.468076 249.975039
80 500.741664 99.043853 245.839529 249.332106
81 500.712480 99.117985 245.319062 248.848028
82 500.701853 99.167660 244.808436 248.357064
83 500.696745 99.212870 244.309844 247.858355
84 500.685018 99.264523 243.814272 247.357884
85 500.689143 99.290522 243.322167 246.875925
86 500.677787 99.326460 242.814069 246.362228
87 500.605543 99.456620 242.322731 245.851871
88 500.567305 99.460714 241.838163 245.405971
89 500.517608 99.513113 241.333954 244.859920
90 499.423885 100.117429 241.542159 244.883981
91 499.277762 99.709003 241.794309 245.244936
92 498.774393 99.602209 242.147474 245.286277
93 496.242334 101.750694 242.962682 245.591509
94 495.854029 101.452324 242.872820 246.375085
95 485.477083 94.775687 258.527223 246.479254
96 478.200101 90.928068 264.204868 242.247684
97 468.227951 146.172702 277.068099 205.977834
98 459.858500 176.692776 294.188424 181.507874
99 463.963251 183.569729 290.000810 180.302281
100 464.720817 183.637061 288.628925 179.694092
101 465.658251 184.330379 287.208826 178.573382
102 467.217202 191.437412 282.432100 178.553565
103 470.489159 188.342327 279.671473 178.299023
104 473.679086 184.899137 277.938471 176.942558
105 473.417952 184.606386 277.035515 176.153002
106 474.725207 181.929890 275.282172 175.746677
107 477.428166 174.488513 272.143912 174.537082
108 478.033342 175.858341 271.055218 174.987558
109 478.773617 173.909527 270.308710 174.151466
110 478.997718 173.950095 269.818923 174.079317
111 476.876322 179.588783 268.066518 172.906199
112 476.950693 179.889299 267.658070 172.498114
113 476.869907 179.785220 267.237105 171.870260
114 474.261777 196.230225 263.543864 171.200459
115 473.958044 197.329646 262.785675 170.862887
116 473.968842 197.410653 262.267391 170.282366
117 471.154122 197.716096 263.044538 168.603246
118 466.011139 219.984169 260.972895 170.150495
119 475.568286 273.678399 258.288286 164.250689
120 477.007041 271.443282 254.951263 168.124785
121 474.997029 271.297489 252.281899 172.064059
122 486.447685 261.706695 248.166983 176.107720
123 500.476763 250.225223 233.077575 194.312752
124 503.351520 247.195916 230.490139 196.191953
125 506.310813 245.771063 227.069371 198.448835
126 508.013449 243.824378 225.180807 200.003190
127 508.751819 242.375741 223.733357 201.250410
128 509.294378 241.581668 222.687286 201.522627
129 509.748876 241.063386 221.883613 201.817626
130 511.270480 236.942240 218.818982 204.271348
131 511.274993 237.027487 218.378104 203.957183
132 511.659406 235.717350 216.366357 203.811083
133 512.067936 234.839693 215.057246 204.106856
134 512.180071 235.024329 214.789518 203.919016
135 512.376144 234.916117 213.623259 203.952793
136 515.060398 227.534406 210.171555 204.735962
137 514.134567 227.413268 208.774316 204.786765
138 513.954192 227.613492 206.553512 205.457732
139 515.393012 219.994951 201.587081 206.962776
140 515.452948 220.012073 201.389305 206.371928
141 507.771025 225.625436 196.452104 206.875425
142 508.785441 215.487084 192.041507 209.549123
143 508.816777 213.853131 191.290055 209.741700
144 507.762715 216.559616 188.588534 213.067861
145 509.677499 205.423074 185.079458 215.360624
146 509.704857 204.881514 184.854176 214.900692
147 507.857049 210.493215 183.116789 215.289096
148 508.193336 208.429386 181.961083 215.944502
149 508.452709 200.761881 180.207235 215.474459
150 507.263635 203.474064 179.582856 215.030445
151 507.705615 198.823182 177.899002 217.394546
152 508.026931 193.433265 176.640839 217.424269
153 507.061244 196.278119 175.787769 217.937354
154 506.953204 196.336490 175.452232 218.013618
155 506.911010 196.541589 175.008234 217.950008
156 506.919495 197.856601 174.863174 217.343563
157 506.850021 198.160653 174.473519 216.940235
158 506.791403 198.159110 174.009472 216.429539
159 506.915899 198.614776 174.128742 215.630119
160 506.994406 198.970403 173.990084 215.442375
161 506.927703 198.937006 173.514636 214.896479
162 507.138201 199.098493 173.522949 214.307631
163 507.214711 200.450613 173.632834 213.672972
164 507.322070 201.218243 173.532192 213.268881
165 507.489598 201.504539 173.501950 212.876497
166 507.751185 201.809634 173.516901 212.297740
167 508.055551 202.317170 173.631822 211.839707
168 508.151675 202.237585 173.557274 211.261228
169 508.295545 202.271439 173.519357 210.865798
170 508.337096 202.537310 173.655917 210.148334
171 508.355569 202.848187 173.612722 209.987309
172 508.480244 202.659328 173.517830 209.316713
173 508.276420 202.931356 173.672129 208.328873
174 507.914179 205.175349 173.495594 207.548356
175 507.778874 204.974668 172.919086 206.943076
176 506.758680 206.641184 173.113650 201.565168
177 503.870413 211.854188 174.083305 201.336954
178 503.940744 211.759005 174.056260 200.628501
179 503.911650 208.849550 175.067854 196.705937
180 502.838749 211.982104 176.668769 195.852993
181 502.920108 212.020952 176.643283 195.627300
182 503.641759 206.715896 177.054328 193.003903
183 502.409819 213.416291 178.490382 192.531730
184 502.264986 213.519735 178.255302 192.792685
185 505.713996 207.383806 176.738698 191.606635
186 505.724309 210.134699 176.922858 190.141498
187 505.769404 210.834458 176.539572 190.233020
188 510.650760 202.627260 175.154658 188.172935
189 510.675016 204.823956 175.005581 186.149458
190 510.069794 209.942239 174.576035 185.727331
191 510.622238 210.076170 173.844399 184.601004
192 510.658380 211.003503 173.814239 182.019511
193 509.544748 219.462893 175.007567 180.052432
194 510.513534 219.195498 174.527882 179.460010
195 510.852699 219.426966 174.509034 175.375214
196 511.042765 220.945911 174.453350 174.680407
197 511.125293 221.117691 173.782622 174.278071
198 511.552179 220.840257 173.129291 171.060511
199 511.574892 222.160785 172.982094 170.189294
200 511.612519 222.193683 172.388167 169.839513
201 511.799574 222.002457 171.730633 169.257980
202 511.878576 222.245584 171.475368 168.924704
203 511.820269 222.263174 171.017218 168.561011
204 512.590867 222.158248 170.982225 168.594172
205 512.692416 222.746425 170.532079 168.175788
206 512.890898 222.749613 170.935266 168.136197
207 513.238863 222.095568 170.488595 168.021806
208 513.166208 222.154334 170.211886 168.170690
209 513.220086 221.535814 170.681431 168.090375
210 513.150286 221.130069 170.658832 167.842568
211 513.217560 220.865968 170.741129 167.417899
212 513.539795 219.939399 170.803189 166.447302
213 513.282551 219.726059 170.792034 165.962300
214 513.244183 220.054231 170.575311 165.630663
215 513.691702 219.288414 170.362380 165.325418
216 513.644976 219.256439 170.223862 164.897354
217 512.148566 223.572314 172.460039 163.387185
218 512.334643 222.359088 171.958231 164.357537
219 515.692242 213.792052 170.465194 163.207329
220 513.901630 213.288957 171.936177 164.194384
221 514.173274 209.457419 171.870497 167.706208
222 514.942092 196.231852 171.233388 167.038208
223 511.067291 195.254527 176.397062 166.968999
224 510.711518 194.535966 177.070937 167.669990
225 511.846740 181.573391 178.440123 167.958071
226 505.771136 182.081761 185.734616 167.788906
