2 530.443568 126.492817 65.715121 123.866017
3 530.002373 126.406992 64.376593 119.107274
4 530.929390 119.911692 60.068270 116.923580
5 526.037198 117.950580 58.605250 114.133568
6 524.517716 114.034846 58.637861 114.764030
7 517.408139 118.553447 58.430081 116.892811
8 517.618365 117.648727 58.266812 116.998661
9 517.962476 116.699243 58.197211 117.085799
10 514.813745 122.133840 56.983222 117.359733
11 515.250856 124.728892 56.637531 115.414277
12 508.256401 121.400334 56.914171 110.644990
13 508.755085 124.995931 56.317623 107.232048
14 497.481264 135.108301 53.324284 102.050970
15 497.783280 134.482470 53.232907 102.300895
16 498.094672 134.433078 53.410085 102.378094
17 490.343242 134.011123 54.374540 100.808022
18 490.415265 133.954203 54.482011 100.750336
19 490.383869 133.908017 54.482552 100.705219
20 480.797150 130.689803 53.556193 99.305076
21 481.035636 130.845438 53.973962 99.492907
22 477.894333 133.584870 52.298732 103.289019
23 478.006478 134.484316 51.930072 103.779405
24 469.555946 134.012246 50.420806 101.729533
25 466.003136 138.513882 49.707764 101.764264
26 466.140576 138.624289 49.951520 101.979456
27 459.520193 138.929984 50.194767 99.826774
28 459.281076 138.859608 50.460335 99.891334
29 458.919518 138.802657 50.460342 99.853563
30 450.728662 142.228031 50.059013 98.386841
31 450.610798 141.787567 50.087298 98.834279
32 439.793912 146.260950 48.323586 103.660905
33 439.956968 144.826748 47.338533 106.302449
34 431.609936 153.259375 44.430853 113.671140
35 427.730861 137.202095 43.928493 117.400449
36 427.795855 137.204661 43.921588 117.761372
37 422.091291 132.182693 41.677331 123.296128
38 422.259989 131.465490 41.948452 124.505218
39 412.953281 128.020498 41.401975 138.154978
40 406.115138 129.187072 43.905341 140.579265
41 406.163061 129.399692 43.992860 140.970330
42 396.728960 132.617369 46.927896 138.972988
43 396.787780 132.768301 47.068442 139.238212
44 397.006309 132.955476 47.508127 139.591550
45 385.811108 142.539729 49.306478 135.673973
46 385.907749 142.691005 49.492638 135.986550
47 376.162402 144.783703 48.982801 136.460771
48 377.911730 142.564060 48.712767 137.650292
49 375.203256 136.923474 47.157843 143.223339
50 373.107410 135.419646 46.271649 143.850054
51 373.240772 135.304507 46.442756 144.053318
52 363.145541 134.606057 45.695313 143.641186
53 363.316388 134.659636 45.950656 144.046671
54 363.352455 134.789906 45.966083 144.527423
55 347.339176 134.377330 50.913073 145.543258
56 347.346539 134.604030 50.974662 145.964133
57 343.340378 136.106823 52.266630 145.909928
58 343.413021 136.097578 52.509220 146.014028
59 338.309248 129.270994 53.116902 151.017832
60 332.638023 121.306091 54.102731 153.168525
61 332.277222 120.705804 54.875412 153.646008
62 324.960548 111.191483 55.520422 156.557133
63 325.028966 110.783876 56.136374 157.957346
64 321.779153 106.044519 56.603438 166.991432
65 321.357056 107.104411 55.853473 163.908415
66 321.433151 107.405179 55.952875 163.657111
67 314.846679 107.424029 53.225648 156.946673
68 314.827676 113.332368 52.465555 153.167486
69 305.690979 128.857071 48.103548 151.303696
70 300.790790 134.800012 47.066417 147.784784
71 300.512909 136.299227 47.251516 146.814519
72 293.655329 141.300164 47.746303 137.309708
73 293.769859 141.438924 47.997446 137.416562
74 286.478953 143.408703 48.540256 133.916945
75 282.711843 145.028575 49.388287 131.647490
76 282.767643 145.204395 49.491748 131.970058
77 275.886389 144.449491 48.670828 138.720321
78 276.050919 144.588874 48.991832 138.968470
79 270.341216 142.062548 47.075472 140.539547
80 268.342033 141.604667 46.728766 141.843256
81 268.477596 141.682572 46.992165 141.967790
82 260.023830 141.742419 43.349891 143.605750
83 260.110478 141.810262 43.439243 144.271143
84 260.177189 141.797682 43.406862 144.757552
85 247.153598 143.631123 44.754711 146.103828
86 247.253967 143.825695 45.011933 146.468278
87 237.309900 146.097234 50.779001 144.760646
88 237.380033 146.205032 51.050298 144.965927
89 237.603170 146.220762 51.493011 144.967718
90 225.734914 147.736718 54.961292 144.636316
91 224.800799 147.468491 57.024110 145.884789
92 218.980438 145.764832 56.851216 145.651206
93 219.054765 145.938749 56.990498 145.966883
94 219.059451 145.954827 56.990498 145.966883
95 209.554614 143.127635 54.529943 150.293704
96 209.789580 143.230287 54.990831 150.465862
97 203.956595 142.679416 49.742263 147.225567
98 204.411780 142.439814 49.213684 147.644859
99 196.536281 143.139892 49.169639 149.964037
100 193.150600 143.743367 49.840255 151.192260
101 193.230416 143.896739 49.991665 151.465635
102 184.420135 148.042413 53.585013 147.762259
103 184.627567 148.160796 53.990998 147.966429
104 184.632006 148.177095 53.990998 147.966429
105 174.399956 149.443073 57.271174 143.705361
106 174.514303 149.589919 57.490415 143.967336
107 166.883224 147.792738 57.302872 145.624837
108 166.981723 147.979839 57.490415 145.966883
109 160.789147 146.962128 55.168238 149.097781
110 158.942393 146.570841 50.939916 149.546322
111 158.972376 146.797187 50.991498 149.965975
112 158.976569 146.813706 50.991498 149.965975
113 158.980761 146.830224 50.991498 149.965975
114 144.921221 148.661855 48.161257 154.579554
115 143.233383 148.463520 48.716215 155.852800
116 143.375220 148.536606 48.991832 155.964614
117 137.850827 150.789579 50.789429 158.363642
118 137.956054 150.857237 50.991498 158.464047
119 137.960247 150.874692 50.991498 158.464047
120 132.023022 152.702392 53.334634 154.467038
121 132.105644 152.718365 53.491081 154.464955
122 131.000935 158.489281 50.998157 152.949380
123 131.001798 158.514087 50.991498 152.965295
124 128.179305 166.989224 49.283146 150.049218
125 127.245550 163.861356 45.355104 152.732578
126 127.455067 163.758252 44.895592 152.264719
127 120.197436 131.324141 46.263162 201.468753
128 120.878478 133.877366 45.904406 196.193776
129 121.543946 134.799228 45.284141 193.711486
130 126.965131 155.779083 49.033603 192.648583
131 128.155709 181.573689 49.721948 186.499178
132 129.279012 206.231054 51.902537 175.347939
133 129.609386 229.074914 53.844267 165.979928
134 131.250052 250.509810 57.087827 155.603596
135 131.139432 270.307600 59.055316 145.517872
136 131.334781 287.698863 61.374832 134.110586
137 130.567568 300.136769 61.984794 127.506141
138 130.454355 312.527876 63.168194 119.336609
139 130.192277 323.547251 65.974143 110.502695
140 130.379295 333.403181 68.158862 100.452324
141 130.396386 336.389656 68.899780 96.170815
142 130.428439 339.530899 69.157698 92.492904
143 130.574844 341.802933 69.638277 89.145457
144 130.799482 344.154849 70.083470 86.258090
145 130.883431 344.734840 70.486035 86.029902
146 130.805655 345.478968 70.402164 85.912486
147 130.797908 345.699043 70.487790 85.734301
148 130.717203 346.133441 70.477137 85.601812
149 130.560603 347.290502 70.257426 84.612121
150 130.687138 348.225055 70.358335 83.962009
151 130.735531 348.332707 70.489051 83.869727
152 130.687215 348.424011 70.484136 83.841101
153 130.639171 348.658511 70.483235 83.709502
154 130.598258 348.943125 70.485047 83.735810
155 130.565700 349.098904 70.502726 83.896215
156 130.738666 349.223935 70.993727 83.806065
157 130.634055 349.509046 70.930346 83.827254
158 130.610975 349.734067 70.953875 83.841934
159 130.522819 350.245943 71.038991 83.434121
160 130.720273 350.342011 71.496529 83.367791
161 130.697239 350.634178 71.486455 83.035034
162 130.656703 350.964322 71.507842 83.319722
163 130.841314 351.113229 71.998160 83.322580
164 130.788336 351.249272 71.996824 83.347768
165 130.725413 351.368935 72.008343 83.407145
166 130.931382 351.463480 72.479064 83.421009
167 130.755206 351.696883 72.422219 82.772950
168 130.777485 351.851117 72.487261 82.912692
169 130.773812 352.033265 72.482891 82.794526
170 130.782211 352.171357 72.453727 82.945799
171 130.799056 352.263614 72.468465 82.896461
172 130.553957 352.670773 72.516556 82.364671
173 130.663839 352.835810 72.999412 82.263730
174 130.547154 353.050306 72.995370 82.269210
175 130.545706 353.165127 72.989554 82.474225
176 130.533256 353.201248 72.988586 82.438379
177 130.335817 353.697440 72.974582 81.679670
178 130.275914 354.095528 72.940316 81.595164
179 130.246149 354.555608 72.949924 81.601889
180 130.236110 354.938769 72.900422 81.636829
181 130.222191 355.479114 72.836460 81.256755
182 130.234510 355.811253 72.942676 81.199859
183 130.225018 356.184649 72.939554 81.160880
184 130.204354 356.599290 72.941427 81.126744
185 130.198034 357.664803 72.724782 80.037692
186 130.304078 358.273089 72.837045 79.909828
187 130.297217 358.395758 72.974701 79.764969
188 130.248450 358.648078 72.922689 79.700462
189 130.160407 359.099459 72.912065 79.442787
190 130.133315 359.227811 72.954818 79.306591
191 130.074665 359.434515 72.954773 79.284842
192 130.096325 359.552992 72.981955 79.461511
193 130.105268 359.624437 72.961198 79.389656
194 130.124804 359.735183 72.960579 79.385721
195 130.143380 359.807197 72.972104 79.454032
196 130.157586 359.845860 72.980215 79.451341
197 130.142280 359.963517 72.755240 78.979633
198 130.239782 360.032703 72.913774 78.889653
199 130.257826 360.145859 72.915783 78.891442
200 130.274621 360.245730 72.979595 78.905919
201 130.270590 360.312223 72.975094 78.914157
202 130.282959 360.354885 72.987831 78.982080
203 130.288961 360.363585 72.987831 78.982080
204 130.294962 360.372285 72.987831 78.982080
205 130.297123 360.382909 72.987458 78.971092
206 130.303304 360.418142 72.981704 78.950803
207 130.309789 360.534245 72.962897 78.862613
208 130.329830 360.649258 72.962065 78.886455
209 130.195108 360.963009 72.948392 78.291191
210 130.167104 361.267845 72.850537 78.096703
211 130.184432 361.675855 72.893495 78.044778
212 130.240080 361.969869 72.946596 78.357063
213 130.263545 362.066005 72.976594 78.426110
214 130.271513 362.128194 72.976097 78.423093
215 130.280335 362.200161 72.979529 78.428210
216 130.286070 362.272492 72.978902 78.416932
217 130.159324 362.308853 73.033236 78.126506
218 130.313611 362.522262 73.497238 78.317337
219 130.225751 362.645868 73.500873 78.299808
220 130.435875 362.839768 74.010004 78.337037
221 130.670376 362.962087 74.486490 78.434345
222 130.669120 363.041674 74.475598 78.417575
223 130.653204 363.093090 74.484671 78.439166
224 130.640402 363.131993 74.491456 78.455595
225 130.561153 363.133586 74.505389 78.395790
226 130.755891 363.216235 74.989861 78.367072
227 130.684624 363.272611 74.906505 78.422812
228 130.667102 363.285733 74.994088 78.435352
229 130.596372 363.338199 75.034869 78.261137
230 130.774774 363.485581 75.521727 78.381877
231 130.986191 363.563336 76.001330 78.413667
232 131.187065 363.591979 76.495984 78.432578
233 131.175106 363.619618 76.493737 78.456886
234 131.119026 363.663473 76.499847 78.381772
235 131.107930 363.834044 76.611845 77.957225
236 131.139507 363.865053 77.012983 77.628339
237 131.308363 364.163855 77.489479 77.622443
238 131.264167 364.439770 77.478400 77.701851
239 131.159095 364.570422 77.518452 77.769695
240 131.365893 364.727510 77.987656 77.896703
241 131.346607 364.793627 77.992201 77.936206
242 131.348267 364.831117 77.987466 77.972752
243 131.337392 364.868798 77.992706 77.934190
244 131.321702 364.926567 77.994120 77.931404
245 131.294928 364.971308 77.977048 77.963484
246 131.299367 365.005258 77.987548 77.961531
247 131.271588 365.095108 78.001811 77.902457
248 131.520592 365.143623 78.486914 77.982307
249 131.527057 365.152220 78.486858 77.982255
250 131.533538 365.160836 78.486914 77.982307
251 131.539928 365.169032 78.486723 77.982471
252 131.542774 365.176126 78.480816 77.984903
253 131.552276 365.183418 78.486914 77.982307
254 131.558730 365.192008 78.486914 77.982307
255 131.557307 365.176184 78.441928 77.958950
256 131.566650 365.185425 78.436055 77.976263
257 131.557515 365.192547 78.488172 77.947610
258 131.547319 365.226069 78.482527 77.944761
259 131.539177 365.260369 78.482591 77.944887
260 131.547021 365.288796 78.487221 77.980853
261 131.553321 365.298113 78.486914 77.982307
262 131.465985 365.246345 78.417493 77.847578
263 131.483439 365.318197 78.466611 77.980280
264 131.500044 365.327801 78.486914 77.982307
265 131.501403 365.328423 78.459802 77.974058
266 131.510134 365.328872 78.447150 77.980901
267 131.536469 365.338164 78.486914 77.982307
268 131.542855 365.346721 78.486974 77.982036
269 131.549278 365.355446 78.486914 77.982307
270 131.553579 365.358160 78.481153 77.985855
271 131.562362 365.364585 78.485817 77.982869
272 131.535728 365.482015 78.532858 77.812129
273 131.716350 365.629717 78.978920 77.835881
274 131.726257 365.711252 78.987298 77.980098
275 131.725063 365.715639 78.967472 77.988946
276 131.741237 365.720909 78.986831 77.982307
277 131.706429 365.699864 78.910978 77.929389
278 131.710931 365.750355 78.964066 77.889912
279 131.677862 365.889252 78.952762 77.816432
280 131.690241 365.982523 78.988322 77.971912
281 131.682394 366.036037 78.971570 77.907329
282 131.688581 366.090879 78.965114 77.939408
283 131.705896 366.119445 78.984578 77.981615
284 131.713065 366.128522 78.986898 77.982017
285 131.715122 366.136669 78.984793 77.970413
286 131.720386 366.154814 78.986766 77.977018
287 131.710767 366.150587 78.939637 77.999978
288 131.740542 366.148445 78.985911 77.983096
289 131.665194 366.549078 79.111579 77.401857
290 131.869723 366.662336 79.404827 77.335761
291 131.906005 366.790956 79.454889 77.386124
292 131.928170 366.861733 79.491186 77.473965
293 131.933263 366.881344 79.483445 77.464582
294 131.941287 366.906251 79.484416 77.462735
295 131.949837 366.914947 79.474040 77.465155
296 131.962408 366.931453 79.486444 77.480370
297 131.961096 366.990943 79.432204 77.314494
298 131.994759 367.082668 79.483805 77.476482
299 132.002522 367.093263 79.484116 77.476574
300 131.995403 367.075242 79.427682 77.496430
301 132.031570 367.084315 79.474882 77.447857
302 132.046335 367.123502 79.478809 77.461600
303 132.054994 367.137749 79.481770 77.469342
304 132.060765 367.159128 79.491031 77.437890
305 132.062285 367.186040 79.483305 77.461534
306 132.069825 367.203751 79.487183 77.479808
307 132.062742 367.189782 79.412867 77.358692
308 132.088745 367.272154 79.458828 77.422140
309 131.720386 367.357947 78.875043 76.245216
310 131.781821 367.482596 78.986736 76.480375
311 131.777834 367.496892 78.968414 76.410749
312 131.761434 367.558881 78.976125 76.317902
313 131.771594 367.657258 78.979003 76.458193
314 131.778171 367.690247 78.987558 76.467969
315 131.784034 367.705530 78.986993 76.481677
316 131.788462 367.711715 78.988198 76.475253
317 131.768450 367.746135 79.001586 76.284378
318 132.014670 367.861198 79.468096 76.449376
319 131.988103 367.829601 79.339844 76.301570
320 132.068091 367.928564 79.486747 76.482647
321 132.072966 367.934734 79.487892 76.476497
322 132.049694 367.969379 79.374841 76.391580
323 132.119586 368.017559 79.457660 76.429951
324 132.176674 368.050373 79.463187 76.269400
325 132.193534 368.162127 79.485056 76.474290
326 132.188784 368.173921 79.476770 76.432417
327 132.160193 368.277830 79.538758 76.285691
328 132.357970 368.411825 79.906952 76.325919
329 132.285201 368.490377 79.732307 76.149019
330 132.392828 368.683599 79.877155 76.274861
331 132.388379 368.841394 79.925331 76.298918
332 132.433716 368.940275 79.961418 76.460053
333 132.459992 368.972560 79.947186 76.403111
334 132.468573 369.041312 79.931873 76.369967
335 132.474305 369.143354 79.895000 76.263031
336 132.381590 369.206559 79.615124 76.078474
337 132.577824 369.174189 79.588703 75.768550
338 132.739123 369.257954 79.837387 75.765359
339 132.799342 369.440875 79.961975 75.847627
340 132.702731 369.618047 79.952888 75.536691
341 132.663329 369.882419 79.903969 75.759238
342 132.589190 369.960033 79.855949 75.649277
343 132.477580 370.158596 79.788494 75.442852
344 132.229371 370.066404 79.470905 74.096770
345 132.014973 370.236011 79.021389 73.951625
346 132.094388 370.387306 79.427117 73.501769
347 132.105817 370.697321 79.414213 73.744569
348 132.151330 370.806776 79.370569 73.802734
349 132.213305 370.881270 79.358938 73.796954
350 132.083258 371.293373 79.640068 73.116320
351 132.206819 371.663654 79.856232 72.754595
352 132.382509 371.693121 79.834976 72.607398
353 132.478636 371.743557 79.815441 72.611976
354 132.499454 371.834611 79.800167 72.733989
355 132.566351 372.003766 79.938416 72.854801
356 132.556326 372.119038 79.938728 72.845207
357 132.271692 372.467361 79.617538 72.514580
358 132.164667 372.698128 79.721359 72.447451
359 132.019079 372.596048 79.712429 71.828098
360 132.063431 373.042698 79.985268 70.440096
361 132.098305 373.230828 79.862576 69.705452
362 131.951731 372.200825 79.657257 68.890355
363 132.027468 372.129720 79.892380 68.541409
364 132.002016 372.240464 79.903221 68.538757
365 131.864622 372.281650 79.785484 68.096682
366 131.878569 372.577262 80.011608 68.073639
367 132.170873 372.755793 80.260986 68.317327
368 132.277483 372.764544 80.216240 67.780459
369 132.339049 372.706084 80.274705 67.260287
370 132.425291 373.304348 80.536009 66.640646
371 132.582785 373.538857 80.956475 66.666874
372 132.355420 373.818427 80.367160 66.628252
373 132.366953 374.164374 80.389162 66.662698
374 132.496455 374.613586 80.571251 65.790886
375 132.711297 374.833048 80.758760 65.648161
376 132.954467 375.037125 80.672173 65.577244
377 133.522892 375.752304 80.886983 64.817792
378 133.348681 376.230609 81.137574 62.754734
379 133.753639 378.068902 81.635023 60.690819
380 134.218857 379.986986 81.597905 58.619197
381 135.851211 383.244073 82.447566 55.963749
382 137.742301 388.219373 85.240890 52.413560
383 141.217696 391.049798 87.562977 49.256521
384 146.437875 393.662915 89.293666 46.897251
385 152.209575 395.874878 89.839525 44.706530
386 162.048470 397.337623 90.423712 42.273238
387 171.411961 396.847008 88.013342 40.253415
388 171.992849 397.028901 88.098525 40.361217
389 172.532491 397.157084 88.097770 40.360925
390 172.136352 398.260513 88.333989 39.197368
391 174.916867 399.140322 86.058856 38.626669
392 178.052852 399.764110 83.489581 38.164821
393 180.373021 400.412639 80.624965 37.084112
394 182.791473 401.074584 78.019656 36.262540
395 184.378323 401.294424 76.000666 36.233662
396 184.628964 401.821621 75.855991 35.790087
397 188.104981 402.083479 73.418300 35.592929
398 190.214070 402.196374 72.518249 35.482551
399 192.700520 402.122357 71.411552 35.227587
400 195.202222 402.139789 69.211382 34.981754
401 196.877920 402.199041 67.582158 34.445203
402 197.210694 402.506144 67.542085 33.097990
403 197.959958 402.784871 66.310943 33.033157
404 198.268060 403.082144 66.118751 33.362067
405 201.052266 401.929864 61.945765 34.255494
406 201.993482 401.822670 60.222169 34.562079
407 203.204933 402.634975 57.635023 34.962773
408 203.616359 402.692697 57.500774 34.943348
409 203.997526 402.649696 57.841713 35.001545
410 203.995771 403.304073 57.469755 35.016766
411 204.039302 403.708225 57.355394 35.361804
412 202.935394 404.548499 56.193219 33.669359
413 203.105157 404.800608 56.352672 33.902816
414 203.189988 404.869318 56.278529 33.921861
415 203.296723 404.974757 56.464742 33.957090
416 203.352555 404.916200 56.393754 33.910309
417 203.409304 404.796554 56.375687 33.991219
418 203.505053 404.748040 56.410461 33.951226
419 203.694996 404.825350 55.905063 33.675939
420 203.952063 403.707201 54.755504 33.906349
421 203.882557 403.692414 54.720934 33.942869
422 203.937409 404.246888 54.545726 33.535479
423 203.596993 404.677156 54.454855 33.503154
424 203.373318 405.133549 53.776874 33.103409
425 203.866026 405.834465 54.136146 32.652714
426 204.129221 406.137702 54.095924 32.693248
427 204.535896 406.453644 54.191516 32.553648
428 205.398160 406.896200 54.107784 32.353486
429 205.457675 406.970043 54.406229 32.481986
430 205.214380 406.415202 51.569295 31.524547
431 205.329943 406.579505 51.241021 31.845137
432 205.408901 406.604144 50.864121 31.847742
433 205.404045 406.562935 50.526136 31.827956
434 205.045527 406.952595 50.541050 32.005109
435 205.591779 407.523918 50.123751 31.922768
436 205.874400 407.881467 50.048341 31.605038
437 206.088639 408.111544 50.466319 31.977591
438 206.131475 408.117614 50.484302 31.983257
439 206.365271 408.326608 49.788849 31.372656
440 205.755534 408.786576 49.813509 30.348035
441 205.854864 409.145382 49.701200 29.868475
442 207.300748 409.183896 50.012705 29.515085
443 207.629182 409.399153 50.386028 29.868869
444 207.770955 409.437517 50.386028 29.868869
445 208.568190 410.836643 49.582327 29.634798
446 208.530631 411.229862 49.805145 29.741286
447 208.381662 411.569836 49.805145 29.741286
448 208.232693 411.909810 49.805145 29.741286
449 208.191726 412.046526 49.816911 29.849457
450 208.191975 411.016296 49.526315 28.312577
451 208.594027 410.937746 49.086823 28.284455
452 209.474272 410.992734 48.859011 28.611245
453 210.238128 411.366246 48.405734 28.839047
454 211.419135 411.764293 47.732433 28.708642
455 210.013096 411.127313 47.802431 28.830938
456 209.804206 411.456215 47.641335 28.724884
457 210.243596 411.283343 47.944746 28.741916
458 210.069860 411.556340 47.999261 28.836055
459 209.598520 411.819596 47.912258 28.777077
460 209.591712 411.911177 47.946176 28.969540
461 209.667341 411.930577 47.851289 28.801686
462 209.853146 411.768739 47.734312 28.978461
463 209.061832 411.178801 48.006278 28.872073
464 208.999310 410.974491 48.345228 28.858573
465 208.627677 411.465360 48.311192 29.126833
466 208.721267 411.624457 48.379515 29.523429
467 209.201146 410.949881 47.725324 29.413702
468 209.229974 411.003763 47.738802 29.351236
469 209.208588 411.000926 47.849302 28.798445
470 209.318514 411.093126 47.867585 29.024110
471 209.346890 411.157018 47.818993 29.520453
472 209.786367 410.742201 47.851687 29.814969
473 209.982046 410.687208 47.839517 29.983664
474 209.954940 410.707643 47.833367 29.947347
475 209.588975 411.029711 47.715326 29.246947
476 210.003821 411.116265 47.426681 28.962703
477 209.964076 411.138188 47.448787 28.983196
478 209.836738 411.158084 47.442538 28.839293
479 209.712524 411.249932 47.442538 28.839293
480 210.128995 411.113330 46.915049 28.690429
481 210.126017 411.199373 46.820348 28.843702
482 211.835173 412.275462 45.737248 27.760898
483 212.303335 412.222624 45.858141 27.589398
484 210.046459 412.828314 46.539982 27.871650
485 210.103206 412.611763 46.738957 27.864759
486 210.357315 412.628860 46.811003 27.984327
487 211.343818 412.598389 46.068493 28.239738
488 211.299060 412.670976 46.434419 28.454073
489 211.071339 412.636396 46.434419 28.454073
490 210.941069 412.718393 46.560701 28.345733
491 210.908264 412.711601 46.882139 28.218426
492 211.199150 412.475725 45.411271 28.631565
493 211.088665 412.602054 45.387527 28.698654
494 211.010464 412.674905 45.441525 28.722533
495 210.904205 412.741466 45.435333 28.690396
496 210.803635 412.833067 45.435079 28.703674
497 211.026325 412.457805 46.311141 28.521470
498 211.581197 411.827289 46.433113 28.751192
499 211.425295 411.506945 46.593834 28.766888
500 207.180867 411.199381 47.603320 27.167152
501 207.334469 411.392812 48.018974 27.412141
502 207.562462 411.579426 48.551170 27.379570
503 207.682087 411.640196 49.003222 27.469663
504 207.654613 411.624613 49.417605 27.460578
505 207.849854 411.660993 49.481705 27.493525
506 207.752578 411.742021 49.347413 27.407903
507 207.740285 410.965791 49.799908 26.617633
508 207.821632 411.163930 49.998767 26.978566
509 207.803549 411.181601 49.998767 26.978566
510 207.785466 411.199273 49.998767 26.978566
511 207.767384 411.216945 49.998767 26.978566
512 206.942626 411.579996 48.409584 27.350107
513 206.972846 411.659721 48.494466 27.473344
514 207.590956 411.803442 47.754186 26.006353
515 207.787666 412.484863 47.976125 25.352782
516 207.776731 412.836760 47.976949 24.715756
517 209.578321 412.422035 48.015878 25.209571
518 210.388094 412.251265 47.977843 25.536763
519 211.192875 412.046074 47.323810 26.061621
520 211.700768 411.927798 47.047795 26.703980
521 210.837530 411.563621 47.236171 26.989659
522 209.265081 411.653227 48.039087 26.510486
523 209.614982 411.816385 48.213702 26.891732
524 209.582316 411.595044 47.771796 26.998024
525 209.692385 411.589154 47.966359 27.001685
526 209.696285 411.821369 47.945194 27.503294
527 209.420227 411.812914 47.608607 27.624332
528 209.626108 411.858363 47.805428 27.939924
529 209.817763 411.884897 47.881114 27.958827
530 209.650688 411.936626 47.869265 27.900074
531 209.476419 411.873250 47.769573 27.923164
532 208.234358 411.363497 47.770399 27.059211
533 207.976688 411.452645 47.911205 27.279493
534 208.202245 411.538793 48.139252 27.370256
535 208.337661 411.772333 48.287763 26.921610
536 208.321967 411.379843 48.307587 26.875822
537 208.233427 411.300753 48.587407 27.020181
538 208.417499 411.504180 49.033379 27.407991
539 208.587325 411.493386 49.511315 27.427107
540 208.473904 411.399623 49.985945 27.413118
541 208.434611 411.410120 49.981270 27.458811
542 208.478454 411.228916 49.760716 27.449127
543 208.379678 411.062889 49.792373 27.447173
544 208.629995 410.873097 49.444113 27.559456
545 208.349867 410.736361 49.430393 28.037081
546 208.377471 410.905819 49.452255 28.502230
547 208.914381 412.301352 48.996196 27.138447
548 208.905011 412.529326 48.915909 27.416954
549 208.878071 412.165279 48.800633 27.375342
550 208.576986 411.882000 48.968735 27.427861
551 208.191850 411.572461 48.968735 27.427861
552 208.148224 411.682387 48.079395 27.605315
553 208.030640 411.776237 48.215605 27.963374
554 207.437395 411.059540 48.234514 27.530721
555 207.305757 411.696240 49.221585 26.230933
556 207.475477 411.769986 49.336822 26.355533
557 206.700146 411.749398 49.426053 26.707728
558 206.689596 411.922385 49.516588 26.539539
559 206.867663 412.053316 50.009103 26.887901
560 207.270146 411.968008 50.428961 26.977119
561 207.051085 411.561459 50.371503 26.933274
562 206.094146 410.194812 50.738274 26.463914
563 206.265347 410.222828 50.912139 26.438551
564 206.371484 410.286883 50.710350 26.436739
565 206.430863 410.359778 50.982724 26.457312
566 206.105508 410.324169 50.783442 26.442469
567 204.756246 409.998537 49.789649 25.900788
568 204.455138 410.187641 49.470916 25.529499
569 203.995772 410.478254 48.964544 25.435343
570 205.639047 411.154955 48.695694 24.737468
571 205.444112 411.281378 48.662315 24.736336
572 204.707848 410.702891 49.033045 24.909933
573 204.493865 410.183366 49.579765 24.759686
574 204.393912 410.520167 49.663413 24.424393
575 203.351116 410.698321 50.088153 23.989840
576 202.979601 410.774235 50.572551 23.841918
577 202.606805 410.839161 51.164951 23.951008
578 201.707173 410.950166 51.603668 23.891106
579 202.573249 410.961946 49.767447 23.853130
580 202.839736 410.807983 49.649107 24.015926
581 202.865460 410.980805 49.897428 24.407046
582 204.070452 411.092143 49.944088 24.007187
583 204.071130 411.228353 49.946506 24.449504
584 204.070599 411.143405 49.946506 24.449504
585 203.352043 411.510807 50.199320 24.279062
586 203.256521 411.564678 50.367590 24.484798
587 203.025527 411.795606 50.390493 24.149625
588 203.064277 412.003875 50.423473 24.455626
589 203.086537 412.059143 50.423473 24.455626
590 203.108796 412.114412 50.423473 24.455626
591 203.131056 412.169680 50.423473 24.455626
592 204.940123 412.510483 49.629004 24.437128
593 205.241397 412.554254 49.939914 24.417081
594 205.893312 412.272196 49.227929 23.418252
595 205.441872 412.351474 49.056062 23.409687
596 204.972780 412.489695 49.114608 23.214380
597 204.674114 412.705869 49.434949 23.452350
598 204.274588 412.965628 49.557909 23.377089
599 204.193082 413.057993 50.018857 23.457492
600 204.824670 412.889305 49.623695 23.527991
601 204.863198 412.980216 49.780605 23.989897
602 204.593441 413.027610 50.293372 23.952465
603 204.524104 412.967447 50.417934 24.017917
604 203.765732 412.777323 50.340991 24.299702
605 203.224353 412.664677 50.462981 24.510603
606 203.288102 412.797127 50.340668 25.003906
607 202.911023 413.127566 50.689151 25.343057
608 203.033231 413.161623 50.988159 25.450252
609 202.620320 413.054406 50.640258 25.388381
610 202.759189 413.022105 50.990851 25.471201
611 202.755318 412.709061 51.045512 25.387176
612 202.566046 412.242025 51.298079 25.524093
613 202.849790 411.947600 51.151677 25.754739
614 202.796408 411.802019 51.403429 25.853388
615 203.245883 411.754584 51.063443 25.677396
616 203.397889 411.866089 51.401912 25.878018
617 203.433544 411.919138 51.503458 25.991527
618 203.671203 411.922764 51.994277 25.988520
619 202.755450 411.775798 51.880228 25.850715
620 202.974625 411.871731 51.900667 25.948647
621 202.862052 411.905160 51.959377 25.976686
622 202.961292 411.881112 51.836399 25.920549
623 203.284078 411.930931 51.769786 25.797189
624 203.330199 411.666157 51.898834 25.838076
625 203.755231 411.897560 51.909573 25.823467
626 203.819704 411.967106 51.988091 25.933434
627 202.873143 411.990090 52.039172 25.327363
628 202.870598 412.184075 52.475249 25.107076
629 204.027073 412.272275 51.848224 25.403073
630 202.849788 410.965079 51.540854 25.786680
631 202.232355 410.976847 51.866883 25.675312
632 200.877401 410.953032 52.111793 25.766948
633 201.517930 411.016267 52.234545 25.869511
634 203.265750 410.924305 51.574227 25.624185
635 201.053160 411.235534 52.123271 25.685663
636 201.193166 411.144822 51.927106 25.789579
637 201.213742 411.174284 51.949881 25.996932
638 201.245063 411.156465 51.962621 25.981604
639 201.270013 411.146310 51.962621 25.981604
640 201.884728 411.217385 51.365026 25.603143
641 202.046632 411.344265 51.350295 25.899936
642 202.398805 410.512329 51.012657 25.667203
643 202.870438 410.377368 50.982923 25.928166
644 203.366671 410.353133 50.592314 26.004551
645 203.538703 410.563036 50.952980 26.454754
646 203.604900 410.553361 50.937941 26.449865
647 202.191469 410.272251 51.562333 25.335970
648 202.562993 410.379023 51.837847 25.437394
649 203.844796 410.582666 49.927418 25.185181
650 204.085044 411.155965 49.683118 24.813516
651 204.819130 411.394611 49.675205 24.749912
652 204.428476 411.525983 49.821475 24.740435
653 203.948967 411.776784 49.861326 24.700979
654 202.325348 411.620212 50.274751 24.513438
655 204.214519 411.239856 49.861487 24.358979
656 203.593988 411.136749 49.846497 24.328184
657 203.776986 410.900051 49.448225 24.615713
658 204.813584 410.582199 48.669548 24.724522
659 204.236980 411.310865 49.209781 23.929513
660 208.474241 412.239151 46.733861 24.171128
661 208.704493 412.297907 46.817838 24.380266
662 206.540659 411.422713 46.805656 24.314187
663 206.352328 411.412293 46.825631 24.410317
664 207.696805 411.784257 47.475885 24.214152
665 207.580559 411.898410 47.506471 24.448189
666 207.632169 411.903796 48.024738 24.419701
667 206.641799 411.933595 48.606764 23.966177
668 206.423431 411.807087 48.718849 23.851588
669 207.344230 410.728106 46.743883 24.358163
670 207.255239 411.249168 47.078646 24.181455
671 206.785096 411.379874 47.393750 24.395465
672 206.018705 411.491249 47.072615 24.356769
673 206.201954 411.607267 47.190643 24.381180
674 207.211697 411.795260 46.743308 24.409117
675 207.355996 411.854511 46.981883 24.442607
676 207.313446 411.869282 46.945487 24.476983
677 207.289094 411.866865 46.945487 24.476983
678 207.264741 411.864448 46.945487 24.476983
679 209.434837 411.083543 45.913570 23.812246
680 209.018333 411.264979 45.647177 24.002087
681 209.176438 411.518998 45.960246 24.469935
682 209.993670 411.827363 45.475353 24.059234
683 210.126185 412.114209 45.367133 24.140142
684 210.300552 412.104496 45.226373 24.330995
685 209.187334 412.044882 45.327700 24.104515
686 208.127173 412.280559 45.413396 24.217985
687 208.029123 412.500395 45.313190 24.229190
688 208.036560 412.648979 45.265786 24.072104
689 206.263028 413.341361 45.431859 23.290127
690 208.071572 412.829848 44.299345 23.781687
691 209.382144 412.900275 43.878437 23.910709
692 206.252949 412.491227 43.519921 23.224839
693 206.721090 412.295530 43.552653 23.318892
694 207.172865 412.052808 43.552653 23.318892
695 207.048666 412.063695 43.719505 23.523358
696 207.138717 412.249979 43.894028 23.955264
697 209.427995 411.790365 43.063571 23.546532
698 209.930545 412.025168 43.054924 23.719914
699 210.737488 412.243963 42.232618 24.028473
700 208.730289 412.141683 42.487393 23.839882
701 206.939129 411.982782 41.979604 23.347727
702 205.194839 411.925959 41.304421 23.206271
703 205.339879 411.963576 41.285670 23.290652
704 206.668777 412.081359 40.863594 22.890916
705 208.049160 412.667427 41.209742 22.088088
706 207.410034 412.686657 40.610128 22.374959
707 207.055223 412.635673 40.865298 21.917169
708 207.150470 412.720583 40.927326 21.878763
709 206.969593 412.811778 40.725723 21.834118
710 206.445761 412.754506 40.703158 21.797724
711 206.357035 412.859225 41.078931 21.740180
712 209.418393 413.560237 41.626947 21.572785
713 209.238308 413.605668 42.017814 21.676396
714 208.240824 413.858456 42.165989 21.572962
715 207.622907 413.862713 42.913276 21.694283
716 207.117828 413.880629 43.085342 21.908574
717 206.486662 413.551562 43.117784 21.941765
718 206.408888 413.340837 43.376249 21.975930
719 206.201882 413.113028 43.376249 21.975930
720 208.091090 412.511647 42.400279 21.905005
721 209.611453 412.527665 41.985838 21.834344
722 211.172071 413.068472 42.293047 21.541058
723 210.793683 413.194769 42.545198 21.896954
724 209.009549 413.821318 42.608585 20.566466
725 209.030860 414.036051 42.970772 20.944532
726 208.987585 414.077892 43.029315 20.949237
727 209.184125 414.016460 43.393930 20.983183
728 209.208612 413.940237 43.447706 20.974512
729 209.206212 413.868349 43.447706 20.974512
730 208.636437 413.633287 43.734302 20.985920
731 208.431495 413.478571 43.952864 20.961433
732 208.400542 413.540026 44.002534 20.958424
733 208.597217 413.444106 44.502281 20.968295
734 208.786072 413.464035 44.945000 20.992905
735 206.943268 413.509160 44.354384 21.075914
736 206.637992 413.657170 44.116504 21.500200
737 206.873402 413.648475 44.661871 21.889851
738 207.018771 413.662289 44.999316 21.979618
739 207.038706 413.236978 44.751827 21.877116
740 207.326783 413.108874 44.474216 22.014083
741 207.366280 413.057464 44.091826 22.457232
742 207.215648 413.193502 44.292883 22.238209
743 207.192799 413.045909 44.364876 22.421939
744 207.512086 412.987987 44.301053 22.367874
745 207.815288 413.181986 44.437982 22.379280
746 208.086876 413.202299 44.299342 22.430881
747 207.513738 412.757241 43.514321 22.124450
748 207.841694 412.948279 43.803286 22.425655
749 207.251376 413.232488 43.844398 22.401810
750 208.142147 412.997416 43.862617 22.292673
751 208.281856 413.246735 44.108565 22.287995
752 206.873472 413.021592 44.005610 22.175184
753 206.820848 413.197596 44.435672 22.386456
754 207.929685 413.048368 44.456730 22.412637
755 208.912444 413.317616 44.217735 22.173383
756 209.111208 413.080065 44.315193 22.385317
757 209.817094 412.438747 44.416439 21.855881
758 209.417695 412.353391 44.214404 21.917652
759 207.564451 411.902123 43.435687 21.984576
760 206.359463 411.809682 43.016042 21.905056
761 205.034108 411.852609 42.895197 21.830972
762 204.729756 412.194152 42.894769 21.905554
763 204.694600 412.156223 42.838148 21.965970
764 205.114888 412.078254 42.897160 21.791230
765 204.928156 412.148125 42.767118 22.020926
766 204.681646 412.356720 42.849642 22.489941
767 204.393873 412.330808 42.849642 22.489941
768 204.789800 412.214033 42.883504 22.452327
769 206.525837 412.972950 42.809522 21.881585
770 206.601236 412.574779 42.946230 21.960719
771 207.122690 412.636869 43.015788 21.767995
772 205.909983 412.736458 43.595919 21.906971
773 206.172507 412.780441 43.984386 21.992591
774 206.240797 412.781615 43.984386 21.992591
775 206.309088 412.782788 43.984386 21.992591
776 206.377378 412.783961 43.984386 21.992591
777 207.565332 412.887557 43.956973 21.926751
778 207.282662 413.328637 43.973413 21.872678
779 209.835152 412.665772 42.747461 22.118344
780 209.668079 412.721015 42.733776 22.332454
781 209.507849 412.669204 42.733776 22.332454
782 208.384968 412.459246 42.357811 22.248567
783 207.980814 412.674810 42.372080 22.356103
784 211.523805 413.482817 44.247325 21.089012
785 210.270972 413.624056 44.948838 21.356514
786 209.423921 413.576542 45.127360 21.354036
787 208.834788 413.534038 45.570083 21.397438
788 208.024400 413.422499 46.177248 21.376051
789 207.690278 413.382879 46.502780 21.405057
790 207.381560 413.266439 46.987299 21.429315
791 207.341971 413.260295 46.962855 21.456639
792 207.314605 413.240489 46.962855 21.456639
793 207.287238 413.220683 46.962855 21.456639
794 207.259872 413.200876 46.962855 21.456639
795 206.919166 413.075996 46.545935 21.572410
796 207.197211 413.203378 46.757626 21.960709
797 207.337802 413.201424 47.067597 21.832081
798 207.269264 413.192233 47.449722 21.867869
799 207.009664 413.165148 47.449722 21.867869
800 207.100507 413.143196 47.348720 21.993963
801 207.176399 413.146045 47.492097 21.995001
802 207.254179 413.159114 47.379019 21.814744
803 207.150436 413.175163 47.375857 21.843369
804 207.048275 413.176899 47.375857 21.843369
805 206.650166 413.048967 47.226794 22.057202
806 206.789449 413.227252 47.450050 22.489579
807 206.075964 413.177665 47.601258 22.273960
808 205.563952 412.974087 47.661346 22.498600
809 204.978035 412.681731 47.526789 22.446577
810 205.081734 412.684156 47.719862 22.509477
811 204.817073 412.605325 47.436056 22.877218
812 206.134322 411.844068 46.344746 22.912476
813 206.273319 411.879076 46.411189 22.957945
814 206.307374 411.897450 46.473455 22.988613
815 205.385859 412.013104 46.292390 22.860716
816 204.690808 412.018054 46.224674 22.895537
817 205.431131 412.127390 46.409020 22.489117
818 205.525466 412.244062 46.522871 22.337207
819 205.676563 412.227326 46.469232 22.334686
820 206.073342 412.341041 46.310512 22.421849
821 206.187440 412.385700 46.326393 22.465086
822 206.116446 412.046464 46.367909 22.472762
823 206.414792 411.961022 46.523011 22.387947
824 206.489382 411.944763 47.019038 22.444578
825 206.724524 412.010248 47.511255 22.431765
826 206.920639 412.078204 48.006047 22.462439
827 207.254026 412.268227 48.477604 22.383706
828 206.982670 412.271430 48.357547 22.502133
829 206.746537 412.551673 47.984672 23.101136
830 206.404680 412.358042 47.847318 22.778533
831 206.613665 412.417852 47.898580 22.944454
832 206.483641 412.489719 47.966048 22.962172
833 206.200983 412.410274 47.877095 22.953739
834 206.197998 412.446356 47.963079 22.972692
835 204.837929 412.483273 47.794086 22.895595
836 204.498919 412.379842 47.744737 23.044343
837 205.700260 412.170138 47.884724 23.044729
838 205.326509 412.271631 47.864385 23.360727
839 204.467144 411.945798 47.750555 23.381649
840 204.494788 411.882338 47.858258 23.501751
841 204.412354 412.056496 47.919104 23.985237
842 205.159161 411.802880 46.375774 24.572911
843 205.139768 412.066736 46.425053 24.947631
844 206.181012 412.619550 46.532397 24.440399
845 206.277863 412.147955 46.574704 23.653564
846 206.296016 412.223968 46.715322 23.699065
847 205.744300 412.368460 47.123171 23.764392
848 205.891807 412.412225 47.386491 23.834901
849 205.934073 412.433560 47.347017 23.795015
850 206.013783 412.688219 47.538285 23.857579
851 206.196126 412.767085 47.959250 23.964837
852 204.576863 412.146477 47.588038 24.323237
853 205.514527 412.334527 47.477218 24.318665
854 205.553186 412.361311 46.972657 24.089581
855 204.857603 412.458947 46.835924 24.191800
856 205.038408 412.616706 47.027423 24.430040
857 204.996444 412.179115 47.582427 24.486571
858 205.307552 412.112581 47.976702 24.405161
859 205.344401 412.102976 47.934837 24.412756
860 205.291788 412.185013 48.001099 24.420839
861 205.415516 412.262062 48.467861 24.441617
862 204.752965 412.180137 47.573787 24.005421
863 204.557582 412.271395 47.933885 24.286201
864 203.997389 412.265799 47.913032 24.229987
865 203.315576 412.073621 48.281440 24.464899
866 201.639795 411.811433 48.423116 24.313320
867 201.453243 412.152530 48.406217 23.850619
868 201.532274 412.191563 48.367593 23.676070
869 204.121383 412.070467 47.767643 24.085426
870 203.011309 412.033881 48.053755 23.826885
871 203.228123 412.091804 48.502414 23.966415
872 203.428554 411.990640 49.128251 23.823175
873 203.561293 411.965327 49.411086 23.904486
874 203.552614 411.899358 49.411086 23.904486
875 203.796671 411.528303 47.385292 24.146586
876 203.376670 411.696364 47.211367 24.467512
877 202.968124 411.530864 47.406230 24.379316
878 203.302883 411.447464 47.378484 24.391124
879 203.779454 411.443170 47.238055 24.426363
880 204.393161 411.541424 47.428400 24.400465
881 204.350253 411.530496 47.488489 24.421768
882 202.862895 411.689175 47.867964 24.291033
883 203.027909 411.767775 47.922423 24.480897
884 203.062281 411.773211 47.957542 24.498263
885 202.253376 412.040321 47.454160 24.460149
886 202.268835 412.041022 47.402461 24.474920
887 204.300068 411.230658 47.032008 24.151062
888 203.741542 411.054473 47.125683 24.133392
889 203.035470 411.294623 47.052395 24.398174
890 202.579175 411.344753 47.248436 24.219512
891 202.531890 411.466572 47.159289 24.224845
892 203.046957 411.382286 47.375888 24.122689
893 203.168598 411.565385 47.517515 24.466555
894 203.385693 411.607865 48.011980 24.461081
895 203.429584 411.580317 48.530226 24.442613
896 203.675315 411.606706 48.991353 24.493271
897 204.993077 411.750962 48.600199 24.084577
898 205.022189 411.966889 48.913970 24.444807
899 204.894415 412.002700 48.913970 24.444807
900 204.184128 411.852994 48.504755 24.627952
901 204.268651 411.873971 48.914267 24.969035
902 203.867201 412.073823 49.429592 24.744527
903 203.580877 412.233266 49.569245 24.840326
904 203.781751 412.268877 49.648135 24.635339
905 203.531282 412.359733 49.841523 24.772718
906 203.493349 412.424417 49.867108 24.898884
907 203.351916 412.851388 50.127213 24.026196
908 203.532099 412.995468 50.441362 24.250609
909 203.555208 413.027341 50.441362 24.250609
910 203.537457 412.992741 50.281093 24.535062
911 203.576653 413.077038 50.433461 24.937856
912 204.800912 411.844078 49.747696 24.648048
913 205.044389 411.805737 49.794016 24.597971
914 205.049356 412.004191 50.026519 24.944980
915 204.406952 411.973201 50.569007 25.064222
916 204.539200 412.183920 50.945935 25.505928
917 204.799576 412.370956 50.742275 25.939025
918 204.915114 412.382761 50.982629 25.979156
919 204.910475 412.374501 50.982629 25.979156
920 204.799437 411.806017 50.718961 25.538409
921 204.952160 411.813881 50.846038 25.904255
922 204.951610 411.899779 51.015644 25.660206
923 205.160550 411.786196 51.186978 25.836228
924 204.931758 411.813330 51.296503 25.917397
925 204.885749 411.684907 51.299179 25.955015
926 204.990137 411.666984 51.430641 25.979709
927 205.290969 411.718531 51.280874 25.984463
928 205.294151 411.648894 51.406113 25.957167
929 205.234712 411.592905 51.406113 25.957167
930 204.608538 411.280281 51.641427 25.542505
931 204.792062 411.443283 51.942933 25.930813
932 204.668525 412.001780 51.188789 27.244286
933 204.794499 411.953558 51.377946 27.513832
934 204.846121 412.142665 51.454884 27.756115
935 204.886743 411.754643 51.331612 27.854692
936 204.986691 411.790044 51.444911 27.705566
937 202.633040 410.651520 52.378020 27.636611
938 202.948530 410.943354 52.530176 27.820128
939 202.480673 410.927958 53.403676 27.343777
940 202.627297 411.037078 53.494046 27.411764
941 202.637185 411.072684 53.502074 27.478425
942 203.133368 411.324970 53.902223 27.465380
943 203.186817 411.345008 53.986927 27.492116
944 204.371529 410.940400 52.164849 27.400118
945 204.529234 410.949803 52.458046 27.463656
946 204.474251 410.858353 52.290033 27.452279
947 204.277665 410.417394 52.240133 27.414527
948 204.277966 410.285538 52.276660 27.331912
949 204.136786 410.403059 52.427374 27.059910
950 204.263023 410.322179 52.413966 26.980469
951 204.428268 410.217276 52.311557 26.748052
952 204.288430 410.358189 52.277781 26.915037
953 204.228825 410.432713 52.188710 26.895965
954 204.206609 410.516087 52.190425 26.895878
955 203.700603 410.136861 52.200426 25.926038
956 203.677195 410.297508 52.544300 25.653702
957 203.579185 410.385867 52.879954 25.977726
958 203.586533 410.379138 52.931605 25.985475
959 203.568055 410.368536 52.931605 25.985475
960 203.460401 410.269748 52.787841 25.926318
961 203.542005 410.291553 52.955387 25.993211
962 203.894573 410.527691 52.968372 25.846585
963 203.897021 410.616346 52.998001 25.983230
964 203.884654 410.636679 52.998001 25.983230
965 202.515436 410.010568 51.978764 25.522677
966 202.591980 410.045821 51.604452 25.826694
967 202.855681 409.929066 51.604452 25.826694
968 202.772936 409.795001 51.720795 25.783514
969 201.333001 410.277938 51.565977 25.217601
970 201.830482 410.425492 50.660434 25.478653
971 202.233127 410.426025 50.635964 25.440546
972 206.144402 411.085379 49.209663 24.958373
973 206.307918 411.288522 49.264100 24.781495
974 206.444215 411.580103 49.264100 24.781495
975 203.972860 411.769157 49.209043 23.950727
976 202.820393 411.949281 49.307866 23.663135
977 202.827161 411.798552 49.366737 24.028627
978 202.675295 411.872315 49.187920 24.473596
979 202.612838 411.723594 49.187920 24.473596
980 202.857894 411.730818 49.444010 24.481543
981 202.889019 411.735138 49.438683 24.471385
982 202.170827 411.522826 49.133262 24.246805
983 202.658126 411.650670 49.110900 24.380608
984 202.453365 411.728354 49.370519 24.397121
985 202.279027 411.715482 49.070833 24.458741
986 202.198902 411.440155 48.713609 24.333331
987 202.666077 410.858893 48.220445 24.160623
988 202.971469 410.991173 48.086200 24.390288
989 202.748355 411.425578 47.725691 24.224044
990 202.956870 411.563013 47.642592 24.421953
991 202.437203 411.675927 47.581817 24.310212
992 203.583101 410.605318 46.322784 24.784689
993 202.282868 410.354912 46.301991 24.896920
994 202.293254 410.373529 46.329874 24.902909
995 204.094072 411.416577 46.653543 23.741945
996 204.594037 411.554638 46.959016 23.896202
997 204.538167 411.586643 46.960693 23.977643
998 204.174486 411.738812 47.090087 23.722929
999 200.568801 411.817515 47.957725 23.401326
1000 199.796801 411.636355 47.727798 23.300483
1001 200.138305 411.784380 47.800410 23.409663
1002 201.909349 411.103581 47.162695 23.391907
1003 202.815555 410.965906 47.015920 23.181014
1004 202.997116 411.561911 47.219347 23.099696
1005 203.129266 411.638976 47.340573 23.485308
1006 203.267117 411.655568 47.482460 23.483695
1007 203.264009 411.870236 47.365089 23.004027
1008 203.209983 412.072943 47.176881 23.371273
1009 203.404219 412.094284 47.201487 23.388300
1010 203.559756 412.099661 47.157348 23.376936
1011 203.730444 412.110711 47.122225 23.375229
1012 199.712434 412.854929 46.969273 23.434322
1013 199.842486 412.815965 46.141327 23.309538
1014 201.008264 412.654429 45.730591 23.161506
1015 200.130656 412.346634 44.654186 23.459627
1016 200.767334 412.349980 44.708826 23.357613
1017 203.119135 411.404113 44.742165 23.487943
1018 203.333725 411.355471 44.622693 23.439355
1019 202.481228 411.152053 44.562287 23.493876
1020 202.468664 411.201117 44.478553 23.050892
1021 203.895805 411.311895 43.836340 23.220271
1022 203.543180 411.425032 43.515208 23.324028
1023 202.978059 411.703321 43.620245 23.122414
1024 202.627565 411.868372 43.852079 23.204242
1025 200.659488 411.845120 42.951048 23.464200
1026 199.925439 411.617042 42.572775 23.216115
1027 203.071890 411.549957 42.747497 22.495605
1028 203.587551 411.569241 42.877614 22.399627
1029 204.627940 411.600183 42.568385 22.321527
1030 206.076298 412.130273 41.471265 22.360784
1031 205.811605 412.724835 41.001138 22.067458
1032 204.604096 412.649456 40.525505 21.923944
1033 204.074145 412.820798 40.409205 21.414479
1034 203.497609 412.812706 39.850284 21.206086
1035 202.340690 412.487910 39.494129 20.838557
1036 201.735525 412.562395 39.547041 20.673309
1037 200.943433 412.839665 38.235418 20.803149
1038 200.769375 412.868238 38.143918 20.894016
1039 199.833343 412.749744 38.224417 20.601056
1040 199.429783 412.820171 38.006531 20.747898
1041 199.135166 412.817177 38.006531 20.747898
1042 199.470832 412.340514 38.107798 21.011455
1043 199.167525 412.572809 38.463509 21.273661
1044 200.225070 412.233156 38.220793 21.275631
1045 200.544050 412.040128 37.775792 21.171559
1046 200.394395 412.035474 36.869161 21.018371
1047 201.904813 412.953341 35.638679 21.325100
1048 201.691452 412.751777 35.477916 21.368598
1049 201.037469 412.990862 34.512677 21.091089
1050 201.114175 413.063483 34.869541 21.388833
1051 201.012450 412.987232 34.869541 21.388833
1052 201.814550 412.570554 35.629399 20.510550
1053 201.843831 412.837115 35.783528 20.811577
1054 201.796048 412.953163 35.783528 20.811577
1055 201.689467 413.127130 34.898923 20.848656
1056 201.435282 413.179794 34.380917 20.841642
1057 202.164002 412.811870 34.240932 20.664803
1058 201.636209 412.857685 33.402897 20.743314
1059 201.340152 413.210349 33.189848 20.776094
1060 203.169452 411.611937 31.993552 21.079032
1061 202.387166 411.337611 30.539023 21.361718
1062 201.741886 413.087942 30.136903 20.484324
1063 201.812395 413.183474 30.290591 20.377284
1064 201.806059 413.332526 30.290591 20.377284
1065 203.585923 412.787055 30.475261 20.341980
1066 203.519705 412.897530 30.480372 20.458201
1067 203.366767 413.004775 30.358345 20.490807
1068 203.347526 413.105771 30.429618 20.436683
1069 203.292649 413.233829 30.429618 20.436683
1070 202.546786 413.298770 30.381563 19.968753
1071 202.713585 413.317122 30.460389 19.892079
1072 202.638046 412.703960 30.457832 19.942553
1073 202.152393 412.599838 30.498409 19.895188
1074 202.592166 412.874618 30.404570 19.734251
1075 203.866811 412.034647 29.298820 20.345707
1076 203.321748 412.500989 28.815638 20.413970
1077 203.568512 412.598072 29.022648 20.464043
1078 203.750324 412.656227 29.473308 20.457846
1079 203.706805 412.717480 29.473308 20.457846
1080 202.060582 412.605432 28.698651 20.415295
1081 202.351025 412.676554 28.933039 20.285033
1082 203.279228 412.707239 27.873690 20.481679
1083 203.156231 412.747615 27.687874 20.533143
1084 203.161996 412.949430 27.640244 21.036389
1085 202.289534 412.438363 27.382450 21.560763
1086 202.308822 412.526451 27.279089 21.887485
1087 202.766956 412.802961 27.874602 21.372728
1088 202.667408 412.760684 27.891933 21.409184
1089 201.943592 413.329752 27.310793 20.878524
1090 201.430354 413.441130 27.482885 20.447317
1091 201.455247 413.392321 27.241352 20.328723
1092 201.993053 413.461093 27.393235 20.460559
1093 202.110380 413.483055 27.461070 20.496855
1094 202.193789 413.486869 27.461070 20.496855
1095 202.541198 412.292650 27.290797 20.392452
1096 202.908981 412.172415 27.585540 20.357145
1097 202.298002 412.712068 28.073055 20.222296
1098 201.455291 413.189887 28.621220 19.979504
1099 201.563287 413.130171 28.883029 19.976155
1100 201.692916 413.155137 28.963543 19.900435
1101 201.479980 413.186583 28.897364 19.959041
1102 200.938220 413.229892 28.852651 19.896107
1103 201.049587 413.228687 28.956502 19.990167
1104 201.109030 413.180453 28.956502 19.990167
1105 201.230358 412.880025 28.982279 19.668628
1106 201.396901 412.977534 28.680446 19.916125
1107 201.454226 412.262173 28.646989 19.996753
1108 200.929100 412.329047 28.701582 20.042645
1109 201.123301 412.530499 28.951872 20.502523
1110 201.611319 412.399127 29.040399 20.907777
1111 202.266408 412.373587 30.015447 20.907695
1112 202.194538 412.365903 30.418292 21.051483
1113 202.387951 412.549035 30.515428 21.452599
1114 203.066438 413.299949 31.037712 20.658192
1115 203.243352 413.545815 31.463245 20.917162
1116 202.881779 413.600470 31.306098 20.740452
1117 202.701471 413.752027 31.317687 20.724955
1118 202.502310 413.918039 31.317460 20.725871
1119 202.690370 414.128127 31.265741 20.560057
1120 202.522495 414.378981 31.320012 20.724125
1121 202.764965 414.158715 31.249275 20.731404
1122 202.242425 413.240084 30.985740 20.616237
1123 202.715125 413.019811 30.739193 20.809778
1124 202.813171 413.197373 30.947787 20.392681
1125 202.480784 413.101626 30.803780 20.303820
1126 202.446310 413.170751 31.087694 20.325606
1127 202.645435 413.243214 30.609513 20.469874
1128 202.692977 413.241956 30.646436 20.478173
1129 203.076752 413.180978 30.927753 20.415024
1130 203.116308 413.123056 30.984976 20.309853
1131 202.885634 413.332254 30.951070 20.320097
1132 202.937731 413.397918 30.979659 20.491015
1133 202.963850 413.340793 30.974908 20.470042
1134 202.992344 413.294155 30.974908 20.470042
1135 201.251007 412.622373 30.148735 19.927169
1136 201.516878 412.569028 30.373039 19.973816
1137 203.645435 411.869020 30.730812 20.007534
1138 203.792686 412.167581 30.984662 20.468393
1139 203.813011 412.235713 30.984662 20.468393
1140 203.216076 412.148155 30.632904 20.397248
1141 203.288480 412.278003 30.894136 20.468537
1142 202.748815 412.955748 30.651527 20.113128
1143 202.424449 413.349159 30.762556 20.345395
1144 201.070170 413.553975 30.205231 20.336385
1145 201.971756 413.571293 30.515320 20.384827
1146 201.927458 413.602138 30.825220 20.469725
1147 201.321641 413.003500 30.677468 20.460879
1148 201.572557 413.005796 30.978498 20.419499
1149 201.308280 413.102637 30.859923 20.198358
1150 200.056200 413.273816 30.952710 19.855389
1151 199.855376 413.250662 30.588666 19.950438
1152 201.144984 413.061982 30.437968 20.083845
1153 201.991171 413.144801 30.409149 20.452631
1154 200.690320 413.350021 29.991839 20.210402
1155 201.507126 413.128335 29.707106 20.483336
1156 201.537022 413.090474 29.896149 20.471072
1157 202.087028 412.482994 30.137654 20.448107
1158 202.221389 412.531719 30.429675 20.473808
1159 202.209741 412.567593 30.429675 20.473808
1160 201.820689 412.590981 30.072691 20.380498
1161 202.015184 412.629888 30.557525 20.298690
1162 201.854194 412.736551 31.345979 19.281191
1163 202.633636 412.847121 31.384606 19.352942
1164 203.393766 412.921815 31.384606 19.352942
1165 205.271430 412.473715 31.599804 19.331222
1166 205.793502 412.638662 32.413707 19.346177
1167 203.641215 413.551304 31.754693 19.656614
1168 203.410250 413.626512 31.760228 19.998182
1169 203.176519 413.530935 31.760228 19.998182
1170 203.307072 413.503430 31.879729 19.976372
1171 203.203957 413.386628 31.877039 19.890837
1172 200.130469 413.594943 30.967451 19.515153
1173 200.085698 413.647212 30.425971 19.993821
1174 200.342189 413.613173 30.073380 19.845081
1175 200.758680 413.478333 29.772601 19.845442
1176 200.806200 413.529015 29.713988 19.890039
1177 200.756015 412.429798 29.091539 20.163444
1178 200.627713 412.931227 28.641649 20.465933
1179 200.700400 412.903547 28.491106 20.520845
1180 201.853986 413.684666 27.191155 20.801312
1181 201.790355 413.670027 27.364304 20.755320
1182 202.470615 413.296487 27.778513 20.849776
1183 202.441613 413.343297 27.988976 20.962915
1184 202.307380 413.333539 27.988976 20.962915
1185 201.791206 413.604072 27.869121 20.666743
1186 201.858451 413.764859 27.988689 20.989340
1187 202.197845 413.506809 26.695531 22.361229
1188 202.266484 413.207096 26.724807 22.606404
1189 202.348013 413.348774 26.884130 23.015360
1190 202.401246 413.458483 26.821313 23.511642
1191 202.282933 413.283272 26.506681 24.062539
1192 203.624607 413.392856 27.411747 23.017967
1193 203.809672 413.835616 27.477044 23.255202
1194 202.169818 413.303124 26.748213 23.121770
1195 202.584156 412.689034 25.791304 23.529966
1196 202.703566 412.730422 25.916465 23.811353
1197 202.786463 413.282723 26.042392 23.247891
1198 202.940791 413.427602 26.423231 23.369049
1199 202.904699 413.511901 26.423231 23.369049
1200 203.107991 414.024845 26.707898 22.270878
1201 203.861734 414.402578 27.056410 21.821154
1202 201.956094 414.352670 26.969014 20.930761
1203 201.898291 414.265888 26.904239 20.928676
1204 201.872877 414.180148 26.904239 20.928676
1205 201.847463 414.094409 26.904239 20.928676
1206 201.822048 414.008669 26.904239 20.928676
1207 202.217294 413.553459 26.318286 21.142279
1208 201.696386 413.872629 26.257413 21.317167
1209 202.718819 412.868646 25.199438 21.719881
1210 203.812743 412.925267 25.871920 21.565437
1211 204.308427 413.136999 25.965230 21.671126
1212 203.988175 413.152044 24.906017 21.723224
1213 203.996842 413.196775 24.859149 21.944016
1214 204.028944 413.131110 24.859149 21.944016
1215 203.134593 413.043268 24.977282 21.419390
1216 202.958698 413.014490 24.852457 21.466897
1217 202.319472 413.298671 24.592915 21.304943
1218 201.645932 413.334696 25.052266 21.275801
1219 201.681448 413.469622 25.457272 21.450617
1220 201.062350 413.315041 24.945171 21.453246
1221 201.163937 413.320652 24.867599 21.478483
1222 201.304309 413.313643 24.867599 21.478483
1223 201.444682 413.306635 24.867599 21.478483
1224 201.291966 413.334325 24.406056 21.405402
1225 200.931579 411.920830 24.101691 21.678330
1226 200.924870 411.849900 24.114148 22.016969
1227 204.828198 411.370550 22.809637 22.276674
1228 204.613666 411.565122 22.919047 22.344783
1229 204.344428 411.725640 22.919047 22.344783
1230 203.447657 412.094563 22.854452 22.060540
1231 203.186673 412.171904 22.868406 22.300903
1232 203.062482 412.024788 22.922488 22.378268
1233 202.970571 411.902713 22.868337 22.410975
1234 202.628201 411.704562 22.703421 22.243519
1235 202.308281 410.745792 22.949035 22.724943
1236 202.453508 410.518438 22.796237 22.773664
1237 201.845359 411.800381 22.472883 22.064903
1238 201.834774 412.009521 22.200480 22.481977
1239 201.683192 411.635921 22.396968 22.417491
1240 200.167114 412.082570 22.434556 21.813265
1241 200.624654 412.297906 22.531518 21.750643
1242 201.258821 412.203069 22.753001 22.297381
1243 201.194209 411.911153 22.900598 22.544620
1244 201.443148 412.422427 22.940542 22.624196
1245 201.515750 411.843036 22.563701 23.386201
1246 201.210191 411.674304 22.719440 23.491657
1247 201.717479 411.732391 22.952823 23.475792
1248 201.859319 411.888167 22.829060 23.380615
1249 201.837655 411.940965 22.769195 23.406996
1250 201.192257 411.951293 22.613641 23.189320
1251 202.346685 411.770224 22.735865 23.357064
1252 202.400660 411.715783 22.877641 23.380783
1253 202.383746 411.649482 22.877641 23.380783
1254 202.660638 411.775449 22.782125 22.758199
1255 202.714386 411.874091 22.898885 22.979509
1256 202.746723 411.882357 22.974333 22.951706
1257 202.229701 411.664445 22.713659 22.677757
1258 201.873288 411.535741 22.432461 22.803138
1259 202.336916 410.803213 21.293902 23.031782
1260 202.039980 409.263069 20.870073 23.719788
1261 201.764682 408.844379 20.612040 24.075897
1262 201.166035 409.106668 20.688383 24.061150
1263 201.235761 409.330557 20.903790 24.426855
1264 201.197783 409.371594 20.903790 24.426855
1265 201.078087 409.383629 20.597286 24.401119
1266 200.856156 409.218330 20.735662 24.359756
1267 200.920273 409.399755 20.922954 24.321198
1268 200.800212 409.558404 20.883359 24.395415
1269 200.923367 409.721609 20.938385 24.384835
1270 201.070551 409.708061 20.840060 24.516674
1271 201.298680 409.982917 20.952089 24.911884
1272 201.470795 410.060169 20.952089 24.911884
1273 201.642909 410.137421 20.952089 24.911884
1274 201.456517 410.158768 20.814202 25.001479
1275 200.921777 409.323091 20.926422 25.474631
1276 200.978495 409.227794 20.739819 25.318906
1277 202.743331 409.040271 20.474710 24.960200
1278 202.166698 408.901020 20.301754 24.857975
1279 201.913412 409.232130 20.401004 24.608496
1280 201.602732 409.427875 20.395206 24.694346
1281 201.646634 409.558686 20.334215 24.936322
1282 201.816276 409.689187 20.474255 24.940059
1283 201.818541 409.771901 20.486385 24.969217
1284 201.714116 409.890890 20.424627 24.890722
1285 201.522526 409.900204 20.497519 24.920465
1286 201.448817 409.947325 20.347241 24.876242
1287 201.515414 409.974005 20.273926 24.984187
1288 201.546743 409.917228 20.444283 24.972179
1289 201.492894 409.866456 20.444283 24.972179
1290 201.156772 409.526448 19.957517 24.896729
1291 201.202890 409.580935 19.905824 24.947600
1292 200.637877 409.287835 20.032857 24.500432
1293 201.131943 409.542774 20.411748 24.653316
1294 202.027515 410.513921 20.193844 24.609181
1295 201.805168 410.272511 20.313169 24.930536
1296 202.013817 410.295752 20.361973 24.880444
1297 201.563219 410.340937 20.230165 24.893873
1298 201.608706 410.423316 20.444116 24.952984
1299 201.551171 410.550911 20.476488 24.864790
1300 201.412416 409.931802 20.189477 25.235578
1301 201.655616 409.711736 20.357528 25.498204
1302 202.060199 410.376311 20.501062 25.026744
1303 202.192066 410.525332 20.572100 25.430632
1304 201.821837 410.526492 20.196097 24.810486
1305 201.861789 410.509371 20.156681 24.748499
1306 202.107821 410.665664 20.231511 24.808351
1307 202.318405 410.770743 20.430797 24.946903
1308 202.160200 410.642882 20.295256 24.736197
1309 201.928397 410.561145 20.270199 24.826585
1310 202.268113 410.486911 20.582438 24.582361
1311 202.123436 410.544802 20.905419 24.929991
1312 200.882946 409.498178 20.786502 24.907105
1313 201.250111 408.537102 20.942860 24.645693
1314 201.454433 409.089949 21.020930 24.706849
1315 201.856068 409.252033 21.499886 24.791425
1316 201.607003 409.331274 21.472455 24.814343
1317 201.681455 410.732954 21.097347 23.932886
1318 201.900777 410.919955 21.202775 23.839412
1319 201.820590 411.184654 21.087993 23.640551
1320 202.176329 411.522714 20.870416 23.630708
1321 202.134949 411.623986 20.881752 23.944076
1322 202.118963 411.285112 20.998774 24.029105
1323 202.077257 411.534373 20.963152 24.481745
1324 202.053361 411.557314 20.963152 24.481745
1325 202.040583 411.579561 20.992780 24.482158
1326 202.033616 411.533969 20.935526 24.498376
1327 201.982119 411.481940 20.958165 24.397957
1328 201.980620 411.522645 20.954524 24.477211
1329 202.492680 410.703678 20.291581 24.639986
1330 202.805563 411.713396 20.337951 24.320269
1331 202.884038 411.778449 20.496571 24.471877
1332 201.091358 411.277372 20.307994 24.319766
1333 200.156616 411.467525 20.034930 24.287358
1334 200.885882 411.008500 19.987104 24.393503
1335 201.014674 410.974837 20.057177 24.172936
1336 201.245979 410.781488 20.330726 24.227483
1337 202.799489 410.381374 20.150130 24.490763
1338 203.015038 410.181449 20.542543 24.174557
1339 203.249999 410.094080 21.103345 24.019077
1340 202.608804 409.808769 21.568566 23.194161
1341 202.389752 410.413886 21.851458 23.258180
1342 202.695464 411.422686 21.602092 23.024398
1343 202.833255 411.808094 21.813334 23.324372
1344 202.811250 411.931969 21.744881 23.371929
1345 202.906189 411.957638 21.876557 23.508684
1346 202.792152 412.054975 21.912954 23.809523
1347 201.562458 412.024073 22.029365 23.476308
1348 202.066023 411.963465 22.365573 23.418862
1349 203.329371 412.556001 22.236774 21.692025
1350 202.735764 412.660703 22.637778 21.492657
1351 202.379532 412.804860 22.918184 21.149220
1352 203.531859 412.107372 22.863032 21.746905
1353 203.502921 412.222396 22.992902 21.975819
1354 203.312432 412.220293 22.892401 21.930556
1355 202.695183 412.729520 22.486562 20.954342
1356 202.619887 412.756385 22.407178 20.953109
1357 202.584282 412.783867 22.407178 20.953109
1358 202.548677 412.811349 22.407178 20.953109
1359 201.954005 412.118315 21.980987 21.123530
1360 202.031182 412.331928 22.000465 21.439866
1361 202.240406 412.283750 22.421099 21.453215
1362 202.017266 412.147139 22.335287 21.515190
1363 202.472479 412.361811 22.293072 21.890671
1364 202.641867 412.378093 22.513847 21.921360
1365 202.620300 412.459606 22.949248 21.954258
1366 202.571102 412.498458 22.988920 21.925558
1367 202.899293 412.380358 22.755960 21.462886
1368 203.009179 412.396456 22.965719 21.458835
1369 202.813827 411.926258 22.894717 21.494019
1370 202.096226 412.388729 22.501730 20.550288
1371 202.126644 412.370658 22.894297 20.882088
1372 202.170998 411.222427 23.261610 21.374087
1373 201.900749 411.253414 23.416910 21.406148
1374 200.854603 411.676253 22.839368 20.965476
1375 201.043589 411.559619 22.688506 21.054701
1376 201.208629 411.775490 22.969289 21.475478
1377 201.425177 411.805989 22.971924 21.446972
1378 201.483054 411.832900 22.957060 21.486007
1379 201.129394 411.821243 22.706907 21.365583
1380 201.392909 411.718723 22.789136 21.561395
1381 201.740937 412.073204 22.807698 21.874687
1382 200.601725 412.134044 22.817120 21.160555
1383 200.559897 412.229947 22.884793 21.404754
1384 200.797131 412.250311 22.813976 21.205022
1385 201.145883 412.446645 22.197667 21.208002
1386 201.437111 412.675498 21.939130 21.190768
1387 202.557740 413.002093 21.968466 21.691500
1388 202.042519 412.824429 21.798514 21.936142
1389 201.607436 412.441740 21.304364 21.582986
1390 201.954199 412.596966 21.425235 21.953181
1391 202.189557 412.416688 21.095555 21.849082
1392 201.559797 412.195642 21.360207 21.901291
1393 201.728821 412.176929 21.507608 21.935754
1394 202.079680 412.018413 21.862506 21.961312
1395 202.270878 412.122867 21.599792 21.707665
1396 202.105655 412.131627 21.780382 21.821495
1397 201.850136 412.083472 21.780382 21.821495
1398 201.981421 412.150697 21.939745 21.968859
1399 202.088542 412.062101 21.943207 22.004625
1400 202.068022 412.029797 21.808446 22.301563
1401 202.203798 411.972276 21.902451 22.345179
1402 201.775703 411.292253 21.852082 22.069655
1403 201.930758 411.435962 21.860338 22.466591
1404 201.571208 411.491823 21.792193 22.359630
1405 201.523948 411.599425 21.539404 22.546441
1406 201.860063 411.962256 21.835638 22.949998
1407 202.171755 412.150124 21.394194 22.986171
1408 201.969046 412.125146 21.154240 22.788392
1409 201.886313 412.199059 21.154240 22.788392
1410 202.074967 412.030092 21.208956 22.961563
1411 202.131009 411.979966 21.361160 22.970021
1412 202.643794 411.887674 21.557689 22.979397
1413 202.867377 411.756382 21.860819 22.983664
1414 202.489129 410.813985 21.106005 22.664624
1415 202.755867 410.764857 21.165719 23.022747
1416 203.011919 410.483756 21.118285 22.881119
1417 202.595159 410.353113 21.298314 22.109907
1418 202.528216 410.694072 21.341796 22.366692
1419 202.445481 411.002115 21.189160 22.426704
1420 202.626040 411.137572 21.341263 22.258740
1421 203.084743 410.797973 21.395086 21.775635
1422 202.643360 410.965220 21.535904 21.746724
1423 202.776364 411.127989 21.821770 21.939296
1424 201.991863 411.652048 21.420314 21.552064
1425 201.744788 411.974524 21.363455 21.891081
1426 201.469257 411.865456 21.483553 21.817096
1427 201.932854 412.213826 21.118882 21.397533
1428 202.131321 412.354321 21.400262 21.280692
1429 202.145348 412.795532 21.218452 21.386741
1430 202.673597 412.529427 21.357418 21.452327
1431 202.673603 412.517431 21.431085 21.480429
1432 202.829789 412.311944 21.459606 21.497739
1433 202.497758 412.525339 21.348760 21.209740
1434 202.807827 413.215582 21.308515 20.781241
1435 202.869320 413.421492 21.419471 20.888240
1436 202.875822 413.463093 21.467105 20.973320
1437 201.853652 412.611569 21.496764 21.085333
1438 201.616663 412.592902 21.394985 21.462440
1439 201.941199 412.987325 21.098124 21.404819
1440 202.562132 412.069069 21.322814 21.700360
1441 203.188257 412.042162 21.524050 21.885821
1442 202.381992 412.480774 22.755476 20.455479
1443 201.727626 412.758411 23.010417 19.929657
1444 201.843506 412.858464 23.279388 20.027497
1445 201.572686 412.923331 23.276616 20.561544
1446 202.006303 413.143448 23.475101 20.928615
1447 202.159358 412.922850 23.375542 20.827311
1448 202.491074 412.757753 23.356046 20.943830
1449 202.787255 411.730346 23.181401 21.232965
1450 202.939758 411.870219 23.502404 21.486868
1451 202.993130 411.890875 23.920580 21.391062
1452 202.325381 412.637516 24.124984 20.696852
1453 202.519288 412.796176 24.518823 20.931178
1454 202.733423 412.866425 25.037800 20.901652
1455 202.969568 413.000857 25.512231 20.847786
1456 203.239866 413.085977 26.123828 20.873469
1457 203.841093 412.774557 26.358810 20.530982
1458 203.935457 413.029755 26.425126 20.917926
1459 203.967902 413.074771 26.486908 20.995071
1460 203.773275 412.762234 26.305701 21.086942
1461 203.651820 412.662744 26.363910 21.441169
1462 203.143549 412.727889 26.445788 21.228036
1463 202.976852 412.862408 26.516939 21.326982
1464 203.166547 413.004049 27.008847 21.303618
1465 203.345689 413.058901 27.382220 21.173193
1466 203.243811 413.176999 27.394005 21.382752
1467 202.379592 413.779977 27.693630 20.713161
1468 202.213439 413.756626 28.187891 20.678990
1469 202.069943 413.948576 27.453241 20.763370
1470 201.186540 413.492622 27.108549 20.753473
1471 201.341587 413.533874 27.248640 20.965043
1472 200.890112 413.246726 27.319742 20.811080
1473 201.138805 413.247520 27.292524 20.922682
1474 201.254011 413.218183 27.440632 21.014537
1475 201.406079 412.984301 27.161393 21.592462
1476 201.479684 412.820362 27.169985 22.037163
1477 202.145349 412.890454 27.505953 22.419797
1478 202.524017 412.771800 28.000591 22.328428
1479 202.943335 412.821846 28.410556 22.389873
1480 202.985139 412.588928 27.773379 22.370220
1481 202.191190 412.291218 27.760064 22.286003
1482 200.069468 412.544298 27.905142 21.930178
1483 200.496767 412.455921 26.577172 22.059483
1484 200.131878 412.429660 26.026361 22.441904
1485 200.139850 412.440253 26.013640 22.372000
1486 200.657991 412.293489 25.873245 22.413439
1487 201.838386 411.384873 24.586614 22.108026
1488 201.885075 411.435249 24.952358 22.437431
1489 201.412751 411.321649 24.990531 22.278690
1490 201.317174 410.599717 24.554373 22.637441
1491 201.202260 410.637876 24.718746 22.729800
1492 201.055872 411.897475 24.420501 21.349380
1493 201.835055 412.116562 24.147471 21.306878
1494 200.930291 411.944983 23.196266 21.445749
1495 201.220550 411.949286 23.176176 21.413853
1496 201.520855 411.969538 23.176176 21.413853
1497 203.872389 412.012492 23.592752 21.160714
1498 203.910233 412.777983 23.415355 20.503274
1499 203.807230 413.792039 22.758726 20.326436
1500 203.931756 413.838286 22.960788 20.459806
1501 203.044853 413.658367 22.777356 20.323359
1502 202.801484 413.861496 22.786434 20.368290
1503 202.371867 413.880803 22.893079 20.357020
1504 202.451352 413.808029 22.933225 20.507339
1505 202.354960 413.828022 22.836035 20.877656
1506 202.307163 413.662857 22.836035 20.877656
1507 201.553729 413.018200 23.268150 20.328954
1508 202.897309 413.124779 23.472374 20.273768
1509 202.884414 413.238869 23.532304 20.452903
1510 202.760328 413.156404 23.666357 20.262095
1511 202.850638 413.162189 23.817635 20.428750
1512 202.938801 413.213121 23.955535 20.453217
1513 202.889123 413.217031 23.974968 20.441720
1514 201.883679 412.708221 23.870550 20.571037
1515 201.948763 412.917713 23.984010 20.997807
1516 201.957117 412.913821 23.984010 20.997807
1517 202.348242 413.281042 23.387599 20.059460
1518 202.165214 413.468428 23.181315 20.398137
1519 202.085329 413.486476 23.181315 20.398137
1520 202.123937 412.603358 23.483456 21.237043
1521 202.198448 412.724598 23.507181 21.463895
1522 202.196045 412.604474 23.913853 21.462212
1523 201.776343 412.417588 23.935335 21.484633
1524 201.400950 412.987665 23.246391 20.872409
1525 201.500337 412.968907 23.491215 20.876796
1526 201.170438 412.814560 23.357550 20.785236
1527 202.730089 413.062138 23.352030 21.055227
1528 201.755816 413.354829 23.645679 20.982167
1529 201.581416 413.240458 24.015598 20.816946
1530 201.464807 412.784518 24.135466 20.791872
1531 201.421379 412.757212 24.246526 20.968259
1532 201.048910 412.893099 24.264711 20.956146
1533 201.406487 412.798723 24.293834 20.950744
1534 199.911603 412.126339 23.914520 20.668465
1535 200.410293 412.371255 23.438036 20.876955
1536 200.432689 412.447400 23.284812 20.981365
1537 200.484170 412.439486 23.431761 20.988336
1538 200.362082 412.523479 23.435696 20.963672
1539 200.408237 412.535394 23.441476 20.888877
1540 200.151529 412.655209 23.408697 20.938216
1541 200.431498 412.552118 23.383761 20.917557
1542 202.437191 412.358865 22.629553 20.609407
1543 202.280193 412.346857 22.762858 20.728897
1544 202.424828 412.419932 22.460177 20.979774
1545 202.325174 412.482303 22.494862 20.958419
1546 202.303376 412.490490 22.440775 20.983284
1547 201.455609 411.931454 22.466388 21.148718
1548 201.206970 411.926234 22.261885 21.399617
1549 201.545012 412.193770 22.256757 21.128101
1550 201.935187 411.352980 21.322422 21.925991
1551 202.145199 411.326280 21.413214 22.002050
1552 202.275706 411.500977 21.616677 22.440967
1553 202.482245 411.529256 21.865171 22.453168
1554 202.564537 411.551435 21.865171 22.453168
1555 202.482487 411.883359 21.168956 21.937616
1556 202.663668 411.859541 21.348158 21.960339
1557 202.028160 411.536479 21.384435 21.771829
1558 201.983480 411.635556 21.487829 21.948997
1559 201.575154 411.932618 21.205728 21.322601
1560 202.445208 412.474545 21.434443 21.241257
1561 202.313414 412.681084 21.391656 21.260359
1562 202.398886 412.900773 21.128677 21.224339
1563 202.567637 412.929517 21.411174 21.448893
1564 202.509327 412.762740 21.325890 21.407225
1565 202.450348 411.946217 21.335033 21.277306
1566 202.441476 411.887810 21.253858 21.448926
1567 202.767723 411.844925 20.861421 21.531701
1568 202.832335 412.058673 20.976727 21.988471
1569 202.401139 411.456812 21.062194 21.815855
1570 202.603600 411.521372 21.470880 21.978197
1571 202.601717 411.504761 21.470880 21.978197
1572 203.325605 411.245537 20.423960 21.941172
1573 203.197006 411.185288 20.380318 21.960928
1574 202.539894 411.039341 20.620041 21.769252
1575 202.643986 411.465733 20.759114 21.828165
1576 202.534077 411.634874 20.830840 21.888064
1577 202.307034 411.429604 20.740723 21.831103
1578 202.459732 411.500334 20.937967 21.981513
1579 202.398405 411.479987 20.956762 21.967446
1580 202.510528 411.453160 20.806183 22.101096
1581 202.621784 411.697570 20.897649 22.272308
1582 202.509328 412.721642 20.755536 21.612071
1583 202.460510 413.020420 20.831245 21.887833
1584 202.514486 412.351709 20.927904 21.852751
1585 201.604252 412.218169 20.468153 21.758438
1586 201.591039 412.206072 20.380726 21.765611
1587 201.491138 412.314098 20.416486 21.988689
1588 201.074027 412.265389 20.034977 21.837020
1589 201.578144 412.356325 19.880160 21.387557
1590 201.904399 411.672945 19.286322 21.525277
1591 202.110492 411.767164 19.206417 21.943224
1592 201.981781 411.645656 19.010373 21.864007
1593 202.204714 411.675153 19.423922 21.973733
1594 202.325619 411.773595 19.418778 21.955296
1595 202.390885 411.831948 19.403102 21.945842
1596 202.381623 411.789487 19.300878 21.894230
1597 202.506087 411.807981 19.401235 21.964611
1598 202.662625 411.864605 19.048617 21.917297
1599 201.771904 411.865117 19.068521 21.944174
1600 202.126689 411.952142 19.411316 21.910977
1601 202.294706 412.082960 19.384197 21.862758
1602 202.444720 411.831501 19.336758 21.563335
1603 202.652413 411.895058 18.708915 21.797071
1604 202.396590 412.420951 18.488709 21.446245
1605 202.344570 412.435140 18.426394 21.529499
1606 202.301381 412.574069 18.412437 21.963914
1607 202.351224 412.566707 18.488889 21.997070
1608 202.375466 412.561800 18.499949 21.973354
1609 202.394179 412.568751 18.499949 21.973354
1610 202.428966 411.887723 18.097088 22.001625
1611 202.722549 412.024119 18.362793 22.397680
1612 202.509563 412.219515 18.314931 22.303021
1613 202.348834 412.160002 18.318533 22.402972
1614 201.666257 412.082789 18.467965 22.143575
1615 201.096090 411.416654 18.421277 22.161622
1616 201.723106 411.298261 18.513125 22.272778
1617 202.642541 410.794026 18.939324 22.424782
1618 202.381014 410.749539 18.918156 22.506681
1619 202.403863 410.649207 18.883862 23.023730
1620 202.633022 410.744513 18.757832 23.030058
1621 201.878264 410.728359 18.668184 23.241478
1622 202.080241 410.851830 18.963321 22.956648
1623 202.127667 410.908783 18.990098 22.888545
1624 202.567752 411.060430 18.983423 22.898505
1625 201.883968 411.116132 18.891814 22.892238
1626 201.787286 411.477206 18.962576 22.795579
1627 201.569799 411.679134 18.942754 22.899464
1628 201.568068 411.734967 18.927750 22.892381
1629 201.706327 411.826737 18.905277 22.655936
1630 201.160069 411.413578 18.198229 23.012906
1631 201.398861 411.594225 18.395333 23.314151
1632 200.956154 412.011473 18.713674 22.833628
1633 201.015963 411.788607 19.043753 22.587798
1634 201.786877 411.170442 19.179209 22.525381
1635 201.460295 411.507897 19.337367 22.804135
1636 201.344307 411.385202 19.451280 22.848881
1637 201.376720 411.507237 19.460046 22.774576
1638 201.522519 411.564639 19.422654 22.950095
1639 202.746248 411.089289 19.125676 22.680918
1640 201.437640 411.503991 18.958960 22.995965
1641 201.855936 411.204559 18.953846 22.735475
1642 202.469494 411.496752 18.959970 22.445356
1643 202.442230 411.312551 18.907240 22.236791
1644 202.273840 411.352910 18.800796 22.247101
1645 201.972493 411.580339 18.894034 22.211743
1646 202.033185 411.893976 18.969668 22.151742
1647 202.566612 412.016097 19.006142 21.794700
1648 202.765888 412.092093 19.487160 21.973136
1649 202.714960 412.067215 19.492286 21.937021
1650 202.727661 412.083041 19.502270 21.965475
1651 202.321284 411.779916 19.846459 21.658642
1652 202.400407 411.943232 19.987437 21.990862
1653 202.362342 411.970705 19.803153 21.953799
1654 201.966194 412.247935 19.290252 21.535829
1655 202.042852 412.530182 19.250920 21.885370
1656 202.145037 412.570200 19.441740 21.967496
1657 202.235911 412.533006 19.456830 21.933032
1658 202.346019 412.539466 19.444157 21.918348
1659 202.443375 412.660306 19.437969 21.649827
1660 202.534758 412.809531 19.464857 21.927031
1661 202.571673 412.867039 19.439303 21.962157
1662 201.993850 412.750582 19.351367 21.840855
1663 201.935555 412.721521 19.443568 21.889753
1664 202.119293 412.752640 19.431049 21.953747
1665 201.562091 412.832219 19.116754 21.895104
1666 201.318268 412.550488 19.266575 21.942245
1667 201.245999 412.135521 19.547713 21.653077
1668 201.411333 412.242746 19.957234 21.940194
1669 201.084241 412.163618 19.867515 21.828864
1670 201.171019 412.254002 19.987098 21.954972
1671 201.128880 412.221537 19.974747 21.890273
1672 201.147070 411.622841 19.966788 21.856537
1673 201.239736 411.720741 20.002261 21.962364
1674 201.504197 411.785371 20.498839 21.954444
1675 201.311215 411.716978 20.359807 21.914130
1676 201.383548 411.771680 20.448963 21.945851
1677 202.151102 412.273382 19.984318 21.512104
1678 202.163272 412.505416 19.979326 21.980770
1679 201.663092 412.208647 19.948238 21.809439
1680 201.464415 412.169521 19.951654 21.863787
1681 201.696204 412.239343 20.016400 21.802678
1682 201.990887 412.326048 20.441746 21.961820
1683 202.016622 412.301782 20.458242 21.998104
1684 202.034109 412.259374 20.458242 21.998104
1685 202.314402 411.804658 20.311071 21.991568
1686 202.628223 411.748593 20.552674 21.880146
1687 202.547043 412.423328 21.233493 20.903313
1688 202.757614 412.493201 21.471845 20.961092
1689 202.373924 412.534143 21.341201 20.926686
1690 202.244592 412.332338 21.329071 21.132977
1691 202.483726 412.259812 21.165553 21.572943
1692 202.067862 412.520501 21.255012 21.888011
1693 201.596759 412.475324 21.125997 21.994402
1694 201.190164 412.376951 21.125997 21.994402
1695 202.124596 412.099514 21.309040 21.930053
1696 202.284976 411.501201 21.050769 21.894037
1697 201.413000 411.771611 21.518157 21.329515
1698 201.604952 411.959256 21.915120 21.348444
1699 201.598423 412.137436 21.915120 21.348444
1700 202.046450 411.739511 21.170229 22.170715
1701 202.115835 411.497273 21.111321 22.568637
1702 201.877398 411.322108 21.328798 22.884975
1703 202.009225 411.456591 21.453920 22.764733
1704 202.154639 411.393170 21.353483 22.991796
1705 201.991618 411.263861 21.353460 23.016845
1706 201.841831 411.373475 21.320793 23.478076
1707 201.545278 410.548981 20.424492 23.590716
1708 201.695388 410.762597 20.411560 23.920018
1709 201.772592 410.866892 20.491753 23.937829
1710 201.907236 410.873998 20.425060 23.992813
1711 201.960089 410.869325 20.470719 24.001532
1712 201.891110 411.055515 20.440404 24.489871
1713 201.725900 410.884472 20.332327 24.426829
1714 201.160587 410.262036 19.986783 24.484220
1715 200.897773 410.107071 19.793721 23.975494
1716 201.031837 410.114834 19.927279 23.955223
1717 201.195767 410.117530 19.406368 24.131296
1718 201.396527 410.302341 18.906577 24.422254
1719 202.249071 410.777478 18.066521 23.676788
1720 202.096373 411.005568 18.257555 23.768856
1721 202.083712 411.081618 18.343127 23.800684
1722 202.708347 411.387487 18.522026 23.164174
1723 202.704609 411.270987 18.760026 23.151176
1724 202.383941 411.209261 18.658766 23.147319
1725 202.665592 411.307900 18.640957 23.400571
1726 202.841935 411.356931 18.993022 23.491732
1727 202.729868 411.408749 19.047837 23.217607
1728 202.901737 411.482778 19.452209 23.463915
1729 202.871420 411.433654 19.452209 23.463915
1730 202.707849 411.389428 19.426765 23.522250
1731 202.607227 411.374243 19.325794 24.022260
1732 201.461938 411.400742 19.278833 24.337036
1733 201.219037 411.368499 19.403814 24.222209
1734 200.657333 411.558897 19.291685 23.531054
1735 201.097915 411.546982 19.533558 23.939180
1736 201.253671 411.325324 19.974959 23.875755
1737 200.924660 411.392352 19.849036 23.787001
1738 200.920590 411.571142 19.907433 23.861229
1739 201.224707 411.545665 19.643153 23.863692
1740 201.388697 411.729594 19.978130 23.909770
1741 201.389614 411.766538 19.893812 23.906083
1742 201.704452 411.870584 19.925510 23.618438
1743 201.699373 412.053892 19.989948 23.840149
1744 201.690778 412.102675 19.971184 23.817747
1745 201.741340 411.952457 19.968039 23.833234
1746 201.670092 411.593529 20.009455 23.829205
1747 201.809702 411.339274 20.394273 24.090339
1748 201.823773 411.362187 20.422120 24.417893
1749 201.655459 411.049013 20.313207 24.260109
1750 201.762280 411.113574 20.483658 24.481925
1751 201.653033 410.993216 20.479276 24.443263
1752 202.832911 410.196035 19.787172 24.046158
1753 202.605121 410.057670 19.906606 24.272964
1754 201.700147 410.195517 19.999099 24.153302
1755 201.140086 409.639808 20.065656 24.305216
1756 201.032601 409.720502 20.441327 24.471199
1757 201.660947 410.073791 20.335739 24.253681
1758 201.785909 410.224351 20.452498 24.470368
1759 201.408877 409.970983 20.295621 24.255733
1760 201.402123 409.983596 20.120347 24.286235
1761 201.483006 409.980959 20.120347 24.286235
1762 201.468578 410.497220 19.709479 23.991608
1763 201.634179 410.693070 19.953777 23.914978
1764 201.684296 410.854765 19.975971 23.936777
1765 202.366977 411.220929 19.659573 23.055307
1766 202.188487 411.268608 19.555622 23.259188
1767 202.692174 411.276719 19.687805 23.554008
1768 202.756717 411.219844 20.021125 23.931442
1769 201.826145 410.704684 20.623835 23.847898
1770 201.768106 409.910775 20.970029 23.831686
1771 201.551752 410.167556 20.837716 23.831322
1772 200.683256 410.262493 20.069660 23.652689
1773 200.703804 410.240274 20.470729 23.899141
1774 201.091848 410.852677 20.514265 23.922494
1775 201.711427 411.484430 20.860526 23.602257
1776 201.767770 411.743791 20.871734 23.869815
1777 201.579127 412.052121 20.693026 23.219163
1778 201.645668 412.157680 20.899412 23.441221
1779 201.984930 412.196074 20.909738 22.908807
1780 202.013467 411.634821 20.917033 23.012456
1781 202.121078 411.740900 20.900989 23.301796
1782 202.161631 411.763559 20.690591 23.273587
1783 202.376768 411.805035 20.964945 23.440237
1784 202.398614 411.674913 20.970986 23.385140
1785 202.318874 411.749742 20.872319 23.316744
1786 201.715410 411.485042 20.530865 23.164461
1787 201.840385 411.568382 20.740496 23.278968
1788 201.901893 411.481748 20.788335 23.363774
1789 201.939481 411.352712 20.788335 23.363774
1790 202.248725 410.758102 20.377338 23.934599
1791 202.179069 410.792721 20.448473 23.929281
1792 201.678258 410.730756 20.374282 23.671442
1793 201.729749 410.905391 20.448055 23.969941
1794 201.744353 410.930778 20.448055 23.969941
1795 202.053518 410.974667 20.429275 23.908967
1796 202.114079 411.000684 20.481040 23.996241
1797 201.183730 409.498938 20.211046 24.068687
1798 201.257310 409.690029 20.454721 24.422643
1799 201.209052 409.704141 20.454721 24.422643
1800 202.648450 410.352412 20.249105 23.718278
1801 202.728434 410.569009 20.367483 23.839576
1802 202.850037 410.711107 20.510220 23.920295
1803 203.054978 410.710124 20.971741 23.927878
1804 203.029158 410.705349 20.971741 23.927878
1805 202.305046 410.941474 20.860205 23.363538
1806 202.365522 410.969988 20.955848 23.431175
1807 202.395880 410.964418 20.977236 23.493191
1808 202.396290 410.965736 20.974613 23.474751
1809 202.398012 410.976274 20.974613 23.474751
1810 202.775594 411.540999 20.653779 23.147259
1811 202.897437 411.699066 20.961519 23.459876
1812 202.487768 411.401134 20.507674 23.208288
1813 202.937081 411.835998 20.165674 22.936886
1814 202.719868 411.787833 20.283840 22.818000
1815 202.894848 411.958233 20.478272 22.885766
1816 202.833399 412.020784 20.394579 22.817635
1817 202.324343 411.409516 20.371040 22.500828
1818 202.012132 411.277768 20.366118 22.820545
1819 202.185393 411.599162 20.021766 22.890639
1820 202.193047 411.711160 19.907468 22.836618
1821 201.750167 411.927231 19.754676 22.831806
1822 204.276403 411.925710 20.193007 22.026464
1823 204.431067 412.253350 20.388974 22.209250
1824 203.206788 412.413164 20.210590 21.979366
1825 203.131882 412.507455 20.551775 21.678360
1826 203.373416 412.654266 20.975805 21.877294
1827 202.793451 412.461864 20.994352 21.999121
1828 202.761645 412.458329 20.964421 21.989118
1829 203.108795 412.588211 20.686945 21.853971
1830 203.344526 412.702648 20.928942 22.026184
1831 203.584282 412.528350 21.026632 22.366508
1832 203.726239 412.466114 21.792871 21.905337
1833 203.752007 412.448799 21.974294 21.952715
1834 202.092870 412.243193 21.881280 21.822697
1835 201.215638 412.278088 21.813941 21.948617
1836 201.057626 412.142579 21.891609 21.942007
1837 201.188739 412.085866 21.666650 21.807179
1838 201.506370 412.233593 21.896473 21.887519
1839 201.913504 412.239557 22.064526 21.880930
1840 201.516779 411.586034 21.861471 21.585057
1841 201.836290 411.843657 21.811991 21.892146
1842 201.946798 411.565170 21.668425 22.239217
1843 201.653347 411.218383 21.576422 22.597495
1844 201.358389 411.926892 20.741663 22.708989
1845 201.172620 411.742808 20.649112 22.906187
1846 200.755929 411.360131 20.657043 22.851645
1847 201.026161 411.445237 20.979310 22.955016
1848 201.504748 411.698204 20.836262 23.010774
1849 200.829191 411.479502 20.302264 23.050518
1850 201.405439 411.619540 20.551112 23.219018
1851 201.027742 411.656378 20.728195 22.963992
1852 202.752407 411.008669 20.744345 22.621642
1853 202.749427 411.214678 20.915984 22.964938
1854 201.902167 411.163885 20.713219 23.159390
1855 202.137261 411.356126 20.939960 23.429814
1856 202.217495 411.108062 20.856503 23.509211
1857 202.453751 411.008697 20.648844 24.193618
1858 202.443738 410.706537 20.783281 24.559404
1859 201.795134 410.864435 20.537139 24.505230
1860 201.873812 411.036707 20.495387 24.939917
1861 201.799381 411.025987 20.262709 24.990982
1862 201.449897 410.779786 20.313663 24.919366
1863 201.379614 410.681545 20.352369 24.969183
1864 201.384020 410.877844 20.314372 24.483683
1865 201.442814 410.864411 20.462787 24.506467
1866 201.219176 410.921593 20.379793 24.827222
1867 201.791640 409.619530 19.906844 24.848855
1868 201.936876 409.751809 19.928247 24.878844
1869 202.071410 409.869094 19.928247 24.878844
1870 201.797349 410.111807 19.844027 24.656990
1871 202.010331 410.418760 19.915779 24.826045
1872 201.895840 410.659760 19.978090 24.960598
1873 201.915066 410.775824 19.977693 24.955362
1874 202.047305 410.800033 19.866343 24.903386
1875 202.096498 410.708041 19.935631 24.979162
1876 202.121919 410.670401 19.966192 24.954212
1877 201.917713 410.934693 19.657022 24.337987
1878 202.007103 410.935176 19.217546 23.927301
1879 202.184899 410.593557 19.135986 23.981939
1880 202.372436 410.626465 18.950797 23.820134
1881 202.469982 410.811087 18.680910 23.815826
1882 202.372842 410.715909 18.691552 23.988004
1883 202.529760 410.738370 18.945575 23.982917
1884 202.630467 411.396760 18.911619 23.414553
1885 202.376354 411.334033 18.849209 23.350847
1886 202.424447 411.316962 18.806252 23.266859
1887 202.469842 411.318975 18.700551 23.377166
1888 202.408496 411.294469 18.822178 23.275492
1889 202.559070 411.365347 18.958787 23.405066
1890 202.501886 411.456382 18.823471 23.544034
1891 202.353576 411.793709 18.728005 23.980923
1892 202.623037 412.045825 18.399937 23.922229
1893 202.837641 412.411406 17.113143 23.919684
1894 202.607066 412.808557 17.437128 23.149125
1895 202.790488 412.834756 17.497059 23.346511
1896 202.745827 412.877579 17.522034 23.344549
1897 202.878314 412.852319 18.314532 22.901901
1898 202.529785 412.793279 18.414902 22.259635
1899 200.594713 413.160757 18.706659 21.447701
1900 201.049539 412.781589 18.858559 21.501743
1901 201.637385 412.824028 18.933416 21.739258
1902 203.192418 412.433262 18.627588 21.895292
1903 203.151152 412.314817 18.986558 21.852603
1904 202.930402 412.217717 18.986558 21.852603
1905 201.677575 411.652011 18.891089 21.358894
1906 201.737484 411.566112 18.763660 21.556154
1907 200.925446 412.565213 18.678387 21.932171
1908 201.477164 412.379572 18.828237 21.959763
1909 202.150987 412.066101 18.679637 21.820450
1910 201.933984 411.809339 19.202818 21.601818
1911 201.364318 411.899756 19.684327 21.739427
1912 202.463307 411.710099 19.591002 22.357323
1913 202.641536 411.562243 19.814568 22.581575
1914 202.246237 411.450185 20.022840 22.520176
1915 202.705615 411.752218 20.421705 22.872743
1916 202.630129 411.807199 20.412460 22.899980
1917 200.818594 411.791757 20.391252 22.301249
1918 201.309921 411.916626 20.509009 22.313871
1919 201.689859 412.243579 20.985024 22.277737
1920 202.141308 412.320076 20.871063 22.221486
1921 202.099098 412.281990 20.907307 22.407315
1922 202.137272 412.293293 20.973071 22.503987
1923 202.237888 412.449029 20.912223 22.974191
1924 202.086445 412.161446 20.670418 23.079258
1925 201.753447 412.236048 20.887283 23.511899
1926 201.748340 412.419742 20.728944 23.790953
1927 203.677630 413.086019 20.872463 23.631514
1928 203.191608 413.139162 20.853192 23.455615
1929 202.389946 412.398513 20.535705 22.819166
1930 202.391216 412.540190 20.885062 22.869076
1931 202.357211 412.631936 20.931785 22.872168
1932 202.408601 412.418960 20.967833 22.648143
1933 202.353315 412.355248 20.914137 22.622020
1934 202.382279 412.589998 20.736328 22.221893
1935 201.899579 412.445113 20.837825 22.520352
1936 201.561168 412.585544 20.901952 22.724786
1937 202.435680 412.696630 21.161801 22.879566
1938 202.645357 412.390184 21.270828 22.738384
1939 201.693565 412.651162 19.852951 21.647674
1940 201.855592 412.743011 19.925021 21.890813
1941 201.402471 412.706338 19.873543 21.799847
1942 199.860952 412.522866 19.875172 21.936391
1943 200.876591 412.480595 19.871288 21.708983
1944 200.502672 412.594258 19.890360 21.622948
1945 200.636273 412.678854 19.752239 22.014761
1946 200.851699 412.857971 19.833942 22.347763
1947 201.602404 411.735245 19.800966 22.495790
1948 201.605332 411.573930 19.885465 22.463700
1949 201.642393 411.674918 19.900949 22.280229
1950 201.782714 411.764389 19.893551 22.455973
1951 201.830490 411.594167 19.850718 22.462919
1952 201.898594 411.241365 19.634215 22.535569
1953 201.860387 411.390512 19.858445 22.915298
1954 201.924031 411.163040 19.910475 22.849014
1955 201.972187 411.214073 19.996021 22.973094
1956 202.002722 411.186046 19.953718 22.963230
1957 202.648102 411.809467 19.031016 23.047821
1958 202.745539 412.039571 19.327283 23.386128
1959 202.367375 412.083021 19.404734 23.307669
1960 202.440959 412.187594 19.491821 23.478293
1961 202.452930 412.199113 19.463082 23.490130
1962 202.296086 411.935234 19.201126 23.421747
1963 202.378740 411.788789 19.391712 23.495851
1964 202.452931 411.734433 19.434781 23.466886
1965 203.407722 411.269651 19.470394 23.382095
1966 203.488874 410.941751 19.481573 23.427904
1967 201.168805 410.082752 18.840608 23.246459
1968 201.310293 410.213207 18.606048 23.495899
1969 201.441102 410.324035 18.675666 23.453142
1970 201.907012 410.675344 18.967219 23.339524
1971 201.915634 410.690210 18.871244 23.496926
1972 201.691365 410.672729 17.698775 23.337422
1973 201.711521 410.445101 17.711838 23.464887
1974 201.831414 410.389946 17.743693 23.435930
1975 201.883120 410.452434 17.926534 23.277827
1976 202.004339 410.616409 17.871979 23.316877
1977 202.396453 410.808405 17.980229 23.235991
1978 202.514139 410.897227 17.811930 23.179275
1979 202.715975 411.014406 17.811930 23.179275
1980 201.705292 409.210609 16.825736 23.461334
1981 201.637420 409.139711 16.634389 22.858102
1982 201.641309 409.349460 16.644350 22.634923
1983 201.828000 409.465811 16.895544 22.606519
1984 202.005406 409.846599 16.944424 22.742356
1985 202.934287 410.115038 17.010471 22.921483
1986 203.162720 410.191480 17.485129 22.990219
1987 203.229742 410.332382 17.516566 22.647986
1988 203.053135 410.460599 17.990977 22.882250
1989 202.639322 410.471684 17.990977 22.882250
1990 202.598348 410.673087 18.065601 22.871337
1991 202.162474 410.748875 18.254307 22.918401
1992 200.396062 410.204015 18.346760 22.566309
1993 200.524714 410.413810 18.431694 22.974089
1994 200.610898 410.419716 18.431694 22.974089
1995 201.642466 410.570672 18.159139 23.021091
1996 201.306079 410.324884 18.459282 23.036138
1997 201.071257 410.363214 18.146433 23.554601
1998 201.318621 410.413271 18.424616 24.046287
