2 180.816743 375.903259 61.213528 63.861877
3 186.185126 374.394006 62.007598 63.145923
4 192.250812 372.219190 62.558261 62.022995
5 199.542957 369.692055 62.686161 61.627525
6 205.671735 367.248048 62.553366 61.164237
7 219.235580 360.186587 62.611237 61.268170
8 225.398477 357.641461 62.662724 60.675250
9 231.157076 354.846801 62.148276 60.249725
10 237.588341 352.469413 61.756536 59.986757
11 245.629905 349.944622 60.902310 59.501143
12 260.813903 344.338346 60.080092 60.412374
13 267.541802 341.789162 59.845583 59.721946
14 273.692808 339.309689 59.288017 59.341599
15 280.733225 336.543265 58.531327 59.019932
16 289.030079 333.682306 58.202323 59.430750
17 303.465535 329.517749 58.165779 58.950166
18 309.631627 326.884387 57.562439 58.879527
19 316.516794 324.307360 57.222513 58.356994
20 323.696416 321.675974 56.592120 57.980908
21 329.073898 318.373741 55.632173 57.305262
22 338.550836 312.599233 54.072089 57.119994
23 343.356847 310.568874 54.223045 56.742856
24 346.706301 308.610489 53.801154 56.184831
25 351.676603 306.512214 53.593837 56.000557
26 354.963981 304.503629 52.942114 55.777515
27 362.466191 300.287176 51.730908 55.315437
28 366.934620 298.454488 51.619775 54.730464
29 370.746593 296.203316 51.272566 54.507695
30 374.974395 294.988706 50.782866 54.006298
31 379.512642 294.261086 50.427071 54.126269
32 388.401459 290.819276 49.757576 54.188619
33 393.379803 288.866541 49.626453 53.717754
34 397.731773 285.956041 49.016352 53.403054
35 400.628611 283.787935 48.291782 53.430470
36 405.006359 281.299331 47.857682 52.874521
37 411.832357 278.402047 46.280763 52.204171
38 415.442060 276.111229 46.321069 52.043896
39 419.706815 273.066497 46.062752 51.804982
40 423.791579 269.709197 45.579733 51.716520
41 427.117293 267.043252 44.342451 51.742858
42 439.214746 264.502500 44.881548 51.615942
43 444.985876 263.350257 44.533218 51.743845
44 449.861690 261.397387 44.225584 51.628873
45 455.544876 260.962130 44.248904 51.578858
46 459.414205 258.337927 43.366552 51.573978
47 467.176550 254.892709 42.090161 51.209261
48 470.373492 251.742516 41.785809 50.944304
49 473.449624 249.820751 41.269167 50.377371
50 477.109283 247.860811 40.242505 49.921057
51 480.533911 246.800174 39.936921 48.901823
52 488.585401 244.144243 39.680283 48.694694
53 494.840957 244.894746 38.900213 48.321237
54 498.324901 245.187313 38.548458 47.602646
55 502.258449 244.576252 38.624679 47.053757
56 506.080514 242.703242 38.089145 47.237462
57 511.071993 239.755334 38.021061 47.071276
58 513.821961 238.178367 37.623552 47.138025
59 517.100142 236.834242 37.048543 46.654158
60 522.210865 236.354262 37.133927 45.865488
61 527.077146 236.254105 36.878929 45.225501
62 537.417946 234.213967 36.564593 45.392763
63 542.381877 232.109354 36.244177 45.133058
64 546.595938 230.306103 35.551721 44.963258
65 550.514079 228.662296 35.085405 44.504982
66 554.387546 226.888007 34.580722 44.374290
67 560.461365 224.949498 34.013128 43.791580
68 564.221180 224.343920 33.539693 43.843649
69 566.563095 224.077767 33.409915 43.829333
70 569.823316 222.659779 32.595693 43.980889
71 572.696603 221.069559 32.355898 43.676673
72 578.003552 218.853137 31.810160 43.843768
73 580.317778 218.255066 31.398680 43.908125
74 583.221293 216.895069 30.811851 43.766206
75 586.152982 215.695958 30.585795 43.582542
76 589.023178 214.719523 30.276619 43.332929
77 594.451400 212.622031 30.128148 43.168059
78 597.947531 211.233615 29.780949 43.116539
79 600.818064 210.053251 29.299499 42.983613
80 603.716213 209.077482 29.356639 42.473728
81 607.195988 208.228765 29.043256 42.172595
82 614.426487 205.352244 28.789653 42.492021
83 617.257505 204.259170 28.373062 42.621065
84 619.409607 204.362962 27.998363 42.716219
85 622.178754 204.130749 27.559573 42.679539
86 624.205402 204.105531 27.874578 42.582249
87 628.216358 202.413243 27.456393 42.308429
88 629.824604 201.417287 27.349434 41.930316
89 631.786637 200.159302 27.195520 41.400349
90 633.064882 199.077979 27.291715 40.896792
91 634.186211 198.096896 27.227560 40.502612
92 636.933913 196.146577 26.922683 40.501537
93 637.196980 195.795444 26.811431 40.812174
94 638.582773 193.915763 26.986909 40.405318
95 639.519664 192.298433 26.759939 39.897920
96 640.973840 190.324706 26.396600 39.046671
97 643.629120 187.550995 26.337130 39.263791
98 644.263766 186.690186 26.326304 39.201119
99 644.730325 186.034395 26.361218 38.835064
100 645.776650 185.194665 26.184333 37.554008
101 646.934988 184.482472 26.287707 37.510584
102 649.380029 182.393749 25.811303 36.922127
103 650.063976 181.275477 25.732228 36.606927
104 650.751727 180.430195 25.772365 36.624178
105 652.464288 178.645445 25.491440 36.616159
106 653.469075 176.727576 25.371019 36.597620
107 655.182615 173.720768 25.422645 37.033818
108 655.335502 173.309110 25.436117 37.267925
109 655.322193 173.307227 25.461043 37.232026
110 654.159711 171.446748 25.285034 37.292980
111 653.183934 169.259990 25.504940 36.831699
112 653.031441 165.058522 25.707436 36.957288
113 652.875015 163.377179 25.660417 36.778796
114 652.412432 160.900757 25.727691 36.957265
115 651.850951 159.051210 25.928275 36.867124
116 650.888515 156.880074 25.994205 36.659304
117 648.890931 155.315284 26.314194 36.275137
118 647.464499 153.887597 26.470769 36.063160
119 647.045191 153.265995 26.257273 36.069709
120 646.853804 152.411494 26.378175 36.351442
121 646.813989 150.944677 26.161765 35.981487
122 647.002118 149.222114 26.067404 35.494025
123 646.981978 147.336142 26.031779 34.939010
124 647.175314 147.188507 26.268149 34.867549
125 646.318257 146.239106 25.975933 34.751493
126 645.556209 144.855628 25.362953 34.557637
127 644.696002 142.067343 24.615294 34.909212
128 643.756580 139.946596 24.272726 34.836472
129 642.162271 137.962732 24.094248 34.566092
130 640.710596 136.664074 23.747053 34.626383
131 639.601217 135.358797 23.673946 34.928602
132 635.280360 131.978450 23.230233 34.622308
133 633.069253 129.051679 23.127817 34.914809
134 630.214464 125.735691 22.820330 35.090247
135 627.312878 122.165685 22.691122 35.256087
136 624.624768 119.985407 22.634251 35.275034
137 617.877362 117.451920 21.867280 35.150231
138 615.109145 116.296095 22.131880 34.980324
139 612.397152 115.036815 21.775332 34.909524
140 609.863368 114.159607 21.850598 34.742189
141 607.536923 113.156889 21.891503 34.665665
142 602.533289 111.073201 21.830344 34.329073
143 600.278178 110.568836 21.847180 34.323494
144 598.057869 109.109147 21.922175 33.894279
145 596.600083 108.234282 21.841913 33.822052
146 595.102251 107.355417 21.575800 33.941340
147 592.257654 105.844725 21.799233 33.334543
148 590.619850 105.355324 21.825710 33.172395
149 589.230903 104.580067 21.967939 33.012322
150 587.696522 103.222324 21.935866 33.267883
151 586.768911 102.407529 21.608913 33.310591
152 584.471357 102.562994 21.975722 33.315530
153 582.668329 102.353314 21.910991 33.015860
154 581.471140 101.871279 22.027270 33.230309
155 580.235889 100.771442 22.360051 32.972472
156 577.753948 98.717949 22.202735 32.475873
157 575.485008 94.671118 22.313339 32.049898
158 574.974236 93.464490 22.271309 32.072661
159 575.140454 93.693839 22.321488 32.380579
160 575.223949 93.780539 22.354087 32.457775
161 574.693648 93.824262 22.238999 31.730331
162 574.210249 92.921375 22.260223 31.718828
163 573.186325 91.381735 22.530130 31.531798
164 573.458111 91.534384 22.949008 31.920474
165 573.201656 90.676615 22.686341 31.712511
166 573.330971 90.779702 22.969485 31.925819
167 573.297686 90.426378 22.973277 31.679355
168 573.014928 89.873630 22.932291 31.531866
169 573.044190 87.315531 23.179513 30.862146
170 573.430339 87.113060 23.352859 30.978964
171 573.565846 87.000070 23.465436 30.989710
172 574.944791 85.986799 23.285876 31.050550
173 575.416248 85.703505 23.187214 31.724038
174 575.621352 85.844980 23.468828 31.998901
175 576.785223 85.465134 23.269606 32.094690
176 576.900740 85.656844 23.482681 32.491125
177 576.613347 84.939593 23.128907 32.497057
178 576.590777 84.120776 23.256277 32.523032
179 576.832969 83.328893 23.344966 33.001292
180 576.610853 83.215417 23.350095 33.316421
181 576.610221 82.984917 23.395704 32.991843
182 576.544842 81.276435 23.343081 32.621390
183 576.575906 81.281626 23.393270 32.755568
184 576.410248 81.069967 23.443289 32.585410
185 576.286880 80.473467 23.512516 32.382137
186 575.124389 78.657667 24.348362 31.657714
187 571.606960 74.447628 24.287385 31.043887
188 568.313186 72.652344 24.504015 30.881344
189 566.216128 70.465182 24.434174 30.781966
190 563.974033 69.577012 24.491689 30.661975
191 562.569226 69.599573 24.462561 30.555196
192 560.476133 69.767623 24.314232 30.764729
193 559.120457 69.563156 24.332946 30.857066
194 556.331688 67.725826 24.566498 30.479329
195 554.044097 66.167605 24.867554 30.131460
196 552.871067 66.480097 25.154468 30.185927
197 549.339725 66.824687 25.506742 30.156330
198 549.011296 67.109418 26.062886 30.156822
199 548.627755 67.208164 26.510381 30.392087
200 546.552332 66.332582 26.945849 30.249063
