2 804.971682 456.979780 72.729722 56.749087
3 814.312272 456.541176 71.397347 53.493131
4 822.441183 454.030685 69.517265 52.943186
5 825.796794 458.540735 71.183812 49.526457
6 830.872702 460.327056 70.609237 48.811421
7 835.380017 460.892769 68.871654 48.519646
8 837.907506 459.909954 67.918276 48.744118
9 839.114592 457.425379 67.277576 48.524842
10 839.396016 457.123521 67.372718 48.705250
11 840.027160 457.379627 67.475876 48.644758
12 840.926246 458.056881 67.717983 48.317713
13 844.710623 455.383687 65.262727 49.103271
14 844.591166 455.443150 65.973883 49.550238
15 848.244403 457.815730 66.776547 48.083811
16 854.458471 458.597852 65.224568 47.517038
17 855.245873 458.072581 65.473771 47.652985
18 859.653357 457.014526 64.908378 46.061636
19 863.927631 454.301797 63.829855 45.944921
20 867.026280 454.633842 64.120895 44.688468
21 871.487477 454.332420 64.227465 41.599262
22 873.830885 453.193900 63.709180 41.218983
23 878.851691 449.000552 62.795880 40.869656
24 879.277707 449.068882 62.979954 40.838497
25 883.523523 456.876521 61.076804 38.218241
26 886.406113 461.990135 60.634778 35.551099
27 886.576237 462.228452 60.967897 35.970945
28 887.550661 453.931399 60.149756 36.723561
29 888.850139 452.879786 60.893608 36.651654
30 891.169892 455.136573 59.401020 35.303496
31 894.513979 458.698022 57.697783 33.867516
32 895.585077 461.008871 56.970346 32.910394
33 895.966194 461.437806 56.293931 32.355315
34 896.219992 461.565486 56.201216 32.354295
35 896.526552 460.434807 55.893058 32.733875
36 896.719369 456.848570 55.612680 33.043810
37 896.715655 455.983081 55.404390 32.920540
38 896.757993 455.911369 55.239611 32.889368
39 896.839159 458.576329 53.893337 32.387170
40 895.996475 458.740702 53.243524 32.259212
41 895.006164 456.531479 53.711191 32.363711
42 893.683178 452.965092 53.292448 32.523619
43 891.714720 449.225917 53.055518 33.341321
44 889.568825 450.022295 53.055821 33.223679
45 888.184434 455.339590 52.025456 32.626285
46 886.151625 461.748547 50.563697 31.319171
47 885.337397 460.105109 51.342419 31.803796
48 884.093340 460.349644 51.286938 31.712741
49 882.506297 462.003806 50.592470 31.612138
50 882.037881 461.511516 50.235432 32.093536
51 880.860911 456.394217 50.674380 33.364547
52 879.401888 456.268132 50.529341 33.510136
53 878.880867 468.965594 48.032905 33.044765
54 877.952823 468.809960 48.496432 33.401258
55 877.126295 462.796358 48.482304 33.915969
56 874.052354 453.602348 51.731309 34.652895
57 871.797052 453.548402 51.807743 34.727006
58 870.321888 457.744781 51.016178 34.625789
59 870.291974 459.508964 51.287534 34.756722
60 868.770161 459.176153 51.036944 34.634548
61 867.778777 458.849646 50.758540 34.845063
62 865.906181 461.069730 49.165602 33.950443
63 864.555134 470.246878 47.368819 32.376108
64 864.244969 471.138065 47.421799 32.331099
65 858.632042 462.192443 48.796590 33.427989
66 855.345277 463.037740 47.942083 32.542872
67 853.865344 464.049822 48.079754 32.557624
68 849.825348 461.981789 48.224035 32.189623
69 845.512576 461.638450 48.737619 32.600392
70 839.013788 461.736636 49.771111 33.027144
71 833.363592 464.719769 51.328081 31.415716
72 831.070343 464.252334 50.736463 31.094187
73 828.462170 467.646706 49.386238 30.764170
74 824.870743 464.297764 49.078074 30.865302
75 819.345926 460.760961 48.533663 30.764945
76 813.515909 457.769655 48.424706 30.876982
77 810.482731 459.565579 47.482328 29.159820
78 806.569706 458.430847 46.644124 29.344562
79 804.782871 459.408197 45.654985 29.110061
80 803.567428 461.907300 44.351762 28.729598
81 797.943872 463.556490 48.487913 28.016057
82 794.795311 460.390741 50.664560 28.575214
83 797.593754 461.224451 48.458813 28.331341
84 797.554098 461.491967 48.429112 28.522671
85 797.091145 463.260040 48.791543 28.766829
86 797.373639 463.101250 48.744644 28.821524
87 799.113978 460.807643 45.499623 29.256982
88 799.071280 460.928228 45.471611 29.480952
89 798.785561 460.795719 45.531347 29.282803
90 798.929693 460.800632 45.907454 29.392798
91 799.178005 460.931033 44.420869 29.436457
92 799.092542 460.906764 44.342608 29.474217
93 790.528532 450.876357 54.996713 30.318331
94 790.547202 450.744106 54.640037 30.577936
95 794.433894 454.380908 52.089392 30.631977
96 792.485252 454.202261 49.854733 30.846996
97 792.872061 453.833964 47.964871 30.510553
98 792.273121 453.988276 47.384809 30.866506
99 788.724577 460.904975 48.065345 29.542581
100 785.098870 463.983923 51.404484 28.420170
101 786.444037 464.224324 50.745976 28.353621
102 786.591843 464.694624 51.002731 28.214231
103 789.298060 466.134125 50.789111 28.257103
104 792.838270 466.143841 48.795571 28.261876
105 793.535414 463.036981 46.588412 29.760733
106 793.016264 462.506170 46.657474 29.877334
107 790.197051 463.056432 47.774052 29.564466
108 788.927082 464.167067 51.443429 29.549232
109 792.087315 464.576838 50.166590 29.653141
110 793.231183 462.742164 49.452075 30.396023
111 795.942768 463.721315 48.270693 30.499727
112 797.199400 464.039215 47.453850 30.295365
113 798.906424 462.653211 45.797596 30.603303
114 799.403816 462.706781 45.406062 30.966115
115 800.797088 460.846791 44.261756 30.908059
116 801.842576 461.604234 44.334887 30.788183
117 802.781116 460.562041 44.279169 30.866698
118 804.296819 460.198416 43.774607 30.526537
119 805.243868 459.896897 43.491672 30.893521
120 806.612087 456.539108 42.721745 30.491780
121 806.911703 457.107077 42.512776 30.435744
122 808.434884 461.077730 41.488187 29.525278
123 809.588417 465.197588 40.100538 29.190602
124 810.376394 461.927412 39.885740 29.193757
125 811.405730 461.194129 40.374355 29.201311
126 811.895919 464.283748 40.510268 28.193738
127 813.048804 462.425183 40.804333 28.480863
128 814.005982 457.140702 41.112909 29.137082
129 814.831249 456.428653 41.285824 29.369711
130 815.756138 456.617650 41.595473 29.321222
131 816.468313 455.974219 41.903425 29.033057
132 817.237316 450.212575 42.745056 30.039029
133 818.362927 445.666799 42.991610 30.593642
134 818.443807 445.994235 42.860126 30.927598
135 816.631573 452.071082 42.063888 30.498796
136 815.876091 450.941225 41.693466 30.455853
137 813.342494 450.266073 41.360164 30.322010
138 811.235334 450.407664 41.299378 30.030970
139 810.358006 450.560169 41.173434 30.334390
140 807.866918 454.149086 41.074621 30.200730
141 806.636865 461.388478 39.868632 29.966788
142 806.761429 462.360867 39.793335 29.676312
143 807.190657 459.493317 39.539293 29.891601
144 807.149122 459.409847 39.912571 29.884229
145 804.817253 459.560292 39.759182 29.803542
146 803.539714 463.647342 39.526842 29.142294
147 801.078495 466.402479 39.616972 28.043960
148 799.987869 466.633729 39.336138 28.399667
149 798.656629 468.652413 39.507340 27.214130
150 797.723216 464.309842 39.032236 27.286879
151 794.823491 465.800844 39.189197 26.811178
152 793.940807 466.370164 39.431258 26.930386
153 793.388112 459.946412 39.726156 27.479346
154 792.961521 459.205215 39.171236 27.373529
155 789.795251 462.228746 39.750011 26.497188
156 789.152280 460.891846 39.376909 26.576603
157 787.463635 458.600196 39.168237 26.838133
158 787.637748 458.405070 39.038707 27.011052
159 786.436240 457.670425 38.939212 26.991895
160 785.404936 453.654878 38.221329 26.964747
161 783.795432 456.498546 38.185514 25.660811
162 784.378384 461.368069 37.301740 24.946244
163 785.222274 467.502361 36.727867 24.376395
164 785.355770 468.765191 37.014106 24.317248
165 785.519559 464.137071 39.813913 24.502636
166 786.336327 459.372302 39.428246 25.588321
167 786.475334 459.936541 39.326386 26.014067
168 786.546306 460.210067 39.498812 26.475549
169 786.245442 453.735396 40.305572 27.021291
170 785.979292 453.825771 40.590289 27.307666
171 786.651366 460.991585 38.715603 26.205296
172 786.211411 456.662527 39.669676 26.649048
173 786.129233 451.219726 40.075018 26.955991
174 786.195129 455.234062 39.535704 26.133678
175 786.651633 459.828203 39.020838 25.046231
176 786.808590 460.153131 39.500420 25.348935
177 786.363739 460.500936 39.919426 25.116591
178 785.951099 467.131068 39.428013 24.062123
179 785.744511 461.683220 39.277108 25.343153
180 785.420452 455.035447 39.822306 25.349302
181 785.389299 454.764926 39.985220 25.395889
182 785.598967 457.472307 38.799698 25.332472
183 785.529600 457.570857 38.954500 25.459531
184 784.584824 452.789326 39.272171 25.593955
185 783.890266 449.293445 40.285193 25.898616
186 783.995659 449.346006 40.490331 25.985408
187 784.096117 455.104336 39.447870 24.577557
188 784.298659 463.851548 38.183821 23.704729
189 785.432158 472.281465 37.769809 22.835889
190 783.988952 461.526613 41.635985 23.908471
191 783.627879 456.360767 42.074273 24.448847
192 784.444521 451.671538 41.538996 25.346355
193 784.673124 451.751338 41.987295 25.485888
194 785.870072 452.941323 40.780574 25.506072
195 785.898664 454.939761 40.527486 25.704460
196 785.902828 452.793636 40.776993 25.865242
197 784.990725 452.348661 40.967083 25.815064
198 784.957797 452.558588 40.971920 25.967622
199 783.866740 451.462598 41.524699 26.471165
200 783.659206 451.692770 41.282535 26.463857
201 783.695029 451.718736 41.474097 26.478479
202 783.191004 458.463238 41.099484 25.006423
203 783.084139 458.607196 41.505092 25.620855
204 783.432536 457.301160 41.366026 26.352118
205 784.245220 457.613138 41.200313 26.443103
206 785.033796 456.703140 40.564954 26.524914
207 786.193322 456.763283 40.160402 26.801763
208 787.376471 459.828794 39.279526 26.649576
209 787.429318 454.358708 40.147633 26.844246
210 787.215192 454.391522 40.637667 26.766159
211 787.536519 451.454249 40.583727 27.164592
212 788.174159 445.521399 40.585781 27.483498
213 788.671236 443.005296 40.065594 27.413074
214 788.534218 445.944003 39.839531 26.765790
215 789.658322 454.322192 38.590748 26.111665
216 791.091631 449.072711 38.956921 26.025113
217 792.403990 440.563686 40.105043 26.544302
218 793.108278 443.326397 39.545834 25.817869
219 793.899380 447.063422 39.338383 24.756598
220 794.848221 447.922657 39.099676 24.734659
221 796.092200 448.420366 39.340734 24.800636
222 799.912990 453.697248 37.842186 24.386990
223 800.069373 453.870614 37.967250 24.448472
224 800.167349 453.824066 37.979459 24.432629
225 801.522894 457.782112 37.902909 23.101926
226 802.426260 458.557074 37.034457 23.363152
227 803.497195 458.497629 36.831130 22.697993
228 803.581296 458.969245 36.737831 22.329254
229 804.644332 463.498534 35.489031 21.971586
230 804.701502 464.480454 35.224960 21.200375
231 803.098970 460.599328 36.684871 20.882237
232 801.866495 456.333337 37.293175 20.532438
233 801.256960 459.759072 35.968618 20.059219
234 800.687115 466.701921 35.462312 19.698294
235 800.365249 465.947730 35.660294 19.499752
236 800.374651 464.762157 35.945796 19.361673
237 800.677099 464.164223 35.257590 19.074809
238 800.626009 466.168546 34.587418 18.722396
239 801.138910 466.698213 34.491275 18.765983
240 803.129713 465.184025 34.289495 19.050777
241 806.918393 465.499536 33.436847 19.303265
242 808.007200 465.373984 33.628481 19.181147
243 809.215481 465.795432 34.085954 18.928888
244 812.556868 464.895345 33.544247 18.981004
245 815.210129 463.668242 33.519287 18.702634
246 819.133760 461.577010 33.156718 19.426216
247 823.982173 463.460510 32.019526 19.566628
248 825.037442 465.014206 32.878454 18.770140
249 827.669851 462.846649 33.338231 18.866810
250 830.416771 459.730676 33.002099 18.759654
251 833.003742 456.147391 34.225421 18.446876
252 836.470470 458.735722 32.784196 18.410286
253 835.971867 461.391567 32.051708 18.502317
254 834.195027 465.068462 32.087478 18.341923
255 832.593161 464.972257 32.444002 18.225148
256 828.397431 464.587116 34.441681 17.954899
257 825.899689 464.007371 33.073889 17.981558
258 822.868234 463.656299 33.197551 17.452465
259 820.613311 462.663366 32.097885 17.514567
260 819.752869 463.064951 31.829216 18.047005
261 816.861663 463.866996 31.785698 18.261483
262 813.574307 464.125528 31.581305 18.459631
263 811.219219 464.080667 31.069460 18.669003
264 808.419855 464.564928 31.083143 18.548254
265 806.648557 463.875323 31.271612 19.048179
266 803.936806 463.641197 31.930568 18.999259
267 802.593204 464.301847 31.420097 19.039151
268 801.486093 466.059895 32.255367 18.160882
269 801.370067 466.760786 32.545455 18.613513
270 801.996464 467.150782 32.181175 19.487131
271 790.494995 473.579922 33.027527 20.224935
272 788.855345 476.063222 33.551411 19.732773
273 788.009322 477.882490 34.185503 19.413201
274 786.895697 481.014348 34.538910 19.007812
275 785.019528 481.436494 34.943814 19.358581
276 783.958916 481.726118 34.835816 19.403026
277 782.820991 480.323211 34.751269 18.982210
278 781.761402 480.406138 34.968235 18.893381
279 779.809923 480.836766 34.759153 18.886736
280 778.460950 483.390568 34.933663 18.815778
281 775.672195 489.999020 37.122398 18.049949
282 772.875454 492.334671 37.400719 18.312572
283 770.233492 493.768312 37.143858 18.369310
284 768.385120 495.256810 37.567593 18.369777
285 766.321048 496.995593 37.666119 18.505478
286 759.254922 507.004304 38.688009 18.673706
287 759.037395 507.598449 38.922335 18.976090
288 756.028536 513.040164 39.797668 18.775076
289 755.149046 513.034003 39.132217 20.103308
290 751.647736 520.603516 40.467478 21.024175
291 749.430710 531.657027 41.680031 21.601390
292 748.134071 538.353372 42.146066 23.289154
293 747.130680 548.259590 43.451544 24.389865
294 745.212138 553.158867 42.574061 26.362543
295 746.757191 562.566509 43.393582 26.866712
296 738.342673 573.810132 46.518300 25.292750
297 737.315052 573.234866 48.635802 23.794442
298 737.013652 591.742105 49.885069 23.919289
299 735.573744 620.857214 50.362387 24.370152
300 734.748438 648.400935 51.387447 25.092986
301 714.398531 659.354962 52.248243 25.040053
302 698.872828 647.997417 52.640425 26.180160
303 694.675272 652.539460 52.581411 28.022468
304 689.374118 655.176169 51.989434 29.166848
305 695.328018 671.121499 52.997286 31.418050
306 697.550846 666.765352 52.707816 31.325264
307 695.703833 667.806340 53.428918 31.089893
308 696.204517 667.239977 54.238369 31.450141
309 694.838791 666.034815 55.600365 30.447987
310 693.465838 659.586469 55.420507 30.967047
311 696.421839 655.238470 53.135869 33.129155
312 697.496731 653.378578 51.155043 34.727599
313 698.919039 652.416239 49.837498 36.812538
314 705.646451 655.581261 48.532109 38.456955
315 709.704766 659.316070 47.942174 40.093564
316 711.532606 664.305241 47.262458 40.587738
317 715.151472 658.537273 47.043082 40.321652
318 694.142454 644.708127 46.513709 42.144033
319 690.750795 640.174067 44.758020 46.952028
320 684.730446 664.334706 50.603197 45.493733
