60 472.223187 344.458726 82.523353 67.386869
61 472.834101 346.483061 81.881667 65.038559
62 472.689999 348.009267 80.782179 62.641468
63 470.282742 342.529067 79.730231 59.973395
64 469.330834 345.021609 78.361588 55.762170
65 468.038350 343.564424 76.282208 52.423443
66 467.084618 340.059164 75.502012 48.944706
67 467.121484 341.410886 75.531027 47.013055
68 466.383310 342.267929 75.593352 46.866067
69 464.400816 342.889400 75.418336 46.202902
70 463.847595 343.033858 75.233710 46.402690
71 457.248630 347.557573 75.236313 45.013514
72 457.291357 347.055844 75.443665 45.106995
73 455.083032 342.839566 75.195124 45.082719
74 454.445938 344.123725 75.632898 45.290811
75 451.907509 343.560427 76.479081 44.952503
76 446.732739 339.250575 78.790347 44.313337
77 446.722969 339.301852 79.052923 44.502909
78 442.197901 341.615145 78.745885 45.822644
79 441.772721 337.615199 78.154373 45.432089
80 437.768039 337.420940 79.580051 45.637469
81 435.196249 343.026342 81.156925 50.875300
82 431.361739 339.447585 82.780942 51.413413
83 428.792110 337.497318 84.287305 53.982267
84 424.864622 340.121178 87.123968 58.058242
85 418.849342 335.999130 91.813200 61.374178
86 413.427328 336.739322 95.695842 61.675041
87 408.036452 335.140828 101.722462 62.251666
88 406.219808 335.894462 103.768635 63.197613
89 404.616956 333.301655 104.715892 64.629588
90 399.700345 334.932536 106.658805 67.814730
91 398.984550 334.527705 107.798870 67.619536
92 393.976400 333.784800 111.746046 68.676060
93 388.390493 334.341380 115.333508 69.968490
94 386.697382 334.409033 116.175656 70.411351
95 381.351331 334.149291 119.034483 70.910733
96 376.992300 332.902269 121.662702 71.881633
97 369.044355 334.701467 123.342985 75.738201
98 366.729014 334.283535 127.392171 76.526855
99 358.239328 332.203255 132.479466 80.021192
100 357.525112 332.350618 133.529697 80.795775
101 348.811801 330.702454 140.223724 83.159473
102 348.278315 330.702410 141.560467 83.937298
103 343.332845 331.787538 143.052071 84.118893
104 333.968050 327.724620 145.757830 89.658462
105 328.613063 329.259844 151.661702 90.087938
106 324.004018 329.945516 154.396468 90.781004
107 313.633101 327.335596 158.868372 93.510068
108 308.147746 326.530971 166.051999 95.153122
109 304.087933 327.259267 167.776598 95.993927
110 293.227506 321.417641 172.184811 100.811188
111 287.632712 321.390629 178.328868 101.762338
112 284.480078 321.884600 182.088671 102.114249
113 271.563586 321.704006 191.327704 105.064367
114 261.627751 318.999996 202.082215 110.213697
115 254.800177 319.441455 212.848613 113.188970
116 246.688458 319.570764 213.828832 113.910757
117 232.803497 319.087034 223.230803 114.999942
