2 220.100802 23.241906 263.641985 414.438953
3 221.580089 32.075775 250.508614 393.433957
4 207.919367 42.162134 239.656328 376.581458
5 197.971455 37.613028 233.255047 362.374826
6 193.572922 39.849091 229.161479 354.052634
7 194.923721 33.299222 224.077911 345.632463
8 203.899169 25.721207 219.297084 336.395921
9 221.982162 13.769700 212.423632 325.390705
10 225.926861 10.065770 207.971210 315.174808
11 232.549354 7.826874 202.761488 305.495734
12 233.776986 78.823576 201.419599 298.675360
13 222.583736 128.591647 232.865617 304.197931
14 207.512403 173.792899 272.069946 288.328113
15 208.604655 181.982574 279.791023 275.189833
16 207.313838 184.006876 282.473942 272.385039
17 206.676639 184.562058 283.423656 271.616278
18 206.071447 185.414583 284.569625 270.757736
19 205.129825 185.891001 287.115058 269.959213
20 205.118168 186.039548 287.729161 269.685164
21 204.507520 186.643856 289.062337 269.150212
22 205.139573 186.374461 289.946132 268.891401
23 205.199792 186.471153 289.952002 268.889034
24 205.286655 186.555060 289.952929 268.858442
25 205.372556 186.654200 289.953343 268.858814
26 205.458153 186.753576 289.952887 268.858724
27 205.543950 186.852921 289.953053 268.858750
28 205.629554 186.952355 289.953053 268.858776
29 205.714896 187.052020 289.952846 268.859096
30 205.801239 187.150601 289.953496 268.858301
31 205.887867 187.248734 289.954353 268.857762
32 186.211797 29.468664 295.162912 281.890631
33 154.547364 18.464021 283.886381 264.167032
34 152.566767 18.962992 281.900922 258.905947
35 151.685746 18.673738 280.011123 254.098438
36 151.019970 18.325970 278.700463 250.028188
37 150.016210 18.233479 277.595509 247.256147
38 150.521966 18.552754 276.377483 244.406651
39 151.167326 18.705044 275.180833 242.210296
40 151.806760 18.941466 274.408576 240.740632
41 152.325292 19.101580 273.528717 239.555484
42 176.528160 77.815805 273.788328 236.208412
43 207.516039 203.961515 275.410978 245.997341
44 207.585037 203.999243 275.469181 245.902980
45 207.582265 204.066205 275.548133 245.932962
46 207.826636 204.134023 275.981772 245.907003
47 207.853293 204.214445 275.983615 245.907801
48 207.880200 204.294997 275.981180 245.906639
49 207.905074 204.374557 275.987695 245.910018
50 207.927375 204.452733 275.986326 245.909361
51 207.948794 204.530557 275.989445 245.910768
52 207.862749 204.014223 277.198374 246.480293
53 208.108278 202.831159 279.130555 247.716895
54 208.259962 201.957889 280.832000 248.947559
55 208.275747 201.277414 281.894753 249.585375
56 208.142871 200.995003 282.850793 250.382769
57 208.132311 200.430006 284.035446 250.976835
58 208.248667 199.923910 285.346804 251.429901
59 208.227164 199.712695 285.987942 251.581033
60 208.145313 199.644866 286.528509 252.138284
61 208.305557 199.691368 287.318305 252.467335
62 211.671405 208.954756 281.858485 243.101312
63 212.451132 212.444282 278.965324 237.677509
64 213.081267 216.369343 275.864065 233.080589
65 213.955328 219.889063 273.436663 229.390998
66 214.377433 221.324043 272.746149 227.712798
67 214.837506 222.857016 272.176191 226.207367
68 215.456104 223.980031 271.864096 225.108309
69 215.897682 225.381908 271.371488 223.902980
70 216.410638 227.731352 270.458782 221.177356
71 217.263209 230.863632 269.039961 217.345639
72 219.178195 237.104951 266.482461 210.079535
73 221.330933 214.006110 282.983374 232.688896
74 216.190477 203.609550 292.643326 246.499521
75 213.928847 199.474049 297.876315 252.603695
76 212.894806 198.870816 300.066694 254.169555
77 212.238983 198.513993 302.115977 255.281866
78 212.032479 198.451521 303.216802 255.762889
79 211.931238 198.464620 303.948690 256.142346
80 211.711521 198.516453 304.449676 256.669654
81 211.512499 198.462389 304.871588 257.222766
82 139.745176 84.887523 318.971653 272.379352
83 83.184944 182.851184 307.528864 267.279970
84 87.685981 199.014806 294.144456 266.626281
85 99.569231 185.558089 282.308162 264.254224
86 105.133344 188.481383 272.143333 263.721352
87 93.737192 178.781157 264.742343 263.950729
88 69.581624 188.970705 259.519737 268.923866
89 55.756043 190.161733 256.329815 261.831753
90 86.581992 203.773421 257.405207 253.220700
91 94.417579 190.916269 249.850385 251.776132
92 145.160817 198.518706 252.781439 243.950451
93 218.121746 200.684230 271.473114 247.848277
94 215.917077 199.482493 279.013519 250.842617
95 214.413816 197.805450 287.095638 254.720647
96 213.326481 197.074067 291.028152 256.772261
97 212.982046 196.803212 292.821496 257.656730
98 212.610510 196.697797 294.010644 258.473249
99 212.531402 196.522100 295.187047 258.837308
100 212.507238 196.527629 295.898396 259.108545
101 212.406113 196.666276 296.335950 259.580294
102 216.538370 201.251623 293.863420 250.769144
103 221.943951 216.938455 292.329018 239.288593
104 233.542367 213.864339 291.923355 228.668932
105 240.348138 234.181755 289.534122 216.925346
106 238.731088 243.643805 289.409795 207.067035
107 238.971979 252.415910 288.485471 199.161143
108 237.942108 262.002645 287.966830 191.727474
109 236.202254 272.706318 284.581137 181.844009
110 233.232963 279.708438 281.674072 174.312693
111 233.343660 284.042018 278.251339 169.376720
112 201.651439 287.121840 277.517738 167.313851
113 201.924477 287.241312 277.953988 167.430904
114 201.979390 287.302257 277.953988 167.430904
115 202.034304 287.363202 277.953988 167.430904
116 202.089217 287.424147 277.953988 167.430904
117 202.144130 287.485092 277.953988 167.430904
118 202.199044 287.546037 277.953988 167.430904
119 202.253957 287.606982 277.953988 167.430904
120 202.308870 287.667927 277.953988 167.430904
121 202.363783 287.728872 277.953988 167.430904
122 216.138958 285.160609 275.405362 167.320020
123 216.217897 285.276996 275.454402 167.430904
124 216.272316 285.337941 275.454402 167.430904
125 216.326736 285.398886 275.454402 167.430904
126 216.381155 285.459831 275.454402 167.430904
127 216.435575 285.520776 275.454402 167.430904
128 216.489994 285.581721 275.454402 167.430904
129 216.544414 285.642666 275.454402 167.430904
130 216.598833 285.703610 275.454402 167.430904
131 216.653253 285.764555 275.454402 167.430904
132 277.032584 291.115058 274.665126 170.896641
133 288.153564 277.159909 271.836693 174.314991
134 321.401157 275.442405 263.286346 179.787807
135 368.636124 277.582860 249.213920 181.700306
136 368.991622 277.269331 250.217228 182.343024
137 369.304392 277.036051 251.241077 182.746762
138 369.571202 277.147853 252.043630 183.006335
139 369.825226 277.231245 253.065453 183.598743
140 370.085689 276.811881 254.365742 184.403051
141 370.052724 276.452893 255.329899 184.780073
142 335.497111 276.138693 255.550615 182.124521
143 216.631997 282.946037 270.010364 174.031195
144 216.907861 283.207940 270.455229 174.428017
145 216.961293 283.271432 270.455229 174.428017
146 217.014725 283.334924 270.455229 174.428017
147 217.068157 283.398416 270.455229 174.428017
148 217.121589 283.461908 270.455229 174.428017
149 217.175021 283.525400 270.455229 174.428017
150 217.228452 283.588892 270.455229 174.428017
151 217.281884 283.652383 270.455229 174.428017
152 215.774320 281.333262 278.511263 180.333844
153 213.335161 268.434321 286.348357 191.676013
154 211.786194 241.509807 292.973898 214.239230
155 209.321709 202.613635 303.538126 253.837962
156 208.482026 197.898423 306.118061 260.298659
157 207.859740 196.375006 308.114277 262.830629
158 207.391339 195.365041 309.816377 264.491542
159 206.664068 194.073831 311.675046 266.296225
160 206.286646 193.519365 313.138383 267.433788
161 205.855404 192.839101 314.812105 268.418401
162 199.502744 166.278305 323.140485 270.928565
163 225.212700 93.897992 335.703057 273.497956
164 202.562652 151.869169 342.530441 280.083582
165 173.166784 175.840801 359.525203 282.030253
166 193.784079 151.503930 366.417543 283.248928
167 162.006640 172.565295 381.664451 285.595599
168 168.747854 162.629115 390.703304 285.305072
169 171.929989 157.876276 395.978913 285.825681
170 167.206004 158.385218 405.408652 286.265441
171 160.768924 157.223737 413.809402 287.171020
172 129.667823 174.271150 466.594444 273.778991
173 129.847532 174.431081 466.964905 273.878558
174 129.843813 174.541228 466.963903 273.878741
175 129.839816 174.651245 466.964326 273.878675
176 129.835362 174.761320 466.964438 273.878649
177 129.831810 174.871422 466.963925 273.878741
178 129.829027 174.981491 466.963636 273.878806
179 129.718876 175.085517 467.062017 273.844732
180 129.825850 175.206685 467.546345 273.850402
181 129.975776 175.326338 468.013033 273.862226
182 124.859222 178.512026 463.655967 272.242412
183 125.050200 178.702827 463.880236 272.380847
184 125.138225 178.820369 463.892604 272.382341
185 125.220597 178.936852 463.893224 272.382445
186 125.302660 179.053270 463.893224 272.382458
187 125.383616 179.170357 463.891852 272.382224
188 125.466298 179.286938 463.893113 272.382432
189 125.560231 179.396307 463.907605 272.384914
190 125.646431 179.504721 463.907074 272.384810
191 125.731724 179.613888 463.905592 272.384576
192 125.832183 179.714545 463.923203 272.387591
193 125.923881 179.814227 463.923469 272.386980
194 126.015602 179.916475 463.924509 272.384381
195 126.107709 180.033640 463.930903 272.368737
196 126.196686 180.159394 463.931279 272.367840
197 126.285408 180.284635 463.930814 272.368957
198 126.373278 180.393322 463.923314 272.387344
199 126.464877 180.492595 463.923203 272.387591
200 126.556531 180.591744 463.923203 272.387591
201 126.648185 180.690893 463.923203 272.387591
202 126.739838 180.790043 463.923203 272.387591
203 126.831492 180.889192 463.923203 272.387591
204 126.923146 180.988341 463.923203 272.387591
205 127.014800 181.087490 463.923203 272.387591
206 127.106454 181.186640 463.923203 272.387591
207 127.198107 181.285789 463.923203 272.387591
208 127.289761 181.384938 463.923203 272.387591
209 127.381415 181.484088 463.923203 272.387591
210 127.473069 181.583237 463.923203 272.387591
211 127.564723 181.682386 463.923203 272.387591
212 143.562347 171.877067 464.741660 271.557169
213 147.873331 170.442386 466.194855 271.804348
214 152.077598 168.306990 467.518129 272.055252
215 167.657422 159.804136 469.420367 272.789515
216 170.370261 154.978408 469.753024 273.374817
217 171.475277 150.251510 470.784352 273.691632
218 172.977133 150.910957 473.166084 273.628265
219 173.532572 153.519412 475.865974 274.318729
220 173.254516 154.458358 477.713544 274.952310
221 173.454840 155.947242 479.302131 275.321243
222 172.786333 154.189184 479.352411 276.324364
223 164.846199 161.153560 477.619065 278.664138
224 163.061555 161.487895 477.336068 279.513286
225 163.013646 161.726926 477.326956 279.958530
226 162.967015 161.744897 477.326865 279.958624
227 162.948732 161.768629 477.339638 279.950413
228 162.913861 161.794771 477.335039 279.952990
229 162.940831 161.835914 477.361064 279.928850
230 162.947821 161.889099 477.358787 279.931360
