2 442.384200 220.080406 23.397014 60.329704
3 442.461207 220.149923 23.407626 60.503456
4 442.525338 220.382282 23.429569 60.999793
5 442.565755 220.375727 23.475408 60.988729
6 442.574992 220.376334 23.495217 60.986443
7 442.598788 220.373676 23.455392 60.991832
8 442.622577 220.371323 23.490261 60.987082
9 442.717681 220.313127 23.394469 61.008982
10 442.783516 220.442194 23.395932 61.586871
11 442.831751 220.584117 23.480702 62.026812
12 442.958944 219.128353 23.283516 62.913129
13 443.101591 219.117235 23.411174 63.024808
14 443.158003 219.313376 23.478008 63.495364
15 443.197491 219.273230 23.467109 63.492963
16 443.261066 219.214534 23.450017 63.507143
17 443.705563 218.820835 23.303754 64.167789
18 443.797187 218.981448 23.501531 64.484862
19 444.040528 218.979790 23.994644 64.490466
20 444.036568 218.979064 24.001563 64.484862
21 444.281216 218.953438 24.479920 64.508566
22 444.284480 219.193620 24.501596 64.984745
23 444.528223 219.085028 24.909143 65.081103
24 444.566310 219.257409 24.986262 65.514348
25 444.570358 219.411518 24.980767 66.042222
26 444.626208 218.850138 24.916090 66.751496
27 444.689490 218.865147 24.975116 67.013572
28 444.753199 218.896757 24.928007 67.539689
29 445.061024 217.306782 24.762806 68.219001
30 445.532872 217.137809 24.780638 68.565444
31 445.635639 217.349211 25.001628 68.983806
32 445.889741 217.344081 25.463112 68.996480
33 445.901318 217.339949 25.501322 68.983835
34 446.150805 217.317202 25.968211 69.017458
35 446.159509 217.552555 26.001694 69.483688
36 446.411735 217.451308 26.441093 69.590400
37 446.432391 217.611708 26.487801 70.013745
38 446.430343 217.726909 26.478342 70.530249
39 446.460889 217.356107 26.437993 71.096986
40 446.486472 217.542664 26.500090 71.481756
41 446.730222 217.524368 26.993313 71.494852
42 446.726742 217.518432 27.001097 71.483812
43 446.973162 217.457326 27.466071 71.549153
44 446.995800 217.454532 27.465711 72.099567
45 447.043941 216.930227 27.417139 72.714826
46 447.079597 217.056822 27.499074 72.986202
47 447.075338 217.048103 27.498960 72.985168
48 447.112801 216.979412 27.458084 73.008890
49 447.873705 215.633035 27.053419 73.957871
50 448.089389 215.647797 27.501791 73.982632
51 448.330750 215.650179 28.001824 73.982632
52 448.571956 215.652560 28.501856 73.982632
53 448.822289 215.636710 28.963701 74.004083
54 448.832724 215.873152 29.001094 74.488327
55 449.075010 215.840544 29.495478 74.515212
56 449.084766 215.718723 29.441151 75.214756
57 449.298654 214.766379 29.240384 75.997115
58 449.437292 214.750662 29.473863 75.988400
59 449.501192 214.706361 29.433121 75.998634
60 449.652695 214.606022 29.389361 76.018294
61 450.268312 214.208068 29.135947 76.751833
62 450.445778 214.311333 29.498301 76.985857
63 450.449787 214.290904 29.491948 76.986004
64 450.565322 214.176676 29.412741 77.031066
65 451.225492 213.183428 29.113110 77.863836
66 451.417201 213.220476 29.496450 77.987213
67 451.433142 213.179485 29.484096 77.989690
68 451.677249 212.891620 29.343301 78.094757
69 451.750813 213.074822 29.498450 78.484675
70 451.813676 212.959517 29.445854 78.532480
71 452.087161 212.773425 29.337440 79.172028
72 453.178611 211.051286 29.112368 79.892384
73 453.366513 211.089648 29.499612 79.983326
74 453.376454 211.076776 29.485878 79.989182
75 453.415321 211.045404 29.473066 80.011566
76 454.000630 210.614099 29.368066 80.675122
77 454.058439 210.769640 29.501922 80.980989
78 454.299181 210.772247 30.001954 80.980989
79 454.550767 210.620714 30.490270 81.099758
80 454.556354 210.729175 30.498384 81.517682
81 454.548727 210.963350 30.501987 81.980755
82 454.789226 210.964602 31.002050 81.981650
83 455.029490 210.966793 31.502052 81.980755
84 455.269614 210.969433 32.002084 81.980755
85 455.509583 210.972072 32.502117 81.980755
86 455.748380 210.940342 32.993884 82.016876
87 455.733600 211.009721 32.989602 82.572726
88 455.693532 209.683924 32.946894 83.578840
89 455.712122 209.826311 33.002242 84.021121
90 455.957402 209.580582 33.476679 84.735717
91 456.012169 208.273624 33.487793 85.505424
92 456.032370 208.353075 33.508912 86.057067
93 456.353247 207.924700 33.979443 86.717101
94 456.509201 207.539724 34.016906 87.351891
95 456.800589 207.461881 34.490730 87.575085
96 457.002814 207.243648 34.483613 88.260309
97 458.133603 205.106422 34.266256 89.793036
98 458.240933 205.202239 34.502247 89.978877
99 458.549821 205.168469 34.978835 90.025286
100 458.550724 205.398119 35.002280 90.478760
101 458.792076 205.389035 35.498096 90.498619
102 458.925380 205.245557 35.431280 90.738200
103 459.407327 205.183774 35.348827 91.423764
104 460.662324 204.586452 35.173967 92.416893
105 460.815522 204.620128 35.502312 92.478290
106 461.055046 204.620746 36.000894 92.482653
107 461.352723 204.506263 36.408567 92.647672
108 461.454827 204.568409 36.409176 93.101344
109 461.589089 204.641475 36.429651 93.622651
110 461.989630 204.579935 36.258073 94.424673
111 463.221281 203.691224 35.879397 95.616795
112 463.304096 203.835677 35.976508 95.999405
113 463.570891 203.635071 35.859274 96.231473
114 464.688308 202.908347 35.655749 97.023616
115 465.139281 202.730560 35.883638 97.683205
116 465.192401 202.861705 35.997305 97.981598
117 465.190808 202.856990 35.998227 97.980859
118 465.401970 202.740936 35.894366 98.094184
119 465.992138 202.327669 35.756845 98.950451
120 466.104952 202.343852 36.001931 98.977416
121 466.343892 202.346712 36.502377 98.976765
122 466.582470 202.349899 37.002410 98.976765
123 466.820894 202.353085 37.502443 98.976765
124 467.059163 202.356272 38.002475 98.976765
125 467.298655 202.331979 38.495106 99.006453
126 467.295585 202.524831 38.489993 99.521023
127 467.298432 202.716807 38.494770 99.990931
128 467.347354 202.515673 38.462905 100.143509
129 467.586791 201.735193 38.370461 101.119590
130 468.245708 200.182425 38.158370 102.489004
131 468.405876 200.179194 38.502508 102.475943
132 468.643836 200.182493 39.002540 102.475943
133 468.881641 200.185792 39.502573 102.475943
134 469.119292 200.189091 40.002605 102.475943
135 469.356788 200.192390 40.502638 102.475943
136 469.594130 200.195689 41.002671 102.475943
137 469.831715 200.192512 41.501664 102.483221
138 470.069267 200.192173 42.002736 102.475943
139 470.328642 200.069133 42.424492 102.636007
140 470.365348 200.214932 42.481240 103.013300
141 470.377320 200.415183 42.474269 103.521325
142 470.429692 200.564408 42.411285 104.080779
143 470.560518 200.585175 42.397152 104.717057
144 470.808919 200.111096 42.287726 105.627686
145 471.528830 198.640841 42.101423 107.468112
146 471.737461 198.621862 42.469926 107.523492
147 471.789154 198.776601 42.443192 108.083618
148 471.818225 198.917523 42.487332 108.560211
149 471.843777 198.976352 42.482728 109.157584
150 471.893721 198.856651 42.473499 109.737515
151 471.915931 198.885229 42.494607 110.048954
152 471.939691 198.750850 42.512382 110.738472
153 472.175702 198.827759 43.004919 110.998121
154 472.419926 198.694391 43.504653 111.052119
155 472.658444 198.839107 44.005119 111.518274
156 472.893842 199.029198 44.503677 112.003413
157 473.129580 199.244977 45.003390 112.490146
158 473.365301 199.240324 45.502964 112.473596
159 473.600487 199.236520 46.003023 112.480495
160 473.802426 199.039571 46.492710 112.706412
161 473.751433 198.993584 46.494333 113.151938
162 473.659009 198.594095 46.481142 114.001464
163 473.593551 198.696145 46.519384 114.586286
164 473.606423 198.422137 47.041064 115.327224
165 473.099134 196.806039 47.549467 116.655693
166 473.271632 196.882647 48.014587 117.065676
167 473.114993 195.698243 48.489570 118.627330
168 472.962545 195.451289 48.574805 119.313821
169 472.803365 194.227991 49.143431 120.385262
170 472.014444 190.665273 49.702487 123.369893
171 472.107680 190.528136 50.002348 123.663995
172 471.872184 188.293344 50.364433 126.012031
173 471.926001 188.526555 50.503289 126.470311
174 472.160770 188.522152 51.001972 126.479835
175 472.395251 188.404139 51.482402 126.591638
176 472.392913 188.547047 51.495258 127.026924
177 472.384128 188.418075 51.419765 127.875797
178 472.411071 188.344257 51.487144 128.097028
179 472.388622 187.086005 51.308398 129.801224
180 472.479231 187.069777 51.479156 130.104743
181 472.550879 186.481489 51.293499 131.193859
182 472.641136 186.602342 51.500096 131.492764
183 472.883511 186.528069 51.986843 131.553562
184 472.889092 186.665239 51.979926 132.050209
185 473.293394 186.064101 51.611216 133.353909
186 473.525133 185.744639 51.895700 133.963155
187 473.843991 185.026153 51.690708 134.923958
188 474.291083 184.581505 51.743319 135.653141
189 474.566173 184.249080 51.815625 136.587903
190 474.801914 184.125183 51.865883 137.555427
191 474.932890 184.076780 51.938289 138.175498
192 475.043778 184.064449 51.944143 138.667423
193 475.086810 184.102604 51.977592 139.053250
194 475.291054 183.974109 51.883558 139.888297
195 476.310162 182.862250 51.585632 141.278461
196 476.761621 182.528417 51.834946 142.059212
197 477.218201 182.195513 51.780572 143.129401
198 477.377172 182.233635 51.963895 143.577520
199 478.298317 181.174862 51.622007 145.169845
200 478.555323 181.197309 51.941641 145.628589
201 479.115526 180.593816 51.770272 146.865013
202 479.255183 180.585613 51.977929 147.004844
203 479.381822 180.649888 51.941862 147.613307
204 480.130316 179.989682 51.721464 148.881852
205 480.543062 179.779396 51.829831 149.350768
206 481.164987 179.323229 51.755687 150.005305
207 481.833260 178.581834 51.728504 151.152414
208 483.511127 176.844359 51.438322 153.130237
209 483.569703 176.993243 51.480155 153.525018
210 483.708410 177.097644 51.435412 154.169850
211 484.452639 176.797278 51.282679 155.271486
212 484.939651 176.682892 51.351832 156.216286
213 485.189331 176.563404 51.423895 156.791284
214 485.826166 176.218627 51.349860 157.921254
215 486.149494 176.036160 51.449967 158.372595
216 487.068819 175.387979 51.423212 159.950151
217 487.808417 174.802964 51.285459 160.548492
218 488.288201 174.818420 51.425516 161.490926
219 489.918473 172.623227 51.307202 162.771722
220 490.002851 172.721246 51.502949 162.964185
221 490.236995 172.725272 52.003387 162.961744
222 490.543190 172.692411 52.499880 163.120916
223 491.225143 172.380378 52.448873 164.366986
224 491.833441 172.163420 52.474010 165.510272
225 494.467569 170.956012 52.345398 167.494604
226 494.601857 170.894933 52.474946 167.519880
227 494.983355 170.844696 52.501322 168.532899
228 495.808398 170.874212 53.082231 169.940972
229 496.126885 170.777082 53.517289 170.151984
230 497.292727 170.416993 54.102129 171.404113
231 497.508762 170.434221 54.511778 171.544749
232 497.866453 170.513226 55.085214 172.281143
233 498.664496 170.193541 55.642098 173.691710
234 499.635185 169.901276 56.212622 175.641538
235 500.269688 169.652229 56.639882 176.658630
236 501.290040 169.285952 57.155202 178.059366
237 501.811201 169.269189 57.538525 178.965173
238 502.353216 169.183913 57.970289 179.218992
239 502.921949 168.995015 58.049472 180.018253
240 503.945913 169.046166 58.602252 181.100943
241 504.876728 168.859060 58.994728 181.858958
242 505.816147 168.883229 59.109909 182.602986
243 506.147321 169.032712 59.495653 183.040210
244 507.050773 169.044051 59.504185 184.204547
245 508.199268 169.195384 59.993134 185.117225
246 509.635553 169.454545 59.820940 186.693659
247 510.537344 169.257069 59.974937 187.749462
248 511.833021 169.302984 59.838907 189.129801
249 512.986531 169.398735 59.802452 190.235048
250 513.251056 169.446995 59.931479 190.596860
251 514.572445 169.264744 59.582085 192.112884
252 515.611177 169.353156 59.582425 193.518304
253 517.875909 169.160288 58.989524 196.324325
254 518.038740 169.179800 58.916466 196.577601
255 519.065321 169.339118 58.665573 197.450136
256 520.037637 169.190080 58.763362 197.864845
257 521.193890 168.755565 58.734677 198.300670
258 522.107574 168.587895 58.809008 198.575286
259 522.907338 168.512628 58.815158 199.071747
260 523.299813 168.554657 58.887528 199.517761
261 523.788026 168.565407 58.853149 200.042992
262 524.028719 168.691422 58.917139 200.493614
263 525.120310 167.903773 58.743145 200.578330
264 524.749209 171.774949 58.900292 202.161201
265 519.279241 196.320597 58.877310 204.293545
266 505.917435 258.485164 59.823059 208.207764
267 494.223515 290.999590 59.967087 189.000410
268 493.161271 295.007150 60.156369 184.992850
269 491.977789 299.812270 60.859206 180.187730
270 491.388826 305.666274 61.822731 174.333726
271 491.375494 312.558769 62.904395 167.441231
272 490.751021 317.816084 63.914050 162.183916
273 489.671465 322.984729 64.847574 157.015271
274 489.781326 327.400008 65.641677 152.599992
275 489.519927 330.562744 66.501155 149.437256
276 489.204562 332.706361 67.244221 147.293639
277 488.533705 334.792059 67.996400 145.207941
278 488.274874 336.575445 68.478041 143.424555
279 488.731277 337.909186 68.698704 142.090814
280 490.191333 339.161299 69.194282 140.838701
281 490.528554 339.837528 69.638370 140.162472
282 491.483325 340.515613 70.086464 139.484387
283 491.918568 341.089994 70.559226 138.910006
284 492.729698 341.585266 71.015012 138.414734
285 493.684266 341.835800 71.458238 138.164200
286 494.166202 342.537774 71.564236 137.462226
287 495.222560 342.885398 71.967130 137.114602
288 494.962418 343.421350 72.085244 136.578650
289 494.718002 343.972456 72.614495 136.027544
290 494.681965 344.647971 73.023848 135.352029
