2 498.999931 118.000000 290.940181 97.985056
3 499.014258 118.006112 290.955916 97.980929
4 499.036230 118.015648 290.940181 97.985056
5 498.921705 118.000942 291.054435 97.947373
6 499.144418 118.027255 291.440078 97.985056
7 499.174309 118.034727 291.440078 97.985056
8 499.197654 118.024363 291.409735 97.937872
9 499.242717 118.055427 291.440078 97.985056
10 499.272609 118.062899 291.440078 97.985056
11 499.242439 118.113708 291.438646 97.717984
12 499.273046 118.254716 291.440078 97.985056
13 499.246783 118.260464 291.530593 97.986789
14 498.903557 118.258247 292.768126 97.990841
15 498.680340 118.289014 293.339908 97.961093
16 498.324773 118.333150 293.962904 97.960046
17 498.232136 118.383324 294.033435 97.953896
18 498.465348 118.406376 294.439461 97.985056
19 498.495547 118.413848 294.439461 97.985056
20 498.525746 118.421320 294.439461 97.985056
21 498.555945 118.428793 294.439461 97.985056
22 497.950761 118.503659 294.925316 97.928288
23 497.982814 118.545449 294.938979 97.980990
24 498.013255 118.554954 294.939358 97.985056
25 498.043505 118.562426 294.939358 97.985056
26 498.073756 118.569899 294.939358 97.985056
27 498.162566 118.570300 294.879927 97.975892
28 498.222532 118.582354 294.939358 97.985056
29 498.252782 118.589827 294.939358 97.985056
30 498.283033 118.597299 294.939358 97.985056
31 498.313283 118.604771 294.939358 97.985056
32 498.343534 118.612243 294.939358 97.985056
33 498.361743 118.619061 294.928021 97.986476
34 497.300291 116.702657 293.766759 98.355653
35 495.369379 116.695398 294.995967 98.343388
36 495.284492 116.767236 295.011647 98.462684
37 491.415048 116.846319 298.648136 97.969186
38 491.538940 116.860189 298.941402 97.980079
39 491.101223 116.842621 299.173142 97.928087
40 489.623962 116.835314 299.749208 97.818622
41 484.951809 117.199038 300.264287 97.497624
42 483.135801 117.299941 298.517302 97.353217
43 483.377078 117.373332 298.938536 97.485132
44 482.505101 117.356284 299.767093 97.456465
45 482.315640 117.345247 300.004478 97.424860
46 481.761839 117.345549 300.683468 97.376872
47 480.642060 118.135451 300.622823 96.792751
48 480.035360 118.424125 300.894593 96.830510
49 479.295316 119.292650 300.958047 96.428782
50 475.976583 120.645229 302.054400 95.051694
51 476.141527 120.997558 302.442173 95.336405
52 475.841032 121.801241 302.510400 95.013245
53 476.080761 122.063672 302.859983 95.489135
54 476.155971 122.360083 302.469348 95.298941
55 475.745895 123.174106 302.828730 94.724812
56 475.831457 123.311700 302.937714 94.985513
57 475.862528 123.318943 302.937714 94.985513
58 475.893599 123.326187 302.937714 94.985513
59 475.924670 123.333430 302.937714 94.985513
60 475.955004 123.329996 302.932036 94.994496
61 475.988913 123.332748 302.937714 94.985513
62 476.019984 123.339992 302.937714 94.985513
63 476.049639 123.352752 302.926502 94.986401
64 476.086316 123.359552 302.937714 94.985513
65 476.268283 125.631301 301.733488 94.462313
66 476.333655 125.684436 302.009908 94.451442
67 476.160382 125.843344 302.551567 94.382828
68 476.225264 125.979489 303.099230 94.406570
69 475.973413 126.241695 303.832089 94.273910
70 475.676852 126.611967 304.219873 94.271756
71 474.923243 127.892000 305.238689 93.368056
72 474.687485 128.175508 305.807648 93.285683
73 469.845877 130.738444 307.771461 92.389731
74 465.957611 134.632107 309.286339 90.776008
75 465.375400 136.143748 309.218666 90.385259
76 464.714539 137.880124 309.283631 90.907238
77 464.642557 137.983310 309.373375 91.003762
78 463.796297 138.680475 309.935040 91.116967
79 462.104906 139.438648 309.982942 91.035099
80 465.041297 140.454260 302.999002 91.096295
81 464.962938 140.702195 302.801627 91.461937
82 465.043530 140.727671 302.914915 91.482369
83 461.320765 141.504385 303.963461 90.774633
84 461.338961 141.617069 303.937508 90.986123
85 460.434428 142.419763 301.378179 90.630850
86 460.322200 142.749702 301.081539 90.944345
87 460.531359 142.777530 301.438022 90.986123
88 460.495654 142.838730 301.276141 90.969118
89 460.505351 142.894786 301.539924 90.944154
90 460.732264 142.923768 301.934147 90.985516
91 460.765119 142.931010 301.937920 90.986123
92 460.796087 142.937948 301.937920 90.986123
93 460.728801 142.935405 301.808704 90.999735
94 460.833910 142.857688 301.808142 91.032253
95 460.929767 143.091561 301.937920 91.486047
96 460.855079 143.084144 301.815847 91.499847
97 460.936715 143.083705 301.928127 91.487164
98 460.971125 143.090106 301.935342 91.486091
99 460.463825 143.081860 301.461696 91.490794
100 459.669676 142.951226 300.447759 91.523604
101 459.546532 143.170814 300.270866 91.997982
102 459.005564 140.709337 297.773185 92.048681
103 459.118900 140.934996 297.938742 92.485894
104 459.149458 140.942049 297.938742 92.485894
105 459.571992 139.889398 297.687357 92.700755
106 459.728242 140.039021 297.938742 92.985818
107 459.758801 140.046112 297.938742 92.985818
108 459.789359 140.053203 297.938742 92.985818
109 459.819917 140.060294 297.938742 92.985818
110 459.850489 140.067340 297.938415 92.985809
111 459.881210 140.074435 297.938742 92.985818
112 459.912664 140.078826 297.919402 92.985335
113 459.952891 140.086158 297.938742 92.985818
114 459.985112 140.091364 297.934379 92.986869
115 460.034178 140.097619 297.906898 92.984577
116 460.080658 140.105331 297.938742 92.985818
117 460.111216 140.112422 297.938742 92.985818
118 460.141775 140.119513 297.938742 92.985818
119 460.349784 140.118755 297.575171 92.985366
120 460.737689 140.145948 297.762868 92.999122
121 460.900362 140.145548 297.852531 92.982461
122 461.104769 140.198624 297.685112 92.987197
123 462.741831 140.381216 294.793414 92.928093
124 462.845054 140.417169 294.939358 92.985818
125 463.127647 140.427134 294.421296 92.983814
126 463.433560 140.424344 293.913992 92.973197
127 463.517472 140.422912 293.713984 92.991322
128 463.487121 139.850192 292.629838 93.314532
129 464.337558 139.508769 289.995256 93.637636
130 463.968959 138.379980 287.803696 94.432306
131 464.074046 138.003758 286.978285 94.584575
132 464.084835 138.211470 286.941003 94.985513
133 464.088742 138.172567 286.823433 94.989187
134 464.181063 138.152021 286.674606 94.991996
135 464.185983 138.111345 286.700882 95.028244
136 464.330027 138.346927 286.935885 95.486079
137 464.373717 138.339720 286.910252 95.493320
138 464.432850 138.325701 286.903355 95.495091
139 464.481105 138.328156 286.941003 95.485437
140 464.443504 138.193682 286.772237 95.474585
141 464.420260 138.132236 286.899687 95.456174
142 464.397214 138.133265 286.901535 95.476366
143 464.438879 138.139795 286.945218 95.480296
144 464.463765 138.147962 286.942180 95.483889
145 464.492607 138.156018 286.941003 95.485437
146 464.372512 138.142616 286.810856 95.498652
147 464.467016 138.143290 286.941003 95.485437
148 464.485621 138.142944 286.947066 95.478019
149 464.350014 138.040431 286.944260 95.481935
150 464.377815 138.049464 286.941003 95.485437
151 464.377124 138.038680 286.937322 95.478328
152 464.373539 138.027171 286.927660 95.472509
153 464.409640 138.040916 286.941003 95.485437
154 464.415587 138.030643 286.951322 95.465669
155 464.439857 138.047808 286.941003 95.485437
156 464.440288 137.854418 286.960368 95.260010
157 464.460036 137.974413 286.941003 95.485437
158 464.489466 137.981694 286.941003 95.485437
159 464.770335 137.363557 286.644020 95.374507
160 464.948257 137.426304 286.941003 95.485437
161 464.977687 137.433586 286.941003 95.485437
162 465.007117 137.440867 286.941003 95.485437
163 465.036547 137.448149 286.941003 95.485437
164 465.065977 137.455430 286.941003 95.485437
165 465.095407 137.462712 286.941003 95.485437
166 465.124837 137.469993 286.941003 95.485437
167 465.154267 137.477275 286.941003 95.485437
168 465.183697 137.484556 286.941003 95.485437
169 465.213127 137.491838 286.941003 95.485437
170 465.242557 137.499119 286.941003 95.485437
171 465.271988 137.506401 286.941003 95.485437
172 465.301418 137.513682 286.941003 95.485437
173 465.330848 137.520964 286.941003 95.485437
174 465.360278 137.528245 286.941003 95.485437
175 465.389708 137.535527 286.941003 95.485437
176 465.419138 137.542808 286.941003 95.485437
177 465.448568 137.550090 286.941003 95.485437
178 465.531521 137.474073 286.932641 95.500446
179 465.711099 137.284287 287.295067 95.582309
180 465.901454 137.473124 287.493241 95.968098
181 466.337615 137.255006 287.958747 95.611464
182 466.368239 137.446583 287.951715 95.984317
183 466.543292 137.351180 288.218504 95.882245
184 466.915442 137.347633 288.628062 95.959785
185 467.401470 137.027351 289.394897 95.922935
186 467.811584 136.764680 290.009467 95.913313
187 468.056782 136.808023 290.440284 95.985361
188 468.651433 136.039809 290.804899 95.979135
189 469.010573 135.802637 291.302163 95.940170
190 469.109422 135.832552 291.440078 95.985361
191 469.139313 135.839871 291.440078 95.985361
192 469.171220 135.844092 291.440398 95.985832
193 469.282891 135.690990 291.453324 96.032359
194 469.306160 135.924811 291.440078 96.485284
195 471.008059 134.144283 291.848343 96.318812
196 471.083817 134.234876 291.939975 96.485284
197 471.113760 134.242234 291.939975 96.485284
198 471.143703 134.249592 291.939975 96.485284
199 471.173646 134.256950 291.939975 96.485284
200 471.203589 134.264307 291.939975 96.485284
201 471.233531 134.271665 291.939975 96.485284
202 473.395825 130.323601 290.947414 95.787571
203 473.637264 130.388681 290.868775 95.948904
204 473.702808 130.414229 290.940181 95.985361
205 474.273658 130.258342 290.864737 95.876198
206 474.341220 130.320243 290.940181 95.985361
207 476.218603 129.681699 290.248533 95.531181
208 476.344267 129.916109 290.440284 95.985361
209 476.374056 129.923428 290.440284 95.985361
210 476.403845 129.930748 290.440284 95.985361
211 476.626746 129.929407 290.338623 95.961786
212 477.576613 129.823105 290.156093 95.905408
213 477.748497 129.870401 290.440284 95.985361
214 483.361771 132.126658 288.369059 95.551566
215 483.479572 132.539287 288.441121 95.859709
216 483.527074 132.637086 288.425507 95.956645
217 484.696171 133.479675 287.785639 95.523802
218 487.744488 136.499645 287.290956 94.636024
219 487.845719 136.704659 287.453965 94.972136
220 487.867983 136.723483 287.443669 94.982668
221 487.877531 136.932676 287.482781 94.836392
222 487.889088 137.016849 287.454225 94.978723
223 487.911907 137.027488 287.440900 94.985513
224 487.765172 136.864351 287.665811 94.797040
225 488.167140 136.598352 288.195515 94.412393
