43 150.999967 270.000000 137.971632 31.995120
44 151.014118 270.002440 137.971632 31.995120
45 151.048412 270.004263 137.951779 31.996912
46 151.216099 270.010785 137.891549 32.005441
47 151.339148 270.259792 137.965486 32.497048
48 153.719476 270.242498 137.876460 32.332838
49 158.127463 270.369132 138.091138 32.242302
50 158.373666 270.499577 138.498924 32.490804
51 159.561024 270.534925 138.638206 32.414387
52 161.724280 270.592241 138.743343 32.406569
53 165.405144 270.715205 139.190092 32.342863
54 168.309339 270.899895 139.750091 32.324336
55 168.759762 271.013414 140.113514 32.466425
56 173.119684 271.120035 140.390898 32.252014
57 173.552660 271.247746 140.457076 32.470417
58 175.472429 271.261361 140.075033 32.413214
59 177.043229 271.316002 140.152782 32.429543
60 179.394262 271.260268 139.549037 32.460302
61 181.194252 271.241564 139.137831 32.485211
62 184.629183 271.400339 139.176306 32.456701
63 187.785360 271.114722 138.792214 32.471026
64 190.040283 270.995877 138.436385 32.460352
65 193.431354 270.777614 137.485054 32.450945
66 194.262547 270.799895 137.147692 32.492310
67 197.028444 270.693294 136.616654 32.481868
68 200.152149 270.338512 135.585011 32.519382
69 201.067246 270.538530 135.594468 32.967256
70 202.676430 270.488275 135.308357 32.914318
71 204.158639 270.463872 134.836253 32.921895
72 206.912481 270.259512 133.946162 32.851769
73 209.441198 270.187714 133.332675 32.850949
74 211.179905 270.300211 133.014552 32.862022
75 212.444158 270.352143 133.157916 32.920837
76 217.253272 269.955899 132.352906 32.889346
77 218.326272 269.913082 132.120542 32.964980
78 220.904253 269.851177 131.533206 32.932765
79 224.855361 269.338828 130.987217 32.814464
80 225.124646 269.404285 130.880116 32.970489
81 229.507331 269.136207 129.947672 32.845896
82 229.986676 269.167054 129.835500 32.942950
83 232.361614 269.109244 129.438660 32.808721
84 235.410323 269.018282 128.717746 32.863980
85 236.979408 269.028952 128.657667 32.890219
86 240.231003 268.972661 128.395786 32.827692
87 243.554775 268.438857 127.774754 32.788158
88 245.313193 268.365370 127.789642 32.836318
89 247.984241 268.399934 127.482202 32.823950
90 248.410510 268.472205 127.328492 32.946590
91 252.830828 267.849801 126.069963 32.788754
92 255.848441 267.150808 125.415581 32.909438
93 256.239015 267.158676 125.424580 32.951339
94 260.566133 266.919963 124.952544 32.760837
95 261.112057 266.941463 124.755406 32.944241
96 267.134117 265.491330 124.170411 32.808192
97 267.629356 265.539201 124.462101 32.969679
98 269.495082 265.492596 124.164901 32.887412
99 274.464653 264.532118 123.438455 33.034708
100 275.370963 264.701777 123.323267 33.472958
101 279.991663 264.525485 123.259101 33.391683
102 281.495042 264.406394 123.297379 33.419425
103 286.173512 263.679470 121.548294 33.509629
104 287.552027 263.525608 121.670990 33.944946
105 292.952443 263.137615 121.597883 33.797939
106 293.189540 263.237812 122.001972 33.988590
107 296.441730 262.428632 122.561368 33.613367
108 298.771889 262.159276 122.766681 33.772324
109 301.932059 262.022941 122.717601 33.756098
110 305.944961 260.880641 122.842593 33.607590
111 308.276196 259.898806 122.675267 33.763677
112 314.783049 258.944869 122.598229 33.747361
113 315.600275 258.996440 123.144528 33.898610
114 317.005218 258.282517 123.360538 33.886158
115 319.958056 257.428551 122.476985 33.970328
116 325.802425 256.117786 121.482307 33.920094
117 326.528689 255.820460 121.283622 33.976108
118 329.806582 255.309005 120.464996 33.960596
119 333.211296 254.828724 120.105683 33.893776
120 335.819550 254.736660 120.310759 33.829007
121 338.472027 254.737806 120.285052 33.936953
122 346.000068 253.494999 119.924118 34.050860
123 347.987103 253.309742 119.442919 34.517132
124 349.830721 253.160342 119.089952 35.001772
125 353.285779 252.817443 119.100824 35.439189
126 357.671769 251.836736 119.190223 35.348358
127 361.393870 251.006704 119.208457 35.401156
128 362.699494 250.819561 119.181750 35.448286
129 365.092395 250.627086 119.481401 35.316983
130 370.931499 249.687866 118.440071 35.465765
131 371.435564 249.632477 118.418463 35.447363
132 378.400271 249.454696 117.730653 35.291110
133 379.507111 249.482355 118.051450 35.429515
134 383.655276 249.196699 117.735146 35.312319
135 388.049063 248.816319 118.185281 35.243650
136 388.989246 248.950206 118.647467 35.417948
137 395.711042 248.622575 119.013477 35.117015
138 397.427614 248.020706 119.380321 35.313348
139 404.195454 247.394854 119.851391 35.092577
140 404.578989 247.569673 119.890308 35.468135
141 410.368343 247.494541 119.749180 35.138197
142 412.618973 247.653413 119.942568 35.298415
143 420.064570 247.203852 120.536808 35.007126
144 421.464750 247.439733 121.000260 35.354286
145 427.709124 247.543798 121.387211 35.079834
146 429.616971 247.512234 121.186440 35.272881
147 436.169170 247.563354 121.178098 35.004587
148 440.431187 247.766847 121.545752 35.053482
149 445.928888 247.745023 121.950354 35.102730
150 449.825444 247.778097 121.545811 35.180359
151 455.707378 247.391629 121.739531 35.095648
152 461.112133 247.505505 121.927527 35.126214
153 464.440467 247.749836 122.165924 35.186145
154 471.771670 247.029459 122.767582 34.959107
155 475.708896 246.806898 122.916798 34.721337
156 479.425808 246.929580 122.279737 34.804174
157 485.654637 246.714855 122.350738 34.751566
158 491.882510 245.791974 122.067309 34.809547
159 496.789284 245.762510 122.442353 34.703880
160 501.566271 245.764446 122.475449 34.788184
161 505.002649 245.696226 121.914408 34.913197
