2 442.496906 219.989050 23.147963 59.927293
3 442.831754 219.975027 23.141714 59.858774
4 443.105019 219.757712 22.708672 59.879711
5 443.408246 219.789161 22.634774 59.989901
6 443.614231 219.717074 22.434595 59.936225
7 443.706159 219.744688 22.286666 59.938208
8 443.983839 219.729255 22.038563 59.947291
9 444.393311 219.710059 22.079524 59.976731
10 444.570287 219.742422 21.887390 59.960034
11 444.682152 219.770959 21.806351 59.947117
12 444.848660 219.778492 21.781862 59.970723
13 445.034667 219.751442 21.785549 60.046512
14 445.148570 219.837261 21.426809 60.548593
15 445.206012 219.970215 21.311425 60.930049
16 445.364167 219.923380 21.289607 60.993071
17 445.490582 219.905521 21.468089 60.985244
18 445.522101 219.900854 21.487428 60.984662
19 445.573436 219.885328 21.468459 60.980849
20 445.653686 219.881306 21.467472 60.976297
21 446.056282 219.802685 21.355754 60.979732
22 446.132703 219.802205 21.451411 61.016170
23 446.156105 220.039604 21.482575 61.486751
24 446.164789 220.039833 21.493806 61.492789
25 446.209316 220.018016 21.466866 61.513956
26 446.245087 220.247273 21.485511 61.983533
27 446.766742 220.147965 21.360950 61.946365
28 446.834374 220.171170 21.493033 61.994052
29 446.859747 220.157594 21.477705 62.016698
30 447.007109 220.289590 21.427941 62.495136
31 447.266738 219.947850 21.412021 62.570140
32 447.636173 220.078468 21.405253 62.937984
33 448.719401 219.816600 21.371859 62.854846
34 448.722943 219.831027 21.424042 63.058024
35 448.758180 220.047391 21.494510 63.494613
36 448.759375 220.046115 21.496512 63.493317
37 448.747801 220.031307 21.477480 63.507134
38 448.757481 220.273434 21.496526 63.993369
39 448.767820 220.114277 21.487423 64.085269
40 448.834299 219.638011 21.448993 64.623941
41 449.042044 219.436531 21.484821 65.041511
42 449.315654 219.464558 21.505874 65.419753
43 449.561131 219.500586 21.996431 65.493107
44 449.770284 219.327927 22.012421 65.490714
45 450.067746 219.248194 22.479445 65.521135
46 450.158951 219.315497 22.468214 66.032529
47 450.633079 218.815953 22.441423 66.533929
48 450.660745 219.044800 22.496350 66.992949
49 450.702642 218.945315 22.479956 67.017651
50 450.766909 219.000645 22.495026 67.440487
51 451.387859 218.227090 22.477119 67.518198
52 451.394032 218.454836 22.501438 67.995717
53 451.641655 218.452727 22.996269 67.992844
54 451.641862 218.452054 22.996269 67.992844
55 451.642069 218.451382 22.996269 67.992844
56 451.659003 218.387688 23.009354 68.013550
57 451.906617 218.545811 23.492498 68.535956
58 451.929781 217.579716 23.487698 68.919002
59 451.949045 217.581996 23.508931 69.001369
60 452.188320 217.778725 24.007071 69.510896
61 452.366443 216.822027 24.506634 70.130457
62 452.614416 216.980218 24.990273 70.517827
63 452.617477 217.216866 24.995944 70.992528
64 452.617702 217.216163 24.995944 70.992528
65 452.623584 217.209844 24.994854 70.998741
66 452.704469 216.910467 24.990658 71.144163
67 453.576089 215.229902 25.089523 71.645690
68 453.786701 215.385476 25.486424 72.020599
69 453.791650 215.620644 25.495863 72.492370
70 453.836712 215.421280 25.466953 72.582112
71 454.303605 214.230828 25.360170 72.885485
72 455.466770 213.858983 25.247124 73.199098
73 455.620184 213.937752 25.481929 73.520962
74 455.779788 213.802559 25.439701 74.106532
75 455.808445 213.981886 25.495376 74.499929
76 455.830904 213.886826 25.483221 74.528750
77 455.988570 213.563161 25.541426 74.852167
78 456.240266 213.416868 26.019602 74.912871
79 456.478555 213.455743 26.495701 74.992107
80 456.483384 213.443539 26.490964 75.010164
81 456.487056 213.678989 26.495014 75.494578
82 456.599417 213.546742 26.481206 75.507384
83 456.751236 213.432013 26.611797 75.944398
84 456.960647 213.225083 27.073855 76.059121
85 457.320927 211.914670 27.533172 76.877351
86 457.552322 211.971181 27.995458 76.991897
87 457.549005 211.942519 28.015450 76.999794
88 457.800000 211.873841 28.515067 77.027034
89 458.049191 211.940826 28.999910 77.588034
90 458.173131 211.382558 29.023385 78.342480
91 458.420117 211.254901 29.494078 78.631314
92 458.517868 211.237030 29.490837 79.089617
93 459.381168 209.911232 29.451627 79.907396
94 459.428518 209.767920 29.539968 80.373940
95 459.656085 209.798607 29.997376 80.527653
96 459.855624 209.672037 30.013033 81.167793
97 460.677507 208.316214 30.334777 82.416018
98 460.805984 207.833532 30.481578 83.013107
99 460.972431 207.895613 30.437160 83.649807
100 462.106290 206.992796 30.215195 84.551464
101 462.920256 206.662740 30.200303 85.791829
102 463.110270 206.721729 30.457607 86.077206
103 463.454939 206.630975 30.341145 86.707300
104 463.535147 206.770090 30.493524 86.990450
105 464.131055 206.198744 30.173562 87.240956
106 464.299963 206.312607 30.479060 87.515767
107 464.613667 206.133559 30.265775 88.108937
108 466.244942 205.008953 29.716028 88.698602
109 466.384765 205.154089 29.995133 88.990634
110 466.415923 205.129604 29.969493 89.049640
111 466.789607 205.123658 29.810539 89.657414
112 468.386984 204.221922 29.444261 90.485003
113 468.417289 204.220082 29.490354 90.503228
114 468.445648 204.453701 29.480177 91.001080
115 469.139786 204.145597 29.321676 91.613125
116 469.232237 204.271805 29.478956 91.938061
117 469.255741 204.281888 29.487952 91.973411
118 469.732594 203.866363 29.355141 91.980470
119 469.802896 203.870377 29.495215 91.990318
120 469.810487 203.863720 29.488830 92.003189
121 470.135084 203.744931 29.375283 92.732358
122 471.284191 202.789959 29.308292 93.495614
123 471.380709 202.784444 29.493783 93.489777
124 471.704522 202.345968 29.376478 93.786507
125 471.764156 202.446838 29.495215 93.990108
126 471.764422 202.445908 29.495215 93.990108
127 471.886650 202.267987 29.463473 94.160385
128 472.532357 201.762793 29.406644 94.622661
129 473.815587 200.923824 29.334307 95.072443
130 473.896306 201.131633 29.495215 95.489950
131 473.896572 201.130688 29.495215 95.489950
132 473.896730 201.122657 29.496229 95.505159
133 473.902326 201.321577 29.509228 96.046587
134 474.145549 201.542252 29.995133 96.489845
135 474.178461 201.284129 29.989666 96.676140
136 474.472283 201.183549 29.955211 97.027053
137 475.737342 200.265003 30.038401 97.467763
138 475.965840 200.265724 30.497983 97.513018
139 475.965495 200.467602 30.503681 98.052660
140 476.226143 199.910863 31.016341 99.350890
141 476.465702 199.979198 31.494890 99.489529
142 476.620351 199.041154 31.467603 100.379408
143 477.124646 198.496989 31.693144 101.290322
144 477.275767 198.595483 31.994809 101.489318
145 477.276150 198.570042 32.000641 101.548941
146 477.523423 198.785431 32.495117 101.997009
147 477.503682 198.453400 32.586896 102.825746
148 477.707736 198.494713 33.002677 103.079732
149 477.950737 198.621935 33.500652 103.656823
150 478.191000 198.750940 33.989159 104.039003
151 478.191078 198.959817 33.990342 104.512273
152 478.198448 199.117729 33.985423 105.088936
153 478.252809 199.057910 33.953524 105.869646
154 478.500106 197.785926 33.904116 107.273131
155 479.002617 196.204511 33.775052 109.204538
156 479.112639 196.345396 33.994485 109.488476
157 479.112946 196.344313 33.994485 109.488476
158 479.113252 196.343229 33.994485 109.488476
159 479.113558 196.342146 33.994485 109.488476
160 479.123080 196.228062 33.980033 109.650057
161 479.164788 196.070791 33.945432 110.298799
162 479.217416 195.989842 33.965889 110.721606
163 479.283810 195.737111 33.945434 111.343276
164 479.608422 192.793473 33.805874 114.372791
165 479.998446 192.399340 33.885752 115.400264
166 480.135711 192.210773 33.932491 116.020726
167 480.284444 192.295366 33.916999 116.801523
168 480.642284 192.117055 33.838953 117.806382
169 481.065385 191.754080 33.886313 119.022069
170 481.175973 191.839655 33.964508 119.743980
171 481.199422 191.913231 33.992160 120.067904
172 481.230391 191.811032 34.023913 120.988946
173 481.464457 191.695637 34.515234 121.201433
174 481.689613 191.762664 35.002467 121.599348
175 481.892388 191.850795 35.510380 122.156779
176 481.959301 190.675897 36.039310 123.709987
177 481.958865 188.693668 36.532292 125.997875
178 481.876603 188.216127 37.062996 126.605832
179 481.254293 187.543140 37.476561 127.695252
180 480.672593 187.356091 37.632122 128.455719
181 480.680038 187.049088 38.196734 129.094531
182 480.734046 187.020549 38.639919 129.920625
183 480.787798 186.737243 39.190067 130.584040
184 480.783405 186.660317 39.691647 131.474752
185 480.833530 186.346868 40.166498 132.187061
186 480.810437 186.087929 40.774380 133.154851
187 480.758700 185.872974 41.214143 134.194449
188 480.818300 185.908415 41.584638 134.666077
189 480.914480 185.734767 42.135650 135.512692
190 481.064956 185.923920 42.546493 136.070764
191 481.206794 185.758885 43.130237 137.019958
192 481.306542 185.425657 43.657346 138.165460
193 481.447688 185.316463 44.032040 138.775329
194 481.617049 184.707688 44.619848 140.315142
195 481.826716 184.142783 44.971225 141.523505
196 481.893301 183.918057 44.960393 142.270390
197 481.909933 183.998595 44.992571 142.497764
198 481.968012 183.367948 44.955235 142.935881
199 482.098559 182.779240 44.985503 143.529055
200 482.431462 181.338336 45.000627 145.097919
201 482.707012 181.483581 45.492265 145.551952
202 482.808892 181.569330 45.511584 146.253619
203 483.049783 181.683362 45.992538 146.484583
204 483.122942 181.183276 45.998513 147.165224
205 483.631362 179.309389 45.983845 150.208908
206 484.098467 178.913512 46.094209 151.275144
207 484.300719 179.012712 46.491450 151.490298
208 484.337609 178.938163 46.513124 151.652782
209 484.808824 178.632692 47.002104 152.782711
210 485.206574 177.873298 47.618891 154.344603
211 485.444903 177.917793 47.993996 154.602175
212 486.091509 177.948723 48.283152 156.097176
213 487.371687 177.864254 48.690677 157.401985
214 487.522815 177.903416 48.992051 157.483425
215 487.518131 177.766441 49.052338 157.733897
216 488.015594 177.492444 49.682853 159.206137
217 488.171237 177.620757 50.001733 159.514679
218 488.449573 177.736747 50.508296 160.188591
219 489.304219 175.760551 51.035345 163.103202
220 489.689913 175.860116 51.488441 163.675767
221 490.790061 175.513275 51.728538 165.012668
222 491.809210 175.107426 51.824569 165.985668
223 492.578160 174.797094 51.826835 166.437339
224 493.449365 174.491034 51.851953 167.050085
225 493.671286 174.646928 51.958554 167.730354
226 495.867018 174.320958 51.905653 170.110214
227 496.177515 174.248559 51.898383 170.647601
228 496.279747 174.376797 51.975802 171.009948
229 497.828611 174.061507 51.723984 171.998884
230 498.615400 173.778962 51.979836 172.210715
231 499.521386 173.716134 51.998059 173.182276
232 500.397781 173.367324 52.012480 174.599465
233 501.204692 173.046978 52.355847 175.572351
234 501.601271 173.051438 52.465065 176.339394
235 503.099589 173.017980 52.592253 177.772299
236 504.388770 172.253752 52.998802 178.858998
237 504.873638 172.175516 53.032980 179.583206
238 505.602100 172.187103 53.401005 180.620882
239 505.939727 172.323937 53.590706 181.584328
240 506.610880 172.280063 53.980567 183.049744
241 507.639057 172.427833 54.152041 184.029451
242 508.422067 172.510372 54.447224 184.843451
243 509.681978 172.483988 54.421772 185.619004
244 510.853344 172.614149 54.611879 186.901205
245 511.317507 172.530204 55.070370 187.575672
246 512.663889 172.511244 55.368302 188.903930
247 513.612680 172.370590 55.376493 189.341320
248 514.219469 172.431171 55.460319 190.016556
249 515.018526 172.623205 55.378594 190.664289
250 516.382093 172.764412 55.249749 191.171459
251 517.566874 172.820922 55.270376 191.591817
252 518.252101 172.915361 55.294038 192.073801
253 519.386501 173.216388 55.169022 192.768498
254 519.943333 173.283722 55.348949 193.134704
255 520.032633 173.437278 55.484018 193.491557
256 520.069595 173.403522 55.483828 193.491308
257 521.264707 172.686138 55.473229 193.368269
258 521.980814 172.084075 55.496321 193.296254
259 523.156548 171.334140 55.496766 193.196208
260 526.036393 169.164665 55.373500 192.750267
261 526.793851 169.483751 55.359037 192.777951
262 527.388024 169.750766 55.384136 192.834015
263 528.276329 169.784412 55.323913 192.753987
264 528.507918 171.215646 55.473612 192.497601
265 526.512348 177.094371 55.379661 190.720472
266 526.506576 203.266686 56.750433 187.015794
267 492.595517 301.304240 59.801356 178.695760
268 503.884509 309.456167 59.833726 170.543833
269 505.709880 311.885881 59.843431 168.114119
270 506.242034 313.528604 59.894002 166.471396
271 506.165157 314.976027 59.877225 165.023973
272 506.305409 316.418102 59.936088 163.581898
273 506.610355 317.740286 59.954610 162.259714
274 507.020178 318.898371 59.917113 161.101629
275 507.394307 320.254350 59.935055 159.745650
276 508.153008 321.998140 59.871772 158.001860
277 508.870771 323.680749 59.870152 156.319251
278 509.716774 325.055226 59.852334 154.944774
279 510.243129 326.202608 59.848383 153.797392
280 510.982223 327.866308 59.872521 152.133692
281 511.632772 329.221918 59.874204 150.778082
282 512.538182 330.325243 59.837594 149.674757
283 513.432273 331.500180 59.839265 148.499820
284 514.447099 332.433330 59.817670 147.367679
285 515.732730 333.762546 59.751280 146.237454
286 516.660854 334.665456 59.809959 145.334544
287 517.435848 335.603193 59.821043 144.396807
288 518.062269 336.357365 59.813785 143.642635
289 518.659529 337.634900 59.807413 142.365100
290 519.335386 338.567562 59.782110 141.432438
