2 546.751616 142.212385 33.713321 93.238233
3 542.817877 142.954835 36.413553 91.703401
4 540.462276 142.052252 35.779960 92.375027
5 536.252129 138.519616 36.949256 92.935777
6 531.837675 141.226546 37.354200 92.214697
7 529.249700 138.377125 37.465920 91.220302
8 526.250476 141.208519 37.877410 89.179908
9 522.485663 142.170657 38.573229 86.468312
10 521.372651 149.553985 39.953277 82.888068
11 514.999824 151.577482 40.869692 80.464935
12 512.926419 145.134960 40.823488 80.431367
13 512.466673 145.602652 41.292870 79.975206
14 511.107243 143.929711 42.124717 79.318638
15 508.454228 150.066170 40.351774 79.674925
16 507.000186 150.825975 41.037215 79.397606
17 506.165336 150.629053 41.613961 79.460666
18 504.099858 149.946247 42.847628 79.524068
19 502.373011 150.498457 42.583549 80.155621
20 501.107784 150.363145 42.973470 80.817605
21 496.160189 152.203657 44.460106 78.654303
22 493.856318 153.407097 45.537112 78.960186
23 494.060629 153.465265 46.437896 78.034850
24 493.734200 153.786666 46.800909 78.642241
25 485.134342 155.732136 47.189815 78.332625
26 484.808458 155.699497 47.495737 78.855650
27 484.674253 151.600981 47.380398 78.781570
28 483.649212 151.248726 47.502963 79.094051
29 480.776822 149.513273 47.552632 79.809353
30 480.999366 150.893951 48.215323 79.759178
31 477.218089 151.557430 48.569414 80.002708
32 475.752715 151.612832 49.124491 80.492787
33 475.046099 151.702867 49.582799 80.522517
34 475.042026 151.774124 50.065231 80.935394
35 473.052776 152.810357 50.791973 80.565463
36 472.920606 152.707384 51.069123 80.917426
37 471.816485 151.827655 51.649801 81.003986
38 472.047238 151.765273 51.976333 81.333231
39 469.226710 149.111988 51.921673 81.031873
40 468.212118 149.259163 52.117580 81.445888
41 466.763108 148.575432 52.825441 81.236883
42 464.863638 149.397005 53.074799 81.517628
43 461.875602 151.208379 53.403817 80.644709
44 461.645065 152.457191 53.417840 80.573597
45 458.692387 153.698581 53.429350 79.584314
46 457.017767 156.712958 53.761866 79.427849
47 457.499203 157.273571 54.000767 79.045276
48 455.606862 158.130734 54.504667 79.321856
49 453.787297 158.174191 55.399617 78.222705
50 452.528295 160.845090 55.807297 78.114876
51 451.310338 160.515831 56.044949 76.886940
52 448.402740 161.353585 56.829586 76.789005
53 445.826873 161.125058 57.524291 74.448074
54 442.903893 165.234899 57.995249 73.597145
55 438.859523 159.931958 57.681872 75.200230
56 433.311457 155.955255 57.738939 75.713804
57 430.312319 158.510441 57.224867 72.285750
58 430.780011 158.702049 57.308956 73.225279
59 428.259383 158.578751 57.309959 72.585137
60 427.822425 158.981287 57.236583 72.695539
61 424.227071 158.727557 57.143975 72.211222
62 419.617370 159.483823 56.757322 72.777081
63 419.083101 165.934461 57.253201 71.770535
64 420.214520 165.108035 57.774793 70.678825
65 419.612470 164.513592 57.043960 69.542490
66 419.007631 164.461063 56.838702 69.848805
67 415.140195 166.640323 59.583658 66.835879
68 409.901359 155.519908 59.642787 67.861212
69 410.262236 155.640676 60.019306 67.784497
70 410.318119 155.036619 60.523967 67.974303
71 410.517938 154.829393 60.998691 67.924002
72 412.352078 159.471854 59.066897 67.962076
73 405.840259 163.017867 59.475880 66.545123
74 405.059012 165.374815 59.335702 66.207032
75 402.254514 168.238647 59.811871 65.161287
76 401.979884 169.416186 60.362520 64.873719
77 402.389730 176.044561 62.006153 60.690217
78 403.675422 175.959661 62.457106 59.741016
79 423.069255 176.327885 64.042979 56.892835
80 437.814701 169.722937 61.888736 57.163231
81 445.422485 167.085128 58.867255 60.103865
82 456.285742 160.713950 58.120812 61.573595
83 460.208690 156.231275 55.461788 64.364722
84 462.998501 155.456427 54.434850 66.272923
85 465.812620 161.028913 53.667980 66.422394
86 470.393223 162.181914 51.551822 71.298051
87 473.276085 160.522783 51.412413 72.697346
88 482.463671 154.528262 49.621842 73.928436
89 488.703753 146.458213 48.810236 75.319045
90 493.006589 141.331748 47.051920 76.950323
91 496.599122 139.848590 46.683003 76.462970
92 502.372452 138.422137 47.690619 76.962323
93 506.266808 144.334650 49.550086 72.303744
94 507.871701 150.337612 49.559853 72.580128
95 510.370245 150.009267 49.097791 71.179358
96 513.840618 150.269186 49.052316 71.215415
97 517.564529 136.304197 49.441822 78.401265
98 520.547135 134.564516 49.304743 81.532673
99 522.263317 139.509229 49.632897 80.977127
100 525.237442 136.179408 49.267128 83.335408
101 531.725907 131.508852 49.057438 83.948944
102 537.108725 130.474270 49.640051 83.658609
103 538.907843 130.010686 49.890428 83.409419
104 542.831097 135.196918 49.836595 82.038717
105 543.061475 135.465726 49.905941 82.159646
106 546.614995 142.295759 50.021718 80.061950
107 554.242117 144.684381 48.967110 79.278753
108 558.187140 145.190091 49.101117 79.617475
109 565.741158 141.515970 49.303166 81.340092
110 568.782764 141.960036 48.351966 80.492019
111 573.018394 139.643883 47.572781 81.459857
112 574.390237 141.968947 47.582721 82.368722
113 577.976189 143.068845 47.509708 81.763435
114 581.032015 142.558061 47.907662 82.448406
115 582.069648 144.725760 48.031322 81.898931
116 585.837717 142.467163 47.390090 81.503668
117 587.260215 144.072669 47.940869 81.205858
118 589.515485 144.664222 48.152026 82.737964
119 594.039943 135.399654 45.960057 86.374940
120 598.065199 119.017608 41.934801 95.322940
121 599.208148 102.906423 39.982356 101.685538
122 599.803650 100.597047 39.304102 103.896430
123 599.981328 101.973211 39.353086 104.325774
124 600.362958 101.155929 39.239875 106.706141
125 600.480630 101.123738 39.512595 107.664173
126 600.882581 100.543611 39.117419 109.327099
127 601.150485 100.886023 38.849515 109.408689
128 601.232504 100.520434 38.767496 109.650835
129 601.444382 99.756087 38.555618 111.644819
130 601.644145 100.225428 38.355855 112.664779
131 601.693160 97.611166 38.306840 113.727200
132 601.809716 97.889678 38.190284 114.703808
133 601.959303 98.085301 38.040697 115.045585
134 602.169363 97.451691 37.830637 115.313506
135 602.302215 96.365530 37.697785 118.094035
136 602.428525 97.771118 37.571475 118.603874
137 602.592231 91.138061 37.407769 122.497807
138 602.638034 90.976554 37.361966 122.477213
139 602.699042 91.458332 37.300958 123.187282
140 602.752457 91.279204 37.247543 123.976551
141 602.850140 90.883284 37.149860 124.124092
142 602.802548 91.438941 37.197452 126.087809
143 602.848084 90.171819 37.151916 126.441586
144 602.993388 90.472472 37.006612 126.536668
145 603.018897 86.453785 36.981103 127.091352
146 602.794557 85.297442 37.124734 130.190353
147 602.940648 81.545464 37.059352 131.075639
148 603.070833 82.765086 36.929167 131.375068
149 603.062220 81.381690 36.937780 132.432830
150 602.995863 80.341553 36.950755 132.495312
151 602.910984 78.826790 36.956381 132.904175
152 602.944717 78.322282 36.902491 134.129308
153 602.665951 73.793165 36.939640 134.854735
154 602.581801 72.577719 36.946090 135.025376
155 602.418487 74.616630 36.976538 134.385156
156 601.754815 57.811085 36.588800 137.920548
157 601.359022 40.075949 36.532271 139.407051
158 601.606945 40.886837 36.981193 139.356299
159 601.510919 38.176526 36.861272 139.421228
160 601.452307 37.767456 37.053792 138.455762
161 601.666475 37.401737 37.502108 138.747499
162 601.705280 28.823785 37.838837 137.061975
163 601.729823 28.754219 37.990384 137.898465
164 601.775583 22.543675 37.738464 137.317591
165 601.900745 22.597967 37.987494 137.467467
166 601.907478 22.486093 37.979795 137.519132
167 601.908534 22.615411 37.979834 137.910876
168 601.921097 22.482830 37.984807 138.139609
169 601.948434 21.355798 37.880438 138.695755
170 601.974374 20.651558 37.979347 138.744377
171 601.979819 20.661192 37.964268 138.820818
172 602.019998 19.511612 37.934834 138.951251
173 601.973002 18.960660 37.912489 138.393906
174 601.995056 18.878969 38.004944 138.626351
175 602.241587 19.281317 37.758413 138.503659
176 602.253448 18.497183 37.746552 138.545091
177 602.351155 17.425191 37.648845 138.194541
178 602.505547 17.363866 37.494453 138.511121
179 602.530685 17.240224 37.423645 139.110609
180 602.463171 16.652279 37.536829 139.098340
181 602.438060 14.844368 37.561940 138.559830
182 602.438569 15.107754 37.561431 137.429427
183 602.533352 14.780839 37.466648 136.434259
184 602.454634 13.676416 37.451180 135.738226
185 602.324890 13.213667 37.532921 134.692290
186 602.541922 13.198395 37.458078 134.782065
187 602.554372 13.321654 37.445628 134.920306
188 602.579678 13.287826 37.420322 134.921510
189 602.577235 12.940414 37.422765 134.928552
190 602.527345 11.783608 37.472655 134.494627
191 602.489728 11.480841 37.482535 134.365619
192 602.402938 10.999181 37.564355 133.633593
193 602.559818 10.396052 37.440182 133.185656
194 602.476004 9.270355 37.425520 132.857642
195 602.505212 9.297863 37.486893 132.939917
196 602.409800 8.945816 37.555509 132.825597
197 602.631216 8.884134 37.368784 132.724380
198 602.671734 8.421440 37.328266 132.985769
199 602.749172 8.327636 37.250828 132.858695
200 602.854689 7.951880 37.145311 132.933245
201 602.757222 7.363963 37.242778 132.016188
202 602.885739 7.474718 37.114261 132.381359
203 603.067141 7.462012 36.932859 132.503437
204 603.094675 7.466434 36.905325 132.784564
205 603.124955 7.534515 36.875045 132.924353
206 603.147258 6.630561 36.746627 132.760452
207 603.128164 6.312678 36.871836 132.622046
208 603.155110 6.363965 36.844890 132.816560
209 603.216837 6.325028 36.783163 132.838915
210 603.319723 6.394511 36.680277 132.959183
211 603.474358 6.405768 36.525642 132.964415
212 603.706635 6.414662 36.293365 132.965443
213 603.739992 6.219239 36.260008 132.650046
214 603.855152 6.385318 36.144848 132.965443
215 603.991042 6.264685 36.008958 132.799202
216 604.229351 6.343629 35.770649 132.954408
217 604.224488 6.021925 35.775512 132.370975
218 604.331962 6.077573 35.668038 132.465573
219 604.492598 6.083130 35.507402 132.455464
220 604.733460 6.092781 35.266540 132.465497
221 604.820876 6.063064 35.179124 132.358399
222 604.964167 6.066071 35.035833 132.473666
223 605.191546 6.070374 34.808454 132.465573
224 605.266561 6.038907 34.733439 132.438228
225 605.391612 6.056032 34.608388 132.457593
226 605.583039 6.048140 34.416961 132.432807
227 605.609160 6.003734 34.390840 132.351727
228 605.651705 6.051726 34.348295 132.446195
229 605.722985 6.069764 34.277015 132.465573
230 605.828176 6.044684 34.171824 132.388751
231 605.987404 6.088823 34.012596 132.455925
232 606.219025 6.081032 33.780975 132.442929
233 606.310217 6.046394 33.689783 132.298927
234 606.460506 6.117583 33.539494 132.426476
235 606.686253 6.145480 33.313747 132.465573
236 606.774701 6.145123 33.225299 132.459103
237 606.846553 5.945993 33.153447 132.307816
238 607.015390 6.033220 32.984610 132.465573
239 607.001131 5.950033 32.998869 132.538964
240 606.894644 5.731073 32.989621 132.216226
241 606.863492 5.853602 33.043312 132.352093
242 607.085124 5.915203 32.914876 132.449601
243 607.017989 5.456936 32.982011 132.445165
244 607.022361 5.477606 32.977639 132.463936
245 607.012197 5.383378 32.984680 132.472466
246 607.009969 5.343921 32.990031 132.487364
247 607.005833 5.310890 32.984636 132.436200
248 607.003394 5.280310 32.986653 132.427411
249 607.004185 5.298131 32.991204 132.474323
250 607.001576 5.232258 32.989515 132.500847
251 607.002446 5.472937 32.991180 132.965443
252 606.992977 5.472471 33.002178 132.938407
253 607.237449 5.494370 32.762551 132.965443
254 607.351800 5.502751 32.648200 132.965443
255 607.523309 5.509622 32.476691 132.962995
256 607.529003 5.523267 32.470997 132.951751
257 607.535782 5.526704 32.464218 132.939346
258 607.549366 5.548133 32.450634 132.965443
259 607.569742 5.556514 32.430258 132.965443
260 607.600307 5.564895 32.399693 132.965443
261 607.578977 5.353890 32.421023 132.692670
262 607.614159 5.498657 32.385841 132.965443
263 607.664199 5.496383 32.335801 132.940646
264 607.741714 5.519554 32.258286 132.963597
265 607.858264 5.528857 32.141736 132.965443
266 608.032764 5.540041 31.967236 132.963274
267 608.041731 5.550350 31.958269 132.952486
268 608.058356 5.565209 31.941644 132.965443
269 608.054839 5.519557 31.945161 132.883302
270 608.077406 5.567993 31.922594 132.964289
271 608.111869 5.576951 31.888131 132.965443
272 608.048472 5.464030 31.951528 132.345906
273 607.922879 5.357732 32.072485 132.034009
274 608.129407 5.607888 31.870593 132.444135
275 608.182928 5.629142 31.817072 132.430823
276 608.270152 5.654866 31.729848 132.465573
277 608.392937 5.655387 31.607063 132.412874
278 608.585165 5.690086 31.414835 132.465573
279 608.459402 5.511616 31.540598 131.906301
280 608.620291 5.628401 31.379709 131.748652
281 608.673127 5.739157 31.326873 131.955588
282 608.750824 5.764693 31.249176 131.950181
283 608.871726 5.776580 31.128274 131.959308
284 609.034188 5.794144 30.965812 131.936428
285 609.036867 5.769722 30.963133 131.897668
286 609.051193 5.812057 30.948807 131.965703
287 609.053604 5.833964 30.946396 131.936554
288 609.027789 5.532243 30.972211 131.520982
289 609.036888 5.780004 30.963112 131.909218
290 609.041905 5.794666 30.958095 131.978096
291 609.037765 5.704186 30.962235 132.005445
292 609.044893 5.990346 30.955107 132.438032
293 609.063155 6.012478 30.936845 132.465636
294 609.090625 6.020796 30.909375 132.465573
295 609.110836 6.062751 30.889164 132.340165
296 609.162145 6.133804 30.837855 132.465573
297 609.205727 6.209991 30.794273 132.223242
298 609.304231 6.340434 30.695769 132.465389
299 609.448791 6.339834 30.551209 132.451629
