2 533.816244 132.432977 66.415499 130.008446
3 533.623269 133.625105 66.346826 129.955288
4 530.890455 134.475199 65.232805 127.153275
5 531.444062 143.280251 64.753332 124.233039
6 531.202552 144.276299 64.960088 123.592065
7 524.170966 149.880930 65.019107 121.285927
8 522.616415 150.103959 65.199425 120.411741
9 520.949899 149.755989 65.197163 119.416958
10 511.188290 162.744035 64.531095 115.144544
11 511.476196 162.921471 65.015572 115.237365
12 508.357676 152.142630 65.704513 115.549297
13 508.721671 152.323609 66.015345 115.513488
14 505.567813 154.254916 65.796917 114.230252
15 505.602425 154.338469 65.955616 114.489987
16 505.418083 154.137570 65.814187 114.384061
17 502.353813 151.170780 65.802518 114.111345
18 502.470379 151.296074 65.941633 114.461301
19 502.509466 151.256027 65.945514 114.460466
20 497.701233 148.554342 65.458953 113.644725
21 495.183424 149.610836 64.938587 113.385005
22 490.167759 152.984350 65.338561 112.042521
23 490.257970 153.141555 65.441766 112.444280
24 483.739205 149.842982 67.146520 111.107976
25 484.178513 149.754639 66.868626 111.784227
26 484.453878 149.312441 66.571611 112.312536
27 472.681267 150.029057 70.695924 110.100088
28 471.592666 150.037009 70.735271 110.910164
29 470.088503 150.142456 70.668647 111.340396
30 459.235158 151.186543 72.923453 110.392875
31 455.696827 146.769548 72.859472 109.730171
32 437.743091 145.358590 72.903455 109.878474
33 434.069260 144.219999 72.939363 111.449414
34 428.357244 140.371302 73.142787 117.799995
35 419.166675 123.710993 72.819352 117.426957
36 416.611391 127.435195 70.737021 117.276318
37 414.111057 125.816707 65.572293 116.920560
38 414.145125 124.807280 64.779208 118.488883
39 405.295274 125.689195 61.456033 118.952804
40 402.526360 128.132596 59.879007 121.522736
41 401.880029 128.537431 58.994637 122.944597
42 394.874747 128.409133 59.106786 122.959883
43 394.971020 128.040218 59.397095 122.984833
44 394.926201 127.714829 59.413057 122.982088
45 382.041836 131.559183 59.282689 118.881763
46 382.191625 132.196961 59.060765 119.011201
47 375.841321 132.753212 57.552533 120.881427
48 376.317600 135.762128 56.301376 121.097041
49 372.075934 137.476500 52.102504 127.834743
50 368.936094 136.568931 49.213353 128.258057
51 370.713231 135.208155 46.751169 130.383544
52 359.075367 130.932448 45.925670 139.027890
53 360.001437 129.391473 45.045195 142.224283
54 361.099335 128.684382 44.230466 144.601767
55 349.957143 132.643567 43.627765 148.122916
56 350.152905 132.796661 43.981195 148.450050
57 346.034245 140.947559 45.947672 138.765026
58 348.094865 142.340287 45.487741 137.653282
59 344.503138 138.664054 45.747364 135.750631
60 339.592330 133.616424 45.365880 135.002888
61 339.668516 133.965619 45.486783 135.465123
62 332.462501 132.523627 46.622713 126.947023
63 333.172428 134.673266 47.212720 126.521117
64 324.584484 134.434630 48.118339 125.700933
65 320.438698 134.317095 47.300183 124.409721
66 320.213002 133.467051 46.327752 125.760784
67 310.558008 133.777947 43.999901 125.924033
68 309.521973 135.845446 42.955553 126.127877
69 301.797219 136.126988 40.140436 130.522849
70 299.597972 139.337280 38.807709 131.656189
71 299.458038 140.353950 38.677261 132.092324
72 292.735812 140.387136 39.869745 129.640242
73 292.833559 140.457121 39.997143 129.912373
74 285.500493 143.801332 41.434260 126.090712
75 282.200574 142.534146 41.101490 127.722274
76 282.226019 142.142681 41.368320 128.728510
77 274.791306 143.963098 42.601689 130.263733
78 274.895737 143.767687 42.719485 131.060985
79 270.066057 140.589235 40.366178 138.873286
80 264.800251 141.604803 41.121194 141.535502
81 264.984155 141.827552 41.488908 141.963104
82 257.128128 136.768313 39.506545 149.644280
83 257.364111 136.922484 39.987391 149.980288
84 257.359317 136.908894 39.988337 149.979916
85 246.731445 135.450101 41.929362 154.450092
86 246.761198 135.464719 41.988775 154.459856
87 237.062029 136.720362 48.445025 154.023052
88 237.083236 136.950121 48.487877 154.459562
89 237.077588 136.967231 48.499655 154.459068
90 224.747393 137.280784 52.733245 152.259927
91 224.833541 137.442982 53.108135 152.444531
92 217.589396 135.667624 53.448783 150.829690
93 217.609308 135.786951 53.487528 150.974238
94 217.609075 135.819259 53.486770 150.968866
95 209.289310 138.921065 51.523929 150.863051
96 209.516237 138.976104 51.985038 150.968146
97 201.553167 135.458599 49.888554 148.704405
98 201.588982 135.715321 49.968324 149.051816
99 195.432910 136.508306 46.809275 157.652192
100 192.289649 136.170469 46.316154 161.408213
101 192.353055 136.204988 46.482091 161.504212
102 187.522360 137.319430 46.956385 160.508225
103 187.537940 137.554547 46.987438 160.958168
104 187.537992 137.564692 46.987438 160.958168
105 177.431304 141.714756 48.441575 147.279910
106 177.454090 141.814933 48.487038 147.461675
107 170.528837 143.535441 49.227325 148.583354
108 170.627836 143.726052 49.541743 148.975950
109 165.680921 143.704947 46.886497 150.581296
110 161.969447 142.632325 44.293521 155.104353
111 162.010727 142.833195 44.538572 155.490338
112 162.139836 142.829351 45.061229 155.541656
113 162.300453 143.014880 45.513970 156.025046
114 146.913630 139.603574 44.326151 174.881835
115 144.704907 139.552591 44.225661 174.912665
116 144.835978 139.584484 44.485270 174.945201
117 138.124444 144.170741 47.971929 172.027510
118 138.132117 144.395388 47.987178 172.455155
119 138.132167 144.406270 47.987171 172.455180
120 131.711511 157.520038 50.278336 161.400335
121 131.815651 157.559066 50.486503 161.458038
122 131.508159 158.127867 48.181996 161.709242
123 131.650565 158.271068 48.482271 161.847019
124 128.973416 169.792288 48.000593 162.126485
125 127.556788 167.703551 47.007617 162.828905
126 127.741200 167.697563 47.403150 162.788411
127 127.980719 136.633969 44.098809 188.068920
128 128.778865 133.801262 43.135148 185.063742
129 129.721891 139.549853 42.234563 184.053267
130 130.844887 246.230151 44.110668 190.944662
131 130.375486 257.812382 45.497417 187.414032
132 131.298303 270.705945 46.288768 185.531518
133 132.263943 286.632198 47.847052 179.161869
134 133.462343 295.837539 48.954192 174.866762
135 134.772683 303.878448 50.275987 167.465140
136 135.957848 310.652068 51.297864 162.653203
137 137.369090 317.924748 52.473839 155.477337
138 137.596824 321.930946 52.808791 152.554909
139 138.408799 328.587117 54.341842 146.418872
140 138.974988 332.618794 54.800503 144.818083
141 139.339661 335.714222 55.276423 140.720895
142 139.568878 338.699993 55.177843 139.491335
143 139.881244 340.414484 55.615745 137.088854
144 140.245711 341.371977 56.273405 133.049696
145 140.348774 344.843898 56.719423 129.470114
146 140.556552 346.134067 57.163934 126.257233
147 140.803903 346.618088 57.584314 124.100408
148 141.183081 348.270872 58.185379 122.365084
149 141.483906 351.777779 59.087384 116.918751
150 141.902403 353.233052 59.602017 114.618500
151 142.073912 354.172789 59.989878 113.736682
152 141.957340 354.400050 60.035122 113.210761
153 142.269340 355.235015 60.652653 112.774129
154 142.466892 355.748309 61.125199 112.445214
155 142.855523 357.272922 61.871495 110.594172
156 142.880385 358.057064 62.072053 110.109963
157 143.123547 360.606785 62.737286 108.840265
158 143.396519 362.143394 63.337264 106.394678
159 144.233830 364.602547 63.579374 103.916600
160 144.493926 365.234971 64.165152 103.234745
161 144.778472 366.086133 64.688464 102.638885
162 144.984489 369.692859 65.504149 101.727804
163 145.466866 371.667198 66.466061 100.338770
164 145.592517 373.753364 67.333647 98.252260
165 146.135558 373.871701 67.541962 98.150545
166 146.116536 375.702681 68.439906 96.873478
167 145.574106 378.224185 71.003489 92.927595
168 146.318161 379.772302 72.084069 91.442161
169 146.992375 380.796693 72.633159 90.824289
170 147.278611 380.669432 72.697192 90.750838
171 147.595497 381.127412 73.277060 90.282684
172 147.425809 381.511288 74.072501 88.990283
173 147.233224 382.651257 75.022308 88.008238
174 147.278506 383.908717 75.745564 87.751227
175 146.585962 387.393835 77.277121 85.730759
176 147.074663 388.329349 77.492842 85.537914
177 145.738786 388.926356 77.288903 84.699702
178 146.312328 389.587473 77.376988 84.407718
179 146.782592 389.958555 77.492254 83.946946
180 148.080029 391.983596 77.565251 82.882096
181 147.705469 391.667449 78.952963 81.254633
182 148.339236 392.681041 79.948300 79.977222
183 148.422836 391.770773 80.607403 78.528835
184 149.331999 390.428293 81.585398 77.512233
185 150.562623 387.314759 82.684836 76.518360
186 151.142971 388.625251 83.339686 75.684328
187 152.051837 389.465878 84.077558 74.834164
188 153.561649 390.007815 86.529090 73.682052
189 152.247803 393.641442 89.916583 72.183638
190 154.650606 396.030974 90.807637 70.606736
191 156.233014 397.511449 91.971108 69.401086
192 160.781327 399.624658 92.367153 67.656027
193 161.447718 400.504814 93.081945 67.031672
194 162.026870 401.490479 94.003049 66.868633
195 160.500596 404.368962 93.892279 66.544816
196 161.053073 406.295515 94.129278 66.359703
197 164.159931 406.433769 94.180837 65.953966
198 164.593435 408.170173 94.205746 65.314106
199 165.442361 409.202306 94.522558 64.935020
200 162.224670 410.572515 95.546860 64.466375
201 162.616876 412.291611 96.531912 64.057095
202 161.902794 413.545407 97.591902 63.774066
203 161.849823 414.776226 98.358901 63.725842
204 160.981060 415.680453 99.702223 63.558707
205 167.066337 417.139979 101.865230 62.881299
206 168.646093 418.307340 102.453981 62.490137
207 171.163660 421.967712 102.832272 61.968833
208 172.127066 424.719263 102.623191 62.280585
209 175.362807 425.601113 104.694731 65.680683
210 176.132413 425.221197 105.601631 66.736503
211 175.414165 425.377344 106.520505 68.271825
212 176.284662 428.611751 108.505739 69.648028
213 174.686448 428.749465 109.751983 71.897907
214 172.382712 430.333585 110.772074 73.511657
215 167.449558 433.607715 109.199300 74.928447
216 167.791563 436.113949 108.799606 77.305341
217 167.452637 439.291320 107.310622 83.396580
218 164.252549 435.711250 107.702354 86.840757
219 160.972159 435.193581 109.066805 89.322595
220 160.804699 434.531008 109.424598 92.573934
221 161.234598 436.991742 110.075917 95.037679
222 158.482756 441.997848 111.102442 96.125537
223 156.559728 443.170040 111.353402 98.561863
224 156.430374 447.431674 110.943987 99.658833
225 155.598947 451.695456 111.583441 100.659208
226 155.089187 455.922965 112.525737 99.820375
227 155.300605 460.935997 113.303337 98.109331
228 155.914044 466.651511 113.221163 96.732995
229 158.535891 471.243286 115.885552 94.337416
230 160.487058 471.543485 117.635255 93.636404
231 164.333541 472.735161 119.848673 93.064134
232 172.863647 473.987173 123.446703 91.195992
233 178.133177 472.939252 125.881257 91.840803
234 181.038265 472.865647 126.085706 92.849826
235 184.756839 472.278407 128.152427 93.875729
236 189.447112 471.374102 129.887724 94.558858
237 193.442374 469.531655 131.455504 96.079909
238 195.810144 468.504764 133.086250 97.092473
239 204.358044 465.515552 134.864886 98.853989
240 204.157835 465.996439 135.781205 98.275455
241 205.814757 465.404077 136.610367 98.307631
242 210.439390 463.083964 137.055175 98.490555
243 211.311461 462.818449 137.193968 98.434028
244 212.156884 462.419001 137.355390 98.223182
245 211.835143 461.385129 137.525374 98.424545
246 212.663924 460.364286 138.335769 98.366595
247 212.317500 459.354307 141.502630 96.986878
248 215.994542 455.582915 144.585316 97.570108
249 215.740967 456.009553 147.221160 97.941050
250 220.323894 456.155456 148.744136 97.381776
251 223.430502 455.528324 149.667048 97.053271
252 236.532063 458.003854 150.013018 96.200131
253 246.265309 460.782406 148.807231 94.533894
254 259.344827 462.363759 147.360849 93.760727
255 268.528321 464.523939 148.884100 93.635762
256 276.238035 464.757936 148.881235 94.450199
257 279.891610 467.000907 148.363595 94.889824
258 280.169474 467.350623 148.787426 95.715569
259 280.754267 466.711184 148.235494 97.259944
260 284.949411 465.475879 147.274394 98.082707
261 286.535665 466.429694 146.410682 98.257986
262 287.949012 466.075681 145.518835 99.068722
263 289.137752 465.772083 144.195927 99.827539
264 291.582390 465.413196 142.733045 100.088634
265 294.992880 464.840072 141.068999 101.064460
266 300.988166 464.847205 140.389673 101.929710
267 302.352370 464.905010 140.594169 102.438442
268 303.813537 465.532035 140.235462 102.723509
269 305.546184 466.029560 139.605809 103.185681
270 309.438898 465.756246 138.502255 104.533819
271 311.067973 467.235226 138.178422 104.307801
272 315.162372 469.015084 137.107142 102.984775
273 318.742322 470.484115 135.508938 101.656132
274 322.806815 471.654944 134.280111 101.031046
275 325.466604 472.989322 131.804711 100.105447
276 330.618298 474.412451 129.167543 99.074350
277 336.804729 475.622652 125.473966 98.485031
278 344.450441 476.076022 121.376777 97.425019
279 347.209030 476.744409 117.763251 96.579126
280 353.865785 476.766137 114.174466 96.701024
281 358.496436 476.752564 110.998596 96.671408
282 363.113117 476.180287 108.320764 97.004561
283 365.909963 476.255263 106.676747 96.976235
284 366.334570 476.135722 105.705731 96.798170
285 369.231212 476.251082 104.308768 96.330702
286 371.997514 476.330756 103.581707 95.672199
287 374.827553 476.534867 103.058657 95.151736
288 374.438482 476.784924 102.745408 95.082968
289 375.071512 477.103205 102.309979 95.077717
290 376.421345 477.208466 101.834150 95.318144
291 376.883992 477.276748 101.661056 94.982129
292 377.464032 477.854265 102.067976 93.696877
293 377.946627 478.254731 102.150406 93.110166
294 378.174044 478.944391 102.159707 92.457807
295 377.858834 478.869686 101.947312 92.383627
296 378.362646 479.040607 101.423827 92.042796
297 379.984304 479.508408 100.923031 91.646067
298 379.200331 480.183367 101.057273 91.264211
299 377.756335 481.007479 101.358530 90.522984
300 377.469290 481.280987 100.581654 90.705549
301 378.314457 481.522456 100.224418 90.585895
302 378.651494 481.343387 99.916467 90.820313
303 378.625698 481.615257 99.676595 90.478882
304 378.909142 482.253712 100.065818 89.427422
305 380.244697 482.270608 99.812691 89.145679
306 380.059306 482.615318 99.298363 89.128147
307 379.003048 482.208065 98.463282 89.856672
308 379.206604 482.060775 97.737054 89.970852
309 378.937311 482.271670 97.535541 89.489831
310 379.570839 482.327762 96.911984 89.112937
311 380.096301 482.678963 96.109797 89.151829
312 380.185044 483.630473 96.302597 88.439355
313 379.644950 484.123215 95.686937 87.785679
314 379.311221 484.534103 95.010558 87.331475
315 379.705284 484.640938 94.293131 87.135906
316 381.207902 484.597625 93.710538 87.262123
317 382.744804 485.462558 93.096074 86.472957
318 383.643017 486.009808 93.068714 85.685185
319 385.408449 486.412738 92.681196 85.469611
320 384.265941 486.660002 91.961336 85.426737
321 383.771185 487.142024 90.937400 85.026902
322 383.973307 487.378741 89.499390 85.296368
323 384.443310 487.471832 88.159522 85.383032
324 385.718529 487.211551 87.599446 85.800786
325 387.267421 487.322107 87.066244 85.592003
326 388.043874 487.560642 86.452730 85.739017
327 386.282748 487.593875 85.812624 86.042357
328 386.913821 487.539223 85.409354 86.670071
329 387.689376 487.426993 84.971056 87.204263
330 386.820460 487.724540 84.338171 87.239872
331 387.506241 487.209304 83.740329 87.853029
332 387.397986 486.830749 83.570554 88.176260
333 387.360126 486.764304 83.538198 88.641155
334 387.545406 486.749702 83.193947 89.083888
335 387.998744 486.257083 82.544263 89.742917
336 388.407691 485.892571 82.394888 90.107429
337 388.185562 485.999066 82.041373 90.000934
338 388.134352 486.018564 82.122506 89.981436
339 388.211573 485.992153 82.340881 89.940901
340 388.182860 485.773570 82.053112 90.186154
341 388.242688 485.740090 82.106904 90.259910
342 388.839668 485.645259 82.175114 90.354741
343 388.946576 485.474765 81.981366 90.525235
344 389.059870 485.445095 81.469209 90.554905
345 388.768884 485.681420 81.131174 90.318580
346 388.527775 485.707092 81.159990 90.292908
347 388.172580 485.499608 80.916989 90.500392
348 388.572499 485.475069 80.404938 90.524931
349 388.813599 485.519929 79.972362 90.480071
350 389.399901 485.287162 79.894138 90.640353
351 389.541551 485.209591 79.741146 90.790409
352 389.763774 485.009067 79.567352 90.990933
353 389.957747 484.818969 79.804508 91.055629
354 389.796475 485.142543 79.869194 90.857457
355 389.875344 484.988770 79.550423 91.011230
356 389.875684 485.172146 79.469559 90.827854
357 390.092495 484.986766 79.025180 91.013234
358 390.104019 485.232937 79.147993 90.767063
359 390.117607 485.246462 79.112514 90.753538
360 390.252505 485.124783 78.873633 90.875217
361 390.405298 484.740812 78.431776 91.259188
362 388.852226 484.526981 78.127019 91.473019
363 389.097630 484.233844 78.234680 91.662306
364 389.363207 484.084474 78.161681 91.915526
365 389.568952 484.052349 78.228268 91.947651
366 389.749092 483.849269 78.175347 92.102272
367 390.995696 483.458447 78.356427 92.541553
368 391.155349 483.578615 78.369288 92.421385
369 391.252024 483.461240 78.405975 92.502854
370 391.126675 483.420261 78.204630 92.579739
371 390.947775 483.483949 78.208646 92.516051
372 391.264017 483.969683 78.449845 92.030317
373 390.973362 484.160215 78.337962 91.839785
374 390.700707 484.116230 78.332033 91.883770
375 390.769984 484.108712 78.267493 91.891288
376 390.889225 484.110908 78.282776 91.889092
377 391.107309 483.724741 77.682678 92.251975
378 390.783316 483.818893 77.862203 92.181107
379 390.453711 484.135450 78.081305 91.864550
380 390.178850 484.081009 78.265049 91.918991
381 390.257213 484.076017 78.334975 91.923983
382 390.141783 483.872746 78.266916 92.005685
383 389.717163 484.037709 78.242586 91.962291
384 389.852627 483.820325 78.163897 92.150668
385 390.352548 483.743781 78.091530 92.256219
386 390.522080 483.592550 78.213022 92.407450
387 390.500712 483.314009 78.371459 92.653026
388 389.864815 483.470844 78.374304 92.529156
389 389.902183 483.612221 78.270076 92.387779
390 390.217607 483.876020 77.983847 92.123980
391 390.042008 483.916045 77.661697 92.083955
392 390.068776 483.979127 77.675898 92.020873
393 390.105370 484.065320 77.690451 91.934680
394 390.289658 483.888663 77.596032 92.111337
395 390.261486 483.837193 77.769539 92.162807
396 390.328580 483.885843 77.691705 92.114157
397 390.644445 483.482225 77.591298 92.517775
398 390.996033 483.591941 77.690786 92.408059
399 390.823037 483.630307 77.858654 92.369693
400 391.039493 483.477089 77.744661 92.522911
401 390.976718 483.776289 77.883377 92.223711
402 391.215938 483.928698 77.979804 92.071302
403 391.011461 484.018977 77.809429 91.981023
404 390.895135 484.034155 77.812631 91.901527
405 390.784621 483.955663 77.434000 91.984093
406 390.995292 483.786899 77.296290 92.081066
407 391.189132 483.884258 77.391046 92.115742
408 391.059925 483.882755 77.191527 92.117245
409 390.873256 483.575856 76.553907 92.424144
410 391.536790 483.478387 76.306918 92.521613
411 391.947659 483.690596 75.719665 92.309404
412 391.599135 483.643273 75.877633 92.356727
413 391.567320 483.483504 75.755346 92.516496
414 391.678278 483.558800 75.876042 92.441200
415 392.109898 483.359309 75.864794 92.543860
416 391.989301 483.625662 75.742641 92.374338
417 391.768827 483.441192 75.439525 92.558808
418 391.555163 483.517824 75.177508 92.482176
419 391.686701 483.404311 75.280033 92.581713
420 391.489569 483.621734 75.337465 92.378266
421 391.592045 483.601491 75.245410 92.398509
422 391.203655 483.565941 75.106806 92.434059
423 391.692661 483.281655 75.192730 92.703362
424 392.026759 483.319553 75.365035 92.680447
425 392.002428 483.211627 75.169700 92.788373
426 392.148386 483.078904 75.224018 92.921096
427 392.268603 482.882472 75.224674 93.116931
428 392.331610 482.916526 75.174733 93.083474
429 392.643177 483.089090 75.519055 92.910910
430 392.765316 482.804257 75.726873 93.152652
431 392.600989 482.910011 75.781982 93.089989
432 392.437770 483.032059 75.827612 92.967941
433 392.379799 482.865640 75.799048 93.097561
434 392.812846 483.060048 75.873111 92.939952
435 392.817760 482.812311 75.755531 93.121565
436 392.795580 482.782669 75.767856 93.217331
437 392.301445 482.748586 75.677152 93.251414
438 392.346250 482.795780 75.821128 93.204220
439 392.051608 482.998878 75.648842 93.001122
440 392.042307 483.080097 75.442932 92.919903
441 392.147775 482.879396 75.229437 93.120604
442 392.493509 483.063855 75.588235 92.936145
443 392.401977 482.865171 75.691604 93.118301
444 392.172922 482.933511 75.701824 93.066489
445 392.378990 483.023063 75.843282 92.976937
446 392.495553 482.853141 75.816135 93.096630
447 392.551195 482.940802 75.767073 93.059198
448 392.643469 483.048961 75.773354 92.951039
449 392.799525 482.891092 75.809996 93.096142
450 392.570270 483.031758 75.843967 92.968242
451 392.533219 482.750001 75.802153 93.111286
452 392.524659 483.008309 75.423598 92.991691
453 392.757399 482.804287 75.237209 93.062173
454 393.065276 482.915102 75.311444 93.084898
455 393.199242 482.722508 75.372160 93.277492
456 393.208124 482.634333 75.318900 93.365667
457 393.586270 482.356230 75.239276 93.643770
458 393.747420 482.336766 75.365759 93.663234
459 393.943670 482.462294 75.471948 93.537706
460 393.874393 482.386621 75.323252 93.613379
461 393.973607 482.381492 75.277833 93.618508
462 392.939744 482.318309 75.101531 93.681691
463 392.934963 482.177913 75.234243 93.822087
464 392.854981 481.972021 75.228529 94.027979
465 392.956375 482.195770 75.606560 93.804230
466 392.781432 482.082406 75.859002 93.917594
467 392.822047 481.839447 75.552433 94.151882
468 392.963704 481.784186 75.865819 94.215814
469 392.270698 482.129171 76.051192 93.870829
470 392.301823 482.066123 76.320320 93.933877
471 392.316803 481.984699 76.349922 93.970587
472 392.376732 481.823638 76.254415 94.074191
473 392.385443 481.935033 76.456540 94.064967
474 392.307982 482.066704 76.459363 93.933296
475 392.139800 481.961675 76.250435 94.016051
476 391.967316 482.012130 76.323636 93.987870
477 392.121027 481.600811 76.320492 94.140066
478 392.020515 481.663335 76.325763 94.336665
479 391.917736 481.626907 76.310708 94.373093
480 391.727934 481.589108 76.321134 94.410892
481 391.735288 481.508509 76.403351 94.491491
482 391.472728 481.483577 76.363393 94.404592
483 391.404946 481.431533 76.435609 94.487158
484 390.988429 481.628716 76.545813 94.230003
485 391.285354 481.595466 76.918060 94.404534
486 391.264240 481.516221 76.882922 94.478231
487 390.740089 481.819575 77.123331 93.803152
488 390.923183 481.751020 77.419084 94.001188
489 390.788035 481.870988 77.374394 94.129012
490 390.694068 481.883209 77.108611 94.116791
491 390.770402 481.915897 77.308260 94.084103
492 390.325844 481.829993 77.097229 94.170007
493 390.316162 481.872567 77.300410 94.127433
494 390.205802 481.933783 77.295765 94.066217
495 390.097613 482.025977 77.296257 93.974023
496 390.141314 481.855206 77.243677 94.096526
497 390.245262 481.913951 77.355026 94.086049
498 390.356223 481.865781 77.327654 94.134219
499 390.480870 481.793526 77.327654 94.206474
500 390.393230 481.843620 77.362934 94.156380
501 390.646589 481.737628 77.264243 94.262372
502 390.407661 481.660967 77.124915 94.339033
503 390.360621 481.641888 77.340688 94.358112
504 390.142805 481.607880 77.280495 94.392120
505 389.883094 481.905402 77.408651 94.094598
506 389.846795 481.891891 77.362121 94.108109
507 389.684629 481.245460 77.204719 94.754540
508 389.392939 481.148297 77.404645 94.851703
509 389.174412 480.967133 77.227979 95.032867
510 389.137935 481.017200 77.269065 94.982800
511 388.992383 480.740490 77.229209 95.136429
512 388.595724 480.745365 77.159683 95.254635
513 388.492262 480.723842 77.278958 95.276158
514 388.636696 480.691162 77.396523 95.308838
515 388.625231 480.646264 77.345599 95.353736
516 388.642006 480.529757 77.430351 95.470243
517 388.745500 480.370398 77.436689 95.617206
518 388.602570 480.483056 77.393478 95.516944
519 388.514449 480.659558 77.448041 95.340442
520 388.898004 480.406746 77.495950 95.588480
521 388.801219 480.519955 77.426955 95.480045
522 388.658507 480.485980 77.469590 95.486330
523 388.607515 480.232930 77.424039 95.634492
524 388.587513 480.142431 77.460953 95.857569
525 388.604767 480.097617 77.430170 95.902383
526 388.672409 480.033368 77.435965 95.966632
527 388.660284 479.800488 77.273877 96.165637
528 388.484891 479.794083 77.482676 96.205917
529 388.357212 479.753656 77.529837 96.246344
530 388.528670 479.737345 78.076864 96.262655
531 388.722582 479.740737 78.484829 96.259263
532 388.431440 479.795783 78.338812 96.204217
533 388.346234 479.876525 78.423130 96.123475
534 388.320290 480.062856 78.512139 95.937144
535 388.405784 480.027651 78.932559 95.972349
536 388.338153 479.941616 78.932469 96.017116
537 388.089720 480.017175 78.832372 95.982825
538 388.255877 479.766741 78.836237 96.115356
539 388.333860 479.762354 78.880695 96.237646
540 388.332099 479.595880 78.994670 96.404120
541 388.126599 479.359826 78.932186 96.632375
542 387.927113 479.666560 79.110739 96.333440
543 387.958449 479.677344 79.463593 96.322656
544 387.587419 479.626007 79.451018 96.373993
545 387.373738 479.497042 79.405464 96.502958
546 387.264296 479.556216 79.283614 96.443784
547 387.269104 479.490459 79.453289 96.500833
548 387.068489 479.683096 79.423228 96.316904
549 386.442046 479.597215 79.402639 96.402785
550 386.580024 479.552734 79.470568 96.447266
551 386.682001 479.481583 79.465628 96.518417
552 387.070532 479.864931 79.544239 96.135069
553 386.952167 479.800191 80.032661 96.199809
554 386.854578 479.796450 80.688718 96.203550
555 386.646530 479.768678 80.894982 96.231322
556 386.432434 479.736130 81.025878 96.263870
557 386.590496 479.755963 81.748190 96.244037
558 386.625633 479.754859 82.025408 96.245141
559 386.512265 479.864057 82.456361 96.135943
560 386.168195 479.961552 82.478352 96.038448
561 386.317847 479.926791 82.528009 96.073209
562 385.943661 480.161831 83.063799 95.838169
563 385.932031 480.238503 83.523197 95.761497
564 386.082077 480.329662 84.120327 95.670338
565 385.805183 480.415419 84.436640 95.584581
566 385.470735 480.682729 84.419862 95.317271
567 385.128216 480.842838 84.526182 95.157162
568 384.856378 480.947931 84.995152 95.052069
569 384.397857 481.105952 85.003988 94.894048
570 384.362160 480.979995 85.418440 95.020005
571 384.259431 480.953154 85.271226 95.046846
572 384.929405 481.058714 85.073432 94.941286
573 385.005805 480.970016 85.384406 95.018913
574 383.554480 481.061164 85.407596 94.938836
575 383.445908 480.813670 85.151767 95.128026
576 383.589961 480.808703 85.226795 95.191297
577 384.143164 480.719266 85.279306 95.280734
578 384.235401 480.609694 85.336074 95.390306
579 384.156952 480.410967 85.412345 95.589033
580 384.320357 480.472873 85.332086 95.527127
581 384.451541 480.485669 85.376982 95.514331
582 384.472957 480.507683 85.386318 95.492317
583 384.576067 480.169388 85.310532 95.633153
584 384.724944 480.023927 85.298125 95.976073
585 384.732127 480.062038 85.455072 95.655240
586 384.510304 480.293378 85.519109 95.706622
587 383.166197 480.384201 85.712759 95.615799
588 382.972231 480.393791 85.785610 95.606209
589 382.741840 480.408176 85.785610 95.591824
590 382.828699 480.465221 85.745385 95.534779
591 382.935670 480.550789 85.745385 95.449211
592 383.622015 480.250391 85.750671 95.528566
593 383.637815 480.437535 85.928978 95.562465
594 383.581690 480.633039 86.029977 95.366961
595 383.687043 480.586200 86.337963 95.413800
596 383.896957 480.349133 86.351538 95.624410
597 384.487519 480.240471 86.392537 95.759529
598 384.308060 480.344094 86.539448 95.655906
599 384.262217 480.568532 86.979784 95.431468
600 384.093952 480.496198 86.962867 95.503802
601 384.069250 480.612956 86.990641 95.387044
602 383.638314 480.502765 86.937955 95.497235
603 383.524890 480.359032 86.785345 95.488620
604 383.355879 480.496595 87.031877 95.195775
605 383.280846 480.477281 87.379361 95.522719
606 382.971481 480.662092 87.378569 95.337908
607 383.012086 480.606579 87.346358 95.393421
608 383.090179 480.516803 87.408530 95.483197
609 382.485820 480.282054 87.375919 95.631090
610 382.713472 479.993461 86.955182 96.006539
611 382.857391 480.080059 86.789166 95.919941
612 384.563591 480.462908 86.749830 95.190912
613 384.539331 480.579123 86.912791 95.420877
614 384.385231 480.595246 86.922170 95.404754
615 384.237460 480.504461 86.888584 95.495539
616 384.238960 480.288588 86.902979 95.599514
617 384.575184 480.153441 87.049815 95.846559
618 384.540733 480.155802 87.484237 95.844198
619 383.888553 480.405827 87.668020 95.502516
620 383.651661 480.450750 87.760693 95.549250
621 383.750816 480.396573 87.733531 95.603427
622 384.166436 480.314497 87.720770 95.685503
623 383.897138 480.305779 87.737299 95.694221
624 383.543026 480.281798 87.988116 95.718202
625 383.330079 480.247223 87.920835 95.752777
626 383.242077 480.105656 87.931884 95.894344
627 383.113953 479.968641 87.900366 96.031359
628 382.905756 480.010104 88.026360 95.989896
629 382.576854 479.725058 88.535089 95.977208
630 381.915567 480.173600 89.206213 95.185757
631 381.479353 480.144366 89.299918 95.416998
632 381.785690 479.908058 89.185296 95.537951
633 381.737877 479.832569 89.577382 95.979094
634 381.382399 479.682182 89.991516 95.897855
635 381.111399 479.647969 90.144590 95.897978
636 381.294205 479.535114 90.395283 95.860643
637 381.612934 479.402397 90.227493 95.928223
638 381.583996 479.433488 90.399132 95.724829
639 381.469237 479.566276 90.399132 95.724829
640 381.425591 479.768924 90.446537 95.651527
641 380.267842 479.920496 90.366970 95.775975
642 380.592693 479.685597 90.258693 95.973431
643 380.716661 479.606596 90.390165 95.906461
644 379.609944 479.709497 90.487084 95.664185
645 379.683545 479.605177 90.277426 96.062801
646 379.891216 479.595488 90.349570 96.378466
647 380.984631 479.470162 90.578536 96.157540
648 381.063516 479.416251 90.935940 96.376828
649 379.262656 479.794051 91.041105 95.498902
650 379.588566 479.502629 90.940067 95.552323
651 379.529101 479.673925 90.833634 95.838977
652 379.234802 479.507766 90.816256 95.983228
653 379.794781 479.407644 90.744802 95.808179
654 379.820469 479.727602 90.835387 95.544031
655 379.005924 479.814120 90.815562 95.850302
656 379.467532 479.794683 90.824739 95.698833
657 380.653696 479.674724 90.356208 95.706789
658 380.883807 479.687809 90.196763 95.899951
659 380.728771 479.713165 90.242350 95.691408
660 380.787376 480.210362 90.110900 95.186783
661 380.971250 480.128307 90.054990 95.414789
662 380.977727 479.812460 90.328447 95.646928
663 380.787195 479.896267 90.411850 95.916188
664 381.243203 479.689941 90.429733 96.005415
665 380.983661 479.810513 90.373849 96.189487
666 381.266441 479.709491 90.366508 96.290509
667 380.107365 479.861967 90.112156 95.829413
668 380.270010 479.739097 90.377745 95.989655
669 380.531271 479.819700 90.710120 95.684198
670 380.146102 480.327067 90.942918 95.096420
671 380.314271 480.190178 90.493396 95.510096
672 380.836682 479.960090 90.353446 95.886008
673 381.438714 479.702090 90.417585 95.958160
674 381.055116 479.876617 90.578669 95.498300
675 381.680115 479.641530 90.889628 95.356624
676 381.618412 479.810993 91.052262 95.142568
677 381.591449 479.929822 91.459886 95.341742
678 381.291200 479.940553 91.370256 95.237993
679 379.864430 479.903640 91.211488 95.211900
680 380.034161 479.843061 91.145741 95.499235
681 379.988735 479.510274 91.138185 95.595306
682 379.796296 479.824979 91.552331 95.583678
683 379.775144 479.878301 91.834653 95.839330
684 379.832413 479.866855 91.792092 95.891483
685 379.566319 479.530110 91.611132 96.055426
686 379.723806 479.617661 91.616743 96.373225
687 379.510235 479.703707 91.782927 96.178467
688 379.825442 479.546990 91.573598 96.453010
689 379.633632 479.379095 92.017008 96.389992
690 379.706311 479.101246 91.863283 96.462756
691 379.230900 479.082495 91.682437 96.366769
692 379.615151 479.036918 91.696488 96.279902
693 379.666464 479.010859 91.595107 96.387222
694 379.787025 478.931123 91.594203 96.400889
695 379.460723 478.726589 91.611698 96.559226
696 379.132324 478.705396 91.757527 96.987891
697 378.937379 478.591886 91.804809 96.731435
698 378.772128 478.511734 91.906577 96.966268
699 378.800814 478.723331 92.264754 96.317372
700 379.651887 479.065568 92.405844 96.022472
701 379.517366 479.182595 91.929126 96.209104
702 378.539516 478.909207 91.427132 96.640548
703 378.577634 478.817413 91.361473 97.032983
704 378.982474 479.176263 91.651219 96.823737
705 378.475903 479.129636 91.750245 96.870364
706 378.336799 479.254703 91.716461 96.680982
707 378.491110 479.586464 91.420074 96.407279
708 378.282514 479.511267 91.332123 96.425534
709 378.261840 479.226281 91.489978 96.571696
710 378.183285 479.306258 91.496200 96.693742
711 377.537943 479.494155 91.453612 96.505845
712 377.937856 479.608374 91.415361 96.391626
713 377.876732 479.315675 91.210899 96.599088
714 378.831869 479.334878 91.465445 96.665122
715 378.946212 479.204632 91.470877 96.795368
716 379.197496 479.285638 91.471605 96.710608
717 378.796609 479.476569 91.435453 96.523431
718 379.152578 479.615299 91.256725 96.384701
719 379.434462 479.488475 91.296071 96.380886
720 380.235930 479.081064 91.174725 96.626587
721 380.233840 479.063942 91.280839 96.909547
722 378.380628 478.838000 91.000465 96.881291
723 378.644834 478.688373 91.184224 96.877901
724 378.613644 478.602217 91.475000 96.773322
725 379.338588 478.605099 91.236916 96.833863
726 379.827120 478.463932 91.344549 96.919085
727 378.652718 478.096228 91.307624 96.894233
728 379.058421 478.212627 91.179970 96.864080
729 379.329044 478.364476 91.196449 96.790487
730 379.940713 478.518774 91.186226 96.788378
731 379.558914 478.466122 91.308387 96.905292
732 379.972692 478.232923 91.274308 97.043274
733 379.818300 478.294348 91.381735 97.474815
734 379.606845 478.138919 91.378244 97.474922
735 378.754447 477.940000 91.530332 97.503296
736 378.879292 478.151365 92.068813 97.508124
737 379.829376 478.275515 91.936364 97.724485
738 379.885476 478.166403 91.735544 97.833597
739 379.097344 478.554789 92.377462 97.135317
740 378.200463 478.361014 92.278338 97.565321
741 378.112414 478.401774 92.321188 97.598226
742 378.938127 478.715178 92.701152 97.011473
743 378.976917 478.953496 92.905091 97.046504
744 379.072948 479.216121 92.865836 96.783879
745 378.992123 479.242138 92.783907 96.757862
746 378.936281 479.256838 92.857362 96.743162
747 379.291777 479.209014 92.867752 96.790986
748 379.267440 479.052847 92.835002 96.763452
749 379.160746 478.767770 93.015694 97.006869
750 378.347264 478.914230 93.218874 97.010676
751 379.697064 479.107509 93.374910 96.892491
752 379.046109 479.032828 93.337258 96.837152
753 378.791221 479.000386 93.201932 96.639586
754 378.287848 479.071121 93.476937 96.599919
755 378.485488 478.790244 92.995337 97.209756
756 378.829465 478.722016 92.638045 97.277984
757 377.954288 478.679318 92.345992 97.110516
758 377.246894 478.697852 92.235364 97.302148
759 378.132563 478.460978 92.214594 97.489177
760 377.841619 478.324214 92.043170 97.374412
761 378.127166 478.252531 91.926652 97.419277
762 378.420540 477.939510 91.503311 97.549941
763 378.695522 478.228480 91.845555 97.639828
764 378.332883 478.915633 92.104176 97.084367
765 379.144383 478.943671 92.338117 97.056329
766 379.405066 479.050566 92.340036 96.949434
767 379.315561 478.958777 92.429084 96.830977
768 379.185713 478.919784 92.435197 96.835598
769 379.325777 478.663527 92.209001 97.019190
770 377.774000 478.982154 92.330058 96.839442
771 377.709402 478.748637 91.956799 96.934519
772 377.424047 478.621452 91.562832 96.892989
773 377.453555 478.389571 91.570312 97.020994
774 377.215934 478.408011 91.604802 97.445312
775 376.976980 478.208374 91.595234 97.452160
776 376.753983 478.021570 91.622121 97.437260
777 378.907951 477.888885 91.514067 97.127244
778 378.691495 478.032277 91.797158 97.261275
779 378.289023 478.000914 91.717777 97.366885
780 377.551157 478.027768 91.803458 97.322365
781 377.167909 477.934566 91.835706 97.487461
782 376.998269 477.699739 91.727025 97.588176
783 377.236011 477.738199 91.777001 98.018169
784 377.941010 477.828745 91.865467 98.171255
785 377.879302 477.910556 91.647161 98.089444
786 378.137598 477.909266 91.892223 98.090734
787 378.260124 477.947420 91.885309 98.052580
788 378.121345 478.046194 91.970244 97.953806
789 378.286167 478.035519 91.846590 97.508582
790 378.433993 478.348374 91.853311 97.304690
791 378.393462 478.361187 91.787384 97.150973
792 378.385895 478.450858 91.787384 97.150973
793 378.378327 478.540528 91.787384 97.150973
794 378.370760 478.630199 91.787384 97.150973
795 379.468986 478.861307 92.030528 96.555871
796 378.409905 479.052886 92.342620 96.545937
797 378.410842 478.889295 92.269327 97.110705
798 378.456802 478.989271 92.475604 97.010729
799 378.398512 479.110430 92.485070 96.889570
800 378.360710 478.918061 92.483129 97.017114
801 378.290250 478.882419 92.352871 97.117581
802 377.339472 479.386270 92.314440 96.122365
803 378.111525 479.299372 92.261793 96.261850
804 378.909900 479.142730 92.261793 96.261850
805 379.888185 478.649289 91.847541 96.754853
806 380.002414 478.479403 91.649048 97.115753
807 379.571980 478.718776 92.297564 97.215057
808 378.787631 478.888845 92.444711 97.111155
809 378.676082 479.105341 92.603899 96.894659
810 378.887201 478.736030 92.630151 97.088422
811 378.993779 478.861602 92.656306 97.138398
812 378.432514 478.988282 93.099180 97.011718
813 379.277996 479.011793 93.422138 96.988207
814 378.856786 478.741979 93.394117 96.897591
815 377.611469 478.287497 93.237613 96.931758
816 377.679647 478.173145 93.272148 96.954690
817 377.723371 478.043349 93.343857 97.014718
818 377.390157 478.054309 93.231313 97.415846
819 377.227775 478.125690 93.512261 96.993804
820 377.684929 478.204250 94.126077 96.563504
821 377.988851 478.413719 94.484310 96.763239
822 377.877820 478.531040 94.411694 96.677768
823 377.751106 478.595182 94.329403 96.817337
824 377.665537 478.589539 94.329403 96.817337
825 377.365387 478.207862 93.826837 96.990347
826 377.302535 478.369191 93.925276 96.482057
827 377.622024 478.722616 94.018848 96.050965
828 378.109769 478.852817 94.263799 96.328333
829 378.093047 478.797367 94.268620 96.404427
830 378.198882 478.852345 94.305214 96.344695
831 378.315976 478.792202 94.363753 96.482468
832 377.570205 478.989177 94.268152 96.037423
833 377.362266 479.264847 94.193125 96.192175
834 378.359009 479.193282 94.234793 96.346315
835 378.938817 479.312017 94.743537 95.731176
836 379.947359 479.404640 95.174299 95.369353
837 379.225726 479.505292 95.166635 94.873188
838 378.956883 479.409338 95.370144 94.758322
839 377.707563 479.192428 95.350048 94.893505
840 377.377170 479.327346 95.733418 94.230221
841 377.965139 479.497073 96.139645 93.829378
842 379.241867 479.203654 96.516170 93.909588
843 379.115463 479.317726 96.682930 93.557555
844 378.489003 479.801909 96.821819 93.044008
845 378.390740 480.249666 96.809400 92.994954
846 378.543265 480.058091 96.519189 92.903809
847 377.645083 480.091867 96.396655 92.582621
848 377.681226 480.145537 95.917927 92.758612
849 377.916395 480.410696 95.616957 92.527544
850 378.034931 480.253315 95.986469 92.886763
851 377.916892 480.202453 95.841586 92.656794
852 380.530800 480.353315 95.805588 92.239890
853 379.497724 480.871480 95.596481 91.704417
854 377.545225 481.693618 95.748592 90.717577
855 377.680276 481.715805 95.458401 90.843563
856 378.219452 481.622312 95.028154 90.878163
857 378.507512 481.883593 94.863812 90.427392
858 378.052822 482.104207 94.119830 89.873278
859 378.393050 482.461607 93.801156 89.325414
860 378.774573 482.217458 93.219623 89.662160
861 378.977620 482.382881 92.855699 89.745731
862 379.626143 482.526696 92.920896 89.851225
863 379.974741 482.688035 92.498954 89.733689
864 380.461668 482.833181 92.148839 89.790676
865 380.549523 483.372112 91.563771 89.124433
866 380.377730 483.472736 91.113609 89.384179
867 381.291786 483.275323 90.421185 89.327112
868 382.385055 483.248123 89.920950 89.327632
869 382.843769 484.190116 89.853805 88.630850
870 383.556395 484.348010 89.269894 88.897116
871 383.448525 484.498855 88.825205 88.823749
872 381.949593 484.314687 88.267592 88.860666
873 382.765022 484.283071 87.591597 88.906177
874 383.263258 484.325908 87.062853 88.839345
875 384.514407 484.346283 86.753438 88.846394
876 384.532789 484.481693 86.348696 88.661969
877 386.657113 484.303596 85.559974 88.813636
878 386.652653 484.503651 85.472125 88.764657
879 386.850384 484.728119 84.371714 88.837728
880 387.285144 485.014365 84.104716 88.556581
881 387.124555 485.404105 84.175357 88.646606
882 386.238741 484.958590 83.758049 89.427801
883 386.441912 484.826158 83.543793 89.552928
884 386.701987 484.774903 83.497006 90.145032
885 387.432664 484.842979 83.439926 90.357372
886 387.795506 484.722681 83.324308 90.536154
887 387.586266 484.696091 83.351594 91.081178
888 387.549339 484.760583 83.230920 91.239417
889 387.686395 485.058817 83.451425 90.941183
890 387.388974 484.783612 83.229598 91.087774
891 387.232958 484.753112 83.154243 91.246888
892 387.126129 484.874786 83.115251 91.125214
893 387.458990 484.927090 83.259655 91.072910
894 387.814435 485.011423 83.295816 90.988577
895 387.689724 484.755315 83.112412 90.941533
896 387.245627 484.742679 83.156413 90.802257
897 387.178422 484.579727 83.015512 91.017248
898 387.260614 484.657714 83.147486 91.342286
899 387.295751 484.523637 83.362488 91.444153
900 387.009294 484.415734 83.673836 91.403345
901 386.465148 484.398524 83.840900 91.432220
902 386.463268 484.365851 83.945983 91.460785
903 386.391278 484.193868 83.693520 91.552985
904 386.395612 484.346145 83.655709 91.653855
905 386.600854 484.369625 83.796720 91.630375
906 386.957248 484.358317 83.548940 91.641683
907 386.584430 484.399989 83.483596 91.600011
908 386.545351 484.403376 83.148581 91.596624
909 386.669849 484.403640 83.148967 91.596360
910 387.505091 484.247229 83.379517 91.752771
911 387.623444 484.131846 83.198781 91.868154
912 386.185324 484.576248 83.102538 91.217276
913 386.452741 484.510470 83.253241 91.489530
914 386.241444 484.420529 83.342472 91.493595
915 386.414404 484.120080 83.271162 91.658824
916 386.410789 484.178359 83.280125 91.821641
917 386.819474 484.117756 83.311575 91.882244
918 387.070720 484.120775 83.281490 91.733404
919 387.337009 484.198215 83.281490 91.733404
920 387.202964 484.420427 83.151085 91.579573
921 387.479816 484.714031 83.305153 91.285969
922 387.022393 484.630538 82.932261 91.369462
923 386.858047 484.398182 82.609295 91.601818
924 386.855532 484.744843 82.777460 91.255157
925 386.982265 484.473006 82.458552 91.526994
926 387.089562 484.486632 82.212073 91.513368
927 387.300716 484.560688 82.232408 91.439312
928 387.587483 484.427880 82.293049 91.516327
929 387.823004 484.541356 82.228018 91.458644
930 388.317665 484.076229 82.309914 91.721177
931 387.939624 484.118901 82.185461 91.881099
932 388.254703 484.148319 82.136952 91.851681
933 388.259008 484.014574 82.070421 91.985426
934 388.029911 483.914111 82.397569 91.973758
935 388.177767 483.801394 82.327081 92.035143
936 388.073334 483.926751 82.378006 92.073249
937 388.219284 484.035023 82.420799 91.964977
938 387.982598 484.085603 82.131739 91.761703
939 388.266858 484.178403 82.339996 91.821597
940 388.814425 484.187961 82.321987 91.812039
941 388.960457 484.102833 82.215948 91.897167
942 388.231595 484.317301 82.157490 91.253709
943 388.120438 484.432061 82.322270 91.309168
944 388.127014 484.623133 82.466515 91.264159
945 388.071101 484.623918 82.341790 91.376082
946 388.189105 484.491843 82.314398 91.508157
947 387.800167 484.789990 82.239127 91.210010
948 388.039840 484.746209 82.106232 91.253791
949 388.312932 484.841189 82.102463 91.158811
950 389.036452 484.925622 82.285689 91.074378
951 389.330524 485.000050 82.229190 90.999950
952 389.283447 484.888144 82.257494 90.953514
953 389.326615 484.767841 82.101893 90.972077
954 389.447585 484.638257 82.101893 90.972077
955 389.346580 484.374652 82.090657 91.063895
956 389.252601 484.379237 82.103757 91.503473
957 388.749747 484.368384 81.795335 91.631616
958 388.798445 484.435828 81.792121 91.564172
959 388.813532 484.545179 81.773701 91.454821
960 389.024019 484.459228 81.972794 91.427560
961 388.660363 484.596937 81.888751 91.169764
962 388.918361 484.486886 81.400153 91.513114
963 388.578765 484.810324 81.175535 91.189676
964 388.952862 485.007890 81.211918 90.992110
965 389.130748 484.762278 81.332282 91.021375
966 389.034842 484.844799 81.172753 91.155201
967 389.025607 484.880338 81.178361 91.119662
968 389.064725 484.905191 81.185169 91.094809
969 388.527494 485.261541 81.348966 90.738459
970 388.679165 485.295903 81.148507 90.704097
971 388.631450 485.207037 81.222116 90.792963
972 388.886283 485.045425 81.068392 90.954575
973 389.155484 484.768770 81.128205 91.136742
974 389.352104 484.870756 81.127750 91.129244
975 389.450318 485.037522 81.359222 90.962478
976 389.316825 484.924583 81.353004 90.990041
977 389.972351 484.730674 81.562238 90.921464
978 389.975162 484.535702 81.701881 91.021618
979 389.891295 484.733972 81.702245 91.266028
980 389.499488 485.073365 81.386253 90.926635
981 389.520706 485.001423 81.195332 90.998577
982 390.119307 484.951757 81.449918 90.930460
983 389.885187 484.821567 81.168960 91.025966
984 389.690046 485.111949 81.295861 90.888051
985 389.577779 484.815770 81.130937 91.149425
986 389.642230 485.026171 81.068563 90.973829
987 389.635544 485.203674 80.894966 90.546938
988 389.850397 485.271272 80.755110 90.728728
989 389.907842 485.257882 80.733283 90.742118
990 389.744210 485.380354 80.663923 90.619646
991 389.815983 485.554688 80.721391 90.445312
992 389.541012 485.672953 80.984987 90.230449
993 389.151262 485.816778 80.923807 90.183222
994 389.181085 485.947562 80.840816 90.052438
995 389.151688 486.011712 80.627273 89.988288
996 389.485421 485.867455 80.716714 90.029779
997 389.477359 486.000787 80.929674 89.999213
998 389.536511 485.659167 80.477671 90.245506
999 389.526452 485.695235 80.193535 90.304765
1000 389.681251 485.567550 80.163644 90.432450
1001 389.771506 485.419519 80.094858 90.522190
1002 389.618537 485.613851 79.992123 90.386149
1003 389.702294 485.507030 79.634758 90.492970
1004 390.130688 485.335686 79.617409 90.410119
1005 389.667126 485.356577 79.564655 90.427049
1006 389.955603 485.245441 79.644878 90.546839
1007 390.463113 484.979733 79.534584 91.020267
1008 390.724625 485.162822 79.553852 90.837178
1009 390.895179 484.976400 79.555038 91.023600
1010 390.702918 485.478883 79.416183 90.521117
1011 391.036669 485.644154 79.086023 90.355846
1012 391.666478 485.656403 79.368567 90.258512
1013 391.148038 485.676849 79.119830 90.323151
1014 390.804981 485.651499 79.121009 90.348501
1015 389.963656 485.835647 78.921663 90.164353
1016 390.020661 485.809214 78.692216 90.190786
1017 391.040766 485.431044 78.332090 90.568956
1018 391.516890 485.292798 77.982877 90.707202
1019 391.744475 485.046950 77.584796 90.953050
1020 391.804851 484.974471 77.780247 90.975991
1021 391.813956 484.833141 77.778395 91.061014
1022 391.150000 484.998763 77.815053 91.001237
1023 390.945374 485.167507 77.740339 90.832493
1024 390.830733 485.092171 77.704477 90.907829
1025 390.875617 485.119169 77.784681 90.880831
1026 391.101358 484.976910 77.762074 91.023090
1027 390.754144 485.373303 77.973820 90.626697
1028 390.838657 485.425417 77.808436 90.574583
1029 390.973704 485.508175 77.821439 90.491825
1030 391.279152 485.403977 77.888948 90.552246
1031 391.478597 485.512123 77.795031 90.487877
1032 390.636450 485.489811 77.352074 90.431882
1033 390.772992 485.298124 77.166327 90.623817
1034 390.741536 485.322245 77.171567 90.677755
1035 390.711285 485.203336 77.161246 90.796664
1036 390.662680 485.106090 77.007384 90.893910
1037 391.054361 485.005783 77.150163 90.994217
1038 391.175137 484.902736 77.311297 91.007281
1039 391.324285 485.380303 77.465292 90.619697
1040 391.321218 485.450648 77.218832 90.549352
1041 391.441380 485.556167 77.218832 90.443833
1042 391.677219 485.215985 76.946312 90.784015
1043 391.563975 485.234550 76.703772 90.765450
1044 391.708788 485.327026 76.915629 90.672974
1045 391.715894 485.182876 76.644401 90.817124
1046 391.859937 484.993631 76.665072 91.006369
1047 392.132120 484.838487 76.480671 91.161513
1048 392.278456 484.987123 76.091938 91.012877
1049 392.039454 485.122778 76.290259 90.877222
1050 392.079241 484.959608 76.306083 91.040392
1051 392.183404 485.062992 76.337881 90.937008
1052 392.472293 484.800215 76.304047 91.176611
1053 392.525405 484.805979 76.224354 91.194021
1054 392.616226 484.798268 76.212622 91.201732
1055 392.555263 484.754672 75.863710 91.245328
1056 392.562199 484.852614 75.730877 91.147386
1057 392.132074 485.065357 75.681548 90.934643
1058 392.132850 484.863813 75.706731 91.097806
1059 391.917904 485.094854 75.715957 90.905146
1060 392.073739 485.039970 75.831319 90.960030
1061 392.053967 484.908556 75.813761 91.040619
1062 391.000708 484.904792 75.740339 91.095208
1063 390.991124 484.964437 75.721803 91.035563
1064 390.992422 485.071174 75.719719 90.928826
1065 391.379473 484.854306 75.483451 91.145694
1066 391.532365 484.831360 75.307847 91.168640
1067 391.608115 484.833085 75.256243 91.166915
1068 391.928853 484.867719 75.310119 91.132281
1069 392.214766 484.937363 75.200132 91.062637
1070 392.809520 485.048534 75.325002 90.951466
1071 392.808877 484.934367 75.093636 91.065633
1072 393.594584 485.201067 75.015384 90.798933
1073 393.865779 485.153485 75.159537 90.846515
1074 393.534489 485.236294 75.241925 90.763706
1075 393.228322 485.106160 74.953732 90.893840
1076 393.398162 484.984096 74.837973 91.015904
1077 393.653594 485.499599 75.027777 90.500401
1078 393.694396 485.682688 75.081000 90.317312
1079 393.590077 485.680203 75.084456 90.319797
1080 393.864588 485.409573 74.899738 90.590427
1081 394.023449 485.571185 74.580513 90.428815
1082 393.832366 485.284173 74.476565 90.245095
1083 393.846300 485.210391 74.186718 90.486432
1084 394.161505 485.055710 74.238324 90.565326
1085 394.903742 485.036030 73.943507 90.963970
1086 394.995665 484.820531 73.619999 91.125738
1087 394.984716 484.607006 73.862268 91.392994
1088 394.998377 484.363503 73.797413 91.516514
1089 394.966501 484.337610 73.386504 91.662390
1090 394.770553 484.307890 73.177433 91.692110
1091 394.663201 484.274036 73.159790 91.725964
1092 393.938101 484.257723 73.253364 91.742277
1093 394.118928 484.172639 73.261309 91.827361
1094 394.295783 484.045014 73.261309 91.954986
1095 394.656617 483.851584 73.375325 92.070581
1096 395.027352 483.690269 73.261740 92.309731
1097 395.226796 483.610014 73.299374 92.389986
1098 395.180040 483.300055 73.151084 92.605501
1099 395.570664 483.124799 73.051027 92.875201
1100 395.020740 482.913775 73.252410 93.086225
1101 395.013531 482.874888 73.164543 93.125112
1102 395.629692 482.731365 73.387652 93.268635
1103 395.778644 482.715444 73.382885 93.284556
1104 395.801811 482.724353 73.391051 93.275647
1105 395.663443 482.906750 73.183517 93.093250
1106 395.739621 483.034332 73.232268 92.965668
1107 395.490743 482.454271 73.337082 93.193432
1108 395.599325 482.306860 73.357129 93.622000
1109 395.732438 482.210169 73.170539 93.789831
1110 395.768659 482.052207 73.573197 93.937652
1111 395.764936 481.764271 73.854237 94.035051
1112 395.520184 481.711828 73.797145 94.288172
1113 395.451558 481.519014 73.878782 94.480986
1114 395.566617 481.474516 73.912995 94.339641
1115 395.037336 481.634967 73.852279 94.275884
1116 394.613792 481.823543 73.866796 94.176457
1117 394.209782 481.905922 73.806869 94.094078
1118 393.828402 482.011073 73.813094 93.988927
1119 393.767645 481.948726 73.843094 93.955191
1120 393.715907 481.871924 73.915046 94.006145
1121 393.548168 482.044776 73.924160 93.955224
1122 393.606265 482.017383 73.846344 93.934138
1123 393.459715 481.863911 73.780977 94.083455
1124 393.091480 481.914302 73.911767 94.085698
1125 392.880373 481.935455 73.887353 94.064545
1126 392.680404 481.951858 73.805063 94.048142
1127 392.695434 482.109393 73.865098 93.890607
1128 392.655016 482.071455 73.829759 93.928545
1129 392.480520 482.055730 73.864520 93.894062
1130 392.287165 482.027059 73.871051 93.972941
1131 392.360690 481.864158 73.845917 94.083693
1132 392.054230 481.937637 73.725701 94.062363
1133 392.012942 481.984052 73.795042 94.015948
1134 391.949800 482.013254 73.776326 93.986746
1135 392.280395 481.760856 73.881333 94.078399
1136 392.294577 481.826064 73.904058 94.173936
1137 392.309341 481.906048 73.719332 94.093952
1138 392.391989 481.961744 73.863599 94.038256
1139 392.402755 482.045523 73.863165 93.954477
1140 392.394334 481.900370 73.803344 94.099630
1141 392.354648 481.938011 73.885112 94.061989
1142 392.289861 482.150798 73.829237 93.849202
1143 392.289991 482.103168 73.851799 93.896832
1144 392.283262 481.945802 73.885388 94.054198
1145 392.356317 481.920123 73.876940 94.079877
1146 392.457434 482.000480 73.914957 93.999520
1147 392.610968 481.988188 74.037858 93.883972
1148 392.835098 481.977780 74.464568 93.982775
1149 392.810572 481.959244 74.472181 93.958194
1150 392.745180 482.015781 74.466795 93.906410
1151 392.758095 481.972558 74.412347 94.021322
1152 392.208832 481.917774 74.248136 94.082226
1153 392.100090 482.002396 74.381903 93.997604
1154 391.629886 482.159151 74.590449 93.769912
1155 391.275735 482.318149 74.849321 93.681851
1156 391.678780 482.350751 74.944807 93.649249
1157 392.067413 482.230965 74.719087 93.769035
1158 392.285525 482.214472 74.816465 93.785528
1159 392.444594 482.186101 74.815367 93.813899
1160 392.496319 482.016491 74.853029 93.983509
1161 392.439421 481.811389 74.868100 94.055302
1162 392.012460 481.836911 74.961863 94.163089
1163 391.823267 481.940690 74.896781 94.059310
1164 391.669444 482.095115 74.887608 93.904885
1165 391.984252 482.083112 74.787151 93.916888
1166 391.992901 481.938344 74.820907 94.061656
1167 391.570628 481.971067 74.915088 94.028933
1168 391.470026 482.013739 74.867148 93.986261
1169 391.361543 481.806508 74.799621 94.099793
1170 391.714046 481.647226 74.719262 94.352774
1171 391.597245 481.604149 74.877262 94.395851
1172 391.599044 481.356144 74.796578 94.643856
1173 391.574215 481.414947 74.864205 94.585053
1174 391.028348 481.789965 74.920875 94.210035
1175 391.076090 481.861155 74.996248 94.138845
1176 391.086856 481.895046 74.934082 94.104954
1177 391.085690 481.807981 74.859638 94.192019
1178 391.029307 481.810448 74.836392 94.189552
1179 390.984546 481.814150 74.836392 94.185850
1180 390.992103 481.799159 74.802393 94.200841
1181 391.040409 481.830913 74.896502 94.169087
1182 391.088442 481.895743 74.856151 94.104257
1183 391.192782 481.933626 74.911938 94.066374
1184 391.300646 481.983343 74.905246 94.016657
1185 391.312121 482.039218 74.947890 93.960782
1186 391.114100 481.927856 74.879608 94.054325
1187 391.059433 482.077401 74.852829 93.922599
1188 391.248915 481.942531 74.627498 94.057469
1189 391.473747 482.023115 74.747479 93.976885
1190 391.687455 481.883817 74.632523 94.034863
1191 391.921661 481.991729 74.763615 94.008271
1192 392.343165 481.890613 74.670796 94.109387
1193 392.352381 482.045338 74.898223 93.954662
1194 391.580915 482.258589 74.828507 93.741411
1195 391.503019 482.392033 74.516551 93.607967
1196 391.654614 482.408428 74.661212 93.591572
1197 391.637948 482.440746 74.573851 93.559254
1198 391.614402 482.635288 74.851756 93.364712
1199 391.528739 482.591771 74.877266 93.408229
1200 391.458178 482.571435 74.899571 93.428565
1201 391.534009 482.460657 74.812027 93.539343
1202 391.856798 482.383193 74.795437 93.616807
1203 392.017631 482.437520 74.857128 93.562480
1204 392.143380 482.515550 74.851009 93.484450
1205 392.272607 482.397820 74.889407 93.568446
1206 392.374563 482.483297 74.862968 93.516703
1207 391.911909 482.676506 74.619069 93.323494
1208 392.049728 482.556782 74.842669 93.443218
1209 391.755760 482.421103 74.837852 93.572030
1210 391.924163 482.504726 74.861437 93.495274
1211 391.917795 482.305661 74.723085 93.627489
1212 392.268594 482.354818 74.863805 93.645182
1213 392.303129 482.420900 74.844414 93.579100
1214 392.339287 482.513436 74.840863 93.486564
1215 392.277392 482.349641 74.905114 93.581612
1216 392.267990 482.416232 74.842976 93.583768
1217 392.493240 482.373228 74.888324 93.626772
1218 392.445542 482.263206 74.778460 93.736794
1219 392.452775 482.098173 74.778460 93.901827
1220 392.183096 482.261821 74.688295 93.686810
1221 392.211268 482.341913 74.877105 93.658087
1222 392.151262 482.437114 74.889811 93.562886
1223 392.077843 482.574510 74.882387 93.425490
1224 392.089246 482.495722 74.989790 93.504278
1225 391.946551 482.604709 74.877763 93.395291
1226 392.023548 482.515240 74.940205 93.484760
1227 392.081881 482.385229 74.904903 93.577826
1228 392.143902 482.463627 74.899575 93.536373
1229 392.211174 482.562277 74.899349 93.437723
1230 392.521909 482.397436 74.991074 93.525319
1231 392.522786 482.583781 74.930352 93.416219
1232 391.933299 482.570887 74.621780 93.429113
1233 392.056959 482.478365 74.848248 93.521635
1234 392.256689 482.600560 74.991939 93.399440
1235 392.344547 482.675963 74.944074 93.324037
1236 392.226992 482.778216 74.828482 93.221784
1237 391.958063 482.990531 74.747922 93.009469
1238 392.144909 483.148055 74.897951 92.851945
1239 392.203104 483.120974 74.970034 92.879026
1240 392.296368 483.064862 74.883038 92.935138
1241 392.378821 482.989328 74.904846 93.010672
1242 392.429112 482.861714 74.633435 93.138286
1243 392.510789 482.882098 74.621261 93.117902
1244 392.594594 483.345847 74.771218 92.654153
1245 392.928328 483.143441 74.564399 92.856559
1246 393.178394 482.822713 74.770310 93.169760
1247 393.104412 482.637454 74.764452 93.362546
1248 393.158757 482.530194 74.882183 93.469806
1249 393.154237 482.369303 74.882183 93.584465
1250 393.199734 482.438353 74.919569 93.561647
1251 393.324464 482.666889 74.815049 93.333111
1252 393.510023 482.628222 74.751878 93.371778
1253 393.589827 482.543337 74.841059 93.456663
1254 393.363976 482.250726 74.706216 93.595147
1255 393.116033 482.619772 74.838023 93.380228
1256 393.045884 482.549084 74.878796 93.450916
1257 393.118141 481.522025 74.662060 94.169183
1258 393.026501 481.460434 74.800680 94.539566
1259 392.601006 481.817240 74.759960 94.182760
1260 392.566316 481.898315 74.910829 94.101685
1261 392.581501 481.928777 74.926933 94.071223
1262 392.595593 482.072870 74.967824 93.927130
1263 392.648009 481.909557 74.835305 94.090443
1264 392.720268 481.961205 74.917377 94.038795
1265 392.643544 481.874635 74.825231 94.125365
1266 392.732320 481.893848 74.886364 94.106152
1267 392.715746 481.964632 74.769366 94.035368
1268 392.716035 482.044903 74.843996 93.955097
1269 392.812530 481.872381 74.860801 94.023285
1270 392.807851 481.820161 74.891210 94.179839
1271 393.028865 481.745149 74.935284 94.254851
1272 393.072399 481.735226 74.953977 94.264774
1273 393.184331 481.654841 74.952314 94.345159
1274 392.830777 481.635645 74.821701 94.364355
1275 392.894002 481.587093 74.918207 94.412907
1276 392.825603 481.425346 74.834558 94.533133
1277 392.900671 481.494233 74.874837 94.505767
1278 392.642557 481.576142 74.781915 94.423858
1279 392.371992 481.629863 75.003469 94.206197
1280 392.423378 481.580956 75.313705 94.419044
1281 392.362948 481.514170 75.395154 94.483904
1282 392.243976 481.322989 75.549926 94.601167
1283 392.242548 481.393837 75.826061 94.606163
1284 392.268766 481.600444 75.884874 94.399556
1285 392.580477 481.329286 75.827028 94.643695
1286 392.691363 481.355182 75.792510 94.644818
1287 392.582653 481.464167 75.765903 94.535833
1288 392.697089 481.522238 75.829293 94.477762
1289 392.763895 481.313656 75.819512 94.554966
1290 392.478917 481.302655 75.855422 94.697345
1291 392.346300 481.314364 75.927079 94.685636
1292 392.867959 481.421345 75.964224 94.578655
1293 392.679527 481.573600 75.802501 94.426400
1294 391.913904 481.795317 75.800842 94.198212
1295 392.150074 481.710961 75.876340 94.289039
1296 392.338851 481.599350 75.892194 94.400650
1297 392.589292 480.966547 75.303261 94.732822
1298 392.678673 480.923237 75.404320 95.076706
1299 392.006809 481.210805 75.516672 94.789195
1300 392.200651 481.184808 75.922839 94.815192
1301 392.219485 481.105454 75.899315 94.894546
1302 392.694298 480.884449 75.903070 95.071596
1303 392.759568 480.964920 75.914043 95.035080
1304 392.349739 481.108950 75.818331 94.891050
1305 392.188520 481.022720 75.892600 94.977280
1306 391.979381 480.800697 75.871480 95.075868
1307 391.972376 480.738592 75.736331 95.261408
1308 391.794815 480.695314 75.811782 95.304686
1309 391.598524 480.698115 76.044665 95.301885
1310 391.853306 480.882711 76.523145 95.117289
1311 391.982641 480.993546 76.900741 95.006454
1312 391.155184 481.277523 76.401790 94.722477
1313 391.203195 481.282202 76.343239 94.717798
1314 391.264942 481.348038 76.451324 94.651962
1315 391.191924 481.270120 76.300053 94.729880
1316 391.345403 481.250436 76.423841 94.749564
1317 391.061808 481.353172 76.425092 94.646828
1318 390.936829 481.332647 76.408393 94.667353
1319 390.728293 481.409241 76.602540 94.590759
1320 389.900596 481.743463 76.736989 94.256537
1321 389.858091 481.794696 76.966158 94.205304
1322 389.810542 481.797754 76.901479 94.202246
1323 389.824173 481.802319 76.924203 94.197681
1324 389.826236 481.809950 76.924371 94.190050
1325 389.423012 481.802263 76.928388 94.197737
1326 389.435485 481.872690 76.895046 94.127310
1327 389.463531 481.968164 76.913658 94.031836
1328 389.414507 482.016338 76.852818 93.983662
1329 389.579478 481.959854 76.947018 93.946553
1330 389.787509 481.716763 76.898523 94.151590
1331 389.869798 481.686435 76.875219 94.313565
1332 389.957828 481.282155 76.838444 94.689829
1333 389.919942 481.317347 76.862288 94.682653
1334 389.931822 481.388923 76.827778 94.611077
1335 390.062866 481.558052 77.015105 94.441948
1336 390.055939 481.495028 77.374608 94.504972
1337 389.979152 481.805440 77.369365 94.194560
1338 389.862596 481.842696 77.381955 94.157304
1339 389.723382 481.869370 77.371800 94.130630
1340 389.810992 481.824771 77.403289 94.175229
1341 389.728092 481.806106 77.324147 94.193894
1342 389.716913 481.798980 77.363400 94.201020
1343 389.487220 481.869298 77.405754 94.130702
1344 389.374413 481.994669 77.407321 94.005331
1345 388.427228 482.190066 77.485373 93.809934
1346 388.396877 482.223140 77.428869 93.776860
1347 388.764349 482.091224 77.193267 93.908776
1348 388.929426 481.961960 77.339398 94.038040
1349 388.621679 482.187614 77.414597 93.812386
1350 388.721309 482.178786 77.437343 93.821214
1351 388.920413 481.969768 77.253104 94.030232
1352 389.100842 481.912340 77.656522 94.087660
1353 389.086670 481.952775 77.969111 94.047225
1354 388.979875 481.995827 77.911629 94.004173
1355 388.584361 482.162888 77.815863 93.837112
1356 388.939940 482.000922 77.810972 93.999078
1357 389.155224 481.793608 77.822064 94.090367
1358 389.222018 481.853472 77.881725 94.146528
1359 389.479377 481.792695 77.894181 94.207305
1360 389.617652 481.837632 78.002923 94.162368
1361 389.647189 481.820017 78.339504 94.179983
1362 389.560368 481.721772 78.140158 94.278228
1363 389.648375 481.670992 78.261302 94.329008
1364 389.739381 481.590243 78.436643 94.409757
1365 389.577534 481.474159 78.337071 94.525841
1366 389.587991 481.672471 78.347758 94.327529
1367 389.340874 481.538723 78.225738 94.461277
1368 389.359272 481.431444 78.373825 94.500550
1369 388.873131 481.462572 78.413271 94.537428
1370 388.793458 481.614525 78.475250 94.385475
1371 388.655533 481.571332 78.396273 94.428668
1372 388.338264 481.518161 78.419488 94.459179
1373 388.337270 481.431254 78.444070 94.500451
1374 388.067088 481.662655 78.473083 94.337345
1375 388.115002 481.445840 78.359605 94.554160
1376 388.250290 481.507348 78.417092 94.492652
1377 387.768014 481.559797 78.541602 94.329101
1378 387.905746 481.513559 78.940010 94.486441
1379 387.229513 481.526756 79.032249 94.370603
1380 387.662855 481.265081 79.442599 94.592389
1381 387.652176 481.218064 79.463957 94.781936
1382 387.591284 481.143030 79.262226 94.856970
1383 387.717040 481.049369 79.385008 94.950631
1384 387.569174 481.013982 79.411283 94.986018
1385 387.668155 480.826950 79.372047 95.126599
1386 387.701160 480.815679 79.322724 95.184321
1387 388.228377 481.031962 79.475587 94.968038
1388 388.235777 480.894482 79.333453 95.096828
1389 387.672027 480.931599 79.253412 95.068401
1390 387.479239 481.082657 79.642407 94.917343
1391 387.503342 480.956354 79.867973 95.043646
1392 387.412571 481.160952 79.702309 94.839048
1393 387.455960 481.076103 79.898808 94.923897
1394 387.431155 480.996847 79.917023 95.003153
1395 387.598998 481.050295 79.903484 94.949705
1396 387.675465 480.909800 79.941914 95.064824
1397 387.741251 480.977345 79.915237 95.022655
1398 387.820376 481.065975 79.915237 94.934025
1399 387.870387 480.935830 79.985100 95.064170
1400 387.704562 481.075342 79.914753 94.924658
1401 387.663868 480.979325 79.942661 95.020675
1402 387.628764 481.158253 79.869911 94.841747
1403 387.638613 481.059118 79.913097 94.940882
1404 387.649067 480.987314 80.005295 95.007348
1405 387.575560 480.950649 80.212950 95.049351
1406 387.430654 481.212199 80.348097 94.787801
1407 387.509745 481.209902 80.432296 94.790098
1408 387.375964 481.209065 80.388356 94.790935
1409 387.328333 481.193689 80.392156 94.806311
1410 387.270627 481.321759 80.527542 94.678241
1411 387.092110 481.377171 80.954497 94.622829
1412 386.991439 481.192734 80.494936 94.807266
1413 386.998470 481.071749 80.426576 94.928251
1414 386.952541 480.914357 80.440000 95.085643
1415 387.115689 480.980674 80.485686 95.019326
1416 387.128055 481.077101 80.444261 94.922899
1417 387.233536 480.968374 80.443255 95.031626
1418 387.083846 481.053830 80.364561 94.946170
1419 387.122662 480.899927 80.454813 95.084502
1420 387.183694 480.827449 80.188218 95.172551
1421 387.283358 480.825525 80.344340 95.174475
1422 387.340418 480.879652 80.540961 95.120348
1423 387.571150 480.880573 80.895430 95.119427
1424 387.379827 480.897155 80.928106 95.102845
1425 387.427485 480.850616 80.835710 95.149384
1426 387.290386 480.892042 80.885967 95.107958
1427 387.574928 481.169808 80.968336 94.830192
1428 387.303043 481.120291 80.893089 94.879709
1429 387.355367 480.987559 80.968186 95.012441
1430 386.851649 481.355266 81.025094 94.644734
1431 386.897068 481.708444 81.498803 94.291556
1432 386.457921 481.233721 81.506082 94.699206
1433 386.588364 481.318166 82.082092 94.681834
1434 386.578420 481.563595 82.552651 94.436405
1435 385.819155 481.491972 82.722506 94.426239
1436 386.054044 481.256832 82.910151 94.537297
1437 386.460754 481.208115 83.040654 94.791885
1438 386.300040 481.333304 83.436438 94.666696
1439 385.771651 481.733512 83.369603 94.266488
1440 385.301485 481.819428 83.340394 94.180572
1441 385.203992 481.822284 83.374257 94.177716
1442 384.766883 481.820422 83.229144 94.179578
1443 384.865744 481.840064 83.377582 94.159936
1444 384.981867 481.813423 83.448040 94.186577
1445 385.380388 481.814114 83.486447 94.185886
1446 385.387890 481.869802 83.481095 94.130198
1447 385.383753 481.989234 83.448450 94.010766
1448 385.406008 482.112109 83.398740 93.887891
1449 385.651783 482.016147 83.449036 93.982712
1450 385.585713 481.975334 83.424780 93.928615
1451 385.668088 481.888127 83.419751 94.021708
1452 385.193130 481.876111 83.199597 94.123889
1453 385.328134 481.785315 83.398083 94.214685
1454 385.363894 481.649121 83.398083 94.350879
1455 385.953797 481.418659 83.406230 94.469841
1456 385.449065 481.183848 83.335170 94.448198
1457 385.420596 481.093455 83.479021 94.548558
1458 385.400862 481.165076 83.420953 94.834924
1459 385.203333 481.083752 83.427181 94.916248
1460 385.322353 480.903615 83.451695 95.039791
1461 385.338112 481.015836 83.428053 94.984164
1462 385.343913 480.896299 83.363981 95.047329
1463 385.451368 480.965219 83.421551 95.034781
1464 385.528553 481.035804 83.419986 94.964196
1465 385.894644 480.965607 83.565179 94.997282
1466 385.647789 480.971736 84.023836 94.890670
1467 385.822890 480.701255 84.248360 95.104221
1468 385.970996 480.782809 84.308194 95.217191
1469 385.935943 480.983076 84.367836 95.016924
1470 385.346615 481.265803 84.292589 94.734197
1471 385.240617 481.254054 84.431168 94.745946
1472 384.492444 481.261694 84.448707 94.738306
1473 384.519170 481.203026 84.348967 94.796974
1474 384.922706 481.063300 84.453450 94.936700
1475 385.436787 480.858682 84.456967 94.977029
1476 385.213097 480.747945 84.392805 94.913020
1477 384.262334 480.270150 84.096629 95.257061
1478 384.372841 480.175915 84.400811 95.595202
1479 384.360606 480.168251 84.368561 95.831749
1480 384.161550 480.265030 84.539072 95.734970
1481 384.558568 480.180336 84.805438 95.819664
1482 384.373096 480.170395 84.991440 95.829605
1483 384.411130 480.065923 84.923315 95.934077
1484 384.637104 479.984952 85.010348 95.992232
1485 384.373019 479.892445 85.420141 95.913753
1486 384.111193 479.807266 85.497974 96.001630
1487 383.941206 479.786851 85.460205 96.213149
1488 383.874460 479.779854 85.431018 96.220146
1489 383.840524 479.768259 85.448418 96.231741
1490 383.827078 479.746560 85.395149 96.253440
1491 383.846937 479.674544 85.395418 96.325456
1492 383.888253 479.512549 85.368543 96.487451
1493 383.949338 479.329012 85.403731 96.554666
1494 383.842226 479.783921 85.652083 96.216079
1495 383.952438 479.669092 85.933087 96.330908
1496 384.036539 479.517398 85.903246 96.482602
1497 383.394674 479.301627 85.669742 96.494395
1498 383.414269 478.955463 85.647532 96.622482
1499 383.845663 478.985929 85.997933 96.996018
1500 383.680307 478.906117 85.904332 96.958899
1501 384.039067 478.764804 85.931939 97.014352
1502 383.736660 478.752645 85.692834 97.247355
1503 383.800136 478.722583 85.910697 97.277417
1504 383.111413 478.805190 86.270985 97.194810
1505 383.157286 479.044148 86.461369 96.955852
1506 383.027896 479.062975 86.386642 96.889029
1507 383.164482 479.188270 86.274221 96.798572
1508 382.826804 479.154752 86.299303 96.845248
1509 382.622477 479.213535 86.351905 96.786465
1510 382.209974 479.144808 86.311760 96.855192
1511 381.985849 479.078171 86.326538 96.921829
1512 381.863964 479.116373 86.137898 96.883627
1513 382.143247 479.151831 86.250921 96.848169
1514 381.530837 479.050568 86.212768 96.949432
1515 381.454874 479.105593 86.333744 96.894407
1516 381.318422 479.188131 86.333744 96.811869
1517 381.574616 479.457695 86.226012 96.542305
1518 381.688693 479.542371 86.276040 96.457629
1519 381.650644 479.361248 86.363804 96.591293
1520 381.294225 479.322083 86.396942 96.677917
1521 381.218546 479.308648 86.292287 96.691352
1522 381.131139 479.493934 86.417454 96.506066
1523 381.637564 479.540777 86.423702 96.459223
1524 380.708613 479.381933 86.277570 96.542660
1525 381.610632 479.272732 86.124917 96.727268
1526 381.763382 479.310575 86.218588 96.689425
1527 381.042904 479.521606 86.234390 96.478394
1528 381.417884 479.152148 86.414744 96.649295
1529 381.190047 479.241950 86.368354 96.758050
1530 381.619614 478.996193 86.536049 97.003807
1531 381.876804 479.171242 86.933168 96.828758
1532 382.013131 479.078867 86.901942 96.921133
1533 382.159276 479.076344 86.938412 96.923656
1534 381.773998 479.127162 86.804312 96.872838
1535 381.455372 479.335677 86.697447 96.664323
1536 381.301747 479.617498 86.873376 96.382502
1537 382.477753 479.238853 86.843341 96.644896
1538 382.288277 479.266332 86.955043 96.733668
1539 382.324599 479.280909 86.942481 96.719091
1540 382.450777 479.401895 87.004136 96.598105
1541 382.918078 479.586409 87.457530 96.413591
1542 382.395121 479.532863 87.290512 96.387706
1543 382.378392 479.540060 87.504348 96.345087
1544 382.060873 479.680962 88.056871 96.319038
1545 381.718374 479.753948 88.459657 96.246052
1546 381.997034 479.653070 88.325760 96.346930
1547 382.278536 479.477918 88.075687 96.522082
1548 381.988760 479.811183 88.392630 96.188817
1549 381.069813 479.961625 88.557903 96.038375
1550 381.206668 480.040221 88.934640 95.959779
1551 381.299645 479.837725 88.737832 95.971294
1552 381.418341 479.779340 88.810864 95.972415
1553 381.398291 479.746376 88.910421 95.931766
1554 381.555042 479.686098 88.860742 95.968520
1555 381.250826 479.658300 88.915161 95.685118
1556 381.505514 479.667114 88.833616 96.003177
1557 380.990977 479.948509 88.951849 96.051491
1558 380.941506 479.950839 88.868738 96.049161
1559 381.549977 479.818807 89.014989 96.181193
1560 381.418398 479.908618 89.429553 96.091382
1561 381.003524 480.095441 89.464425 95.904559
1562 380.599284 480.120782 89.477181 95.827556
1563 381.152461 480.023061 89.233030 95.888365
1564 382.035549 480.026766 89.345279 95.605618
1565 381.626217 480.327586 89.574143 95.451215
1566 381.228726 480.343786 90.042624 95.266103
1567 381.666016 480.297007 90.266240 95.553125
1568 381.314906 480.398144 90.177231 95.601856
1569 381.199761 480.523525 90.422047 95.476475
1570 381.025562 480.492282 90.118292 95.365344
1571 381.026531 480.515552 90.116303 95.348327
1572 381.024209 480.317897 89.772466 95.603663
1573 380.897157 480.309614 89.965844 95.690386
1574 381.146772 480.455060 89.748091 95.544940
1575 380.242783 480.610093 89.821747 95.389907
1576 380.125251 480.436489 89.686259 95.547655
1577 380.571564 480.886906 90.092538 95.113094
1578 380.811540 481.025992 90.108116 94.974008
1579 380.889737 480.995305 89.996944 94.781027
1580 381.259011 480.683117 89.656476 95.240069
1581 381.065366 480.742508 89.656729 95.255853
1582 380.511651 480.719046 89.369878 95.225474
1583 381.113195 480.558937 89.040088 95.441063
1584 381.155902 480.372811 89.544760 95.533798
1585 380.998747 480.572184 90.019745 95.427816
1586 381.180341 480.621286 90.462448 95.109289
1587 381.958071 480.966161 90.614953 94.741994
1588 381.719710 480.941440 90.806922 94.832387
1589 381.334023 480.804674 90.937741 94.880065
1590 381.526176 480.542213 90.664947 94.980326
1591 381.325108 480.324710 90.679084 94.968952
1592 381.422742 480.110692 90.722316 95.118576
1593 380.807398 480.232765 90.784094 95.296705
1594 380.176552 480.309412 91.020468 95.235179
1595 380.903833 480.105611 91.195681 95.503757
1596 380.635799 480.300115 91.339583 95.699885
1597 380.870194 480.075099 91.047014 95.924901
1598 380.567373 480.017727 91.234722 95.803262
1599 379.886974 480.143159 91.359448 95.698398
1600 380.948951 480.410227 91.130698 95.508183
1601 381.017794 480.730234 91.227680 95.269766
1602 379.191694 480.403969 91.137831 95.155970
1603 380.019563 480.183844 91.001542 95.537145
1604 379.931134 480.456744 91.105047 95.543256
1605 380.663439 480.460528 91.391818 95.539472
1606 380.608091 480.501022 91.341076 95.498978
1607 379.536666 480.003662 90.528495 95.537346
1608 380.079071 480.016613 90.623295 95.890416
1609 380.549399 479.857309 90.630103 95.873575
1610 380.757813 479.828323 90.957250 96.032497
1611 380.296854 479.986694 90.883991 96.013306
1612 381.116148 480.040248 90.619216 95.959752
1613 380.974694 480.102596 90.805299 95.708578
1614 381.122201 480.498053 90.889684 95.496890
1615 380.893323 480.257374 90.698320 95.516120
1616 380.713527 480.465888 90.850084 95.534112
1617 380.174447 480.536280 90.953037 95.463720
1618 379.960773 480.219319 90.783360 95.585716
1619 379.957258 480.198870 90.799420 95.801130
1620 380.454166 480.002755 90.922766 95.799426
1621 381.072073 479.838290 90.829586 95.758411
1622 380.663073 479.919469 90.820873 95.716479
1623 380.080149 479.949673 91.013742 95.523633
1624 381.033859 480.061134 91.659116 95.677208
1625 380.281156 480.159976 91.753526 95.408464
1626 380.443156 479.855412 91.687179 95.307693
1627 380.787567 479.842861 91.932973 95.254865
1628 380.361404 479.862290 91.625938 95.299383
1629 379.350639 479.901059 91.798575 94.938344
1630 379.397419 479.758779 91.630833 94.999293
1631 379.448259 479.735554 91.803375 94.829234
1632 380.750535 479.592088 92.019965 94.885433
1633 381.175155 479.661743 92.655624 94.624598
1634 381.501206 480.023974 93.052062 94.501687
1635 380.738592 480.271205 93.386323 94.742422
1636 380.280486 480.568893 93.454243 94.492043
1637 379.740697 479.983211 93.044478 94.538590
1638 379.587811 480.109474 93.324922 94.886235
1639 379.511387 480.334490 93.422575 94.621731
1640 379.609629 480.299967 93.339461 94.897564
1641 379.777248 480.176098 93.356171 94.897609
1642 379.469580 479.855293 92.992952 95.001151
1643 379.977499 479.865065 92.772173 95.399165
1644 380.329363 479.928101 93.122306 95.172678
1645 380.336650 479.941232 93.470053 95.391365
1646 380.157619 479.772633 93.371143 95.413159
1647 381.000587 479.251373 93.248340 95.555101
1648 380.599333 479.458140 93.473597 95.806448
1649 379.929152 479.777352 93.786227 95.461414
1650 378.699511 479.709782 93.871641 95.285366
1651 379.066082 479.462276 93.641123 95.544946
1652 379.272316 479.621757 94.089224 95.700554
1653 379.100817 479.582492 94.503051 95.826851
1654 379.402337 479.574264 94.965219 95.802182
1655 379.008426 479.411236 94.615507 95.925325
1656 378.845085 479.266379 94.868971 95.772890
1657 378.355386 479.089236 94.730454 95.748697
1658 378.729562 478.803912 94.836292 95.792647
1659 378.094017 479.294197 95.149353 95.118668
1660 379.447111 479.522569 95.568466 94.781994
1661 379.431121 479.716812 95.734799 94.501474
1662 380.708021 479.682531 95.343695 94.442358
1663 379.699716 480.101568 95.601454 93.640770
1664 379.396730 480.633888 95.849414 93.265387
1665 378.824402 480.722923 95.736067 92.948131
1666 378.987487 480.722432 95.644885 92.479526
1667 379.701937 481.071322 95.125955 91.810332
1668 380.178982 481.272582 94.727139 91.573558
1669 378.699225 481.617822 94.334939 91.571523
1670 379.509442 481.769214 94.146104 91.704884
1671 379.449806 481.791829 94.020500 91.798839
1672 381.276906 481.986982 94.664743 91.440819
1673 381.515523 481.872705 94.912513 91.340696
1674 381.398018 481.993104 94.866276 91.226624
1675 381.275515 482.142702 94.577441 91.040408
1676 381.203473 482.480671 94.675710 90.980800
1677 380.398595 483.143089 94.985925 89.959108
1678 380.658870 483.320412 94.361172 89.434062
1679 380.362248 483.957571 93.969897 88.630633
1680 382.500551 484.077158 92.709626 88.547652
1681 383.150265 484.568225 92.721681 88.320127
1682 383.951065 484.626111 92.633455 88.155255
1683 384.761592 485.072936 92.533065 87.857217
1684 385.725125 485.303870 92.317047 87.474501
1685 385.344149 485.613338 91.811165 87.273743
1686 385.371710 485.845211 91.439556 87.178113
1687 385.510284 486.223036 90.419122 86.849706
1688 385.512938 486.775549 89.745154 86.258027
1689 386.247643 487.183194 89.377560 85.759581
1690 387.576206 487.444967 88.839097 85.529175
1691 389.030812 487.656599 88.145310 85.706239
1692 389.134379 487.800436 87.549819 85.895216
1693 388.846459 487.797172 86.882347 85.913047
1694 388.708589 487.765703 85.981415 85.915622
1695 388.042054 487.908841 84.773098 85.770351
1696 387.932778 487.849833 84.380076 86.026770
1697 387.669366 487.936179 83.745929 86.512440
1698 387.934481 488.040599 83.549745 86.991807
1699 388.140266 487.973541 83.599533 86.909190
1700 388.594211 487.784295 83.485486 86.887597
1701 388.520758 487.563179 83.193103 87.132644
1702 389.395957 487.135528 83.432480 87.830073
1703 388.875436 487.147034 83.035814 87.854611
1704 388.765852 487.345319 82.914340 87.795042
1705 388.185606 487.415265 82.497801 87.962306
1706 388.195407 487.076083 81.974005 88.222527
1707 388.218379 487.101955 81.502542 88.496392
1708 388.874298 486.929853 81.625209 88.618118
1709 389.128748 486.814735 81.518550 89.185265
1710 389.243319 486.807989 81.577173 89.192011
1711 389.228237 486.881478 81.603676 89.118522
1712 389.440351 486.963292 81.438820 89.036708
1713 389.765625 486.995697 81.037197 89.004303
1714 389.773157 487.321316 81.146004 88.678684
1715 389.452474 487.241441 81.170048 88.758559
1716 389.654680 486.973561 81.061758 89.026439
1717 388.752151 487.609349 81.080164 88.390651
1718 389.117429 487.441705 81.009360 88.542799
1719 389.369499 487.591136 81.343692 88.408864
1720 389.466155 487.030571 81.259004 88.856646
1721 389.312367 486.747929 81.134318 89.203416
1722 389.513062 486.915353 81.111487 89.084647
1723 389.887993 486.920562 81.084559 89.079438
1724 389.263930 487.537861 80.897861 88.462139
1725 389.373051 487.355586 80.486527 88.575669
1726 389.523536 487.245461 80.069496 88.754539
1727 390.710326 486.378976 79.946556 89.621024
1728 390.893810 486.448210 79.568405 89.551790
1729 391.125183 486.632790 79.481342 89.367210
1730 391.482675 486.231271 79.050075 89.661989
1731 391.580125 486.477937 79.046731 89.522063
1732 391.887542 487.102190 78.931129 88.897810
1733 392.158603 486.883139 78.550124 89.116861
1734 392.457905 487.014257 78.745527 88.985743
1735 392.286233 486.448436 78.520305 89.355817
1736 392.158661 486.296230 78.861736 89.564677
1737 391.932975 486.193588 78.445190 89.806412
1738 391.814206 486.081960 77.969409 89.918040
1739 392.212477 486.014888 77.900928 89.912066
1740 391.905693 485.884623 77.630633 90.115377
1741 391.643719 485.939170 77.658636 90.060830
1742 391.554092 486.130951 77.669344 89.869049
1743 391.508210 486.236059 77.628004 89.763941
1744 391.630645 486.495296 77.988001 89.504704
1745 391.432449 486.666139 77.454311 89.333861
1746 391.711827 486.348421 77.041471 89.651579
1747 392.235992 486.468884 77.301671 89.531116
1748 392.449868 486.479206 77.054099 89.520794
1749 392.749134 486.413212 76.801497 89.586788
1750 392.795870 486.417263 76.588772 89.582737
1751 393.285097 486.442791 76.865383 89.557209
1752 392.978187 486.067754 76.762088 89.932246
1753 392.715035 486.044738 76.895042 89.955262
1754 392.833721 486.272615 76.853854 89.656381
1755 392.364183 486.297689 76.430961 89.702311
1756 392.502107 486.195272 75.990529 89.804728
1757 393.003387 486.165866 75.851907 89.834134
1758 393.303533 486.081850 75.725021 89.918150
1759 393.393367 485.957585 75.607025 90.042415
1760 393.354279 486.088379 75.569151 89.911621
1761 393.390502 486.122943 75.660612 89.877057
1762 393.775568 486.105618 75.791137 89.894382
1763 394.204055 485.799680 75.497581 90.200320
1764 393.891222 485.599435 74.826284 90.400565
1765 394.110517 485.399392 74.858394 90.582618
1766 394.220444 485.249082 74.637287 90.750918
1767 394.694283 484.914724 74.227159 91.085276
1768 395.131727 484.785123 73.941156 91.214877
1769 395.398786 484.283369 73.497013 91.716631
1770 395.455777 484.166249 73.099557 91.833751
1771 395.499280 484.092699 73.103802 91.907301
1772 395.285353 484.171595 73.456702 91.781537
1773 394.912738 484.059218 73.215253 91.940782
1774 394.302228 483.809592 72.828412 92.132493
1775 394.435063 483.797315 72.853906 92.202685
1776 394.517205 483.607346 72.814304 92.392654
1777 394.748566 482.975052 72.729303 93.012255
1778 395.086284 483.071956 72.867416 92.928044
1779 395.321867 483.028152 72.885882 92.852794
1780 395.733599 482.730509 72.661360 93.126554
1781 396.002160 482.725114 72.780967 93.274886
1782 395.901510 482.649757 72.824148 93.350243
1783 395.870044 482.483631 72.785593 93.516369
1784 395.912147 482.708410 72.931517 93.291590
1785 395.800581 482.663392 72.830201 93.336608
1786 395.519588 482.644403 72.869320 93.355597
1787 395.162746 482.622785 72.923973 93.377215
1788 395.273875 482.436169 72.820632 93.543626
1789 395.434486 482.468221 72.807067 93.531779
1790 395.518582 482.266485 72.258392 93.733515
1791 395.663561 482.169881 72.170960 93.830119
1792 396.280131 482.108269 72.602602 93.763148
1793 396.290913 482.194508 72.898702 93.805492
1794 396.128690 482.232179 72.891249 93.767821
1795 395.959229 482.331428 72.897724 93.668572
1796 395.831796 482.429774 72.929184 93.570226
1797 395.036899 482.640873 72.649107 93.359127
1798 395.442591 482.367984 72.759006 93.622339
1799 395.777898 482.368501 72.926995 93.631499
1800 395.874982 482.319149 72.946735 93.680851
1801 395.674158 482.315018 72.844306 93.684982
1802 395.572756 482.408632 72.722185 93.591368
1803 395.550118 482.380489 72.841880 93.619511
1804 395.467632 482.338274 72.841880 93.661726
1805 394.780784 482.091012 72.456306 93.908988
1806 394.893690 481.847883 72.335921 94.100479
1807 395.540003 481.796099 72.610042 94.203901
1808 395.493665 481.793509 72.932248 94.206491
1809 395.254174 481.809248 72.874823 94.190752
1810 395.450395 481.398697 72.724514 94.601303
1811 395.406640 481.511234 72.913740 94.488766
1812 394.012502 481.691255 72.776101 94.308745
1813 393.980039 481.614289 72.844400 94.385711
1814 394.012559 481.434760 72.824924 94.531178
1815 394.114982 481.481771 72.813583 94.518229
1816 394.125076 481.525345 72.850791 94.474655
1817 394.038139 481.398761 72.810346 94.525469
1818 394.095804 481.446997 72.853481 94.553003
1819 394.351581 481.520087 72.920050 94.479913
1820 394.391173 481.543712 72.997139 94.371558
1821 394.339742 481.480563 72.921123 94.502704
1822 394.258738 481.611723 72.950658 94.388277
1823 394.234335 481.567706 72.952604 94.432294
1824 394.153582 481.374500 72.967756 94.552825
1825 393.582613 481.278541 72.866166 94.721459
1826 393.546836 481.289441 72.907289 94.710559
1827 393.737430 481.279051 72.954069 94.720949
1828 393.834358 481.278248 72.903196 94.721752
1829 393.664722 481.357359 72.902326 94.642641
1830 393.533816 481.294538 72.857676 94.705462
1831 393.534051 481.269207 72.789238 94.730793
1832 393.650115 481.147293 72.726320 94.852707
1833 393.660061 480.994319 72.888284 95.005681
1834 393.272848 481.290851 72.952757 94.709149
1835 393.358044 481.307104 72.897442 94.692896
1836 393.414192 481.302688 72.888566 94.697312
1837 393.816981 481.140142 72.938900 94.859858
1838 394.029451 480.945428 72.893275 95.054572
1839 393.716311 481.256277 72.836241 94.743723
1840 393.680108 481.248077 72.888002 94.751923
1841 393.714024 481.192512 72.868623 94.807488
1842 393.799508 480.974820 72.874329 95.025180
1843 393.889259 480.997805 72.873190 95.002195
1844 394.103582 481.168428 72.926929 94.831572
1845 393.949189 481.157875 72.954038 94.842125
1846 393.935443 480.932250 72.868724 95.067750
1847 394.162376 480.866818 72.882599 95.133182
1848 393.965055 480.897093 72.938980 95.102907
1849 392.255636 480.937017 73.032738 95.062983
1850 392.734084 480.881022 73.379566 95.118978
1851 392.654549 480.959897 73.390312 95.040103
1852 392.387454 480.933836 73.339517 95.066164
1853 392.276518 480.943570 73.345370 95.056430
1854 391.896844 481.130955 73.342927 94.869045
1855 392.075974 481.008762 73.418283 94.991238
1856 391.946862 480.860705 73.393501 95.047044
1857 390.539625 481.344150 73.492528 94.655850
1858 390.819294 481.136438 73.180763 94.863562
1859 391.266821 480.613905 73.297874 95.382455
1860 391.050921 480.522785 73.487951 95.477215
1861 390.739983 480.384285 73.487951 95.576158
1862 390.696125 480.652685 73.504146 95.347315
1863 390.953801 480.498665 73.881612 95.501335
1864 390.636713 480.521107 73.947191 95.478893
1865 390.832634 480.294954 73.903299 95.604355
1866 391.037510 480.213563 73.912897 95.786437
1867 390.769977 479.911017 73.688464 96.088983
1868 391.020989 479.957872 73.938010 96.042128
1869 391.045008 480.094387 73.953306 95.905613
1870 391.082491 480.166382 74.060953 95.833618
1871 391.098314 480.186777 74.440678 95.813223
1872 390.781374 480.304980 74.483144 95.695020
1873 390.662746 480.414285 74.480099 95.585715
1874 390.512254 480.499017 74.421555 95.500983
1875 390.563281 480.658419 74.506306 95.341581
1876 390.301732 480.743289 75.012832 95.256711
1877 389.949449 480.715746 75.446765 95.284254
1878 389.749205 480.703804 75.403484 95.296196
1879 389.420365 480.892342 75.457022 95.107658
1880 389.428141 480.857991 75.349173 95.142009
1881 389.448181 480.877162 75.381099 95.122838
1882 389.502368 481.022664 75.475555 94.977336
1883 389.539028 480.882233 75.429589 95.102096
1884 389.567775 481.041586 75.486262 94.958414
1885 389.511952 480.965379 75.448338 95.034621
1886 389.459837 481.104524 75.431817 94.895476
1887 389.550810 480.690943 75.368336 95.309057
1888 389.712174 480.669706 75.446394 95.330294
1889 389.796594 480.575749 75.444508 95.424251
1890 389.654947 480.482967 75.541005 95.517033
1891 389.878403 480.619576 75.937244 95.380424
1892 389.820135 480.525164 75.903758 95.474836
1893 389.789177 480.409123 75.928880 95.590877
1894 390.256409 480.519922 75.822419 95.480078
1895 390.415001 480.374138 75.914145 95.596918
1896 390.577730 480.407757 75.865348 95.592243
1897 390.709606 480.600384 76.042567 95.399616
1898 390.867832 480.518343 76.463982 95.481657
1899 390.003390 480.568735 76.542479 95.423833
1900 390.210290 480.396557 76.864803 95.603443
1901 390.055207 480.537225 76.920953 95.462775
1902 389.848730 480.487212 76.928469 95.488952
1903 389.800540 480.421146 76.945990 95.507628
1904 389.652356 480.644892 76.933954 95.355108
1905 389.511596 480.566913 76.891147 95.433087
1906 389.427179 480.438541 76.855480 95.561459
1907 390.137593 481.043684 77.180021 94.956316
1908 390.267213 480.982573 77.438455 95.004920
1909 390.079142 481.056509 77.389073 94.943491
1910 389.797870 481.058712 77.532694 94.899331
1911 389.559882 480.984087 77.929377 95.015913
1912 389.107150 481.132979 77.858264 94.867021
1913 389.079984 481.066881 77.901423 94.933119
1914 388.535973 481.003956 77.964421 94.996044
1915 388.565887 480.863050 77.971123 95.054070
1916 388.612446 480.919702 77.922445 95.080298
1917 388.457971 481.028818 77.948729 94.971182
1918 388.204225 480.957008 77.952043 95.000448
1919 387.488440 481.125476 77.918193 94.874524
1920 387.554040 481.078113 77.957153 94.921887
1921 387.510695 480.908801 77.909583 95.091199
1922 387.438488 480.996647 77.989448 95.003353
1923 387.357970 481.163025 77.928288 94.836975
1924 387.084441 480.955985 77.834233 95.044015
1925 387.228842 481.071730 77.925673 94.928270
1926 387.373621 480.942334 77.957838 95.055284
1927 387.598569 480.738921 77.766675 95.261079
1928 387.994594 480.630779 77.892366 95.369221
1929 387.996032 480.743519 78.135447 95.256481
1930 388.317513 480.536020 78.268878 95.463980
1931 388.368785 480.413555 78.446259 95.577205
1932 387.833484 480.873303 78.689629 95.126697
1933 387.928567 480.913627 78.958386 95.086373
1934 387.718682 480.961942 78.996723 95.038058
1935 387.052030 481.060406 78.917480 94.939594
1936 387.105329 480.881914 78.916726 95.097983
1937 387.484324 480.775610 78.907437 95.224390
1938 387.471810 480.785790 78.869021 95.214210
1939 387.055827 480.899209 78.930924 95.100791
1940 387.187885 480.869279 78.873202 95.130721
1941 387.357853 480.898647 78.794600 95.101353
1942 388.006751 480.767876 78.789262 95.232124
1943 388.250923 480.759357 78.946505 95.240643
1944 388.130249 480.638960 78.820935 95.361040
1945 388.045131 480.551352 78.914455 95.448648
1946 388.193809 480.316286 78.938635 95.662188
1947 388.313815 480.241456 78.887713 95.758544
1948 388.313465 480.230618 78.974946 95.769382
1949 387.864755 480.590593 79.272675 95.409407
1950 387.745136 480.393418 79.389527 95.606582
1951 387.734931 480.415568 79.341440 95.584432
1952 388.174122 480.419967 79.396510 95.580033
1953 388.254686 480.515162 79.404819 95.484838
1954 388.292245 480.438393 79.418095 95.554932
1955 388.288981 480.495811 79.452781 95.504189
1956 388.363055 480.607569 79.465685 95.392431
1957 388.668867 480.488792 79.507040 95.511208
1958 388.919166 480.603128 79.965313 95.396872
1959 388.842378 480.507163 79.907799 95.492837
1960 388.692960 480.376466 80.009567 95.551016
1961 388.876809 480.580107 80.505385 95.419893
1962 389.046498 480.451388 81.052328 95.548612
1963 388.632275 480.686076 81.431614 95.313924
1964 388.488152 480.725972 81.530041 95.264268
1965 388.372122 481.059237 81.953576 94.940763
1966 387.860766 481.054980 81.958123 94.920336
1967 387.405466 480.879317 81.872047 95.111188
1968 387.054803 481.080805 81.940012 94.919195
1969 386.686569 481.070413 82.005634 94.929587
1970 386.667226 481.059993 82.309107 94.876042
1971 386.494490 480.990767 82.395618 95.009233
1972 386.620025 481.153667 82.541526 94.846333
1973 386.622174 481.059526 82.803419 94.940474
1974 386.493377 480.918316 82.803419 95.025436
1975 386.165846 481.205671 82.897439 94.794329
1976 386.087957 481.215344 82.895789 94.784656
1977 385.758310 481.182030 82.852879 94.817970
1978 385.512991 480.981398 82.853599 95.018602
1979 385.319915 480.983474 82.867471 95.016526
1980 385.285071 480.939000 82.925677 95.061000
1981 385.359830 480.994495 82.939399 95.005505
1982 385.427730 481.077738 82.939399 94.922262
1983 385.461861 480.914313 82.951810 95.063080
1984 385.680642 481.003659 82.973416 94.996341
1985 385.661096 480.846202 82.876111 95.063098
1986 385.479711 481.068997 82.831835 94.931003
1987 386.127349 481.113503 82.958226 94.650636
1988 386.007292 481.133419 82.832524 94.866581
1989 385.950087 481.045362 82.832524 94.954638
1990 385.752243 480.856214 82.828831 95.075551
1991 385.672077 480.993456 82.862809 95.006544
1992 385.330476 481.150068 82.884244 94.849932
1993 385.333887 480.897075 82.899370 95.102925
1994 385.234580 480.867486 82.932414 95.132514
1995 384.928113 481.226154 83.187577 94.773846
1996 384.908892 481.103963 83.395256 94.896037
1997 385.021529 480.997659 83.389248 95.002341
1998 385.078748 481.097525 83.332451 94.902475
