31 517.583823 418.182922 89.916920 271.907796
32 517.589881 417.473692 89.595214 272.370046
33 517.665420 416.767447 89.705262 272.495361
34 517.907667 415.156844 89.138492 272.997143
35 518.063839 415.018580 89.323539 272.666423
36 518.382857 413.252924 88.964737 273.636772
37 518.404784 413.382460 88.968774 273.872796
38 518.414655 413.379416 88.972462 273.832489
39 518.426047 413.289742 88.895941 273.624110
40 518.546929 413.025286 88.558300 273.013044
41 518.773933 413.088439 88.802950 272.933621
42 518.665982 412.790746 88.626002 272.089467
43 518.774856 412.700715 88.648469 271.334429
44 518.753388 411.822963 88.536627 269.635486
45 518.175756 411.378227 88.381433 268.364282
46 516.468636 413.143774 87.959417 260.358011
47 516.414106 416.749051 88.660170 249.280543
48 517.247984 416.558997 88.567539 249.028780
49 517.616895 416.603314 88.768383 249.503676
50 518.892009 415.532890 88.385970 249.157035
51 519.914811 415.276398 87.713850 245.703437
52 520.625485 414.438288 87.622924 245.134570
53 521.077605 414.699236 87.869260 244.750103
54 521.620264 416.300574 88.136409 243.005328
55 522.637207 416.476224 88.087579 242.712589
56 528.578516 412.848383 84.929590 243.247687
57 540.057993 410.353848 79.746651 248.723109
58 550.365267 422.509573 75.740917 249.916033
59 558.869209 431.137057 73.672738 248.660898
60 566.468112 428.550781 72.269584 253.473744
61 573.235914 427.684858 71.524889 252.797166
62 583.391168 421.122193 72.144048 258.743528
63 593.176454 405.375571 69.597676 271.191248
64 602.540376 405.232665 68.873472 267.944177
65 609.042660 403.016236 68.209588 272.752649
66 619.585771 406.438182 67.650270 273.485415
67 629.173307 415.735088 66.150612 273.489462
68 635.070605 435.826896 67.298040 259.231273
69 637.678640 447.715423 65.250256 261.348095
70 643.802302 448.552888 62.170424 251.239531
71 645.713730 449.074112 61.107263 239.528976
72 649.319995 450.589612 63.239676 239.576145
73 647.277210 448.076804 64.011736 241.031742
74 648.006016 445.957233 64.248542 240.149817
75 642.303136 467.527222 73.802628 214.906233
76 637.475382 500.708607 77.967383 185.409512
77 639.407952 515.912994 78.941738 173.452060
78 639.467973 516.561569 78.956009 172.645121
79 638.538549 514.236695 79.636241 174.344740
80 637.347358 514.584901 81.257843 173.748265
81 637.545994 515.731561 81.436449 172.542638
82 637.769143 516.560122 81.263259 172.355987
83 638.186007 516.699273 80.306728 172.128778
84 639.046109 517.349720 78.198800 171.609349
85 638.982080 516.924726 77.844013 171.983646
86 639.106174 516.706440 76.573596 171.697623
87 639.512934 516.803670 75.994780 171.536290
88 639.486585 517.031236 75.698903 171.773349
89 639.606921 517.135581 75.891915 171.880773
90 639.663992 517.533887 75.819114 171.461745
91 639.708473 517.805404 75.716349 171.075239
92 639.867534 518.631199 75.821092 170.635987
93 639.948374 519.626876 75.846601 169.047080
94 639.583345 520.020148 76.275258 168.971355
95 639.641108 519.999489 76.481951 168.902226
96 639.620757 519.931752 76.484683 169.070254
97 639.618866 520.130339 76.487488 169.491716
98 639.615947 520.130715 76.487638 169.478889
99 639.612954 520.137504 76.487638 169.478889
100 640.157457 529.760883 75.875051 160.126901
101 639.958799 534.702564 75.524482 155.684040
102 639.824276 536.507232 75.937045 153.329558
103 639.380315 539.439148 76.157494 150.298209
104 638.533645 538.061634 75.623962 150.911825
105 641.037536 539.223501 73.752621 148.872804
106 640.428879 542.267175 74.005836 144.854839
107 631.642379 542.015282 75.074932 141.176737
108 631.810419 542.459980 75.460064 141.231493
109 632.651999 543.668388 74.819800 140.362340
110 637.441236 526.050750 69.722292 144.390168
111 638.134165 523.501382 67.991413 142.797545
112 638.468116 518.789988 65.855655 141.842200
113 639.851573 518.603333 65.444680 138.430547
114 640.172587 518.571694 65.463579 137.707371
115 640.292601 519.645509 65.727734 135.116226
116 640.503856 520.087468 66.164840 133.856014
117 641.637366 516.335435 66.398050 132.249634
118 642.038273 512.284927 67.218487 125.902711
119 641.785585 504.642895 69.104526 127.070346
120 641.572924 488.686712 69.582264 138.388456
