5 115.761382 97.982687 34.112663 32.781893
6 116.930700 96.804389 32.074143 35.912792
7 117.492939 97.768971 32.370239 36.808544
8 118.743108 97.675427 31.522867 38.064095
9 120.338347 99.749147 31.142619 41.026261
10 121.368790 100.089680 30.301884 41.778402
11 121.283192 101.059169 30.503159 42.054660
12 120.955566 103.353555 30.771882 41.326674
13 121.095024 103.390287 30.763830 41.433518
14 120.854787 102.845525 30.740989 42.290388
15 120.907719 102.748354 29.977033 42.663874
16 120.904956 102.739999 29.986208 43.264012
17 122.241976 102.917061 29.837397 45.436684
18 122.637637 102.567859 29.399041 45.882973
19 122.914804 102.790923 28.808343 45.658447
20 123.045888 103.313830 29.334867 46.239931
21 125.609046 105.244045 29.308803 46.362475
22 126.120410 102.209626 28.642619 48.390739
23 126.793896 103.063931 28.926393 48.056036
24 126.818986 102.179023 29.393457 48.487359
25 127.055778 99.939898 29.463245 47.001581
26 126.767326 98.274586 29.764804 46.039570
27 126.967595 98.575542 30.034571 46.165748
28 128.029555 101.345776 30.431712 45.823347
29 128.485396 105.668306 30.367617 43.323095
30 128.129506 107.921053 30.854861 43.140777
31 126.518753 110.400385 31.694094 41.013291
32 126.280400 108.007594 31.844186 42.118493
33 127.556255 104.754109 31.561488 41.140097
34 129.659449 102.053108 34.170193 41.004557
35 134.148743 102.302769 32.649368 41.382206
36 137.542140 104.379507 32.883087 43.049912
37 136.342039 104.327055 32.493436 42.669859
38 136.913321 108.338064 32.810716 42.513883
39 137.382452 112.479355 33.010005 42.222935
40 136.423162 117.575839 33.842003 40.598021
41 134.672579 118.904872 34.049628 40.050075
42 131.452373 117.232793 34.681244 39.695286
43 131.285363 114.920179 32.968373 43.362597
44 130.920748 116.974164 32.908417 43.774296
45 131.123003 117.503836 32.492559 43.542737
46 131.134283 118.657819 32.234586 43.199044
47 128.537681 117.555299 31.547669 43.691280
48 128.079089 117.475009 31.380711 44.882416
49 128.402760 117.941521 30.100674 46.892226
50 128.615352 117.855601 30.450063 47.179797
51 128.592481 118.658034 30.423303 46.687895
52 128.448741 119.003983 30.741891 46.630087
53 127.012026 118.925805 31.413682 47.993399
54 123.031252 121.704289 32.299342 46.964337
55 120.625337 123.228721 31.473507 49.562314
56 122.261114 119.510916 30.565400 50.275979
57 123.463723 118.587123 31.153478 48.760595
58 123.553447 116.770898 31.424880 46.590253
59 121.372303 116.342561 33.534981 42.755847
60 120.693815 115.314412 34.596888 41.124499
61 120.931693 115.393429 34.999019 41.363400
62 120.738613 114.386839 35.079336 42.420273
63 120.156213 111.870094 35.143800 42.067646
64 116.009523 109.553276 38.478691 40.576140
65 115.007686 108.562701 38.376870 38.382169
66 114.564066 106.635595 39.099690 37.108165
67 116.992216 105.014881 39.477777 34.946905
68 121.481933 103.047583 39.435407 32.999819
69 123.933308 98.400576 37.876896 32.261330
70 123.870644 95.570786 36.790113 31.631822
71 125.734660 92.982015 34.959186 31.007910
72 126.894868 82.650152 34.198822 31.026234
73 129.907419 75.599138 32.542850 31.117751
74 127.042858 61.788192 30.746054 30.028875
75 126.554479 59.271404 28.194693 28.504338
76 126.578149 61.698712 27.210606 29.168962
77 125.394721 62.952897 24.236653 30.229340
78 125.058384 64.569712 22.603571 30.484913
79 123.400361 66.376646 22.151715 29.703096
80 124.285731 68.081405 22.204283 28.958334
81 124.972462 69.124596 21.395347 27.600624
82 128.300392 68.139309 20.012874 28.689431
83 133.772453 68.854699 18.901281 28.525783
84 139.166260 69.760330 17.175522 29.572491
85 138.941322 69.171177 16.736717 28.070376
86 138.411608 70.651524 16.950834 27.041399
87 137.611644 72.419627 15.821447 24.959738
88 141.057309 70.542611 14.414925 27.645732
89 139.441026 70.006918 13.358232 25.377170
90 144.766587 66.844051 13.020509 26.008066
91 141.880595 64.908880 12.152448 25.603858
92 142.000099 59.836313 13.187400 26.804003
93 147.544358 58.306156 13.542364 24.727433
94 150.057390 58.069045 14.964744 24.478111
95 150.869783 59.315047 14.740237 21.500491
96 147.698535 57.871006 15.047006 22.603944
97 148.708817 58.385755 13.841838 22.794712
98 147.844577 63.171952 14.431654 22.590417
99 148.971842 70.006544 13.823158 22.144582
100 145.796286 66.621409 13.330119 23.583050
101 149.144443 72.741265 13.299840 21.560350
102 144.432254 77.752602 15.366321 19.648123
103 142.914642 79.993075 16.672747 17.521181
104 140.135245 80.173121 16.764130 20.289060
105 142.073388 87.511294 16.520932 18.645048
106 139.941245 88.676434 16.266767 19.340787
107 141.766907 91.340664 15.434399 17.538539
108 139.977826 92.518467 14.284326 17.488364
109 140.376497 91.154190 12.700125 18.921099
110 142.077940 88.573357 12.373266 20.457218
111 143.232519 87.800978 11.733956 20.152041
112 138.478855 89.582295 11.518089 21.791878
113 140.931707 90.654609 11.190400 20.309736
114 142.129370 90.642786 10.798937 20.109657
115 143.650822 91.513434 10.371142 20.300367
116 142.872494 90.443347 9.970213 21.534095
117 144.576453 91.463277 9.729008 21.296830
118 145.224489 91.508917 9.876422 21.202778
119 145.898367 90.630743 9.190142 21.356394
120 146.456238 90.655680 9.186446 21.903849
121 147.055698 90.211679 9.217366 22.287068
122 147.669900 91.085545 9.197160 22.517754
123 146.618376 92.965330 9.360581 21.646596
124 145.654045 92.505185 9.454141 22.237789
125 145.460139 91.060334 9.299448 22.662390
126 145.787401 91.203786 9.831388 22.249271
127 145.623417 89.843546 9.870963 22.531332
128 145.588858 89.316609 9.606590 22.486633
129 145.645757 87.758537 10.085111 21.962361
130 146.803310 88.058964 10.822013 21.029690
131 148.575085 87.239748 10.462470 21.279135
132 147.433609 89.944002 9.902262 20.496467
133 145.725287 90.399716 9.630173 20.123302
134 146.019242 90.284340 9.759315 20.462892
135 147.435971 89.270736 9.873887 21.776678
136 147.812533 89.114712 9.742465 21.542476
137 148.678982 89.122947 9.979955 21.967624
138 149.123288 87.269386 9.788670 21.830237
139 149.401710 83.664582 9.913629 24.285237
140 149.151076 69.682595 9.699945 25.620815
141 146.046152 70.138054 11.949480 25.439099
142 145.504532 74.848851 11.308349 24.857106
143 144.346398 80.824031 11.976333 24.456208
144 145.338848 82.419474 12.434452 22.108770
145 144.264062 74.911063 12.101563 23.029174
146 142.866350 66.218498 12.438635 22.445449
147 141.969709 71.620526 12.710580 21.543769
148 141.638433 82.419774 13.527343 21.549166
149 142.965792 85.497918 14.403160 21.047296
150 141.903286 76.455892 13.860327 21.517097
151 144.084102 72.039381 13.369046 22.734845
152 145.724159 85.486798 13.256255 23.025453
153 143.948130 96.269395 14.434866 21.893510
154 143.815310 87.392637 13.628029 22.732173
155 142.285818 71.869475 13.227561 25.919737
156 142.415074 78.676913 12.911078 23.869984
157 143.572437 81.893795 12.667171 22.479890
158 145.851680 97.060348 13.022035 22.529908
159 149.420028 100.545396 14.431763 20.982502
160 150.161195 95.682588 14.143415 25.426053
161 147.413005 82.385648 14.255631 25.208139
162 145.911622 96.000804 14.911339 25.617070
163 149.876033 104.274154 15.943610 23.702625
164 151.217838 85.441913 15.106526 27.960380
165 154.890348 87.344964 16.092063 25.669080
166 147.365533 95.130283 17.082158 25.471093
167 149.368563 88.292183 16.737047 25.394152
168 149.204463 74.094091 16.239497 25.973294
169 156.063081 72.165364 18.212664 24.032942
170 158.680052 83.558915 21.143252 23.742202
171 157.840221 86.958731 19.571883 26.178073
172 160.315453 80.313967 18.039744 26.136371
173 158.495293 76.981590 18.017332 26.374487
174 158.597029 75.274763 18.503073 25.766985
175 160.228639 74.561603 18.191730 27.056856
176 164.441921 73.495259 17.694150 26.826054
177 164.627562 73.279711 17.867616 27.005262
178 167.486223 74.682062 17.016694 27.150934
179 164.316591 76.778869 17.040016 28.304111
180 163.642080 74.320175 15.280341 27.988130
181 162.494239 74.903205 14.578059 26.799866
182 159.648513 73.115518 14.283966 28.540464
183 158.660103 75.797249 15.032893 27.832044
184 158.208928 78.210593 14.930973 27.350083
185 161.001059 76.726369 13.701914 27.526087
186 160.752563 71.279822 13.468661 32.971781
187 160.559262 72.045479 13.576442 30.629536
188 163.391970 81.593795 14.434105 29.852099
189 164.385278 81.488425 13.641626 28.144506
190 161.621739 78.705505 13.982608 28.349385
191 159.685695 83.146922 12.982317 30.541314
192 158.997451 90.895760 12.852591 30.916282
193 162.454261 90.684998 12.532130 27.261603
194 163.488134 87.212797 12.953676 25.388783
195 165.530602 90.651992 12.855487 25.412618
196 164.541083 102.034450 13.133932 26.852178
197 164.788823 106.379822 13.282565 25.930236
198 160.766919 98.938016 14.230265 25.308797
199 161.375659 92.994624 14.305290 25.800604
200 166.813714 101.659036 14.662593 24.992582
201 166.722970 107.232863 14.844114 24.307692
202 164.189724 101.943059 15.322592 24.121363
203 160.118804 99.304544 14.866263 24.295656
204 157.646403 103.152688 14.728034 24.495437
205 157.149710 102.387503 14.817990 25.907042
206 156.046202 106.986397 14.917874 26.979448
207 153.890059 111.781118 15.767736 27.739682
208 149.171662 109.682389 15.704629 28.055663
209 143.415035 101.361989 15.854147 30.090043
210 145.204536 108.760541 15.412568 27.955442
211 145.364564 112.418147 15.448866 27.634312
212 143.022648 112.089510 15.339427 24.661524
213 138.202136 112.362890 16.194056 24.428796
214 137.358079 115.769924 16.239626 24.267369
215 136.460783 112.131164 15.913303 25.517533
216 135.042633 112.231871 15.915717 24.023047
217 131.985230 111.822263 16.219915 29.219454
218 131.237217 117.360498 16.259328 30.807772
219 129.081421 118.511609 16.364421 33.232362
220 126.524758 112.689514 15.931757 34.475961
221 121.267719 102.088888 16.486428 36.993477
222 119.563287 106.541976 16.302109 34.069830
223 116.171024 114.533208 17.110171 36.890938
224 114.048651 116.247571 16.781762 36.739927
225 110.408437 110.452095 17.351728 40.015647
226 109.456658 109.712323 16.282811 36.813435
227 107.354498 112.312254 16.041159 39.067540
228 102.037241 123.098475 18.736951 38.962914
229 101.697922 126.900384 19.141314 37.248144
230 96.354722 125.363194 19.596086 42.338088
231 91.640176 120.644513 19.552845 39.354869
232 88.540294 115.521391 19.321709 36.327180
233 88.945236 126.620005 18.891921 32.639398
234 85.253963 130.340855 19.821723 34.806234
235 80.276923 128.248534 19.553842 33.903548
236 71.673200 122.485110 19.500382 33.035080
237 73.465903 129.726384 19.648218 29.135003
238 72.308312 135.555470 20.911174 30.953313
239 69.786634 135.588124 20.172551 29.173508
240 63.582750 129.446173 20.887958 29.975717
241 59.081809 128.534574 20.080130 27.887010
242 55.099354 122.739557 19.857293 26.727534
243 54.883470 121.290772 18.869728 24.991124
244 56.757136 118.116604 17.964458 25.644720
245 60.121901 120.379294 16.674933 22.477962
246 58.322466 115.713561 17.312616 22.318578
247 58.230385 111.404966 17.111426 21.718321
248 57.791247 107.609400 17.457636 21.219307
249 58.098585 105.209877 17.058661 20.009147
250 58.684775 102.062063 17.115877 19.535337
251 57.551154 99.899697 16.833696 18.875769
252 55.003542 97.663808 17.374515 18.222120
253 55.478461 98.119509 16.930328 18.547877
254 54.198171 97.111272 16.814129 18.836755
255 55.476903 96.498920 15.974740 18.169164
256 54.225416 92.835087 15.361232 18.290853
257 52.584711 95.344122 14.557880 20.035346
258 48.533017 93.312960 14.581299 22.084576
259 45.406328 91.871592 14.743298 24.265507
260 41.032377 93.844541 14.858286 25.492998
261 38.506943 96.185226 15.919171 25.269915
262 36.078798 94.436316 16.020202 24.830815
263 33.728568 92.948473 16.361692 25.092916
264 26.647383 93.102260 17.788590 25.265878
265 17.853344 93.083740 18.086816 25.401215
266 15.501648 92.628732 17.539524 24.476668
267 14.840443 88.581558 17.612071 24.266674
268 17.370463 82.799619 17.458652 24.091455
269 16.815680 83.915986 16.232164 27.723019
270 17.301629 88.999541 16.275144 28.742917
271 18.066430 91.806928 16.548180 27.699338
272 23.429048 93.251702 16.946434 26.968310
273 23.872817 93.855781 16.632930 27.296478
274 24.157096 96.210863 16.684972 26.764577
275 26.843001 99.095005 16.211025 24.462853
276 31.791100 100.342922 16.229281 26.513235
277 38.425742 103.141612 15.888768 25.279482
278 38.848156 101.842978 15.057783 25.347834
279 43.454746 102.732937 15.730748 26.083649
280 48.182991 99.745492 15.032303 24.502366
281 48.076748 98.087494 16.442584 25.504392
282 52.114064 96.818089 17.049140 26.719690
283 57.006617 97.968290 20.919921 28.805125
284 68.486084 99.669333 24.093441 28.728702
285 77.510995 97.349470 23.909711 27.680697
286 84.710725 98.582648 27.008015 28.372493
287 91.194454 101.324095 27.375275 28.318846
288 97.383360 95.873013 24.282912 29.681790
289 104.076134 88.972458 21.479197 27.974933
290 104.740051 87.500384 19.348899 28.127800
291 109.589226 85.796300 21.140758 27.749688
292 123.562858 89.057779 21.619391 27.320807
293 133.854568 87.506315 20.496855 28.920062
294 132.129917 92.806554 23.673162 27.537124
295 131.670416 99.317890 23.919756 25.015467
296 126.998838 104.432276 21.828827 25.842967
297 135.671782 109.799227 23.312391 23.609404
298 130.882772 118.998940 24.095441 26.624874
299 140.243443 117.056809 21.982681 28.738053
300 140.381454 119.868386 27.398763 28.262358
301 147.231565 98.824749 26.567347 26.601456
302 147.645011 102.284607 24.984307 25.669992
303 148.674657 103.017696 25.338924 25.256274
304 163.156512 102.805642 23.569310 25.943192
305 173.079757 108.632530 23.506737 30.372822
306 179.196344 99.599518 22.566480 31.521309
307 166.554331 102.751438 22.194885 31.913628
308 172.392623 105.496504 23.022755 31.158734
309 188.218203 103.766510 22.642107 33.877109
310 197.281117 103.568283 23.086593 31.727682
311 182.960646 104.986271 27.316828 30.171213
312 180.833911 119.766503 25.684425 29.124304
313 175.493308 109.863829 27.014797 28.412644
314 184.306754 108.526328 27.454624 27.584656
315 191.543760 101.949837 25.011274 34.862870
316 190.021610 105.043991 35.246838 33.779795
317 184.600784 113.430156 34.707383 33.773348
318 188.613962 119.233753 33.174830 34.043279
319 198.667404 115.500656 28.576298 32.962639
320 199.667562 118.430429 26.473495 33.337355
321 205.230946 117.000772 23.336296 32.342107
322 205.471358 119.975632 22.805484 33.973320
323 204.434220 113.186422 21.348845 32.197870
324 203.039306 111.419229 21.128626 31.807121
325 202.928611 104.229461 18.989304 33.510676
326 204.105020 105.130858 18.793863 34.212951
327 204.229910 104.396099 19.334522 35.355258
328 205.020850 101.396622 17.540575 35.031727
329 201.969271 106.160051 17.033740 36.424176
330 198.007534 110.735812 17.314528 37.071768
331 189.841884 125.171758 18.268578 37.383542
332 187.929807 130.798294 21.350986 32.367437
333 186.680842 130.718648 19.586070 31.946663
334 183.652322 130.198258 19.968648 33.536847
335 178.396682 132.331696 20.119823 31.634543
336 178.173521 132.846828 20.713638 30.484601
337 183.602946 131.569075 21.001291 29.669278
338 190.289912 132.379919 21.982033 29.364820
339 188.549583 132.466235 22.087450 30.809967
340 180.461725 133.517413 22.041164 32.199304
341 174.539055 132.819405 21.957324 31.058557
342 174.765915 133.015046 22.606185 30.682003
343 182.815296 129.259000 22.919406 30.579270
344 193.713166 115.022448 22.673053 35.468219
345 204.113151 111.808189 20.975954 32.425874
346 195.186022 111.924300 23.239867 37.841621
347 189.136092 108.588891 22.794442 35.161868
348 189.115242 109.217114 22.872205 34.625626
349 191.903665 104.674989 22.437237 31.883899
350 194.882826 104.964085 22.768978 30.413995
351 199.628863 100.807718 24.694079 32.051542
352 202.650395 90.572059 24.707913 31.695975
353 198.263483 91.863599 27.330067 30.516376
354 197.846124 93.651443 26.402671 29.259753
355 197.963095 93.483949 25.506932 29.572687
356 201.598464 92.708212 25.899380 29.549870
357 201.858323 90.978278 25.310967 29.900514
358 202.442983 92.331783 22.162176 31.162611
359 200.839546 93.428644 22.080806 31.008669
360 203.363454 91.303616 22.020176 30.711462
361 211.696264 86.554229 23.154970 35.647613
362 217.228123 84.780569 23.552898 32.661732
363 206.574488 86.118259 26.968458 33.423241
364 190.556499 70.196204 25.145066 31.316917
365 189.883907 78.158044 22.331674 32.215489
366 189.496807 78.068489 24.790603 28.369486
367 195.573115 82.099333 24.014467 26.053115
368 204.471608 78.301308 21.875295 29.878713
369 196.471426 84.624120 25.054211 27.960736
370 196.995375 75.058569 25.235190 29.152969
371 188.496593 79.472713 23.612331 32.260823
372 186.469494 80.646438 24.763308 27.294031
373 189.839898 72.709446 24.402399 25.708285
374 187.770297 70.597008 23.730034 26.688842
375 198.584005 69.191355 21.856320 32.961066
376 197.276410 73.450495 29.277190 31.325951
377 187.275365 73.418010 31.600467 32.081668
378 187.481481 72.599680 28.348161 35.967978
379 175.401573 70.396913 44.996515 35.234720
380 187.356599 72.935264 39.391861 36.460799
381 176.728661 72.463893 54.830901 35.141835
382 159.855030 79.502964 71.923059 34.877470
383 156.780874 88.023318 63.330331 37.533366
384 143.170089 84.356432 89.170688 37.803263
385 164.051648 81.322481 85.078888 36.780154
386 185.907572 67.261405 71.230346 42.753221
387 194.843469 74.089700 66.247787 44.925727
388 177.532693 78.078807 70.791790 44.218482
389 172.212883 89.023158 66.591524 48.528836
390 158.608879 83.501136 67.787913 55.112135
391 169.541890 97.771770 64.778078 54.556616
392 181.695601 100.957514 56.064180 63.967445
393 174.539926 99.838355 59.466851 61.129193
394 150.114758 106.857147 62.602162 56.966427
395 137.126340 108.862843 56.613175 58.432268
396 138.897668 104.219759 54.985100 58.201535
397 152.654064 101.130076 51.470735 54.958574
398 161.074051 104.908679 47.452443 52.937996
399 186.397745 98.283040 42.559470 61.430867
400 190.302000 95.955984 41.367599 59.859849
401 169.762195 99.635887 46.568629 57.362251
402 148.866587 103.898206 45.145176 56.932774
403 152.903278 102.351308 42.925060 56.798310
404 176.281236 93.340152 38.810508 60.311626
405 188.438088 92.081214 32.342043 60.355235
406 174.445776 89.505914 46.387104 63.818725
407 149.235978 88.102221 52.787990 64.632831
408 129.404076 89.199425 49.935441 65.973817
409 132.834419 87.992080 46.408565 67.093173
410 150.246887 85.945020 45.860985 63.762123
411 176.494788 79.098699 40.721772 68.296906
412 186.586479 82.130325 37.165024 65.702940
413 168.188222 87.401843 39.343094 63.821557
414 169.593212 88.431983 39.626106 64.206061
415 168.443579 93.694588 39.286703 60.678460
416 159.188656 88.071695 50.982931 62.685622
417 165.052128 93.361017 46.507873 60.658513
418 174.820468 85.370037 38.698367 66.008266
419 169.800791 79.380530 52.200288 69.872308
420 149.069118 82.589275 57.815424 70.513476
421 120.248474 79.401379 48.999478 68.357966
422 122.890039 75.724124 46.569033 76.611618
423 131.648375 76.340782 63.074612 71.438345
424 148.846751 75.204972 70.963177 71.001623
425 159.962525 75.531741 55.087297 75.428086
426 142.328000 70.345273 71.701488 73.272191
427 88.232459 77.975566 73.351665 73.183188
428 84.923710 80.786414 70.913755 72.166746
429 103.049022 80.208274 70.286761 70.212820
430 142.444524 61.382190 63.520676 76.644398
431 145.050769 62.092171 61.979663 76.405204
432 129.326607 69.809362 78.066428 66.154929
433 103.072070 69.790380 72.598136 69.023243
434 108.631420 76.205880 58.677463 70.753173
435 113.200887 69.686369 57.515913 74.619214
436 144.402043 60.715777 52.121898 77.588786
437 154.356298 55.605011 42.506342 79.975105
438 154.593697 55.514080 42.902333 80.030739
439 149.215351 57.933980 39.439506 79.030120
440 147.561249 58.735353 34.726294 82.810300
441 150.865244 59.478763 34.038122 82.808473
442 159.126453 58.063360 32.447349 77.614490
443 165.733376 54.807630 29.896934 74.672007
444 166.347540 56.505106 31.249732 74.221966
445 163.872683 60.256547 31.153085 71.951027
446 164.145815 60.318706 31.137543 71.755736
447 163.724680 61.059602 31.452026 71.678073
448 164.669252 65.991556 30.079324 69.704249
449 166.923704 67.118477 30.133035 68.597067
450 169.448450 66.573810 28.402056 67.291556
451 169.392316 67.272668 27.813985 66.604684
452 169.470082 67.264887 27.758884 67.052612
453 169.693478 67.565246 27.925552 67.358041
454 170.207486 68.258683 27.820502 66.682273
455 170.665566 68.590066 27.967332 65.948895
456 171.056366 68.947461 27.925998 64.712130
457 171.692861 69.845568 28.050526 63.156176
458 172.831610 71.035159 28.372615 62.535539
459 173.615487 72.728625 28.120477 62.576744
460 174.715452 76.936225 27.717448 59.968841
461 174.194431 84.618727 28.497930 53.826267
462 172.608360 93.579994 29.920555 46.737403
463 173.912614 99.511382 31.100018 44.327418
464 174.303980 101.989732 31.523849 44.560980
465 174.193195 105.623173 33.118776 44.346191
466 175.615026 107.779751 32.860374 43.689802
467 175.679379 107.917140 32.999292 44.048942
468 177.805301 110.382518 31.376647 44.403864
469 181.386802 113.706461 29.654986 44.240378
470 181.598637 113.914149 29.941801 44.388643
471 183.844791 119.737479 30.456568 44.432298
472 187.297394 122.413268 29.339993 45.616124
473 189.410344 122.258083 28.857467 47.680640
474 193.873992 125.985990 27.527952 47.894188
475 202.410470 129.018942 27.156277 47.888077
476 204.599542 134.819684 27.260454 43.983483
477 204.704774 136.778516 27.794971 42.778041
478 207.891281 137.675176 27.364223 42.034262
479 209.605634 139.678560 27.858273 44.192922
480 212.387581 140.637709 26.317664 45.624913
481 212.739042 142.602871 25.759757 44.195042
482 213.751265 143.764735 24.720975 44.687054
483 214.129898 144.586152 24.083022 45.982525
484 216.009082 147.319438 24.232643 43.619753
485 218.471752 146.701076 23.106404 43.567172
486 219.977533 146.162062 22.467840 44.287505
487 220.864539 144.322127 21.123769 46.180476
488 221.369453 144.154328 20.893918 46.357867
489 221.592345 145.825067 20.960332 45.977404
490 221.586239 146.512582 20.819479 45.578776
491 221.669094 148.278276 21.163962 45.168296
492 222.207988 147.873510 20.937336 45.163808
493 222.586993 144.885015 19.844663 46.153248
494 222.658357 144.472716 19.802203 46.086590
495 222.231584 143.928661 21.437397 46.449900
496 222.212002 144.116117 20.874609 45.923919
497 222.817077 143.131612 19.796866 46.311977
498 221.051564 141.319007 20.974168 46.007204
499 221.194993 143.035057 20.882735 42.313197
500 219.642106 142.577045 20.978473 43.101227
501 217.647092 139.869494 20.883981 45.411542
502 214.224922 138.491945 22.252915 46.856789
503 211.909713 136.665195 23.280387 48.237378
504 210.228734 136.575298 23.979073 48.753474
505 208.625855 136.538300 23.452231 49.871702
506 207.195366 137.748399 22.816754 49.524260
507 204.367222 138.263666 23.424234 49.370902
508 202.582794 138.075085 23.607855 48.670889
509 200.664916 138.196691 24.340059 48.814071
510 199.665664 138.698280 24.520462 48.515314
511 197.911640 140.493694 24.509217 48.142459
512 197.410513 140.627522 24.218155 49.111576
513 194.461707 141.269659 24.839532 48.977871
514 193.378776 140.748527 24.380276 49.965791
515 192.087951 140.152876 24.210525 49.800453
516 192.126074 137.538552 23.319580 50.850880
517 192.482813 140.308460 23.152351 49.111332
518 192.853590 141.646447 23.458123 48.504638
519 192.216291 143.741041 24.086884 47.752025
520 190.049611 147.695771 25.475651 44.868253
521 185.847772 147.671941 27.896679 43.613497
522 181.623366 147.437649 28.365139 43.819179
523 181.537657 146.680755 28.134104 45.423732
524 181.921821 147.772729 28.012799 45.702203
525 182.176580 148.082499 28.551591 46.138446
526 181.880264 149.464246 29.247384 45.673274
527 180.290189 149.921641 29.562224 45.306290
528 179.935522 147.207507 28.003049 47.206233
529 180.529555 147.308475 26.865048 48.328524
530 180.486942 145.921164 25.984066 50.757457
531 180.579100 146.843076 25.772340 51.654333
532 180.627672 147.204003 26.213853 51.782479
533 179.038427 148.769645 27.729328 50.453413
534 177.406807 150.323582 28.762469 48.756439
535 174.784055 150.038895 29.148742 48.131461
536 172.801050 147.312924 28.357397 50.952916
537 169.654513 146.294768 28.048383 54.717465
538 165.725660 148.874202 28.780228 53.922209
539 162.336412 149.339450 29.359333 54.216445
540 162.420357 149.177804 29.401983 54.407362
541 161.896935 150.150358 29.307188 52.444176
542 160.116875 149.914605 27.975654 52.738351
543 160.250996 150.050012 27.520642 52.922487
544 157.410158 151.514567 29.255191 53.327280
545 156.041262 154.528050 28.662531 51.493005
546 153.090108 156.433209 29.142644 49.253307
547 152.387436 155.954028 28.413262 50.768664
548 150.177482 156.607558 28.442230 50.470869
549 150.610590 157.944484 27.701184 48.987679
550 150.037225 157.801111 27.928058 48.613680
551 150.020501 158.010213 28.017847 48.971791
552 149.499692 158.072388 29.311986 49.136863
553 148.008291 158.408205 29.833711 49.383286
554 145.679601 159.794402 27.684704 48.901695
555 143.492207 158.963939 26.877018 51.772056
556 142.791220 157.968189 26.090469 52.539057
557 142.988013 158.215542 26.510322 52.958725
558 143.221123 158.150918 27.170653 52.612046
559 141.866278 158.676380 28.428819 51.007519
560 140.401474 157.943538 28.234254 50.169230
561 138.464702 156.216459 27.708699 50.860626
562 136.871335 153.429733 27.481745 53.321115
563 136.157619 153.143731 27.222071 53.599535
564 136.004422 151.698375 27.205131 54.113567
565 136.102482 152.119453 27.665136 53.731897
566 136.161245 152.288521 28.069554 53.267082
567 136.213169 152.696974 28.583078 52.813900
568 135.936493 152.744607 29.310113 51.974536
569 135.827609 153.634489 29.595388 50.684932
570 135.479319 153.826645 30.097587 49.886989
571 136.105344 152.088817 30.453215 50.616641
572 136.256041 150.029169 30.581911 49.853879
573 136.078503 147.856479 30.939478 47.274990
574 135.219112 146.319619 31.356496 47.303926
575 135.071116 145.515598 32.135740 46.187650
576 133.214085 143.652941 35.019147 43.870978
577 131.933417 140.587193 36.591950 41.844209
578 132.524121 138.539909 38.204604 39.814702
579 133.782586 135.627156 38.697654 36.958427
580 133.563210 126.947098 40.293419 34.835305
581 132.922366 114.601455 41.103277 31.714861
582 137.264096 107.300528 42.892991 27.576606
583 140.299235 101.412429 40.253682 26.023638
584 141.548643 103.990867 38.863511 25.683109
585 149.236347 102.426235 33.895506 28.935167
586 150.120052 103.150405 29.557132 31.435832
587 150.212096 103.702292 25.650693 31.253109
588 149.280167 105.064194 24.320477 31.637989
589 149.412397 104.719771 21.450617 28.759505
590 151.561523 116.321104 20.160639 25.923106
591 159.457013 120.376077 20.088288 25.985710
592 159.383577 122.438824 20.706215 25.991785
593 158.553595 122.776097 21.011995 25.620203
594 156.219715 126.619258 21.506800 26.038847
595 154.867626 126.920418 21.440001 26.795191
596 153.788405 127.641040 21.673424 27.076537
597 152.227546 125.790770 22.213103 26.959020
598 151.790895 125.349960 22.193331 27.940912
599 151.212980 124.234861 20.492585 28.263568
600 150.103248 124.746404 20.442353 28.571960
601 148.482500 124.950470 19.545499 28.653927
602 146.784078 128.096196 19.676096 28.073832
603 144.851650 128.298297 19.022097 26.185775
604 142.810494 130.136583 19.577008 26.473345
605 138.481748 133.256242 18.951432 24.687775
606 137.375079 134.090639 18.211679 23.910434
607 135.421475 132.904867 17.360958 24.319438
608 135.085537 132.609308 17.334854 23.630644
609 133.087240 134.018081 16.974738 23.586599
610 132.124514 134.123203 16.840811 23.582878
611 130.771731 134.587515 16.112953 21.832151
612 130.317327 135.361331 16.506103 21.882186
613 128.163043 136.764215 16.027619 21.186360
614 128.392463 135.202131 15.033626 22.164399
615 128.561496 135.921394 13.979608 23.576523
616 125.318543 135.505235 16.315259 25.100618
617 122.935761 136.172863 15.214268 24.962038
618 123.038988 135.260567 15.414191 24.781046
619 121.951285 135.606915 14.933004 24.190423
620 121.893273 135.144555 14.958386 24.411469
621 121.821277 134.960132 14.961556 23.967613
622 121.105334 134.600212 15.099979 23.919336
623 121.084833 135.643451 15.251444 23.061289
624 120.522530 134.945838 15.696293 23.468607
625 119.704411 135.129411 15.819867 22.870611
626 118.826432 135.761408 16.018027 23.019690
627 118.956998 135.559595 15.808898 23.188288
628 118.976971 135.498792 16.010140 23.542314
629 120.089470 131.905528 16.020209 22.908742
630 119.982132 130.021609 16.232754 22.881859
631 119.972338 129.518195 16.360460 22.026121
632 120.064702 129.636332 16.634597 22.261796
633 122.983918 127.935234 19.485682 21.487448
634 125.329219 125.130409 18.416167 24.290298
635 127.240758 127.747341 18.702450 27.198020
636 132.194538 125.397383 19.804491 27.271976
637 137.001391 128.609512 18.153351 28.100007
638 139.341854 129.751774 17.139705 28.830130
639 140.231613 130.975941 17.160644 28.187105
640 142.845528 131.032518 17.279999 27.996619
641 146.984933 135.392718 17.706393 25.780372
642 154.157428 138.007022 17.725380 26.876148
643 156.649739 140.766660 18.367367 25.873231
644 159.434630 144.095750 18.839666 25.168174
645 164.274699 145.268721 17.737450 25.459511
646 165.642135 148.708061 17.904328 25.223960
647 169.336659 153.778099 17.117225 24.503169
648 170.546242 155.787019 17.301931 24.841242
649 174.223619 163.848678 16.225435 23.542273
650 175.562497 162.206972 16.125482 25.213109
651 175.683804 167.754700 16.674381 22.637218
652 171.810162 162.580948 17.993719 22.051249
653 169.273792 157.621967 17.984823 22.090248
654 167.009095 152.322884 22.090317 22.735563
655 166.939107 155.077090 22.402205 19.660785
656 166.620711 153.757034 23.233844 19.277323
657 164.295036 152.642457 22.080654 18.321575
658 163.231947 151.752690 22.047792 17.717240
659 163.150308 149.056328 22.282304 17.370841
660 162.110867 146.067915 23.587223 16.556403
661 161.306775 140.526325 23.420750 17.713939
662 159.709687 137.809127 25.124715 18.093391
663 160.359530 137.025204 24.685206 17.866858
664 160.721913 136.990352 30.256706 16.976258
665 161.352050 134.831252 29.467457 16.457989
666 158.544820 131.106018 30.085824 15.164809
667 160.075540 131.150877 28.785301 13.659233
668 160.739751 130.121829 29.350411 13.262809
669 161.897684 126.089614 27.024537 13.678500
670 163.513443 126.128968 28.801626 12.522547
671 170.622449 124.635529 25.589100 15.032550
672 168.956802 124.452587 31.573238 14.941635
673 168.462854 118.712634 27.976994 17.060469
674 165.409002 117.229047 35.176595 15.768776
675 162.602702 110.918421 31.908271 16.224672
676 156.769373 108.457973 34.683139 15.348354
677 155.007848 105.108690 30.670690 16.128318
678 149.908124 100.707084 35.342289 16.431100
679 149.959990 97.158493 31.701782 19.547991
680 147.334587 91.329363 33.284296 20.308739
681 147.926315 86.084518 31.199722 22.336407
682 144.658445 86.735181 32.813863 20.981174
683 143.685071 84.089729 31.586665 20.877185
684 145.504135 82.659168 31.530084 19.961212
685 142.892682 78.453983 29.759839 20.564890
686 144.275967 76.694229 27.120652 21.732072
687 144.140933 75.153522 26.144043 21.983490
688 139.723703 74.963871 28.227834 20.390911
689 139.858883 76.009261 27.854868 18.888496
690 140.481144 76.997698 26.314883 18.749875
691 139.277069 76.512342 24.953538 20.270425
692 140.268484 76.294446 22.659650 21.860880
693 140.213546 73.622924 20.891231 23.686338
694 141.572669 75.245682 19.874582 23.914283
695 143.433466 73.270375 17.759546 24.957891
696 143.200995 75.121392 17.624301 24.985125
697 142.849446 74.375473 18.195291 23.934865
698 143.026824 74.602991 17.988898 24.143345
699 143.509830 72.451716 17.163074 25.455326
700 143.683485 71.463182 17.519826 25.290153
701 143.808532 69.931401 20.091446 23.691203
702 143.829883 68.886667 19.716101 25.615334
703 143.777785 68.453669 19.796820 26.649856
704 143.868015 68.642450 20.002743 26.998398
705 143.408028 67.469363 20.984905 26.268428
706 143.021950 67.912520 22.782103 24.587834
707 142.917711 65.653844 22.709039 23.902686
708 142.970149 65.638489 22.895482 23.700545
709 143.152740 65.502914 22.815789 24.065266
710 145.207364 63.567845 19.175389 25.454133
711 145.802654 64.334654 18.098368 25.704835
712 147.032580 63.371702 18.144497 27.626912
713 152.337447 63.752200 16.721832 28.301168
714 159.145836 64.882144 16.603151 28.603146
715 161.429951 65.250795 17.364392 26.570864
716 163.794139 66.638527 17.886358 27.147502
717 166.762422 67.062284 18.096312 28.227805
718 169.879223 68.843229 19.185654 29.496751
719 171.349546 72.081311 18.839471 28.952012
720 173.684917 71.573328 18.084112 29.963648
721 180.219760 70.330744 17.826608 31.396401
722 183.185686 70.066608 18.891601 31.900554
723 188.002165 64.534639 17.621553 32.671676
724 190.615544 60.045459 20.417766 36.943741
725 193.909301 63.293901 20.414454 37.022315
726 194.911187 66.122872 19.738148 38.813987
727 195.520080 63.452459 19.461370 43.219422
728 201.710299 57.294334 19.123436 45.938192
729 204.233390 68.065023 17.930264 43.074068
730 205.776537 64.593437 19.188823 43.932959
731 206.565221 62.041556 19.194187 39.956628
732 213.726394 58.997805 19.736527 43.222080
733 215.637915 58.227724 19.961147 40.320690
734 216.857186 57.339568 20.220247 39.755337
735 217.005257 55.027041 20.062467 40.680151
736 217.545324 54.216354 20.040390 42.508401
737 218.263667 56.500099 19.366180 40.515334
738 223.173208 54.866722 18.122907 39.692519
739 223.418754 53.742107 21.887576 38.064056
740 223.950733 55.082411 22.174541 33.190923
741 224.722080 54.813791 23.403186 31.138860
742 225.419227 51.136012 22.467811 31.313946
743 225.350428 51.102717 22.495995 31.427925
744 225.121482 50.886268 22.503439 30.278051
745 225.615081 49.465505 23.485485 29.514671
746 228.630125 47.725828 22.777624 29.437055
747 230.222203 42.382254 22.859599 30.411824
748 235.976559 42.837477 20.241540 31.190616
749 238.175431 45.873570 20.278948 31.711945
750 244.110126 45.351846 19.862860 31.461369
751 244.228133 41.242868 19.353502 37.708925
752 246.082146 34.127164 18.049115 38.761817
753 247.989038 35.817169 17.814496 39.954880
754 250.133559 40.292241 17.297941 41.014048
755 251.406638 38.610268 18.134143 41.575130
756 253.665046 40.699532 16.895034 38.926760
757 256.764000 41.181014 17.083355 39.742185
758 261.478509 42.517864 16.862310 35.709484
759 261.903726 42.958900 16.040148 33.789710
760 262.194533 43.053310 16.532977 34.026691
761 263.080732 43.886178 16.801190 34.267901
762 267.264110 50.493767 17.111894 34.155997
763 266.155513 48.486048 17.245542 30.914891
764 266.217451 54.201787 18.617272 27.987437
765 267.974262 55.830897 18.381718 25.715330
766 266.976436 60.151934 18.571007 25.195732
767 267.046201 60.280255 18.729797 24.875999
768 265.825512 61.048840 20.260916 23.882291
769 265.971267 64.071177 20.722434 21.660919
770 266.107617 64.344299 21.006973 21.994329
771 268.208527 64.992077 19.373439 21.927876
772 269.844565 64.937771 18.189809 23.276633
773 269.789094 66.198805 18.304222 22.936784
774 269.250084 68.985480 18.831941 22.609803
775 267.900286 70.469616 19.295962 21.317670
776 267.610581 73.085451 19.584030 21.350025
777 265.371468 74.650025 20.762566 20.394147
778 263.060290 76.853114 21.823897 20.788854
779 260.340635 77.993520 21.237121 21.537006
780 260.434810 78.081994 21.512239 22.312383
781 260.049662 79.182568 21.934399 21.989310
782 260.248494 78.954514 21.539256 21.887381
783 260.512358 78.588331 21.741732 21.707422
784 257.977975 80.015686 23.882616 22.437866
785 255.630132 82.824086 23.621561 21.319435
786 255.651324 82.950594 24.042740 21.452520
787 255.361125 81.801464 21.850620 20.406196
788 256.026027 80.728198 19.924135 22.676887
789 255.727993 81.734184 19.878059 22.761664
790 255.756844 81.918767 20.003911 22.958645
791 256.221593 82.251467 20.480139 23.019915
792 257.417891 82.057237 20.770666 23.430660
793 257.558745 81.947108 20.945193 23.568215
794 257.530495 82.103582 20.982054 24.017149
795 257.138733 81.049361 20.794459 24.134034
796 257.268397 80.842434 20.855399 24.640063
797 257.171288 78.727335 20.805770 24.132750
798 257.264539 78.902957 20.989138 24.519160
799 257.255605 78.482194 20.727663 24.623635
800 257.381732 78.548513 20.950629 25.020381
801 258.312614 78.603027 20.389536 25.854130
802 258.303179 78.569081 20.465542 26.009348
803 257.645882 77.376918 20.175309 25.820480
804 256.050336 75.828166 20.247582 25.192547
805 255.891337 74.517850 19.481178 25.590197
806 255.378074 75.344391 19.217276 26.033106
807 254.881354 74.767337 18.665735 26.304380
808 253.865582 75.189455 18.291967 28.108000
809 252.075783 79.352192 17.004769 31.429812
810 250.323912 81.598987 17.424640 30.489859
811 249.947277 81.789374 17.195016 29.893660
812 249.587455 83.671671 17.635690 28.165667
813 246.958393 90.807182 18.991816 26.253686
814 244.931601 91.793258 20.965930 27.380930
815 244.286781 91.520814 20.980803 26.799936
816 243.964465 92.256335 21.102168 26.680299
817 242.575061 91.865290 20.673974 25.471407
818 242.711514 90.442708 20.671216 25.151940
819 242.632817 92.295037 20.188903 26.059014
820 242.375151 92.087697 20.292091 27.032455
821 242.800826 91.549458 20.042000 27.086052
822 243.154319 93.734281 20.124013 27.511543
823 241.974272 95.463180 20.327379 26.472912
824 241.631283 95.907942 20.405668 25.951453
825 241.711067 98.508910 20.833653 24.834258
826 241.776553 98.387005 20.945782 25.191143
827 241.199470 97.979301 20.477812 25.098461
828 241.613135 93.870708 18.976125 28.670786
829 242.062737 92.280417 17.710697 29.208194
830 240.718984 92.836968 17.824495 29.647921
831 239.310050 94.115979 17.032886 30.457739
832 239.154771 95.522666 17.704441 27.575013
833 238.886146 95.480339 17.709281 27.674110
834 238.443309 94.093557 16.729025 28.607866
835 236.429313 97.579143 16.527077 27.793747
836 234.796716 97.312488 16.183788 28.016064
837 230.816190 100.696593 16.712887 29.295514
838 230.025475 101.730736 16.740434 28.886879
839 228.803029 100.797810 16.652028 29.104695
840 225.726515 102.754766 17.412323 29.713224
841 220.887284 108.921289 18.556242 30.267910
842 219.186424 108.145187 19.066910 29.746718
843 218.349254 105.446777 19.233494 29.346771
844 217.233892 103.224113 19.127169 29.339334
845 215.787993 102.092189 18.961501 28.752026
846 212.347420 101.477754 19.952988 27.631946
847 211.529853 99.574883 19.128783 27.898533
848 210.595090 98.076356 18.836448 28.676337
849 206.529642 97.227396 18.044965 28.315265
850 207.129555 102.347266 18.578314 25.424914
851 207.038231 102.328252 18.684403 24.740646
852 206.809381 102.106942 18.861303 24.755162
853 206.481350 104.193449 19.161364 24.510547
854 206.554728 104.419427 19.439440 24.997022
855 206.548963 104.397354 19.437352 24.983486
856 206.578615 104.407991 19.490660 24.994854
857 206.546808 104.391281 19.493978 24.972255
858 206.350440 105.137429 20.114351 24.160992
859 204.419567 106.659047 22.402610 22.107806
860 205.417452 103.980148 22.208411 21.314961
861 205.233306 98.892274 22.347607 20.247219
862 205.170948 97.614402 24.020567 19.062402
863 208.751063 92.458253 22.021906 19.817573
864 210.117807 88.845813 23.389957 21.802679
865 210.359392 85.853874 23.358555 23.022122
866 211.094643 84.368229 23.046472 23.451546
867 211.530475 82.693014 23.074858 23.414397
868 214.282549 79.093689 22.520511 23.200796
869 215.801039 74.431722 21.416422 24.714434
870 215.686227 74.197989 21.607064 24.769958
871 215.912940 74.171736 21.627958 23.404988
872 216.068661 74.191708 21.967527 23.509842
873 216.433517 74.382398 21.558920 24.234451
874 218.008358 74.773709 21.121965 24.749751
875 220.772122 75.916576 19.391545 25.312433
876 221.197307 76.362124 19.160374 26.088454
877 221.363584 76.598582 19.497174 26.480367
878 221.354335 76.768195 19.461313 26.436329
879 221.828226 78.670613 18.931665 25.758979
880 221.921965 80.514986 19.062302 25.088301
881 221.462248 81.619318 19.450909 25.120068
882 221.232997 82.067768 19.518953 25.024467
883 221.732144 82.269027 19.780218 25.245366
884 223.453620 82.128313 19.155766 25.010756
885 226.366941 88.638858 18.171058 25.124254
886 231.234478 97.539535 17.499527 26.152991
887 231.427162 100.104212 18.045818 25.748292
888 233.533671 105.765864 18.142883 24.328541
889 233.873992 107.924926 18.605577 23.924148
890 233.042816 109.950480 18.768235 22.066173
891 232.265466 111.206931 18.579211 21.793396
892 232.066051 110.272177 19.355281 20.729816
893 234.687735 108.383327 18.253230 21.845017
894 238.428196 107.215828 17.480020 21.576142
895 238.164353 110.992763 17.046893 23.749451
896 236.924670 114.335318 17.271780 20.391962
897 233.812641 112.995321 18.970708 21.443567
898 234.003946 114.179745 18.868244 19.507155
899 232.701675 114.053768 20.380766 22.009974
900 231.791713 113.626944 20.229926 21.728936
901 231.930719 114.228616 20.372991 21.848358
902 231.653182 115.534653 19.649886 21.659166
903 231.589496 115.823408 20.023895 21.989149
904 227.216238 118.032855 23.169177 20.115190
905 227.268102 118.110082 22.866587 20.744990
906 227.141800 115.160028 19.387555 24.681524
907 227.219108 114.598994 19.471505 25.766912
908 227.337069 114.105376 19.220187 25.654634
909 228.656786 117.493399 19.545750 24.462108
910 229.112870 121.184696 19.466699 24.199539
911 227.060490 124.642893 21.193144 23.267617
912 227.721239 127.435682 20.946599 21.835484
913 227.357681 126.040212 21.048847 22.546187
914 229.615112 126.210582 21.437300 21.166061
915 231.087669 127.007638 20.046013 23.166226
916 232.519925 129.571718 19.121787 24.278773
917 233.103282 130.275868 18.874453 25.499292
918 231.348206 138.302404 20.633953 22.699989
919 230.123603 142.006057 21.147873 22.611984
920 229.060364 143.351235 22.351490 21.389791
921 230.538228 140.979159 21.404143 20.781462
922 230.518252 140.938168 21.548469 20.975256
923 233.812567 134.369443 18.719525 23.041308
924 234.337728 132.743651 18.399157 25.054732
925 233.332244 133.011801 18.544386 25.638936
926 232.811832 133.065750 18.792927 25.784441
927 233.039509 132.281902 18.588189 25.927944
928 233.213923 132.244408 18.984170 25.968202
929 233.793593 130.622944 18.579855 24.776336
930 232.742041 130.600487 19.375905 24.648716
931 232.675853 130.238537 19.206509 23.141609
932 230.619966 130.939288 22.578105 21.725323
933 232.037725 129.824777 24.034014 20.502240
934 232.677504 128.896735 24.472944 20.550003
935 234.338867 123.308681 22.101845 22.730756
936 233.937740 122.946559 23.284526 22.755242
937 234.065093 123.115097 23.269709 22.710274
938 234.350279 122.204774 22.873629 22.081233
939 234.572324 122.162365 22.954408 21.848130
940 235.643705 120.612755 20.844120 22.277332
941 235.952603 120.176004 20.497111 22.916981
942 236.140763 120.121781 20.319983 23.084437
943 236.309514 120.382845 20.365869 23.500901
944 236.210356 119.818562 20.307962 23.966819
945 236.379998 119.890131 20.596139 23.659452
946 239.326464 117.625774 20.765344 23.663909
947 240.943917 117.050381 20.741578 24.131358
948 242.636220 117.247414 20.538005 25.408440
949 244.576069 115.397598 19.502159 29.440030
950 244.882789 114.799698 19.641679 29.296009
951 244.988988 115.212790 20.039991 29.027643
952 245.060913 115.264924 20.531778 29.268337
953 246.059074 114.885792 21.208865 29.487631
954 247.663635 112.405986 20.598530 29.473819
955 247.951901 111.591715 20.771612 30.189046
956 248.972706 109.465644 20.633968 28.289552
957 249.122149 109.060506 21.064992 27.864949
958 251.598488 112.778774 22.930113 26.899504
959 250.204166 108.570729 22.982795 26.508028
960 255.824693 105.798746 22.688637 26.212651
961 251.022769 105.467045 23.532645 25.260541
962 251.104777 104.789287 23.133420 25.130981
963 251.297075 105.868330 23.017061 25.810366
964 260.304357 109.821857 22.540893 23.490008
965 260.364295 109.112629 22.086809 24.258246
966 262.452298 108.915842 20.006808 25.560821
967 261.996840 108.496771 19.357874 26.858808
968 262.160403 108.792565 18.352059 27.550859
969 259.272279 109.465966 18.076541 28.990979
970 257.468246 110.818406 18.354359 26.822172
971 256.950324 110.642388 18.415956 26.713225
972 256.923297 109.397560 18.069473 27.056971
973 257.291659 109.240791 18.056032 27.933235
974 257.220734 108.868339 18.470948 27.814171
975 257.036883 108.631907 18.549189 28.010445
976 255.611121 107.098370 20.467733 27.409881
977 254.965922 104.744580 21.107086 26.974892
978 253.806714 103.118574 23.554080 24.363631
979 253.527889 103.521528 24.268897 24.183447
980 254.028980 101.992135 23.825664 24.748795
981 255.800686 101.536999 22.747405 27.799791
982 257.409170 101.035631 21.824231 29.486576
983 258.475016 99.431732 21.380588 31.565807
984 260.368311 97.445789 20.958014 31.674203
985 257.954906 98.020885 22.049785 31.182480
986 259.282117 98.600783 22.139435 31.235819
987 259.683972 97.932414 22.985481 31.772010
