77 333.481424 453.795459 62.111005 77.035029
78 330.041534 452.014587 62.595731 77.430055
79 332.963283 423.238540 64.370359 76.021788
80 341.493839 383.877268 65.452501 77.231994
81 349.165001 384.940095 65.905686 77.228869
82 348.256483 397.655449 62.818288 81.068784
83 351.968144 432.224319 59.959817 78.352082
84 355.777612 438.175162 58.783753 79.631359
85 336.170270 450.332639 56.711889 76.666569
86 319.766185 463.667291 54.289690 73.682826
87 320.139579 465.186137 54.380124 73.590754
88 318.238889 466.156367 53.846892 72.604906
89 313.831020 467.813143 53.332372 71.488209
90 321.028183 469.769889 55.042706 68.598429
91 322.079525 442.144735 58.390046 67.806966
92 322.262973 433.453739 58.951740 67.691342
93 319.335133 430.094872 57.549532 65.108228
94 316.560419 406.789390 58.567952 64.223030
95 305.418205 397.860669 58.667385 61.635866
96 313.163800 394.503993 56.088982 63.334914
97 309.146393 401.135295 52.882196 64.456985
98 306.885605 402.557455 53.427568 60.770909
99 296.900615 409.031835 51.193297 57.189379
100 296.800195 449.849432 50.639875 56.083332
101 289.455256 459.357159 49.670633 51.810549
102 260.045872 452.511237 50.934308 50.160817
103 254.176954 436.700310 50.732680 49.011443
104 254.728421 476.835473 49.346837 48.895030
105 255.147328 506.415321 48.910660 47.395996
106 267.114131 508.876451 48.173018 48.129641
107 268.933609 483.947672 47.422469 50.231017
108 262.013788 474.927403 50.242817 50.587207
109 252.151378 472.724836 51.403003 50.691700
110 238.115628 479.362482 51.081932 51.129624
111 211.996354 473.001062 51.406351 49.594870
112 228.526385 473.374768 50.398564 52.359195
113 220.929520 480.097508 52.659774 50.735267
114 237.976086 457.382285 50.957113 52.982460
115 253.497706 467.224140 49.283679 54.353588
116 270.150259 468.254124 47.941366 54.522497
117 255.870061 474.761844 53.304887 51.194166
118 236.927132 472.189393 56.575727 49.895325
119 225.127212 455.970474 56.525270 55.882653
120 228.868875 420.242008 56.076770 58.506356
121 247.886627 420.136327 56.499774 58.964369
122 245.096041 425.070965 57.601371 59.827617
123 230.009610 434.089019 61.934345 58.842361
124 250.802334 437.135421 62.048964 57.308874
125 246.820128 431.930658 64.986217 52.473225
126 243.223150 421.252795 66.035468 50.340803
127 230.334424 427.830018 66.460122 47.064862
128 218.044271 437.467321 65.864828 47.482682
129 207.220166 428.847658 65.276224 49.602526
130 211.184658 460.874456 63.282147 50.457821
131 213.660776 494.530577 62.489799 49.253769
132 206.132308 525.673361 61.699480 48.183995
133 196.785806 519.106059 63.323331 45.376161
134 181.799909 498.153125 65.080742 45.331467
135 174.680138 487.916965 66.488341 43.799361
136 176.070701 454.904747 68.326309 45.113365
137 159.644612 442.211704 69.345811 44.321618
138 162.152780 407.317962 70.828567 45.750671
139 151.097664 406.468458 71.132947 43.081302
140 119.249951 417.884602 69.846087 43.921079
141 112.748827 445.564798 67.483614 43.361045
142 95.702025 423.376482 69.562082 43.463388
143 89.100868 428.930657 66.860395 41.505550
144 93.773923 443.111202 64.640301 40.873480
145 102.580798 441.788823 63.495392 38.526847
146 121.425445 444.201937 61.608755 38.027819
