85 324.377813 415.848258 26.785504 58.634253
86 327.913891 410.428068 25.520303 59.973067
87 328.664136 409.582329 25.120976 60.267952
88 329.459495 408.126803 25.092295 60.662784
89 331.932140 407.199067 25.275902 60.459818
90 333.072713 406.418790 26.011949 59.962449
91 335.501845 403.791654 27.661020 59.096189
92 337.621893 401.793896 28.131023 59.250819
93 339.297136 400.466131 28.356172 59.434226
94 341.668825 399.783246 28.188394 60.539132
95 344.604512 398.570691 27.333675 61.453145
96 351.460734 396.437123 26.427701 61.280956
97 353.955425 394.048994 26.196082 61.382722
98 357.851203 391.082005 26.465614 61.258335
99 361.737948 389.804936 27.351134 61.483000
100 363.388824 388.278191 29.685494 61.999123
101 367.889976 386.209183 31.709013 64.382298
102 368.954695 385.596367 32.750333 64.547475
103 370.550679 385.071349 33.840511 64.894718
104 372.193046 384.484309 34.568208 65.066787
105 374.337523 384.146445 35.279194 65.729899
106 379.085134 383.084934 35.477864 66.362857
107 380.897965 382.717903 35.283291 66.666926
108 383.376545 381.842830 35.218810 67.277073
109 385.864060 380.791105 34.861080 67.894735
110 388.047148 380.398329 34.154365 68.309904
111 391.757792 377.666453 32.462359 68.421226
112 393.046739 377.250212 31.024843 68.229044
113 394.542051 376.626506 29.377495 67.776575
114 396.643212 376.174728 27.846447 67.482099
115 398.187568 375.051415 27.708242 65.632236
116 399.418263 375.090356 28.290111 61.655831
117 399.961964 374.720844 28.331154 61.351578
118 401.623403 372.854048 27.699818 61.154950
119 402.419860 371.490258 27.246937 61.214035
120 403.389047 369.132260 27.025799 61.817035
121 405.744337 362.132013 26.385342 63.371877
122 406.632087 359.601880 25.998100 61.137750
123 407.594934 357.652056 26.042920 61.050962
124 407.788111 355.943768 27.129590 61.475355
125 408.081655 353.726051 28.167697 61.386241
126 407.638125 346.990888 31.014937 62.462583
127 407.661962 346.078211 31.920383 62.774405
128 407.185271 341.777513 32.470357 63.600514
129 407.057706 337.767674 32.772687 64.503857
130 406.971687 332.740213 33.054285 65.279195
131 407.053356 325.659131 33.613850 66.172018
132 407.279932 324.672416 34.018933 66.364023
133 407.756579 323.607412 34.382426 66.067734
134 408.515761 321.793013 34.094158 66.025874
135 409.450063 320.429603 33.878606 65.959785
136 411.347999 316.847184 31.808107 65.128832
137 412.290696 315.598622 30.331694 65.212274
138 413.328267 314.011559 28.691536 64.804991
139 415.000597 311.740098 27.186153 64.447215
140 415.751804 309.967585 25.878335 63.712739
141 416.589546 305.709305 26.673351 62.949695
142 416.095644 304.579712 27.870837 61.860912
143 415.529585 301.996047 29.336603 61.516580
144 413.032595 295.713003 33.060859 62.684221
145 407.181762 288.191686 39.085259 65.415918
146 408.028340 278.767823 39.386814 70.411276
147 409.473644 275.880529 39.889922 71.187908
148 410.514082 272.969349 40.687052 72.836725
149 412.040534 270.922499 41.560046 73.554356
150 414.009142 268.829896 43.347127 74.197690
151 417.673050 263.000489 44.783653 77.434192
152 419.197205 259.135954 46.190281 80.537639
153 419.944731 257.380673 46.981230 81.630572
154 421.389726 255.359054 47.499004 82.678248
155 422.671161 252.920462 49.050737 83.425185
156 424.958927 250.023186 52.524087 83.805376
157 425.058838 249.718669 54.602215 84.246226
158 425.513681 249.229903 56.274507 84.799548
159 425.985512 248.616096 57.664473 85.124281
160 426.853200 246.740522 60.299623 85.583044
161 427.478269 246.415125 61.835107 85.756987
162 427.772115 245.792652 63.012753 85.815649
163 427.938472 244.684791 65.373154 85.933497
164 428.469573 243.245293 68.545311 85.842082
165 428.872455 241.055915 72.512283 86.231757
166 427.811919 231.188363 76.975604 90.615637
167 430.081617 230.394327 79.567556 93.802796
168 432.246714 230.050524 83.354515 96.329512
169 433.015538 229.009934 87.574373 98.269738
170 432.733007 227.907755 91.262113 99.722185
171 435.787984 228.344886 95.677290 100.543909
172 431.898959 228.950192 98.377647 100.838970
173 433.001248 230.591793 102.529443 100.969649
174 430.754750 230.529478 106.121911 100.673568
175 430.385038 231.695011 108.288024 100.282369
176 430.213069 235.161189 111.729315 98.730720
177 429.671526 238.872614 113.684268 96.947232
178 425.976982 243.461886 114.619545 93.762414
179 413.098267 250.455982 117.033340 91.824732
180 394.335182 256.526657 117.435486 89.092010
181 374.863410 260.390079 115.933128 85.828683
182 406.262129 258.750313 109.879355 85.005978
183 372.624660 256.160834 110.830873 82.992912
184 387.471810 256.154765 105.035016 82.251800
185 402.783360 256.344943 101.616090 81.558589
186 405.738600 255.679202 101.009013 81.157330
187 402.801749 253.468119 100.304289 80.835425
188 409.552659 254.116237 99.788265 80.661810
189 410.847934 253.201599 99.337821 80.562914
190 413.505323 252.634897 98.893545 80.382807
191 411.188812 246.771641 98.759434 79.699281
192 413.978545 242.200698 97.682744 80.225262
193 416.552827 238.986017 97.463221 80.079903
194 419.556243 237.253822 96.656972 81.033814
195 415.685726 232.499687 95.909978 81.978736
196 414.371600 226.864862 94.457355 83.875154
197 408.669819 222.850832 92.401964 85.547038
198 407.677121 221.832069 89.616348 86.655533
199 407.473825 221.008828 87.712947 87.477777
200 406.898540 219.934196 84.389307 87.367950
201 408.006587 217.282573 78.065004 86.800522
202 408.508922 216.944697 75.721530 86.907630
203 408.863935 216.542153 73.945670 87.109358
204 409.119001 216.197850 72.334718 87.964847
205 408.838905 214.002473 69.124918 88.901307
206 408.997873 208.514413 64.116623 92.004735
207 409.324820 207.847619 63.174638 93.363685
208 410.258848 205.191771 60.685489 94.425957
209 412.021011 201.438513 57.200898 95.596373
210 413.486274 199.867614 53.551731 96.468837
211 418.027150 195.013786 49.498045 98.507298
212 419.360747 194.475403 47.469705 97.809938
213 421.699441 193.491433 45.642336 97.100825
214 423.861097 192.538135 44.605538 96.555760
215 425.522527 191.358084 44.193737 96.226596
216 430.168267 189.895685 43.654103 95.482415
217 431.499481 189.183412 44.168218 95.547842
218 431.858385 188.620489 44.913306 95.951678
219 432.228201 187.958210 45.234313 95.739894
220 432.801593 187.716605 45.863262 95.782819
221 434.914139 187.323111 46.776227 95.159006
222 435.346015 187.327964 47.357510 95.284009
223 436.387621 186.863953 48.368002 94.724967
224 436.794888 186.777250 49.794958 93.868739
225 436.930196 187.050831 51.252427 93.098876
226 436.833641 186.520710 52.799666 91.962645
227 435.768214 187.053515 54.498770 88.147458
228 434.942607 189.083387 55.433369 85.149174
229 433.767642 192.325378 56.256241 81.134634
230 432.169072 197.526092 56.527060 79.124935
231 431.479543 205.836942 56.048430 76.763010
232 432.515892 207.588739 54.979215 75.580887
233 433.062007 209.665738 53.421195 73.973132
234 433.835156 211.758485 51.602645 71.103832
235 434.841044 213.170508 49.148665 69.210434
236 434.561510 212.834683 46.341718 68.552784
237 434.975143 213.139012 43.933985 68.004873
238 434.845517 213.482795 41.331076 67.395411
239 434.408251 213.034371 39.399162 66.692955
240 434.639532 212.839595 37.963624 66.012095
241 435.283437 212.636365 36.375425 66.013199
242 436.057447 212.157879 34.567219 66.199148
243 437.906656 210.505515 31.942467 65.623063
244 439.955057 210.343803 28.840588 64.549962
245 441.339458 210.407353 26.998260 60.320426
246 442.819159 210.280475 25.366197 57.749564
247 443.358273 210.647575 24.619064 56.729776
248 443.877988 210.652365 24.365298 55.743802
249 445.611465 210.252062 23.202712 54.601479
250 446.441624 210.298076 23.055649 54.399526
251 449.684265 209.496644 23.263239 53.783207
252 449.802611 209.604886 23.495927 53.990947
253 449.936794 209.460691 23.921811 53.997976
254 450.039728 208.770151 26.341017 53.626374
255 442.874570 208.291216 30.730202 53.672576
256 440.505798 206.521652 32.211214 54.788472
257 439.332625 202.999174 33.784089 55.985942
258 438.959643 200.140581 36.245814 57.094137
259 439.013066 199.872537 36.707306 57.731560
260 440.351150 196.894186 37.473160 61.572267
261 444.692926 192.939042 37.066033 67.535927
262 445.816072 192.068907 37.416131 68.234883
263 447.479880 190.463691 37.798217 69.335352
264 448.975569 188.700365 38.250720 70.392598
265 450.313288 186.680037 39.411207 70.612852
266 453.492868 183.025087 40.200597 70.717686
267 454.349528 182.202745 41.259553 70.781274
268 455.520293 181.435801 42.329275 70.942486
269 456.518950 180.654306 43.235942 70.727217
270 456.770278 180.567245 43.818427 70.913215
271 453.078418 182.855629 47.578659 72.196631
272 451.160878 183.661198 50.597550 74.072476
273 446.945507 190.023681 52.259032 76.590048
274 442.195693 198.643027 51.467297 78.199688
275 441.163633 200.076204 51.099262 78.400697
276 442.962525 199.446948 50.027823 78.189893
277 447.047718 196.449510 47.802520 78.021286
278 449.403755 195.443971 46.048993 77.656806
279 453.112856 193.299102 44.668024 76.693027
280 456.861460 192.339951 43.903165 75.115796
281 460.957332 187.881400 43.219672 74.022889
282 463.257746 188.987471 43.208227 72.897720
283 465.152007 188.510815 43.271887 72.005761
284 467.368823 188.589253 43.355784 71.083843
285 469.974348 188.452203 43.886448 69.730334
286 471.689831 188.262349 47.907416 65.596328
287 472.860283 189.215854 50.153455 63.984458
288 473.177324 189.632930 52.315701 62.636008
289 475.446881 190.828203 54.066715 61.107797
290 478.288913 192.014606 54.695458 57.957496
