43 151.698096 269.235101 137.741853 32.052487
44 152.316808 268.970806 137.910303 32.479623
45 152.441390 268.905971 137.958550 32.480047
46 154.643897 268.038441 137.935789 32.519283
47 155.898494 267.770177 138.045411 33.057765
48 158.997530 266.807862 138.833116 33.505037
49 160.295937 266.464336 139.141528 33.947684
50 160.746590 266.359774 139.576477 33.990845
51 165.115963 264.587913 140.962265 34.047648
52 165.453379 264.459685 140.915520 34.515553
53 168.730551 263.098946 141.371394 35.053821
54 168.958508 263.118710 141.465987 35.515851
55 170.238295 262.121753 141.469671 36.093792
56 171.887683 260.676249 141.573383 36.551006
57 173.554656 260.014444 142.252338 36.971097
58 174.858617 259.675265 143.232371 36.877574
59 176.147417 259.477408 143.748134 36.876933
60 176.932681 259.201402 144.196230 36.899860
61 181.617878 258.954868 146.033815 36.701304
62 182.072270 259.075942 146.501195 36.953955
63 183.058477 259.005850 147.076369 36.897383
64 184.215729 258.846824 147.464003 36.881325
65 186.257602 258.420355 147.507807 36.843567
66 187.299065 258.318142 148.039838 36.940376
67 188.254144 258.237121 148.454526 36.936164
68 191.244768 257.701322 148.415283 36.854567
69 192.822337 257.054798 148.415127 36.871679
70 195.136312 256.728445 148.551677 36.860857
71 196.634768 256.529570 149.017656 36.908142
72 198.618833 256.063549 149.230485 36.885536
73 200.972824 255.813906 149.363250 36.873634
74 203.094725 255.660880 149.230634 36.885037
75 205.092070 255.602342 149.345364 36.851192
76 207.512077 255.418177 149.289981 36.832575
77 209.513759 255.332199 149.210282 36.901072
78 210.931714 255.392342 149.219435 36.958135
79 213.001769 255.083242 149.079976 36.917286
80 215.388997 254.558947 148.883174 36.909590
81 219.013204 254.303729 148.089127 36.923474
82 221.287152 254.246040 147.958754 36.900850
83 223.001620 253.994985 147.512271 36.912230
84 225.847993 253.608696 147.336384 36.912883
85 227.745256 253.308525 147.112202 36.884222
86 229.013513 253.305797 147.117273 36.951418
87 232.151933 252.893502 146.949894 36.909901
88 235.756054 252.524008 146.345018 36.874266
89 238.099164 252.478003 146.011744 36.926519
90 240.248800 252.347553 146.103033 36.914416
91 244.115023 251.962101 145.995537 36.863969
92 247.071517 251.542465 145.871972 36.792529
93 249.478693 251.319789 145.727939 36.830439
94 250.655620 251.310605 145.693715 36.915344
95 251.700795 251.178783 145.812393 36.920878
96 256.468244 250.347569 145.166468 36.893498
97 258.127384 250.179120 145.201681 36.925178
98 260.263130 250.082097 145.084547 36.906081
99 263.205698 249.728621 144.994124 36.871122
100 266.060766 249.651461 144.704165 36.866880
101 268.692208 249.484479 144.690959 36.891684
102 271.554561 249.210561 145.090167 36.754796
103 274.262028 248.933459 145.214953 36.827118
104 278.775910 247.998525 144.811836 36.882055
105 280.879635 247.671477 144.766917 36.848083
106 285.064545 247.251576 144.232662 36.833524
107 286.678381 246.791323 144.370552 36.815590
108 290.296162 246.225350 143.868304 36.857409
109 291.544668 246.138091 143.793587 36.909484
110 296.516149 245.187703 143.200291 36.873013
111 298.119333 244.746474 143.374985 36.895423
112 301.059426 244.322148 143.450412 36.922036
113 302.156862 244.181867 143.453723 36.940254
114 309.328246 243.295600 143.853353 36.808320
115 311.542324 242.337110 143.587642 36.921510
116 314.021657 241.918994 143.588933 36.898406
117 316.321095 241.629180 143.798408 36.896439
118 319.640055 240.687957 143.283437 36.955219
119 322.424222 240.169449 143.164082 36.954883
120 326.088051 239.839855 143.185507 36.891801
121 328.696103 239.565459 143.260632 36.963774
122 333.580709 238.564907 142.836882 36.915439
123 335.632934 238.114303 142.944563 36.915727
124 337.184866 237.990694 142.861879 36.942480
125 343.307918 237.419032 142.981998 36.861443
126 345.946346 237.063373 142.851746 36.859156
127 349.833564 236.490489 142.899675 36.858570
128 354.083074 236.085093 142.929037 36.850446
129 356.483728 236.031372 142.865670 36.813083
130 360.183470 235.549943 142.832626 36.854401
131 366.790805 235.090429 142.669951 36.842759
132 367.096767 235.151523 142.960281 36.981708
133 368.814739 235.146719 143.126400 36.914811
134 374.209986 234.874897 143.666659 36.838770
135 378.482467 234.745596 143.749677 36.826693
136 381.878087 234.789749 143.873513 36.901582
137 385.788571 234.725032 143.779662 36.887771
138 391.436838 234.226306 143.175874 36.845479
139 393.924582 234.124178 143.549020 36.873188
140 397.056711 233.789966 143.857082 36.861610
141 401.035781 233.462960 143.563850 36.845285
142 404.675355 233.043140 143.720728 36.850379
143 409.780105 232.500743 143.664292 36.817533
144 412.843659 232.395386 143.629438 36.916000
145 417.011594 232.272486 143.397318 36.912785
146 422.902634 231.621578 143.008516 36.903698
147 426.747967 231.389851 143.165622 36.913659
148 430.638044 231.530747 142.735995 36.859844
149 437.802593 231.118582 142.614992 36.869167
150 439.540858 231.079328 142.601388 36.926424
151 448.505579 230.539824 142.519843 36.953632
152 449.077322 230.558624 142.846155 36.988597
153 459.734332 229.959609 142.732213 37.064097
154 460.132767 230.170853 142.848882 37.481019
155 467.562398 229.562264 142.108514 37.466374
156 468.410406 229.614717 142.227938 37.469403
157 477.948004 229.393457 141.912001 37.392281
158 479.139060 229.274049 141.659015 37.407371
159 487.176601 228.795548 141.760215 37.495923
160 492.345971 228.683505 141.635993 37.364468
161 496.690657 228.510223 141.572033 37.406874
