2 179.491455 536.046003 177.949447 132.193962
3 179.658085 543.024318 177.485662 129.900484
4 179.445947 543.043627 177.609040 129.891544
5 179.748050 539.814685 177.017464 130.493698
6 178.716531 537.384993 178.457559 131.361605
7 177.647049 537.592052 178.710422 131.126447
8 176.695851 535.913558 180.064917 131.321657
9 176.922292 529.217645 180.823413 132.800646
10 175.063954 528.151453 181.590343 132.796418
11 167.435270 522.403628 182.199300 133.461014
12 159.333893 521.997913 184.607135 134.112413
13 158.967444 522.834444 184.858944 133.881467
14 158.654802 522.864631 185.962954 133.536567
15 159.167427 518.461095 187.045516 132.854616
16 161.856713 509.655916 188.015941 131.776070
17 162.156547 510.121077 188.688891 131.370814
18 161.945052 510.321041 189.071215 131.254909
19 162.724678 507.986402 189.963559 128.544957
20 173.405202 497.806488 188.943968 124.932778
21 178.124945 494.564061 188.276787 124.598467
22 177.732915 497.328644 189.084640 122.793692
23 179.273432 506.724703 188.183084 120.548671
24 179.630794 512.903304 188.257880 118.707992
25 179.524700 511.909726 188.707560 118.785770
26 182.290169 504.383552 187.602267 118.021865
27 183.022354 493.074245 187.426700 119.606248
28 185.679298 487.889125 185.405722 122.186852
29 185.190676 486.013742 184.722000 122.986804
30 187.257047 479.108675 184.194139 121.652506
31 188.935436 476.712539 183.591203 122.174819
32 188.899599 478.210587 183.953069 122.049189
33 181.097902 487.764628 187.508047 120.453878
34 180.350581 491.574166 187.956567 118.848419
35 179.144478 499.709276 187.572535 116.746087
36 177.409168 500.740694 187.950076 116.701686
37 175.726223 497.955986 188.383342 117.475660
38 175.547026 490.752784 188.857773 117.809417
39 178.178800 481.105122 187.614317 117.994756
40 181.247394 474.021904 186.935820 119.708704
41 179.828836 471.518531 186.382900 120.925266
42 180.130157 471.089098 186.832963 120.819852
43 180.536563 473.853407 187.175921 119.915879
44 181.512305 487.516964 186.854634 117.525496
45 179.684262 496.808042 190.026871 115.518303
46 183.614169 505.132443 190.835481 114.901498
47 187.753450 514.950776 190.385648 115.455931
48 193.471073 516.811936 191.518742 115.490378
49 200.463899 517.615187 192.026147 114.612769
50 202.845774 518.262529 192.189975 115.363718
51 204.071429 513.167236 191.753527 119.190098
52 211.190979 502.626179 190.834003 121.867353
53 209.466995 498.153553 189.996416 122.787742
54 202.555291 499.026409 196.005495 117.756023
55 185.556950 489.559069 202.251411 115.751427
56 184.625907 492.243478 199.558044 118.505186
57 183.956220 498.436510 198.928080 118.966867
58 183.120297 497.308064 197.621705 118.023482
59 186.830889 500.264545 196.802324 116.680629
60 173.682545 498.476252 194.024182 117.587596
61 187.980227 498.428106 182.724403 117.911053
62 190.853036 496.527695 179.612869 117.990311
63 192.028161 496.029565 179.696091 118.044884
64 200.465249 484.120094 179.697670 116.537128
65 205.716173 473.006912 177.025048 120.125498
66 205.658244 473.085709 177.453381 120.461485
67 202.726286 485.191821 177.592044 113.757247
68 204.285360 492.613218 175.818474 109.638922
69 205.704403 495.373372 173.971984 112.141294
70 206.402645 494.199605 172.638368 112.685040
71 206.521550 494.297442 172.931886 112.964863
72 206.108224 494.196576 172.752810 113.656010
73 206.309650 494.904849 172.895704 113.806774
74 207.559635 490.469543 169.109053 114.357332
75 204.413841 468.439431 168.398896 122.292364
76 204.663220 467.673626 168.304419 122.739655
77 204.762312 467.664285 168.562510 122.975255
78 204.064422 467.509737 168.723229 123.263202
79 200.503160 470.315365 167.684926 124.287280
80 186.689654 469.599817 168.074389 134.298188
81 183.510118 469.802268 168.514712 134.574569
82 167.941013 455.238646 168.001119 144.440831
83 167.596070 454.527303 168.233513 144.480184
84 169.496266 442.304482 173.428722 143.099492
85 164.640867 425.481221 168.120814 147.452906
86 162.570216 412.609490 165.858398 162.568034
87 156.064079 409.603786 163.608903 164.964136
88 140.061981 414.633743 167.848614 160.117086
89 133.314388 411.801154 167.873156 156.297462
90 125.006665 415.846012 171.897558 146.415459
91 121.192571 420.906644 170.922900 145.879366
92 114.584465 430.936973 170.624374 143.061582
93 113.947542 432.169108 170.651616 143.729857
94 104.620752 433.883004 167.375984 143.782793
95 99.004833 440.605054 167.635508 138.879183
96 87.209740 454.058709 164.787748 130.273143
97 78.750398 456.672242 162.608248 129.312829
98 79.154933 456.657894 163.060190 129.598177
99 79.267289 456.802061 163.458064 129.977002
100 79.669113 464.447119 161.998817 130.673440
101 75.910387 478.158253 158.859869 131.070986
102 68.789367 483.967839 158.782617 134.857384
103 68.298732 485.521020 159.314633 134.807209
104 69.221150 485.217659 160.366698 134.557899
105 73.157859 470.024527 165.742482 138.768860
106 78.721232 467.086395 169.288216 139.108057
107 79.704799 466.961925 170.258023 139.698312
108 89.898599 460.452230 175.131841 141.506189
109 104.482577 452.216817 181.394431 142.472121
110 114.436114 438.414980 180.139723 153.330710
111 116.398915 437.645482 180.640499 153.756876
112 116.736540 437.712233 181.125750 154.020062
113 117.569444 434.998748 185.088134 152.303180
114 120.228364 427.939282 191.874953 150.836249
115 127.469107 420.153274 196.300992 150.513530
116 132.802844 421.432696 196.640107 152.733415
117 136.033288 426.262456 196.473023 155.199969
118 138.457995 427.414977 197.313078 154.677497
119 140.109079 424.915781 196.239614 154.106823
120 149.537471 414.242038 196.592471 154.385198
121 167.393608 409.129051 200.500306 152.231262
122 182.701356 405.014280 200.749501 144.841375
123 201.026742 399.428126 196.144817 144.408862
124 217.533078 409.954684 191.191568 140.237876
125 219.779150 424.283760 190.100252 137.898272
126 218.677586 425.244496 190.540922 137.472131
127 220.261660 427.192110 191.263774 137.324961
128 220.232081 427.061029 191.292296 137.384402
129 217.626199 426.445507 191.034589 137.578567
130 213.632321 434.323203 189.860168 136.361387
131 207.961246 445.284823 185.459429 135.659307
132 199.560584 454.220250 181.683665 136.694827
133 186.658225 457.677466 180.854238 134.417335
134 171.490820 456.436728 179.056147 134.749310
135 157.160845 457.595659 178.085725 138.011241
136 149.559935 460.696894 177.657987 139.003226
137 143.730519 459.205502 176.725309 139.088322
138 142.440835 459.088040 176.925939 139.178987
139 141.943570 459.372784 177.175713 139.302419
140 143.531070 462.664702 177.285957 138.234760
141 143.858854 461.769458 178.444643 137.950386
142 157.643902 456.485059 179.283871 138.533542
143 158.735627 450.899091 180.405361 137.965582
144 160.831452 448.098264 180.254195 137.891437
145 168.324417 450.154052 181.599825 136.206064
146 173.618365 460.162648 179.575158 136.238475
147 174.541198 461.581227 179.826648 136.829522
148 174.497179 459.858511 179.160001 136.910881
149 174.631205 454.314875 178.407954 136.708649
150 172.814144 452.190944 178.435508 137.996350
151 174.380154 448.255395 179.759164 138.066008
152 187.947202 442.628221 181.258467 137.822978
153 202.464056 443.314583 183.388311 138.746225
154 203.781627 447.228002 181.851175 138.642152
155 203.331229 449.364675 181.346696 139.750850
156 202.032008 449.106885 181.135607 140.084882
157 202.517288 442.725123 178.832758 142.233210
158 200.776095 444.306680 178.097127 142.194649
159 197.375004 448.619789 177.227746 141.660167
160 195.544240 459.056279 175.807372 141.528522
161 193.161677 478.605042 173.762369 140.138858
162 188.092142 497.627716 174.635357 138.926983
163 177.428839 503.798413 174.191737 138.193812
164 170.948007 492.824436 172.289860 138.601289
165 173.822781 475.521321 168.393893 141.624331
166 174.736295 455.897935 169.658564 141.954099
167 176.821040 442.718714 166.621841 142.128028
168 177.514284 437.958263 164.229960 142.860539
169 177.448216 437.844214 164.563301 142.992145
170 176.686535 439.532637 164.566153 141.902137
171 176.932255 449.876486 163.302252 139.988466
172 177.396767 454.583049 162.439526 138.665690
173 176.993733 455.888383 162.147934 138.239817
174 176.990045 456.170496 162.476584 138.199661
175 176.831276 456.677266 162.417036 138.108266
176 176.830885 456.738936 162.363144 138.341143
177 177.269417 454.756799 161.449878 137.506293
178 178.681598 450.985005 161.134206 137.248116
179 178.797374 451.165294 162.031209 137.151935
180 178.928961 451.347024 162.464759 137.363533
181 178.851854 451.345922 162.464519 137.475970
182 178.237084 451.487855 162.195472 137.480875
183 176.878781 451.844466 161.937630 137.091844
184 173.699825 451.421237 160.427725 137.339490
185 171.119291 449.015112 157.872965 138.242086
186 169.748533 447.268729 156.798255 138.506512
187 167.051856 447.301752 156.435926 138.595471
188 163.682052 446.377211 155.962297 137.901761
189 163.102902 446.124845 155.760587 137.872210
190 158.866121 448.027297 155.430712 135.102848
191 151.447746 449.218253 153.922764 134.002216
192 150.932062 449.755340 153.835231 134.197759
193 146.971825 459.779103 152.910674 132.267083
194 145.467258 463.804256 152.044137 130.822591
195 145.439093 463.915735 152.468775 130.787779
196 144.667813 465.534770 151.780066 130.752367
197 144.508599 465.690207 151.547258 131.008533
198 144.502043 466.358760 151.878373 131.007428
199 145.763128 470.157709 150.371304 130.288106
200 145.654245 480.011443 147.543847 128.503252
201 146.320883 500.529058 146.467277 124.902951
202 146.214283 523.188510 143.800851 122.607446
203 144.271073 538.146568 141.966074 121.341339
204 143.080419 553.207819 143.493614 119.326322
205 141.414795 557.107144 142.962266 118.810620
206 140.693784 557.233719 142.932821 118.931743
207 140.513094 556.531877 142.718160 119.141116
208 141.418978 552.449153 141.790875 120.316758
209 143.840044 540.787618 142.152532 123.953428
210 146.518960 533.571952 142.756590 125.147215
211 149.017627 528.968984 143.259052 127.117875
212 149.205775 529.020603 144.102711 127.550425
213 149.337363 530.123839 145.072597 127.544171
214 150.560082 531.213539 145.915918 127.536139
215 151.709422 531.021495 146.617493 127.796924
216 152.338854 531.087950 147.820575 127.754663
217 153.306664 531.453453 148.171137 127.866211
218 157.104260 533.014507 148.711057 128.274628
219 162.108351 536.230804 150.476506 127.167772
220 164.008438 537.138492 150.505483 127.515673
221 163.750974 538.038615 150.964229 127.388196
222 163.504287 538.067152 150.955279 127.538746
223 162.586901 537.440589 150.630152 128.271948
224 157.997697 531.493360 149.908883 128.443285
225 154.412754 521.275109 147.644398 128.820289
