56 492.071992 89.152474 256.436133 264.263175
57 494.428990 88.603189 257.191142 262.683066
58 497.656312 88.886688 257.725103 261.001520
59 503.565763 92.325011 256.721793 259.209453
60 508.038159 93.636774 256.592188 260.874891
61 509.729297 93.783522 257.808051 259.623172
62 510.859239 95.891234 257.649062 259.812670
63 514.603621 99.423940 258.105493 256.553719
64 516.061171 101.456771 259.259506 254.071675
65 516.388372 106.343249 258.993548 253.541659
66 517.385521 107.180668 260.180507 252.888537
67 518.572149 114.689912 259.823407 249.511773
68 517.007067 118.014561 259.753470 247.322392
69 516.779661 120.211718 260.068820 245.885737
70 516.664103 121.625294 260.773462 244.540095
71 514.889684 122.172871 261.939345 243.634011
72 514.671560 125.271832 261.115024 243.712713
73 514.107499 125.933307 261.361977 243.428555
74 513.564355 127.752209 261.146159 241.904732
75 513.207752 127.624293 261.931724 239.575110
76 514.372569 130.952381 260.488806 238.990025
77 514.143012 133.152499 259.541189 238.255359
78 514.192973 133.480561 259.758566 238.369341
79 514.923982 133.723678 259.368309 238.226274
80 514.283660 134.854993 259.402531 237.408905
81 513.518834 134.796872 258.907710 237.472095
82 513.866692 133.707906 258.237210 237.535164
83 509.694466 131.776462 258.243553 234.292644
84 508.273886 134.941580 257.539749 233.389834
85 509.425043 133.893147 257.090410 234.379342
86 502.866170 130.171043 260.562788 232.424607
87 502.560163 131.314902 260.004999 232.870266
88 503.544948 129.654139 260.127265 232.901296
89 502.803931 127.628274 259.528270 233.041941
90 502.172634 126.138214 260.009534 234.640471
91 506.105073 116.188195 257.941621 244.355493
92 502.207829 112.574805 259.459581 243.095562
93 499.439871 124.514732 256.658007 240.217110
94 500.352768 124.830569 256.065088 242.194490
95 491.972532 113.138572 261.241225 233.005073
96 491.932300 120.532310 256.710258 227.043219
97 480.054830 131.777900 264.571772 206.706239
98 485.928653 141.593615 261.866972 202.781356
99 477.771213 162.673670 257.805555 194.144266
100 480.454276 165.540887 249.496484 191.087482
101 474.723470 170.439222 253.628051 183.473819
102 476.144302 188.883005 250.039849 174.582441
103 483.724353 176.818231 245.635683 175.142652
104 487.177065 173.526759 245.779789 173.265579
105 487.991064 175.417264 243.245129 171.758987
106 493.045807 167.975182 237.246556 173.620529
107 497.448771 159.695449 232.919459 173.715356
108 498.437240 156.181431 231.323122 175.303188
109 503.150376 139.683000 229.425504 181.161846
110 504.401905 128.663365 229.921737 181.519265
111 503.766473 126.609866 232.723531 180.779465
112 505.987668 118.421181 236.453594 180.757700
113 507.004618 109.736979 238.399396 178.497582
114 507.045662 110.864486 238.535005 178.718049
115 508.123044 108.408989 237.697026 178.799188
116 508.065431 105.041664 239.317507 179.223414
117 508.062803 105.788801 239.314261 180.250499
118 510.395628 106.645182 239.026939 181.612865
119 516.805878 121.272577 243.770443 239.270225
120 491.929502 150.080226 250.279700 242.339051
121 463.128517 178.434614 255.124860 236.663354
122 461.911633 183.565641 252.258516 236.217256
123 470.898444 178.621561 251.226490 236.380823
124 472.278613 180.654952 250.552632 236.731521
125 473.252753 180.322357 250.840147 237.034615
126 475.227239 179.081898 250.847328 237.393399
127 476.857747 176.881399 250.163609 237.045476
128 478.169582 174.391652 249.568308 237.154534
129 479.679123 172.993646 249.831069 236.758107
130 484.864507 163.706431 252.886653 234.112652
131 485.968840 165.426325 253.195026 234.118934
132 486.656818 163.551160 253.947685 234.251775
133 485.926154 163.704613 254.093829 233.852997
134 485.941479 163.723898 254.443667 233.944913
135 487.311322 164.299210 255.193059 233.646247
136 488.677264 160.980087 256.612398 230.080444
137 487.014414 160.624198 257.408682 230.897658
138 487.017233 160.170279 257.488470 231.641014
139 487.960662 161.586595 259.404330 231.234135
140 486.153473 159.718749 259.652793 231.850128
141 486.228935 159.876511 259.996529 232.022933
142 486.175637 158.025334 260.888684 232.681840
143 484.927497 157.016277 261.218555 233.439613
144 484.802213 161.295963 261.167257 234.290625
145 485.497170 157.802449 262.322213 234.869000
146 482.938198 155.506801 263.081288 238.786307
147 482.466285 155.338618 263.505792 239.217113
148 483.977740 148.190756 264.249819 241.336570
149 482.246861 145.666072 266.343962 241.300895
150 480.317964 145.701275 269.833448 241.671744
151 482.186677 142.260476 270.298807 242.870652
152 478.278992 136.658875 278.116209 241.846871
153 476.239290 135.625470 278.973177 242.349911
154 476.717429 134.468098 279.456133 242.367184
155 477.489640 131.797346 281.516239 241.787412
156 475.724060 131.725909 282.907162 242.212718
157 475.791139 131.387488 283.148831 242.341641
158 476.010915 130.198127 284.103607 242.226620
159 475.489719 129.726055 285.868662 242.370422
160 475.462066 129.652975 286.058437 242.505562
161 476.221421 128.181021 288.336076 242.211877
162 475.907903 128.073130 288.997939 242.532990
163 475.584056 127.554525 289.909974 243.493392
164 475.374117 127.144559 290.899654 243.573021
165 475.563230 126.533581 291.049690 243.927724
166 475.820758 126.263711 291.533985 244.269637
167 475.886598 126.414405 291.926093 244.495826
168 476.333840 125.863207 292.380937 244.941642
169 475.846811 125.203947 292.674999 245.091673
170 474.652737 124.844508 292.489949 245.448153
171 474.276690 124.516081 292.452690 245.552842
172 473.979064 123.971789 292.641720 246.129255
173 471.803420 122.298390 292.087812 246.190175
174 471.722866 121.868845 292.506472 246.566880
175 471.485020 119.817445 293.048900 247.156728
176 467.726411 119.902126 294.787066 246.493927
177 466.120525 122.694689 294.217287 247.453241
178 466.069930 121.948891 294.385705 247.836455
179 464.380329 120.803230 296.010183 247.957534
180 464.466649 122.214202 295.700413 247.719781
181 464.758504 121.936373 296.216133 248.462900
182 464.985493 121.253924 296.572614 248.295752
183 464.562134 122.061419 297.023382 247.603142
184 466.077288 121.188511 297.530017 249.192360
185 466.642358 120.373409 297.807302 249.175400
186 467.025673 127.401232 298.339201 247.177784
187 468.277881 127.853831 298.674063 246.969831
188 471.753892 122.280265 298.353497 244.298225
189 471.682188 121.931151 298.708693 244.324141
190 472.124126 121.417074 298.742126 244.639694
191 473.105101 119.862573 299.755059 244.210554
192 472.483462 118.868011 300.068879 241.993480
193 472.765509 120.274977 300.112688 241.764918
194 475.446185 116.489676 299.991666 240.684536
195 475.195663 115.821966 300.348244 240.056146
196 475.473838 117.680630 299.901250 240.634301
197 476.343897 116.535318 300.013275 240.403565
198 476.136728 116.215116 300.890206 237.563980
199 476.280483 117.734054 300.553843 238.100731
200 476.381276 117.573826 301.147662 238.219359
201 476.163051 117.790547 301.733462 237.942176
202 475.863441 117.990712 302.407620 236.919556
203 476.293174 116.589418 302.163394 236.458477
204 477.585593 115.542387 302.863522 235.151991
205 476.817775 115.747160 302.939029 234.460484
206 476.732690 116.161134 303.256585 233.508362
207 477.114618 115.917920 303.592693 233.264934
208 477.294107 112.317428 304.481712 228.568486
209 476.856059 114.634853 304.387923 227.572659
210 476.109740 113.765259 304.768063 224.679541
211 476.170923 113.126770 305.061737 223.855298
212 475.936587 113.128284 305.803832 222.841415
213 474.962450 112.402601 306.591178 221.209494
214 474.811311 113.145449 307.117316 220.914108
215 474.769222 111.586161 307.372903 219.311817
216 473.528974 111.586273 308.697609 216.739263
217 472.856318 112.186350 309.952541 215.916403
218 476.784567 108.945217 307.876351 214.187452
219 476.430468 107.841607 308.649940 211.207679
220 476.342550 109.930119 310.178977 206.768673
221 479.905921 108.004853 307.977937 205.411358
222 481.281513 108.611980 308.188693 200.666769
223 480.960004 110.715397 309.111792 198.196785
224 483.744658 111.801799 306.981440 197.544988
225 484.142133 112.914906 306.407827 194.296092
226 483.427038 113.252988 306.649278 193.465821
