31 127.705988 210.293536 64.478650 92.008161
32 128.062378 207.656206 64.460755 96.832471
33 127.978267 207.673972 64.542665 97.047534
34 128.189999 207.676315 65.042369 97.632999
35 128.566702 206.595268 65.297249 99.196883
36 128.502643 206.289810 65.828663 100.424457
37 128.364454 205.487947 66.521853 101.911872
38 128.594032 204.252643 67.088573 104.540516
39 128.184459 203.751919 67.862243 106.129777
40 128.074666 202.137824 68.350348 109.215182
41 127.666826 201.593749 68.939322 110.161537
42 127.143994 199.518423 69.612828 113.266415
43 126.413530 198.613627 70.883335 114.578199
44 125.742728 197.570718 71.594715 115.784641
45 125.204501 196.781025 72.747036 116.999823
46 125.226309 195.794719 73.263153 118.346719
47 124.958102 195.376939 73.660069 118.724970
48 124.711538 194.655940 74.220445 119.468595
49 123.694041 193.463692 76.044063 121.007711
50 123.525099 193.282897 76.808320 121.673749
51 123.115468 190.945192 77.691522 124.795855
52 123.054696 189.579369 78.235504 125.225854
53 123.368394 189.196508 78.649319 125.793321
54 124.186598 187.393955 79.828396 126.842318
55 125.291809 185.021558 80.254028 129.103269
56 125.448148 183.755574 81.623698 132.187217
57 125.951392 186.886113 82.089396 131.827104
58 126.589888 187.640639 81.939167 134.354169
59 127.554951 190.231857 79.842856 136.314862
60 127.699479 187.995106 79.793564 137.576775
61 128.752457 185.693991 79.618378 139.469176
62 129.849328 184.150588 79.812134 140.237959
63 133.025883 184.440616 78.100300 141.652298
64 133.695206 184.851828 78.093203 142.073703
65 134.006407 185.104998 78.501363 142.578346
66 134.220806 184.621627 79.169651 142.875046
67 134.160076 184.089159 79.396532 143.415011
68 133.746110 184.111276 79.628897 143.433367
69 133.653544 184.434535 79.694401 143.796976
70 133.476937 184.510669 79.959961 144.161774
71 132.254464 185.556186 79.439713 145.514955
72 131.814742 186.118737 79.229215 145.879762
73 132.180330 184.275918 79.001912 146.608651
74 132.515404 182.835812 79.246960 148.274945
75 133.028167 182.528703 79.458672 149.337743
76 134.852178 176.777302 80.469231 151.670480
77 134.941528 176.632264 80.427594 152.340210
78 134.945925 176.685515 80.336187 152.746397
79 135.442647 176.538637 80.524536 153.669058
80 136.017561 176.453958 80.945846 154.698692
81 136.273624 176.104413 81.038964 155.037879
82 136.564238 176.394192 81.422734 155.625184
83 137.037903 176.233084 81.208766 156.581019
84 136.696665 176.624470 81.258312 157.433018
85 136.443802 176.026159 81.205782 158.238837
86 136.331036 175.935832 81.327285 158.787010
87 136.141557 175.959709 81.462708 159.233585
88 135.934169 175.553394 81.389697 159.876292
89 135.691503 175.051412 81.156574 160.802467
90 135.679079 175.195888 81.396805 161.143868
91 135.623619 175.181292 81.398243 162.056931
92 135.617937 174.704345 81.490797 162.787791
93 135.802319 174.445129 81.466870 163.295959
94 135.786325 174.932106 81.694117 163.591193
95 135.780182 175.187262 81.984149 164.300856
96 135.682442 174.807779 81.766288 165.186920
97 135.740526 173.924957 81.914577 166.745524
98 135.540387 173.933997 81.901697 167.302115
99 135.592921 173.585603 82.007230 167.695139
100 135.693480 173.498420 82.543308 167.975046
101 135.480189 173.997028 82.822170 167.955988
102 135.301528 173.282844 82.919017 168.325922
103 135.196497 173.110073 83.026592 168.522513
104 134.848529 173.518626 83.378315 168.958176
105 134.548134 173.760680 83.498969 168.800245
106 134.463873 174.536606 83.380082 168.820584
107 134.440716 174.805213 83.376543 168.934951
108 134.328211 174.941806 83.382957 169.104568
109 133.994995 175.443646 83.284903 169.502409
110 134.029872 173.756503 83.567934 170.391798
111 133.859669 170.718371 83.812185 170.726366
112 133.696961 169.759857 84.034002 171.031866
113 133.707991 169.208033 84.445714 171.466038
114 132.781743 172.465549 83.855969 169.184386
115 131.919524 173.201820 83.705977 169.314259
116 131.605306 172.668273 83.526706 169.634055
117 131.462334 171.786152 83.985044 170.082246
118 130.981494 172.116070 83.843492 170.437398
119 130.420052 172.077411 83.712246 170.390024
120 129.741390 173.274024 83.414830 170.532472
121 129.584003 174.850657 83.428857 170.818331
122 129.188516 177.033403 83.958397 169.121085
123 128.840806 177.340321 84.201974 169.046020
124 128.824433 177.599786 84.633933 169.382757
125 128.774194 176.897200 85.208881 169.573364
126 128.424827 176.487206 85.761692 169.767927
127 128.283367 175.411019 86.512879 169.704147
128 127.675543 173.715799 87.343569 170.673628
129 127.182901 173.037322 88.277346 170.495256
130 126.494565 172.273101 88.916663 170.468805
131 126.097543 171.800528 89.468746 170.175569
132 125.663539 171.591256 89.855435 170.358870
133 125.331091 171.904381 90.575920 169.874643
134 125.362455 172.798784 91.377382 169.392446
135 125.652615 173.186533 91.441779 169.509351
136 125.773838 173.942396 91.461919 169.928949
137 126.223635 174.714008 91.375740 169.884397
138 126.825794 174.317706 91.461688 170.522066
139 126.969044 174.565178 91.650194 171.309743
140 127.178033 174.370381 92.343679 171.675552
141 127.314597 174.321955 92.548690 172.025983
142 127.196926 172.969068 93.198412 172.461702
143 127.511362 172.473058 93.902462 173.091919
144 127.904055 174.087806 94.239810 173.473121
145 128.102283 173.887700 94.493718 173.797386
146 127.904023 174.027389 94.784412 173.966065
147 128.070702 173.580763 95.153162 174.088919
148 128.141460 173.922740 95.466949 174.457056
149 127.989832 174.741620 95.090851 174.401473
150 127.739478 174.999287 94.376984 174.296639
151 127.044450 175.189267 94.077304 173.938578
152 126.194843 175.935351 94.196261 173.127682
153 125.155540 177.654512 94.062105 172.978090
154 124.568394 178.262046 94.406566 172.316588
155 124.007277 179.773505 94.264452 171.242799
156 123.341524 180.059535 94.260297 171.703536
157 123.038207 180.669312 94.335509 171.802464
158 122.258789 180.999258 94.229016 171.548133
159 122.007801 181.373903 94.411446 171.614394
160 121.280051 182.070481 94.361964 171.077911
161 120.685972 181.754821 94.591650 171.437694
162 120.492109 181.864963 94.848881 171.259157
163 120.164956 182.049842 94.800854 171.179514
164 119.674534 182.101926 94.619860 171.590659
165 119.439250 182.288111 94.403577 171.957844
166 118.954402 181.632147 94.372391 172.019995
167 118.757285 181.963015 94.270062 172.350914
168 118.718645 182.117378 94.297698 172.452128
169 118.663429 182.173426 94.192634 172.432831
170 118.691473 182.160595 94.259040 172.579844
171 118.647236 182.373832 94.215962 172.999645
172 118.665045 182.284999 94.207891 173.055089
173 118.692165 182.326770 94.250704 173.528542
174 118.537172 182.472643 94.069793 173.498000
175 118.573825 182.330344 94.224415 173.428495
176 118.486352 182.250305 94.155269 173.317611
177 118.478401 182.186751 94.269386 173.497626
178 118.470768 182.035961 94.020726 173.232927
179 118.584356 182.024925 94.259468 173.365173
180 118.562607 181.987344 94.271973 173.360738
181 118.532560 181.885763 94.251605 173.460579
182 118.482394 181.727543 94.234099 173.393798
183 118.418225 181.711663 94.196518 173.308212
184 118.370845 181.739560 94.154314 173.343034
185 118.411100 181.735651 94.240169 173.330393
186 118.386249 182.107416 94.064439 173.254421
187 118.487704 182.356661 94.197906 173.408508
188 118.563400 182.269259 94.232553 173.553395
189 118.521921 182.816052 93.914093 173.749307
190 118.413428 183.093573 93.602333 173.859159
191 118.440201 183.631312 93.362429 173.520834
192 118.389652 184.251361 93.182631 173.769626
193 118.521461 183.766785 93.209667 173.989255
194 118.576099 183.588189 93.214638 173.846365
195 118.636767 183.588392 93.143027 174.021074
196 118.687422 183.561997 93.308983 174.521676
197 118.665406 183.560015 93.328689 174.998798
198 118.554101 183.349863 93.313589 174.879286
199 118.586958 183.021076 93.065696 174.987783
200 118.566721 182.434113 92.979670 174.913132
201 118.438487 182.437977 92.559526 174.823644
202 118.409429 182.383136 92.345952 174.765691
203 118.163662 181.579350 91.945830 174.807030
204 118.216068 181.000936 91.089981 174.702814
205 118.478386 180.160271 91.154145 174.870942
206 118.753584 179.871613 91.119655 174.869064
207 118.920515 179.966312 91.363580 174.967014
208 119.013808 180.131791 91.247907 174.944658
209 119.562958 180.040751 91.349823 174.150114
210 120.130876 181.823790 91.105383 172.528568
211 122.375611 182.225350 89.568116 171.980356
212 124.806161 179.643794 88.468235 172.691838
213 127.198554 179.127110 87.113191 172.503756
214 129.262967 178.979167 86.312018 173.609820
215 129.581751 179.407485 86.236567 173.879777
216 130.214652 179.320052 86.002527 174.231295
217 130.973141 179.236358 85.784230 174.590755
218 131.238943 178.916711 85.782022 174.889492
219 131.322429 178.809094 85.960021 174.948547
220 131.528763 178.716310 85.639659 175.155294
221 131.706625 178.800367 85.903840 175.547625
222 131.793642 178.846841 85.867319 176.011397
223 131.910820 178.882135 85.881499 176.688775
224 132.192764 178.647473 85.728014 177.244178
225 132.415452 178.432691 85.913420 177.630200
226 132.459148 178.421508 85.960973 178.055883
227 132.494585 178.520106 85.904127 178.544405
228 132.602771 178.452622 85.900810 179.193301
229 132.695490 178.411464 85.891124 179.554890
230 132.808126 178.450160 85.887613 180.070407
231 132.875798 178.521463 85.935384 180.497297
232 132.954642 178.329219 85.921371 180.521440
233 133.069312 178.365512 85.893839 181.041264
234 133.092470 178.456130 85.975727 181.465018
235 133.059460 178.381943 85.972931 181.462482
236 133.029818 178.302930 85.973300 181.462811
