2 534.524950 131.865113 64.456642 131.294419
3 534.151658 132.444191 64.408805 131.280937
4 530.048843 130.824927 63.708525 130.061512
5 529.035950 135.104157 63.515375 129.270582
6 528.824619 135.355007 63.853314 129.337195
7 520.880570 140.770738 62.831638 128.348608
8 518.009772 141.468477 62.518804 128.592578
9 517.647864 141.656410 62.904984 129.039546
10 501.943927 152.272080 63.180674 126.856625
11 502.414836 151.574023 63.476225 127.017780
12 501.039444 138.250180 63.151151 127.430142
13 501.119540 138.075373 63.471631 127.448566
14 496.747301 139.167647 62.704303 126.562575
15 496.823466 139.380146 62.973810 126.977920
16 496.784203 139.355886 62.978896 126.975056
17 496.276639 138.349410 62.833079 127.135172
18 496.302893 138.466899 62.903019 127.363080
19 496.314454 138.523966 62.897720 127.344360
20 490.460146 137.127343 62.134463 126.016900
21 490.076381 136.505390 62.052533 126.501605
22 489.395787 136.273331 61.998469 127.487979
23 488.858522 135.425725 61.425801 127.457765
24 480.795417 126.648320 60.918999 126.882141
25 479.459087 128.102283 59.874720 127.057167
26 478.790401 129.743146 59.308196 126.923623
27 466.690217 124.684552 59.628726 125.325877
28 465.352826 129.473519 59.156121 125.546259
29 462.910297 134.618642 59.071813 126.352480
30 451.469843 142.401261 59.944159 125.674124
31 445.354111 139.094499 60.248062 124.835519
32 428.162785 146.971281 57.890242 131.395656
33 428.655937 147.632028 56.309183 131.278297
34 425.468405 151.563721 54.503933 131.452414
35 419.594672 138.165642 53.971908 127.617852
36 418.814623 136.936074 52.830826 127.777820
37 410.470297 131.075020 51.217516 127.358875
38 410.394764 130.533670 51.131226 127.857211
39 403.901806 129.081853 48.489273 132.973090
40 401.754393 129.869468 47.435644 135.722567
41 401.933074 130.386110 47.088499 138.253474
42 396.099004 129.815411 47.565197 138.055373
43 395.929504 129.526045 47.893542 138.310909
44 395.956010 129.412300 47.887502 138.648033
45 385.299026 129.945098 47.074509 135.196501
46 386.127107 133.362987 46.871985 135.323217
47 380.079559 134.720690 45.165572 135.282020
48 380.549206 138.660951 43.973040 135.145445
49 375.453992 146.748464 41.781708 136.917136
50 372.378303 146.796514 40.326174 136.667298
51 373.347428 146.342954 38.570859 137.662844
52 360.609382 143.464217 37.482593 142.714237
53 360.821728 144.035440 37.247871 143.238793
54 361.113478 144.534525 37.289239 143.575741
55 347.266488 147.981208 37.472958 143.212610
56 347.291913 147.930012 37.791501 141.288426
57 342.737110 158.250130 40.229283 132.647991
58 343.623744 161.110307 40.941509 128.098408
59 333.323264 159.245332 41.660562 125.476425
60 328.742243 157.184551 40.289877 125.994196
61 326.629184 161.342700 40.074916 124.375661
62 317.423636 158.767662 39.775863 123.315852
63 313.865186 161.831106 39.360777 123.317349
64 308.388066 162.188753 37.689031 125.023480
65 306.634121 155.339176 36.733356 128.902521
66 304.960407 154.961976 35.990667 129.896777
67 299.995777 156.410233 34.554160 128.357110
68 298.228555 159.495382 34.516895 127.050659
69 290.851008 162.349055 34.212666 130.876961
70 284.391041 162.392560 33.745332 132.784931
71 283.767686 162.778042 34.026128 132.197333
72 277.119985 154.432375 34.658517 131.394220
73 276.842984 155.324484 34.974854 131.291935
74 269.460472 153.674464 34.237919 132.019786
75 265.283253 154.992355 34.109072 132.789438
76 264.586028 156.884235 34.479178 132.174623
77 257.971267 156.617673 33.993563 134.371747
78 257.768495 157.900767 34.075467 134.148312
79 253.246896 151.621868 34.580961 134.046421
80 250.612542 146.875860 34.750712 137.519630
81 250.234156 145.530482 34.876020 138.311711
82 243.329571 141.828100 33.911233 138.789515
83 243.392033 141.822568 34.031658 138.840046
84 243.698367 141.865368 34.528111 138.829613
85 232.301495 141.163774 34.364648 142.979036
86 231.777408 142.569888 34.458799 142.379853
87 222.719479 141.371500 35.077382 138.208119
88 223.014430 141.411298 35.410363 138.472711
89 223.135022 141.250453 35.406442 138.481053
90 214.253347 139.532956 34.994301 136.484598
91 214.181542 140.003279 34.870257 136.497761
92 208.312143 140.772622 34.745647 134.325297
93 208.564266 141.308185 34.659328 134.953970
94 208.856809 141.786555 34.776699 135.256546
95 200.723860 136.404732 33.734679 137.407239
96 200.975005 137.051092 33.547076 137.885870
97 196.102210 137.433496 33.026402 136.181342
98 196.477421 138.922943 33.484611 134.821360
99 186.937768 143.094838 32.743361 135.743727
100 184.203773 148.690855 32.112808 136.760235
101 184.150276 149.746869 32.312671 136.952534
102 175.464810 151.338893 31.855217 138.515338
103 175.181205 152.708064 31.876520 138.458284
104 174.822916 154.178549 31.875122 137.906448
105 164.467334 151.277380 31.468790 135.064518
106 163.740331 153.532875 31.279367 134.734329
107 160.320135 153.426191 30.929876 135.922388
108 160.031516 154.994014 30.857345 136.112463
109 154.954603 154.099520 30.813304 135.812069
110 152.232427 154.386790 30.743456 135.257780
111 151.904448 153.866250 30.826031 135.862257
112 151.580352 153.312291 30.800118 136.529382
113 151.365584 153.000404 30.891070 137.035531
114 140.506949 150.167902 31.413595 140.129449
115 138.152321 156.880668 31.714148 136.859512
116 137.329612 158.910830 32.713504 136.415391
117 131.218213 157.249267 34.310910 136.003702
118 131.104872 159.212615 34.882190 135.693888
119 130.833939 160.701390 35.324243 135.022862
120 123.457085 163.644807 35.134755 131.406161
121 123.823528 164.307907 35.625812 130.182788
122 122.158727 166.173718 34.043944 127.619314
123 122.520695 166.101713 34.537390 127.774310
124 118.162496 174.270417 33.521945 134.679053
125 118.258090 175.285095 33.854433 134.661861
126 118.396773 175.366817 34.001115 134.779117
127 110.225763 170.809030 32.448420 136.779026
128 110.505389 169.425444 32.062351 137.266481
129 111.026976 168.062668 32.048991 138.034467
130 115.226609 148.716309 30.941105 152.996894
131 113.637775 132.070239 29.456476 154.486064
132 113.628722 112.931410 28.035885 156.862551
133 112.839026 82.717591 27.491353 161.656565
134 111.864926 48.254523 26.477639 170.000810
135 112.197677 47.905492 25.816559 178.986195
136 113.525008 38.939230 24.822163 188.553810
137 113.856806 30.759671 24.672718 196.496204
138 115.436178 9.480123 24.323262 204.790092
139 115.963674 0.000000 24.129816 211.605100
140 117.177037 0.000000 24.319409 208.515589
141 116.475788 0.000000 24.292614 201.887832
142 115.692404 0.000000 24.277120 200.466824
143 118.155661 0.000000 24.213400 196.355955
144 117.803470 0.000000 24.318333 193.994208
145 117.669358 0.000000 24.527712 187.408873
146 118.091665 0.000000 24.826590 181.083031
147 116.743296 0.000000 24.822651 178.039594
148 118.203201 0.000000 24.836665 170.394185
149 117.761688 0.000000 24.740816 162.720704
150 118.201581 0.000000 24.782995 154.104538
151 118.847002 0.000000 24.708128 143.935660
152 118.308755 0.000000 24.822609 141.420335
153 120.686936 0.000000 24.561903 135.655019
154 117.510905 0.000000 24.684652 130.908290
155 117.635574 0.000000 24.776608 124.385141
156 117.796651 0.000000 24.424345 117.854425
157 117.751768 0.000000 24.066441 113.722577
158 117.499878 0.000000 23.975897 109.809374
159 117.681985 0.000000 23.455795 105.977163
160 118.411296 0.000000 22.888945 101.972752
161 118.740397 0.000000 22.365157 98.311219
162 120.701012 0.000000 21.946932 92.284347
163 120.999567 0.000000 21.323444 88.659108
164 119.925372 0.000000 21.124749 86.916409
165 121.171525 0.000000 20.775315 83.976149
166 120.508995 0.000000 20.707393 81.284282
167 120.298751 0.000000 20.699119 79.778590
168 120.911449 0.000000 20.831061 78.326342
169 123.548086 0.000000 20.338180 75.907137
170 121.961631 0.000000 20.073704 74.397637
171 123.685210 0.000000 19.721727 73.184090
172 122.209869 0.000000 19.593416 72.949974
173 123.343739 0.000000 19.262264 71.718175
174 122.889075 0.000000 19.231809 71.548145
175 122.414973 0.000000 19.243066 72.019384
176 124.041965 0.000000 18.894209 71.848156
177 122.845882 0.000000 18.749988 71.343285
178 123.586700 0.000000 18.432287 70.605339
179 123.111387 0.000000 18.255183 71.004449
180 123.313148 0.000000 18.331971 70.946768
181 124.092908 0.000000 17.978565 70.383566
182 124.554364 0.000000 17.381045 70.691858
183 125.257713 0.000000 16.819407 69.909125
184 124.597479 0.000000 16.749817 69.488596
185 125.222420 0.000000 16.378777 69.796090
186 124.234666 0.000000 16.219512 69.690844
187 123.883521 0.000000 16.295710 69.330847
188 123.883373 0.000000 16.268525 68.199860
189 125.715375 0.000000 15.958093 67.957705
190 125.384470 0.000000 15.776054 67.319336
191 124.887007 0.000000 15.756733 66.926138
192 125.669485 0.000000 15.428637 66.531992
193 125.671870 0.000000 15.272576 66.459301
194 126.263582 0.000000 14.963015 66.684447
195 127.043386 0.000000 14.468809 67.366551
196 127.073138 0.000000 14.001677 67.891338
197 126.389589 0.000000 14.281308 67.420424
198 126.684106 0.000000 14.001244 67.431075
199 126.871180 0.000000 14.004403 67.194251
200 126.805273 0.000000 14.221785 67.226699
201 126.440423 0.000000 14.272060 66.926062
202 127.025425 0.000000 13.952133 66.072060
203 127.676202 0.000000 13.366438 66.506139
204 127.561796 0.000000 13.339716 66.484905
205 127.965491 0.000000 13.071837 66.703488
206 127.726371 0.000000 13.059880 66.388875
207 127.880290 0.000000 12.993473 66.644444
208 127.292761 0.000000 12.792774 66.425931
209 128.525587 0.000000 12.698104 66.221904
210 129.078719 0.000000 12.391131 68.053591
211 129.181486 0.000000 11.996323 69.719959
212 128.656898 0.000000 11.875830 68.842868
213 128.480965 0.000000 11.655134 68.232313
214 128.601854 0.000000 11.622395 68.277937
215 128.619987 0.000000 11.654491 68.174584
216 128.360867 0.000000 11.578227 67.983565
217 127.827117 0.000000 11.782428 67.323221
218 127.560980 0.000000 11.832208 66.270197
219 128.654731 0.000000 11.599901 67.308011
220 128.177909 0.000000 11.826121 66.243949
221 128.727747 0.000000 11.516038 66.152146
222 129.759726 0.000000 11.523959 67.371039
223 129.977310 0.000000 11.707163 67.710562
224 129.492089 0.643171 11.940001 67.801219
225 129.354406 0.866237 11.777369 68.181145
226 129.419237 1.205678 11.796723 68.701886
227 130.429756 1.162589 11.822628 69.445062
228 130.502263 1.420217 11.873801 69.532119
229 130.191869 1.426802 11.953655 69.974425
230 130.136957 1.474230 11.909867 69.903583
231 129.966921 1.577296 11.917665 70.025585
232 129.808328 1.896523 11.960619 70.472293
233 130.035287 0.988890 11.731652 71.141369
234 129.630193 1.407500 11.926435 71.529488
235 129.261622 1.272579 11.938268 72.032485
236 128.827043 1.339328 11.934582 72.580754
237 128.676270 1.031183 11.876769 73.224808
238 128.548565 0.588396 11.894049 73.563334
239 128.444832 0.169249 11.893673 73.941605
240 129.225189 0.000000 11.704794 72.242539
241 129.669951 0.000000 11.684030 72.497977
242 130.430792 0.000000 11.696456 72.937570
243 130.561500 0.658482 11.859266 73.115504
244 130.352694 0.915915 11.940630 73.473557
245 130.495832 0.757004 11.890366 73.236155
246 130.269104 1.133702 11.951138 73.395632
247 130.801420 1.982864 11.813943 73.888239
248 130.599938 1.920907 11.953941 74.027315
249 130.088195 2.220959 11.962006 74.384006
250 129.780264 2.245392 11.941013 74.584768
251 130.402421 0.925304 11.674834 75.561758
252 130.155756 0.736171 11.948625 75.965514
253 129.596969 0.459286 11.883565 76.151583
254 128.705927 0.000000 11.868356 75.509222
255 127.736541 0.000000 11.847836 74.489789
256 128.237533 0.000000 11.753618 72.940442
257 128.274263 0.000000 11.695782 71.905549
258 127.724258 0.000000 11.842070 70.737277
259 127.923126 0.000000 11.732296 69.805697
260 127.209846 0.000000 11.808957 68.525880
261 126.958832 0.000000 11.866336 68.630568
262 126.986254 0.000000 11.867530 68.608968
263 126.940769 0.000000 11.860737 68.167908
264 127.988294 0.000000 11.733850 68.735906
265 128.010168 0.000000 11.587780 67.657074
266 127.425259 0.000000 11.853912 66.559198
267 127.363561 0.000000 11.781846 66.356211
268 128.387293 0.000000 11.675998 67.075996
269 127.763965 0.000000 11.828091 66.197518
270 129.048009 0.000000 11.650034 67.075650
271 128.305638 0.000000 11.854459 66.550661
272 127.688878 0.000000 11.835699 65.502054
273 127.746892 0.000000 11.875579 65.168817
274 127.937113 0.000000 11.848672 64.591944
275 127.343853 0.000000 11.838354 63.609545
276 127.402783 0.000000 11.887854 63.199897
277 127.257290 0.000000 11.836774 62.964616
278 127.993060 0.000000 11.622408 62.542447
279 127.634318 0.000000 11.727030 61.524241
280 127.940938 0.000000 11.798320 61.336624
281 127.927146 0.000000 11.502723 59.905860
282 127.661823 0.000000 11.869467 58.194873
283 128.414835 0.000000 11.560016 56.791662
284 128.103125 0.000000 11.502189 55.727897
285 127.552139 0.000000 11.705766 54.134510
286 128.120286 0.000000 11.587239 52.944287
287 128.743224 0.000000 11.423076 52.395112
288 129.302859 0.000000 10.986774 50.981904
289 129.585396 0.000000 10.516361 49.355031
290 129.704129 0.000000 10.642831 47.035233
291 128.447132 0.000000 10.825195 46.140649
292 129.726223 0.000000 10.528162 45.695002
293 128.578950 0.000000 10.795500 45.136058
294 128.099035 0.000000 10.764420 44.671567
295 129.872958 0.000000 10.708769 43.528378
296 129.146879 0.000000 10.826044 44.157422
297 129.781338 0.000000 10.765738 42.145446
298 129.181989 0.000000 10.775879 40.850789
299 130.485133 0.000000 10.689474 39.532601
300 128.592390 0.000000 10.751849 39.959232
301 128.307176 0.000000 10.780125 39.208384
302 129.460163 0.000000 10.772933 38.959119
303 129.200310 0.000000 10.733678 37.671231
304 129.348521 0.000000 10.692637 37.959504
305 128.434332 0.000000 10.698572 37.956648
306 128.380062 0.000000 10.739531 37.343372
307 128.971796 0.000000 10.647938 36.586126
308 129.181772 0.000000 10.783849 36.686491
309 129.715421 0.000000 10.665727 35.465203
310 128.437476 0.000000 10.753773 33.695776
311 128.409808 0.000000 10.762711 33.648374
312 129.859719 0.000000 10.755640 34.369951
313 130.156992 0.000000 10.682056 33.836231
314 129.692898 0.000000 10.665387 33.819340
315 129.851113 0.000000 10.761310 33.741217
316 129.859823 0.000000 10.760260 33.506839
317 130.017405 0.000000 10.686071 34.330224
318 130.124010 0.000000 10.691529 33.543103
319 130.181804 0.000000 10.711943 33.743290
320 129.737992 0.000000 10.838602 33.046734
321 128.931566 0.000000 10.773315 33.308468
322 128.910023 0.000000 10.893242 32.457203
323 130.179473 0.000000 10.708087 31.093104
324 129.629110 0.000000 10.602838 32.062888
325 129.845871 0.000000 10.721146 31.617355
326 129.758852 0.000000 10.803016 31.880614
327 129.132516 0.000000 10.791789 31.614097
328 129.262552 0.000000 10.745953 31.514427
329 129.216091 0.000000 10.627293 32.381455
330 130.349893 0.000000 10.729985 30.718901
331 129.934301 0.000000 10.641413 30.173555
332 130.991554 0.000000 10.745802 30.064672
333 130.136962 0.000000 10.614968 30.924764
334 130.232775 0.000000 10.656360 29.893968
335 130.386513 0.000000 10.513433 30.817341
336 129.506993 0.000000 10.599305 30.497769
337 130.250807 0.000000 10.802492 29.582584
338 129.925956 0.000000 10.779432 30.175088
339 129.850086 0.000000 10.676136 29.631453
340 129.045510 0.000000 10.667583 30.013765
341 130.381899 0.000000 10.741179 29.904389
342 129.095827 0.000000 10.836958 30.582156
343 129.401652 0.000000 10.894257 30.826149
344 130.814733 0.000000 10.724992 30.344354
345 129.603613 0.000000 10.704462 29.660574
346 129.513189 0.000000 10.781904 30.281287
347 130.329248 0.000000 10.646354 30.374109
348 129.660372 0.000000 10.644402 30.447063
349 130.347950 0.000000 10.646832 30.001636
350 130.044173 0.000000 10.579926 30.617609
351 129.340182 0.000000 10.852491 30.808319
352 130.499583 0.000000 10.686602 30.216356
353 129.660921 0.000000 10.658593 30.334427
354 130.337619 0.000000 10.663903 29.835897
355 129.141012 0.000000 10.836196 30.598374
356 129.633108 0.000000 10.825824 30.814862
357 130.299556 0.000000 10.641345 30.253534
358 131.170896 0.000000 10.637923 29.694771
359 130.339974 0.000000 10.802369 30.279046
360 131.358383 0.000000 10.664261 29.757071
361 130.509306 0.320833 10.915418 30.435758
362 129.841346 0.000000 10.885066 31.398488
363 130.085023 0.000000 10.700635 30.249472
364 130.883013 0.000000 10.663976 29.915147
365 131.625856 0.000000 10.813809 31.054173
366 130.729431 0.373215 10.947385 32.041200
367 129.170090 0.000000 10.813069 33.197033
368 129.135005 0.000000 10.788953 33.416889
369 129.805793 0.000000 10.646124 32.329733
370 130.423053 0.000000 10.663753 31.397865
371 129.842697 0.000000 10.645441 30.802711
372 129.933283 0.000000 10.633721 29.932697
373 130.168974 0.000000 10.774547 30.035036
374 130.952712 0.000000 10.611003 30.209694
375 130.075307 0.000000 10.680544 30.048734
376 130.857822 0.000000 10.662992 29.907684
377 129.698853 0.000000 10.927716 29.532049
378 128.822915 0.000000 10.841783 29.541173
379 128.883175 0.000000 10.746376 29.951359
380 129.045867 0.000000 10.719162 29.257137
381 129.132481 0.000000 10.747902 28.917250
382 130.045249 0.000000 10.730693 27.870355
383 130.167568 0.000000 10.749394 27.869256
384 130.280535 0.000000 10.749394 27.869805
385 129.859130 0.000000 10.766158 27.817927
386 129.703789 0.000000 10.725131 28.193164
387 130.772567 0.000000 10.624028 28.401470
388 130.464768 0.000000 10.613811 28.297437
389 130.154963 0.000000 10.614615 28.361442
390 131.741877 0.000000 10.834404 28.013348
391 130.710272 0.312590 10.701678 28.890117
392 129.481268 0.000000 10.698815 28.663995
393 128.908890 0.000000 10.868058 28.741148
394 129.834796 0.000000 10.703768 28.081621
395 130.467633 0.000000 10.659694 27.902264
396 129.986168 0.007424 10.821567 28.358808
397 131.745330 0.000000 10.712085 27.951236
398 131.343698 0.436989 10.877501 28.377675
399 131.073442 0.000000 10.666005 28.249498
400 131.448201 0.000000 10.625040 28.808081
401 130.644320 0.402581 10.793596 29.214160
402 130.526591 0.077278 10.509972 30.623568
403 130.113455 0.000000 10.645850 31.426520
404 130.956913 0.000000 10.640895 31.362278
405 130.635557 0.000000 10.593104 31.066060
406 129.919222 0.163176 10.810974 32.052494
407 129.777531 0.000000 10.859251 32.473377
408 130.823392 0.000000 10.681415 31.968619
409 130.184518 0.000000 10.757641 32.325511
410 131.535745 0.000000 10.729819 32.305236
411 130.976780 0.645937 10.696931 32.971199
412 131.063927 0.000000 10.751924 32.891145
413 130.577152 0.000000 10.671990 32.514541
414 129.088944 0.000000 10.792396 33.430430
415 129.509008 0.000000 10.743421 32.372341
416 129.733307 0.000000 10.685564 32.185447
417 130.344860 0.000000 10.677948 32.181531
418 129.670551 0.000000 10.632416 32.653473
419 129.320955 0.000000 10.925200 32.835351
420 130.209219 0.000000 10.677061 32.474266
421 130.736641 0.000000 10.698223 32.161741
422 129.130819 0.000000 10.744062 31.562183
423 128.880523 0.000000 10.810096 31.584470
424 129.298588 0.000000 10.662095 32.409206
425 130.829595 0.000000 10.784246 31.914955
426 130.021519 0.142759 10.850730 32.653593
427 129.759757 0.000000 10.725090 32.669546
428 129.560814 0.000000 10.725090 32.518811
429 128.739171 0.000000 10.844513 33.142137
430 129.201000 0.000000 10.776017 33.547740
431 129.839352 0.000000 10.777496 33.647767
432 129.679468 0.000000 10.813213 33.635853
433 129.501726 0.000000 10.813213 33.641810
434 129.286331 0.000000 10.763417 33.591883
435 129.809067 0.000000 10.742186 33.436223
436 130.350092 0.000000 10.701144 32.466519
437 130.678960 0.000000 10.737076 31.017367
438 129.803031 0.000000 10.856857 31.926289
439 130.131265 0.000000 10.811435 31.851760
440 129.827073 0.000000 10.803164 31.986275
441 129.738080 0.000000 10.783277 31.896078
442 130.038426 0.000000 10.755627 31.743471
443 130.302268 0.000000 10.773939 32.067721
444 131.301027 0.000000 10.664996 32.111017
445 130.407887 0.012018 10.711427 32.751293
446 129.344172 0.000000 10.704681 32.516913
447 129.707268 0.000000 10.909139 32.491448
448 129.694867 0.000000 10.686012 31.726573
449 129.600446 0.000000 10.824179 31.748951
450 129.638095 0.000000 10.788747 31.615612
451 129.471129 0.000000 10.799177 31.868863
452 129.368733 0.000000 10.760643 31.405284
453 130.527753 0.000000 10.761543 30.926152
454 129.330284 0.000000 10.719944 30.978349
455 130.324766 0.000000 10.775540 29.869339
456 130.516063 0.000000 10.745527 29.804285
457 129.890077 0.000000 10.739402 30.879232
458 130.362583 0.000000 10.723579 30.453201
459 129.835954 0.000000 10.734782 30.282954
460 130.799007 0.000000 10.749427 29.891957
461 130.547077 0.081167 10.804287 30.732559
462 129.430847 0.000000 10.694858 31.575700
463 129.620921 0.000000 10.769641 32.264500
464 130.134913 0.000000 10.635740 32.232660
465 130.788295 0.000000 10.640243 31.421798
466 129.927607 0.000000 10.655068 31.024957
467 129.769595 0.000000 10.803862 31.968261
468 129.694617 0.000000 10.778451 31.843515
469 129.924922 0.000000 10.768924 32.138219
470 129.707900 0.000000 10.720469 32.259766
471 129.983481 0.000000 10.661856 32.336335
472 130.144759 0.000000 10.623338 32.312122
473 130.623628 0.000000 10.651402 32.392311
474 129.483394 0.000000 10.626910 32.339106
475 130.203907 0.000000 10.647139 32.023477
476 130.491834 0.000000 10.628099 32.289075
477 129.546246 0.000000 10.594799 33.122738
478 129.580698 0.000000 10.769528 33.577231
479 129.706738 0.000000 10.750546 34.005360
480 129.865283 0.000000 10.616449 34.143570
481 130.070114 0.000000 10.603455 34.192628
482 130.519050 0.000000 10.642720 33.746505
483 129.905111 0.000000 10.777871 34.371410
484 129.911904 0.000000 10.634085 33.837146
485 129.887163 0.000000 10.793947 33.710978
486 129.783163 0.000000 10.740184 33.767577
487 129.809537 0.000000 10.757619 33.419980
488 130.067783 0.000000 10.607745 33.051466
489 129.464615 0.000000 10.817340 33.295594
490 129.504054 0.000000 10.696795 33.607567
491 129.500346 0.000000 10.705287 33.824296
492 129.301877 0.000000 10.812998 33.909362
493 129.717643 0.000000 10.756565 33.669426
494 129.383125 0.000000 10.746540 33.958594
495 129.053619 0.000000 10.746540 33.814010
496 129.502614 0.000000 10.756565 33.717102
497 129.683636 0.000000 10.669569 33.917811
498 129.732473 0.000000 10.727416 34.031568
499 130.039379 0.000000 10.647096 33.642894
500 130.067759 0.000000 10.719220 34.511638
501 129.113135 0.000000 10.677259 34.982990
502 129.976459 0.000000 10.675394 33.163129
503 129.526307 0.000000 10.790183 33.344744
504 129.536031 0.000000 10.648767 32.375485
505 130.413941 0.000000 10.788268 31.997973
506 129.689948 0.000000 10.738699 32.098722
507 129.788050 0.000000 10.695538 31.430383
508 129.411949 0.000000 10.739734 30.187938
509 129.841107 0.000000 10.718962 29.785618
510 129.438890 0.000000 10.781943 30.008045
511 129.846943 0.000000 10.718962 29.875564
512 129.099705 0.000000 10.754607 29.861071
513 129.202774 0.000000 10.721753 29.832254
514 129.052389 0.000000 10.704702 29.824152
515 129.279239 0.000000 10.709744 29.928771
516 129.508224 0.000000 10.724630 29.767465
517 128.475259 0.000000 10.707383 29.691071
518 128.586393 0.000000 10.677155 29.748125
519 128.712641 0.000000 10.677155 29.719598
520 128.954694 0.000000 10.739839 29.993213
521 129.156499 0.000000 10.722094 29.812824
522 129.471564 0.000000 10.787714 29.326771
523 128.774005 0.000000 10.774331 29.404099
524 129.427599 0.000000 10.573860 28.862129
525 130.583715 0.000000 10.726092 28.424112
526 130.416733 0.000000 10.693268 28.588884
527 128.213398 0.000000 10.853476 29.237996
528 128.837931 0.000000 10.754563 29.353930
529 129.328011 0.000000 10.638250 28.297644
530 130.264496 0.000000 10.656127 27.265069
531 129.765383 0.000000 10.735553 27.485525
532 129.481790 0.000000 10.691671 26.444354
533 129.381491 0.000000 10.590384 25.697482
534 129.520356 0.000000 10.648835 26.448315
535 130.008641 0.000000 10.610902 25.653044
536 129.914886 0.000000 10.734481 26.131532
537 130.750707 0.000000 10.602535 25.942627
538 130.194287 0.000000 10.721343 26.559492
539 129.883917 0.000000 10.848354 27.219041
540 130.060397 0.000000 10.816326 27.852145
541 129.914767 0.000000 10.709582 28.077258
542 130.868240 0.000000 10.605133 27.908020
543 130.290103 0.000000 10.777961 28.533293
544 129.794113 0.000000 10.842431 29.130407
545 130.214945 0.000000 10.844681 29.668068
546 130.440800 0.000000 10.799052 29.945455
547 129.647154 0.000000 10.812368 30.123763
548 130.533149 0.000000 10.752048 29.838543
549 129.812740 0.000000 10.722166 31.216217
550 129.808174 0.000000 10.867859 31.577830
551 130.016527 0.000000 10.831085 32.043242
552 130.254351 0.000000 10.712657 31.375188
553 130.460212 0.000000 10.723683 30.235906
554 129.684962 0.000000 10.701144 30.276987
555 130.897617 0.000000 10.769772 30.047273
556 129.958587 0.000000 10.729836 30.261439
557 131.365669 0.000000 10.630689 30.247586
558 130.618062 0.158222 10.783482 31.334698
559 130.073802 0.000000 10.659671 30.804458
560 129.697106 0.000000 10.644388 30.125541
561 131.498040 0.000000 10.728635 30.153848
562 130.844558 0.149875 10.700357 31.618812
563 130.285517 0.000000 10.800971 32.674111
564 130.522488 0.000000 10.652236 31.571544
565 129.930231 0.000000 10.768140 32.419617
566 130.660957 0.000000 10.684157 31.509909
567 130.513433 0.000000 10.970005 32.574721
568 130.105044 0.000000 10.972135 33.552589
569 130.485157 0.000000 10.876320 33.926152
570 128.920798 0.000000 10.789067 34.392778
571 129.912571 0.000000 10.641193 33.223235
572 129.174939 0.000000 10.796948 33.750466
573 129.397251 0.000000 10.738090 34.042735
574 129.173178 0.000000 10.587662 33.582144
575 130.012597 0.000000 10.679347 33.975235
576 129.983269 0.000000 10.768306 33.687618
577 129.857601 0.000000 10.858633 33.092822
578 129.592880 0.000000 10.806946 33.319560
579 129.093346 0.000000 10.776380 33.703045
580 129.431968 0.000000 10.705632 33.865625
581 129.401381 0.000000 10.782458 33.981563
582 128.965308 0.000000 10.793465 32.876879
583 130.071344 0.000000 10.657666 32.103293
584 130.633647 0.000000 10.644412 31.788305
585 130.292000 0.000000 10.847463 33.072400
586 130.025589 0.000000 10.777770 33.934775
587 129.743580 0.000000 10.690343 34.186576
588 129.805587 0.000000 10.644152 33.503597
589 129.602879 0.000000 10.743378 34.227718
590 129.613992 0.000000 10.645144 33.485079
591 129.584435 0.000000 10.672004 32.335598
592 129.992355 0.000000 10.697900 31.595912
593 129.792604 0.000000 10.746592 32.347274
594 129.999342 0.000000 10.652949 31.839492
595 129.722286 0.000000 10.799908 32.120403
596 129.455454 0.000000 10.696360 31.813385
597 129.150590 0.000000 10.854013 31.474649
598 129.373958 0.000000 10.676429 30.462292
599 129.597983 0.000000 10.706594 29.881693
600 129.395621 0.000000 10.579481 30.395083
601 130.113731 0.000000 10.627256 29.939987
602 130.264576 0.000000 10.759198 30.425506
603 130.736905 0.000000 10.704229 29.843439
604 129.780311 0.000000 10.824717 30.579186
605 129.371785 0.000000 10.923660 31.728934
606 129.356645 0.000000 10.747211 32.227971
607 130.495088 0.000000 10.649447 31.486807
608 129.539962 0.000000 10.687151 30.777700
609 129.137720 0.000000 10.650319 29.925179
610 129.406141 0.000000 10.704258 29.985509
611 128.976906 0.000000 10.669575 30.209729
612 131.139232 0.000000 10.661832 29.724335
613 130.151498 0.000000 10.775512 30.654399
614 129.492580 0.000000 10.901936 30.885132
615 129.559540 0.000000 10.646581 30.631770
616 129.673755 0.000000 10.894381 31.370028
617 129.121677 0.000000 10.703093 30.223901
618 130.775636 0.000000 10.656346 29.698368
619 130.010118 0.000000 10.717740 30.758423
620 129.924239 0.000000 10.787702 30.379228
621 130.143127 0.000000 10.693443 29.674600
622 130.190377 0.000000 10.686552 30.537382
623 129.909492 0.000000 10.848351 31.423971
624 130.103677 0.000000 10.615381 30.937611
625 130.702336 0.000000 10.633242 30.426843
626 130.401959 0.000000 10.632857 30.672656
627 128.943773 0.000000 10.673788 31.370037
628 129.630259 0.000000 10.693999 30.528023
629 129.585805 0.000000 10.860362 31.408485
630 129.976381 0.000000 10.691683 30.483226
631 131.296014 0.000000 10.703104 30.088568
632 131.130975 0.000000 10.690716 30.212760
633 130.992388 0.000000 10.687064 30.430810
634 130.689961 0.000000 10.678306 30.335474
635 130.585652 0.000000 10.619920 30.574523
636 129.216247 0.000000 10.925550 31.389847
637 130.322801 0.000000 10.685739 30.658805
638 130.482951 0.000000 10.929340 31.261477
639 129.555341 0.000000 10.840682 31.868942
640 129.399155 0.000000 10.700409 32.271489
641 130.319840 0.000000 10.620556 32.213048
642 129.491488 0.000000 10.784369 32.581992
643 128.647407 0.000000 10.810466 33.303178
644 128.630906 0.000000 10.651801 33.645509
645 128.922480 0.000000 10.709447 33.802702
646 129.104859 0.000000 10.693949 33.799730
647 129.227122 0.000000 10.674747 33.900154
648 129.540694 0.000000 10.697906 33.697026
649 129.190773 0.000000 10.763924 33.852033
650 129.305988 0.000000 10.731068 33.634357
651 129.463577 0.000000 10.704252 33.810191
652 129.802027 0.000000 10.738742 34.180043
653 130.465134 0.000000 10.669671 33.603951
654 129.653640 0.000000 10.824497 34.069810
655 129.935657 0.000000 10.658280 33.792013
656 129.662778 0.000000 10.768455 33.639889
657 129.463609 0.000000 10.792342 33.946285
658 129.444256 0.000000 10.762670 34.090751
659 129.167231 0.000000 10.622839 33.566217
660 129.590717 0.000000 10.696456 33.849611
661 129.553557 0.000000 10.724896 34.036524
662 130.236359 0.000000 10.760914 33.384144
663 130.273274 0.000000 10.668061 32.195463
664 130.651536 0.000000 10.564131 31.634424
665 129.692487 0.000000 10.785309 33.010565
666 129.386214 0.000000 10.773836 33.757931
667 129.868758 0.000000 10.759374 33.891839
668 129.551431 0.000000 10.776963 33.716599
669 128.727674 0.000000 10.635607 33.892363
670 128.966489 0.000000 10.707102 33.895092
671 129.298393 0.000000 10.705995 33.962287
672 130.319060 0.000000 10.896199 33.613445
673 129.858721 0.000000 10.767261 34.331969
674 129.568993 0.000000 10.456816 33.493256
675 130.031364 0.000000 10.150889 32.322861
676 131.641673 0.000000 10.158178 31.383649
677 130.477379 0.000000 10.306266 31.179401
678 129.874887 0.000000 10.326239 31.943809
679 129.777064 0.000000 10.255791 32.038499
680 130.881202 0.000000 10.199096 31.371283
681 130.431767 0.000000 10.258925 30.776141
682 129.991166 0.000000 10.334096 30.211342
683 131.057708 0.000000 10.180395 29.809321
684 130.708794 0.000000 10.277718 30.738300
685 130.430768 0.000000 10.251497 31.018469
686 129.873736 0.000000 10.324788 32.722122
687 130.334698 0.000000 10.235852 31.723929
688 129.462692 0.000000 10.334196 32.963603
689 130.189046 0.000000 10.181189 31.980934
690 129.435247 0.000000 10.230713 33.262756
691 129.753066 0.000000 10.256017 33.591763
692 129.731622 0.000000 10.260823 33.826848
693 130.080420 0.000000 10.283893 33.976847
694 130.260628 0.000000 10.272846 33.466416
695 129.875913 0.000000 10.287446 32.804679
696 131.075684 0.000000 10.227855 32.011818
697 131.745462 0.000000 10.298882 32.574143
698 130.703598 0.156090 10.508431 33.419935
699 129.681843 0.000000 10.721683 32.828339
700 129.083022 0.000000 10.595655 31.973186
701 129.701773 0.000000 10.751180 31.767154
702 130.455083 0.000000 11.041624 31.692451
703 130.381339 0.000000 11.352132 32.605581
704 129.197847 0.000000 11.301412 33.726657
705 128.948279 0.000000 11.259339 33.753049
706 129.105379 0.000000 11.264894 33.819615
707 130.141879 0.000000 11.291510 34.301953
708 129.806313 0.000000 11.159680 34.052318
709 128.328107 0.000000 11.196826 34.072755
710 129.549104 0.000000 11.099510 33.534446
711 130.091596 0.000000 11.274110 33.939766
712 129.068361 0.000000 11.356520 34.346007
713 129.765750 0.000000 11.095154 33.251328
714 128.388412 0.000000 11.179941 34.551501
715 128.829909 0.000000 11.234334 34.554454
716 128.784204 0.000000 11.293020 35.129046
717 128.254018 0.000000 11.346525 35.113811
718 128.028349 0.000000 11.184313 35.195416
719 127.991970 0.000000 11.193741 35.223631
720 128.404131 0.000000 11.282895 35.053579
721 128.465340 0.000000 11.258672 35.086305
722 128.123493 0.000000 11.206109 35.164954
723 128.171192 0.000000 11.243804 35.116505
724 128.273227 0.000000 11.227590 35.068899
725 128.428853 0.000000 11.205914 35.066742
726 128.532402 0.000000 11.285403 35.046522
727 128.663933 0.000000 11.236407 34.952171
728 129.808034 0.000000 11.161883 33.447270
729 129.136189 0.000000 11.165012 32.276649
730 131.378755 0.000000 11.246756 31.782857
731 131.312642 0.000000 11.344320 32.125365
732 128.705023 0.000000 11.319881 32.002496
733 129.616473 0.000000 11.067120 31.886878
734 128.956076 0.000000 11.327309 32.311889
735 129.901611 0.000000 11.112957 31.487514
736 129.435979 0.000000 11.143316 30.659265
737 130.377684 0.000000 11.389685 31.107121
738 129.851317 0.000000 11.374039 32.025133
739 128.634864 0.000000 11.080698 31.937725
740 128.878532 0.000000 11.263325 31.215995
741 128.372933 0.000000 11.371679 30.889927
742 129.640965 0.000000 11.043258 30.729816
743 129.154424 0.000000 11.161880 30.685017
744 130.330861 0.000000 11.245741 30.402255
745 129.499203 0.000000 11.034066 30.275861
746 131.375738 0.000000 11.146543 30.128508
747 130.419144 0.177130 11.250507 30.831427
748 129.583726 0.000000 11.174115 30.823262
749 130.789573 0.000000 11.136874 30.355982
750 129.684097 0.000000 11.284116 30.874910
751 129.951177 0.000000 11.294184 30.064790
752 127.914430 0.000000 11.126368 29.282906
753 128.049482 0.000000 11.291032 29.338661
754 128.494444 0.000000 11.270510 28.188978
755 129.305606 0.000000 11.201667 27.862996
756 129.029017 0.000000 11.229403 28.619681
757 127.779967 0.000000 11.385215 29.262362
758 127.310973 0.000000 11.291543 29.388404
759 129.013934 0.000000 11.216978 28.235490
760 129.931451 0.000000 11.122473 28.256221
761 129.560660 0.000000 11.116523 28.299163
762 128.948024 0.000000 11.087673 28.787494
763 129.607079 0.000000 11.270619 28.615844
764 129.722741 0.000000 11.349853 29.082613
765 128.769055 0.000000 11.287878 29.731650
766 128.740595 0.000000 11.288268 29.928745
767 128.711940 0.000000 11.288268 29.830198
768 128.683285 0.000000 11.288268 29.879471
769 128.023484 0.000000 11.223898 30.411695
770 129.263408 0.000000 11.300508 29.583511
771 129.089641 0.000000 11.245224 30.186712
772 130.572887 0.000000 11.176807 30.495638
773 130.725107 0.000000 11.161479 30.598183
774 129.102111 0.538830 11.505700 31.250906
775 129.293265 0.000000 11.667605 31.266424
776 128.852889 0.000000 11.787971 31.802119
777 129.632187 0.000000 11.808967 31.706295
778 130.125042 0.000000 11.812291 31.845790
779 130.010752 0.005814 11.804985 32.956886
780 129.210564 0.000000 11.775100 32.521339
781 128.919823 0.051142 11.845656 33.707219
782 129.428581 0.000000 11.641720 33.880128
783 129.389189 0.000000 11.731746 33.689740
784 128.858742 0.000000 11.851638 33.479346
785 129.888287 0.000000 11.717328 32.599902
786 129.072913 0.070845 11.897552 32.925242
787 129.259322 0.000000 11.747210 32.173270
788 130.030069 0.000000 11.695150 32.074828
789 129.639425 0.000000 11.612458 32.650300
790 129.277944 0.000000 11.887189 32.533060
791 128.798620 0.000000 11.887535 32.585584
792 129.233419 0.000000 11.859508 32.641446
793 128.767935 0.000000 11.887535 32.531391
794 129.202735 0.000000 11.859508 32.668543
795 129.621683 0.000000 11.755694 32.763051
796 130.085711 0.000000 11.776451 32.478047
797 129.530380 0.000000 11.630700 32.280490
798 130.442396 0.000000 11.712773 32.310368
799 130.023938 0.000000 11.624111 32.695139
800 129.962869 0.003952 11.624726 33.308654
801 129.648418 0.104652 11.851297 33.837827
802 129.367369 0.000000 11.889468 33.061093
803 129.467952 0.000000 11.793990 33.880779
804 129.063836 0.000000 11.825066 32.994783
805 129.913424 0.000000 11.780129 32.511780
806 128.960336 0.003906 11.936525 33.098870
807 129.687563 0.000000 11.852937 32.846821
808 130.080449 0.000000 11.734181 32.276065
809 129.578665 0.000000 11.703102 31.836844
810 129.700823 0.000000 11.805750 31.792116
811 129.867120 0.000000 11.873284 31.560900
812 129.804981 0.000000 11.889141 31.942017
813 130.015565 0.000000 11.868052 31.671628
814 129.839152 0.000000 11.862086 32.311369
815 130.834656 0.000000 11.827667 32.080360
816 130.983484 0.000000 11.717616 32.567984
817 129.788333 0.879787 11.875740 33.170798
818 130.113416 0.269641 11.835946 34.297849
819 129.232301 0.099581 11.731106 35.446362
820 129.070954 0.000000 11.876475 33.787610
821 128.309432 0.000000 11.769665 33.099800
822 128.462985 0.000000 11.705905 33.348735
823 128.424132 0.000000 11.630340 32.357666
824 129.614983 0.000000 11.728908 31.585145
825 129.523683 0.000000 11.802683 32.062323
826 130.103004 0.000000 11.754425 32.144277
827 130.354180 0.000000 11.613415 32.458427
828 130.151106 0.000000 11.627233 31.978492
829 130.219481 0.000000 11.869841 31.486056
830 129.197338 0.000000 11.667922 30.582853
831 128.965231 0.000000 11.910083 31.066685
832 128.187554 0.000000 11.831856 31.613990
833 128.169524 0.000000 11.751922 31.865353
834 128.414153 0.000000 11.748584 31.809447
835 128.849742 0.000000 11.750855 32.085126
836 130.049174 0.000000 11.801011 31.713942
837 129.596098 0.086717 11.876158 32.354579
838 129.486026 0.000000 11.684941 32.321296
839 129.604395 0.000000 11.759871 32.077119
840 129.988920 0.000000 11.807681 32.280621
841 129.568332 0.000000 11.737970 32.417323
842 129.683193 0.000000 11.692963 32.008303
843 130.245599 0.000000 11.789983 32.068348
844 129.695822 0.000000 11.719694 32.313884
845 130.272699 0.000000 11.826709 31.591356
846 129.764160 0.000000 11.825698 32.206501
847 130.966907 0.000000 11.794744 32.040415
848 130.016722 0.000000 11.717416 32.563749
849 129.579219 0.195199 11.797607 33.374432
850 129.932684 0.000000 11.734612 32.668182
851 129.598238 0.000000 11.710028 32.720915
852 130.310119 0.000000 11.868897 32.187021
853 130.416229 0.000000 11.770980 32.331411
854 129.803972 0.000000 11.714866 31.784533
855 129.881546 0.000000 11.773340 31.855377
856 129.703083 0.000000 11.791572 31.938226
857 129.835601 0.000000 11.800814 32.509259
858 129.660443 0.176160 11.884646 33.342875
859 130.150801 0.000000 11.752931 32.863669
860 129.295333 0.000000 11.806987 31.879421
861 129.388478 0.000000 11.806294 32.215642
862 129.910024 0.000000 11.748804 31.318085
863 129.170910 0.000000 11.821125 31.710580
864 129.050256 0.000000 11.784747 31.849166
865 129.214686 0.000000 11.794072 32.388250
866 129.961508 0.000000 11.802468 31.952556
867 129.623563 0.000000 11.832208 32.083539
868 130.332924 0.000000 11.735991 32.066231
869 129.428601 0.000000 11.718440 32.436962
870 131.033355 0.000000 11.688965 32.445761
871 130.080714 0.000000 11.730381 32.322203
872 130.249128 0.000000 11.703182 32.208501
873 130.369468 0.000000 11.692981 32.272360
874 130.494909 0.000000 11.692981 32.240430
875 130.512159 0.000000 11.672732 32.302155
876 130.735224 0.000000 11.693230 32.382553
877 130.351280 0.000000 11.747415 33.057312
878 129.905985 0.293834 11.817768 34.381409
879 129.061366 0.000000 11.744205 34.101844
880 129.217411 0.000000 11.721553 34.307527
881 129.816156 0.000000 11.742914 33.859691
882 130.388167 0.000000 11.901673 33.421906
883 130.378364 0.000000 11.663592 33.122818
884 130.045278 0.172053 11.773009 34.079537
885 129.273885 0.014346 11.724773 35.287982
886 128.854535 0.000000 11.752847 35.874396
887 129.665101 0.000000 11.795129 35.935381
888 129.803071 0.000000 11.803376 36.171015
889 129.756863 0.000000 11.758883 35.265695
890 128.710362 0.000000 11.711446 35.853643
891 129.248854 0.000000 11.763014 35.873742
892 129.481996 0.000000 11.711853 36.002474
893 130.155778 0.000000 11.756125 36.045407
894 129.470872 0.000000 11.673388 36.911534
895 130.327482 0.000000 11.717023 36.790350
896 128.892463 0.000000 11.809130 35.857417
897 128.544731 0.000000 11.750583 34.710216
898 128.557208 0.000000 11.758664 33.611412
899 128.241156 0.000000 11.757488 33.728721
900 128.556506 0.000000 11.660397 34.094749
901 129.443664 0.000000 11.779662 33.699747
902 129.465689 0.000000 11.680416 34.560626
903 129.690874 0.000000 11.839491 35.236647
904 128.760013 0.000000 11.734579 35.549587
905 127.853648 0.000000 11.784049 34.340577
906 128.657120 0.000000 11.721322 32.938229
907 129.972125 0.000000 11.692039 32.383053
908 129.390368 0.000000 11.754348 32.474689
909 129.793902 0.000000 11.771703 31.589545
910 128.354360 0.000000 11.734723 31.709982
911 128.260173 0.000000 11.672154 32.304228
912 130.524838 0.000000 11.763062 32.249220
913 130.107783 0.385492 11.647354 33.097039
914 129.354738 0.003755 11.628632 34.269129
915 129.871112 0.000000 11.699181 33.926227
916 129.392061 0.000000 11.709724 34.792511
917 129.877294 0.000000 11.623721 34.451043
918 129.270788 0.000000 11.656971 34.259093
919 129.969559 0.000000 11.695994 33.716208
920 129.085162 0.000000 11.856165 33.544454
921 128.461335 0.000000 11.738034 33.798720
922 129.130770 0.000000 11.858217 33.487358
923 129.469502 0.000000 11.790240 32.201612
924 130.223986 0.000000 11.842771 31.478761
925 129.944772 0.000000 11.584868 31.618943
926 129.316192 0.000000 11.777842 32.588130
927 128.803455 0.000000 11.834886 33.200635
928 128.775657 0.000000 11.730848 33.422771
929 129.413205 0.000000 11.672244 32.625899
930 129.783687 0.000000 11.808215 33.056602
931 129.464037 0.000000 11.744808 33.400621
932 129.654526 0.000000 11.579027 32.641872
933 129.444906 0.000000 11.750068 33.252540
934 128.863392 0.000000 11.816014 32.896742
935 129.076083 0.000000 11.605632 32.021726
936 129.878973 0.000000 11.603355 32.065470
937 128.844764 0.000000 11.472095 33.891665
938 128.927690 0.000000 11.199345 33.918806
939 129.041503 0.000000 11.227893 33.896290
940 129.391056 0.000000 11.279722 33.521597
941 129.148151 0.000000 11.246196 33.559234
942 128.695093 0.000000 11.116167 34.002384
943 129.697419 0.000000 11.067291 34.468363
944 129.353841 0.000000 11.145612 34.265804
945 130.653342 0.000000 11.108278 34.453991
946 128.917106 0.160766 11.257749 35.053969
947 129.047104 0.000000 11.279655 35.648141
948 129.307468 0.000000 11.210546 35.864299
949 129.138672 0.000000 11.206265 35.568446
950 129.482276 0.000000 11.154607 35.931519
951 129.403274 0.000000 11.221399 35.691700
952 129.250659 0.000000 11.296312 35.385728
953 129.546953 0.000000 11.167387 34.561078
954 129.291998 0.000000 11.302014 34.812766
955 130.519338 0.000000 11.088898 34.804365
956 130.469647 0.000000 11.175126 34.900023
957 129.998180 0.000000 11.159752 34.940580
958 130.042920 0.000000 11.157726 35.018708
959 129.254016 0.000000 11.143510 36.171053
960 130.584576 0.000000 11.300037 35.288462
961 129.479927 0.000000 11.223056 35.624911
962 129.674231 0.000000 11.280477 35.876934
963 128.995321 0.000000 11.254319 35.809919
964 129.180950 0.000000 11.260385 35.850811
965 129.083687 0.000000 11.189974 35.496439
966 129.756103 0.000000 11.196410 34.685990
967 129.480327 0.000000 11.232132 34.475751
968 130.671678 0.000000 11.216249 33.724058
969 129.465737 0.000000 11.394710 33.993220
970 129.512715 0.000000 11.250963 33.713524
971 130.047513 0.000000 11.260689 33.955099
972 129.093080 0.000000 11.293487 33.875284
973 129.222488 0.000000 11.241278 33.855208
974 129.378001 0.000000 11.241278 33.865246
975 129.740022 0.000000 11.227030 33.862315
976 129.372351 0.000000 11.227594 34.205024
977 130.400181 0.000000 11.134810 33.885674
978 129.660429 0.000000 11.219073 34.010322
979 129.174819 0.000000 11.133752 34.374184
980 130.712465 0.000000 11.130411 34.172996
981 129.251183 0.000000 11.241472 34.642438
982 129.195573 0.000000 11.343580 34.830605
983 130.217951 0.000000 11.238072 34.308087
984 129.934958 0.000000 11.215334 34.072173
985 129.809868 0.000000 11.236675 33.658994
986 129.167763 0.000000 11.256914 33.878740
987 129.643393 0.000000 11.099985 34.026606
988 130.044731 0.000000 11.239877 34.252781
989 129.221899 0.000000 11.203521 33.957237
990 129.544833 0.000000 11.248888 33.760504
991 129.936527 0.000000 11.250607 33.926321
992 129.594900 0.000000 11.206341 34.312705
993 130.310743 0.000000 11.100337 34.543055
994 129.362785 0.000000 11.227321 35.667885
995 130.239094 0.000000 11.202390 36.655735
996 129.546631 0.000000 11.284302 37.132637
997 129.215273 0.000000 11.273407 37.506259
998 129.003564 0.000000 11.254042 38.254187
999 130.149593 0.000000 11.189395 38.235364
1000 129.355229 0.000000 11.152141 37.942412
1001 129.211458 0.000000 11.040190 38.257789
1002 129.521623 0.000000 11.062551 36.806530
1003 129.730899 0.000000 11.089309 35.938777
1004 128.557537 0.000000 11.058290 37.080795
1005 128.684850 0.000000 11.201593 37.083403
1006 128.324486 0.000000 11.149073 37.442481
1007 128.880868 0.000000 11.114091 36.167971
1008 129.495627 0.000000 11.088879 35.344257
1009 129.636842 0.000000 11.093487 34.336694
1010 128.268080 0.000000 11.131145 33.816687
1011 128.673263 0.000000 11.184311 33.682554
1012 127.855595 0.000000 11.244695 34.176881
1013 128.019018 0.000000 11.139316 33.496521
1014 127.722895 0.000000 11.149160 32.343778
1015 128.411536 0.000000 11.098374 32.002988
1016 129.234479 0.000000 11.147718 31.890943
1017 128.399585 0.000000 11.207814 31.950351
1018 128.161721 0.000000 11.219701 31.499367
1019 128.246875 0.000000 11.160427 30.166099
1020 128.990907 0.000000 11.135838 29.974990
1021 128.572519 0.000000 11.155381 30.011475
1022 130.418463 0.000000 11.177796 29.798133
1023 129.396290 0.000000 11.235658 30.034123
1024 130.218127 0.000000 11.060288 30.289145
1025 129.290638 0.000000 11.026406 30.475943
1026 130.513473 0.000000 11.080342 30.125086
1027 129.511447 0.000000 11.173574 30.685988
1028 130.255925 0.000000 11.121455 30.269503
1029 129.354760 0.000000 11.101903 30.443047
1030 130.769487 0.000000 11.263305 29.217319
1031 129.239884 0.000000 11.397463 29.600573
1032 127.795699 0.000000 11.017371 30.544988
1033 128.416208 0.000000 11.266548 30.956452
1034 129.299119 0.000000 11.191397 29.859720
1035 129.425199 0.000000 11.195207 30.042511
1036 130.467395 0.000000 11.108186 30.235951
1037 128.893558 0.000000 11.101024 30.492046
1038 129.559535 0.000000 11.119315 30.140732
1039 129.840033 0.000000 11.018380 30.480937
1040 129.716556 0.000000 11.076985 30.587578
1041 128.476084 0.000000 11.223562 31.945309
1042 128.507945 0.000000 11.215993 31.344005
1043 128.903765 0.000000 11.144898 30.274458
1044 130.009876 0.000000 11.110569 29.721520
1045 129.478210 0.037593 11.114245 31.377960
1046 129.189824 0.000000 10.991142 31.315612
1047 130.122916 0.000000 10.793465 32.152508
1048 130.771378 0.000000 10.557293 32.086814
1049 130.438423 0.000000 10.526066 32.889968
1050 129.714885 0.000000 10.596152 32.710229
1051 130.001646 0.000000 10.536749 32.574013
1052 128.921843 0.000000 10.833598 32.980128
1053 129.825621 0.000000 10.716514 31.772442
1054 129.463785 0.000000 10.855854 31.551642
1055 129.556971 0.000000 10.769188 32.153049
1056 129.731552 0.000000 10.659873 31.581967
1057 129.580635 0.000000 10.678971 32.358827
1058 130.055302 0.000000 10.610119 31.775127
1059 130.565663 0.000000 10.712819 32.093152
1060 129.074008 0.000000 10.670404 31.570163
1061 129.245914 0.000000 10.800985 31.776265
1062 129.458754 0.000000 10.790492 31.687890
1063 129.572443 0.000000 10.717244 31.954270
1064 129.722755 0.000000 10.717244 31.821080
1065 129.720360 0.000000 10.769921 31.670860
1066 130.034883 0.000000 10.708328 32.647666
1067 129.520335 0.000000 10.863807 33.669538
1068 129.385407 0.000000 10.730928 34.045184
1069 129.483886 0.000000 10.587860 33.618615
1070 129.092371 0.000000 10.595807 34.428678
1071 131.002675 0.000000 10.723137 33.394559
1072 129.481103 0.000000 10.717283 33.218326
1073 128.531244 0.000000 10.747049 34.075066
1074 129.897072 0.000000 10.628698 33.753453
1075 129.986465 0.000000 10.620074 34.434186
1076 130.526880 0.000000 10.648562 33.599471
1077 129.768375 0.148023 10.796045 35.001021
1078 129.187581 0.000000 10.765609 36.092805
1079 130.008434 0.000000 10.709009 35.306193
1080 129.223541 0.000000 10.911679 34.049852
1081 129.427650 0.000000 10.667938 33.128716
1082 127.548246 0.000000 10.759399 33.510451
1083 127.996273 0.000000 10.761973 34.018841
1084 129.005962 0.000000 10.653998 33.399398
1085 129.473756 0.000000 10.581745 32.624838
1086 128.843469 0.000000 10.818896 33.096749
1087 128.586393 0.000000 10.682598 33.495525
1088 128.780171 0.000000 10.682906 32.218585
1089 129.883943 0.000000 10.686952 31.794126
1090 129.466389 0.000000 10.736822 32.047078
1091 129.459983 0.000000 10.508140 32.877082
1092 129.889519 0.000000 10.594278 32.954932
1093 129.959323 0.000000 10.628561 32.453320
1094 130.163930 0.000000 10.564072 32.180957
1095 130.157968 0.000000 10.798478 31.466150
1096 129.720773 0.000000 10.640812 30.664555
1097 129.954278 0.000000 10.775957 32.000617
1098 130.618284 0.000000 10.581921 32.386322
1099 128.841013 0.000000 10.539650 32.500438
1100 128.651622 0.000000 10.798026 33.129816
1101 128.195947 0.000000 10.784866 33.344903
1102 128.711727 0.000000 10.667289 32.864618
1103 129.265741 0.000000 10.695560 31.964529
1104 129.324829 0.000000 10.730160 32.071300
1105 130.749502 0.000000 10.588887 32.682776
1106 129.390578 0.000000 10.668704 32.474285
1107 129.037416 0.000000 10.667531 31.549384
1108 129.048183 0.000000 10.673717 32.291635
1109 130.250228 0.000000 10.630911 32.045269
1110 130.667898 0.000000 10.801839 31.955096
1111 129.684662 0.000000 10.735942 32.416635
1112 128.678891 0.000000 10.564568 31.730698
1113 128.568901 0.000000 10.718747 32.133079
1114 129.313096 0.000000 10.705491 32.163755
1115 130.332422 0.000000 10.690446 31.855173
1116 130.193195 0.000000 10.754078 32.253398
1117 130.077124 0.000000 10.698193 31.939434
1118 129.934024 0.000000 10.754078 32.211267
1119 129.817953 0.000000 10.698193 31.960499
1120 129.674853 0.000000 10.754078 32.200735
1121 129.558782 0.000000 10.698193 31.965766
1122 129.802756 0.000000 10.717502 32.420602
1123 130.203626 0.000000 10.633947 32.160336
1124 130.560888 0.000000 10.750339 32.141436
1125 129.526746 0.000000 10.660330 33.101101
1126 128.633355 0.000000 10.793822 33.752381
1127 128.823829 0.000000 10.724889 33.616340
1128 129.069070 0.000000 10.744400 33.816045
1129 129.243656 0.000000 10.731828 33.855694
1130 129.644078 0.000000 10.793047 33.882817
1131 129.717144 0.000000 10.709484 34.337245
1132 128.753754 0.000000 10.668412 33.584889
1133 129.096486 0.000000 10.732383 33.886059
1134 129.407233 0.000000 10.732383 33.735474
1135 129.802218 0.000000 10.791906 34.301498
1136 129.822635 0.000000 10.675827 33.699545
1137 129.461366 0.000000 10.724213 34.323590
1138 129.677454 0.000000 10.681991 33.681001
1139 129.638572 0.000000 10.774836 34.103109
1140 130.786733 0.000000 10.643046 34.139191
1141 129.999509 0.000000 10.644851 34.776988
1142 130.804222 0.000000 10.604889 34.951973
1143 130.341401 0.000000 10.620262 35.182151
1144 129.120163 0.000000 10.677798 36.474265
1145 130.687000 0.000000 10.702145 35.334360
1146 129.904858 0.000000 10.644862 34.955242
1147 131.210715 0.000000 10.734539 34.491075
1148 130.887568 0.000000 10.718584 34.348475
1149 130.572398 0.000000 10.718584 34.419775
1150 129.309581 0.000000 10.738628 34.311485
1151 130.689558 0.000000 10.698067 34.050885
1152 129.804957 0.000000 10.663613 34.875234
1153 129.986363 0.000000 10.698577 34.442626
1154 129.947471 0.000000 10.708072 34.145109
1155 129.522752 0.000000 10.705694 33.627692
1156 128.946684 0.000000 10.802846 33.698366
1157 129.305532 0.000000 10.710677 34.242962
1158 130.397082 0.000000 10.657568 33.818530
1159 129.248545 0.000000 10.829478 34.305965
1160 130.040482 0.000000 10.908763 32.317580
1161 130.354115 0.000000 10.702705 32.065219
1162 128.993149 0.000000 10.579858 32.729326
1163 129.787295 0.000000 10.701000 31.938019
1164 129.413957 0.000000 10.802570 31.882837
1165 129.186631 0.000000 10.752930 32.630371
1166 129.775505 0.000000 10.866947 32.906602
1167 129.536640 0.000000 10.798810 31.679553
1168 129.478759 0.000000 10.771641 31.930264
1169 129.434462 0.000000 10.771641 31.804909
1170 129.081003 0.000000 10.708306 32.473806
1171 130.312123 0.000000 10.672919 32.098224
1172 131.370287 0.000000 10.610343 32.321005
1173 129.874722 0.293946 10.745535 33.152516
1174 129.102727 0.000000 10.634305 33.435088
1175 129.616682 0.000000 10.708071 32.002548
1176 129.822722 0.000000 10.666938 32.114283
1177 130.250512 0.000000 10.544520 32.501375
1178 129.757904 0.000000 10.800254 32.965243
1179 129.647444 0.000000 10.648215 32.280989
1180 130.264258 0.000000 10.709341 32.596079
1181 129.897903 0.000000 10.842212 33.089152
1182 129.294734 0.000000 10.619280 33.714034
1183 129.803899 0.000000 10.755381 33.513690
1184 129.568351 0.000000 10.692921 33.935417
1185 128.785185 0.000000 10.814456 32.962804
1186 129.676883 0.000000 10.684014 31.594952
1187 129.741109 0.000000 10.800170 32.093817
1188 129.947542 0.000000 10.716703 31.817135
1189 129.866272 0.000000 10.764187 31.940700
1190 129.761259 0.000000 10.764187 31.878917
1191 129.656247 0.000000 10.764187 31.909809
1192 129.578637 0.000000 10.774728 31.598340
1193 129.452647 0.000000 10.743522 32.235895
1194 130.199811 0.000000 10.731343 31.719106
1195 130.243112 0.000000 10.761682 32.031206
1196 130.479822 0.000000 10.674356 31.885426
1197 129.704464 0.051028 10.779540 32.759326
1198 129.720221 0.000000 10.729207 32.348558
1199 130.071184 0.000000 10.669815 31.910299
1200 129.530187 0.000000 10.802922 32.387221
1201 129.913221 0.000000 10.663329 32.227244
1202 130.548103 0.000000 10.717014 31.822895
1203 129.456296 0.070198 10.826567 33.025975
1204 128.574953 0.000000 10.772603 34.185645
1205 129.210494 0.000000 10.736783 33.704668
1206 129.137531 0.000000 10.760016 33.941742
1207 129.004384 0.000000 10.752504 34.085241
1208 129.574712 0.000000 10.725542 33.904228
1209 129.192735 0.000000 10.709858 34.699721
1210 129.971582 0.000000 10.707188 34.051530
1211 130.158178 0.000000 10.674523 34.113243
1212 130.727179 0.000000 10.676592 34.483034
1213 129.664164 0.000000 10.693151 34.517389
1214 128.936324 0.000000 10.789697 35.213481
1215 128.674162 0.000000 10.862982 35.074979
1216 128.344771 0.000000 10.809605 35.233205
1217 129.168810 0.000000 10.866223 35.175100
1218 129.176339 0.000000 10.787777 35.379754
1219 129.797298 0.000000 10.738050 34.120878
1220 130.123162 0.000000 10.705659 34.375882
1221 130.430841 0.000000 10.712776 34.010885
1222 129.491034 0.000000 10.693539 34.677928
1223 129.217171 0.000000 10.728324 34.445088
1224 130.102479 0.000000 10.764422 33.635344
1225 129.201902 0.000000 10.744638 33.799185
1226 129.269246 0.000000 10.737148 33.726905
1227 129.592197 0.000000 10.819110 33.991102
1228 129.221076 0.000000 10.808946 34.085148
1229 129.845071 0.000000 10.710822 34.020756
1230 129.881968 0.000000 10.665901 34.397513
1231 129.644130 0.000000 10.691067 33.781859
1232 129.213074 0.000000 10.717464 34.071166
1233 129.900687 0.000000 10.704308 34.150399
1234 129.450745 0.000000 10.648569 33.949682
1235 128.677835 0.000000 10.718344 34.336513
1236 129.209803 0.000000 10.700824 34.060346
1237 129.502563 0.000000 10.689495 33.936982
1238 129.310270 0.000000 10.719971 34.421276
1239 129.590435 0.000000 10.643075 33.915933
1240 129.182514 0.000000 10.856352 33.649189
1241 129.209364 0.000000 10.752380 33.667991
1242 129.685376 0.000000 10.740270 34.097137
1243 130.092737 0.000000 10.676889 34.363412
1244 130.028480 0.000000 10.697427 33.929240
1245 129.595646 0.000000 10.758708 34.184736
1246 128.552644 0.000000 10.680256 33.833723
1247 128.669882 0.000000 10.644762 33.860561
1248 128.838389 0.000000 10.718735 33.790661
1249 128.969909 0.000000 10.718735 33.825611
1250 129.345538 0.000000 10.738298 34.348491
1251 130.696838 0.000000 10.742837 33.503256
1252 129.855121 0.000000 10.726514 35.277533
1253 129.109599 0.000000 10.710194 35.638149
1254 130.394556 0.000000 10.761192 35.363536
1255 129.250833 0.000000 10.640368 35.137733
1256 129.997564 0.000000 10.786902 34.941853
1257 131.895405 0.000000 10.800910 34.401236
1258 130.540366 0.003371 10.829001 34.938365
1259 129.036690 0.000000 10.614381 34.242882
1260 130.473224 0.000000 10.718406 33.162489
1261 129.766964 0.000000 10.775803 34.183899
1262 129.930332 0.000000 10.929612 32.506953
1263 129.456758 0.000000 10.800710 33.609834
1264 129.291333 0.000000 10.696194 34.125428
1265 130.485924 0.000000 10.781345 33.700667
1266 129.731811 0.274447 10.814867 35.192005
1267 129.423612 0.000000 10.720471 34.562388
1268 129.266641 0.000000 10.788379 34.912127
1269 130.034645 0.000000 10.848505 33.292888
1270 129.506837 0.000000 10.722430 34.148098
1271 130.001792 0.000000 10.633007 34.077580
1272 130.259509 0.000000 10.668278 33.718719
1273 130.512532 0.000000 10.728632 34.632991
1274 128.713919 0.114478 10.814328 35.817626
1275 129.274350 0.000000 10.704714 35.825157
1276 129.912970 0.000000 10.698601 35.471027
1277 129.848766 0.000000 10.778694 33.050136
1278 129.683285 0.000000 10.788353 33.410173
1279 129.798486 0.000000 10.661892 32.251118
1280 130.599696 0.000000 10.700988 31.789157
1281 129.784869 0.000000 10.824988 32.490697
1282 130.965921 0.000000 10.678900 32.062681
1283 130.085343 0.000000 10.663026 32.419464
1284 130.729813 0.000000 10.719005 31.237548
1285 130.040641 0.000000 10.847641 31.808274
1286 130.282528 0.000000 10.796097 31.888722
1287 130.728123 0.000000 10.637354 33.192559
1288 129.840479 0.093746 10.796850 34.633073
1289 130.268507 0.000000 10.751767 34.210626
1290 130.675586 0.000000 10.863070 33.063632
1291 129.710831 0.039784 10.767483 34.445742
1292 129.061851 0.000000 10.759904 33.131225
1293 128.996690 0.000000 10.726210 33.991923
1294 129.801530 0.000000 10.762659 33.803652
1295 129.601485 0.000000 10.826870 33.748263
1296 129.345683 0.000000 10.833208 33.992868
1297 130.035401 0.000000 10.800621 34.121103
1298 130.386828 0.000000 10.878690 33.777892
1299 129.935814 0.000000 10.652815 33.967087
1300 129.515795 0.000000 10.695967 34.618837
1301 129.417820 0.000000 10.800549 35.783042
1302 129.279402 0.000000 10.757183 36.794047
1303 130.249805 0.000000 10.735737 35.684901
1304 130.722797 0.000000 10.747214 36.381794
1305 129.807075 0.000000 10.766932 36.574409
1306 129.651168 0.000000 10.775427 37.208523
1307 128.885670 0.000000 10.867882 36.663288
1308 128.991933 0.000000 10.771061 37.037127
1309 129.255354 0.000000 10.715205 37.767081
1310 129.869617 0.000000 10.774446 37.898627
1311 129.773685 0.000000 10.806699 38.235197
1312 130.084499 0.000000 10.614058 38.389327
1313 130.085570 0.000000 10.646822 37.608276
1314 130.324061 0.000000 10.766926 38.221027
1315 129.851154 0.000000 10.650567 37.674391
1316 129.727634 0.000000 10.776182 38.593321
1317 129.197282 0.000000 10.842661 39.209343
1318 129.369261 0.000000 10.786195 39.365375
1319 129.956368 0.000000 10.677205 38.646029
1320 129.317115 0.000000 10.870732 39.156291
1321 129.308841 0.000000 10.801711 39.133175
1322 129.618937 0.000000 10.762459 39.054649
1323 129.401670 0.000000 10.808716 39.845002
1324 129.747319 0.000000 10.769549 39.820652
1325 129.234840 0.000000 10.891408 39.593790
1326 129.282351 0.000000 10.802456 39.373397
1327 129.729191 0.000000 10.634316 38.137811
1328 129.748863 0.000000 10.713797 37.287451
1329 129.954409 0.000000 10.800268 37.241369
1330 129.607754 0.000000 10.843171 37.062601
1331 129.274155 0.000000 10.812336 37.237293
1332 129.482327 0.000000 10.772917 36.422396
1333 129.337756 0.000000 10.661559 34.800038
1334 129.613479 0.000000 10.685413 33.649300
1335 129.918669 0.000000 10.730781 34.134319
1336 130.208087 0.000000 10.644462 33.526222
1337 129.824622 0.000000 10.760135 33.948538
1338 129.904156 0.000000 10.787363 34.023912
1339 129.836077 0.000000 10.676359 33.842208
1340 130.133247 0.000000 10.703621 34.837571
1341 130.456700 0.000000 10.716682 34.084720
1342 129.200565 0.000000 10.780287 33.525082
1343 129.747846 0.000000 10.683125 34.307870
1344 130.098242 0.000000 10.763943 33.513284
1345 130.710393 0.000000 10.637769 34.748292
1346 130.326896 0.000000 10.648054 34.758286
1347 129.867680 0.000000 10.709287 34.632548
1348 129.655842 0.000000 10.791396 35.215619
1349 129.362404 0.000000 10.778941 36.017613
1350 129.848615 0.000000 10.631231 35.167954
1351 129.598517 0.000000 10.709148 36.115305
1352 130.213255 0.000000 10.731628 35.537559
1353 130.058926 0.000000 10.742097 36.002808
1354 129.659151 0.000000 10.621319 35.732372
1355 129.295166 0.000000 10.700235 36.008096
1356 130.589823 0.000000 10.672809 35.374459
1357 129.535573 0.000000 10.642448 35.264277
1358 129.125949 0.000000 10.721280 35.691951
1359 129.370140 0.000000 10.755933 35.065465
1360 129.490263 0.000000 10.678513 35.501456
1361 129.437449 0.000000 10.772790 36.243006
1362 128.876144 0.000000 10.605927 35.224792
1363 129.542342 0.000000 10.687247 35.282623
1364 128.968209 0.000000 10.752929 35.117981
1365 129.541627 0.000000 10.741001 35.065584
1366 129.183546 0.000000 10.756580 35.686836
1367 129.781690 0.000000 10.728325 35.167967
1368 129.289991 0.000000 10.773801 35.668234
1369 129.937917 0.000000 10.697298 36.139427
1370 130.481891 0.000000 10.739768 34.666385
1371 128.945069 0.229675 10.848093 35.703886
1372 129.067407 0.000000 10.659025 35.903005
1373 129.497607 0.000000 10.753925 35.315788
1374 129.279209 0.000000 10.684343 35.877842
1375 129.518832 0.000000 10.731038 35.264131
1376 129.144239 0.000000 10.767191 35.216744
1377 129.527913 0.000000 10.766991 34.928375
1378 129.993522 0.000000 10.714553 33.929372
1379 130.566065 0.000000 10.688252 34.356376
1380 130.241057 0.000000 10.651375 34.477055
1381 130.630085 0.000000 10.658721 33.453372
1382 129.886228 0.000000 10.755387 32.749841
1383 129.949580 0.000000 10.699488 32.079935
1384 131.307937 0.000000 10.628263 32.235093
1385 130.595471 0.000000 10.717568 31.962013
1386 130.476937 0.000000 10.747388 33.008709
1387 129.581638 0.009391 10.689360 34.639625
1388 129.802494 0.000000 10.828199 34.999971
1389 130.349789 0.000000 10.660706 33.422575
1390 130.161087 0.000000 10.630264 33.253448
1391 130.309132 0.000000 10.724292 33.703287
1392 130.293481 0.000000 10.702770 34.292544
1393 131.375918 0.000000 10.661567 34.195513
1394 129.934101 0.000000 10.805800 34.735051
1395 131.290420 0.000000 10.750226 34.378756
1396 130.851149 0.000000 10.775745 33.578264
1397 130.313218 0.227619 10.806269 35.093667
1398 130.257730 0.000000 10.732512 36.121696
1399 130.703311 0.000000 10.691963 35.479769
1400 130.417340 0.000000 10.705526 34.791321
1401 130.271043 0.000000 10.690245 34.701056
1402 130.776382 0.000000 10.740953 33.977890
1403 129.835750 0.000000 10.788664 34.951657
1404 130.201207 0.000000 10.665891 34.057848
1405 131.305185 0.000000 10.672363 34.164197
1406 130.222409 0.000000 10.695771 34.308150
1407 131.111718 0.000000 10.604013 34.257284
1408 130.436762 0.000000 10.614660 34.164701
1409 129.756483 0.000000 10.614660 34.210993
1410 130.414494 0.000000 10.804175 33.429629
1411 129.753387 0.000000 10.665370 33.110669
1412 130.261333 0.000000 10.568668 33.885159
1413 130.439996 0.000000 10.707297 34.061473
1414 129.546257 0.000000 10.580966 34.423832
1415 130.396993 0.000000 10.683471 33.451997
1416 129.654475 0.000000 10.605356 33.230974
1417 129.512534 0.000000 10.754060 34.339984
1418 130.236478 0.000000 10.657763 33.811571
1419 130.291627 0.000000 10.634533 34.674475
1420 131.038884 0.000000 10.642486 34.009739
1421 129.414481 0.000000 10.708725 33.768840
1422 130.042388 0.000000 10.737786 34.140233
1423 131.039388 0.000000 10.700254 33.568732
1424 129.896403 0.000000 10.661191 35.308380
1425 129.836864 0.000000 10.778417 35.309051
1426 129.479801 0.000000 10.648226 35.950002
1427 129.520321 0.000000 10.780182 34.704027
1428 129.327591 0.000000 10.649927 34.103730
1429 129.304070 0.000000 10.573378 33.801805
1430 129.698859 0.000000 10.730904 33.678027
1431 129.783949 0.000000 10.707810 33.887492
1432 129.922489 0.000000 10.722967 33.974024
1433 130.066072 0.000000 10.755841 33.675318
1434 130.677739 0.000000 10.783889 34.015693
1435 129.664986 0.000000 10.713000 33.855918
1436 130.041976 0.000000 10.742057 33.921087
1437 130.721998 0.000000 10.728982 33.817991
1438 130.363577 0.000000 10.783752 34.552333
1439 129.691748 0.000000 10.742812 35.045642
1440 129.920914 0.000000 10.781110 35.215627
1441 130.093450 0.000000 10.764352 35.288455
1442 130.042012 0.000000 10.786785 34.798568
1443 130.545989 0.000000 10.732456 33.966942
1444 129.496547 0.000000 10.757606 34.808498
1445 130.335510 0.000000 10.677470 34.137985
1446 131.100876 0.000000 10.649917 33.949391
1447 130.981102 0.000000 10.765951 34.670541
1448 130.510098 0.000000 10.620058 34.749526
1449 129.521824 0.000000 10.713291 34.234412
1450 130.738639 0.000000 10.687037 33.775463
1451 130.100391 0.000000 10.750710 34.368588
1452 130.933131 0.000000 10.737063 33.485403
1453 130.520620 0.000000 10.624455 32.660064
1454 129.701737 0.034692 10.837423 33.452384
1455 129.718586 0.000000 10.603694 32.666254
1456 129.522377 0.000000 10.811152 32.998706
1457 130.046704 0.000000 10.688291 32.122042
1458 130.600612 0.000000 10.593035 32.110726
1459 129.807100 0.000000 10.569439 32.465914
1460 130.380398 0.000000 10.639311 31.783380
1461 130.243394 0.000000 10.763219 32.719839
1462 130.559338 0.000000 10.773681 32.304043
1463 130.063623 0.000000 10.575445 32.722901
1464 130.753351 0.000000 10.705687 32.497083
1465 131.316205 0.000000 10.621996 31.807388
1466 130.852958 0.426668 10.880163 32.448761
1467 130.169804 0.000000 10.751958 31.444508
1468 130.444893 0.000000 10.679347 30.331956
1469 129.440433 0.000000 10.624630 30.193918
1470 129.669602 0.000000 10.679277 30.510709
1471 129.578386 0.000000 10.793612 31.669115
1472 129.847254 0.000000 10.779555 31.720832
1473 129.981973 0.000000 10.744669 32.060098
1474 130.660373 0.000000 10.518877 32.203844
1475 130.788648 0.000000 10.650420 32.097276
1476 130.557340 0.000000 10.679099 31.829427
1477 129.490346 0.000000 10.877072 32.670855
1478 129.075766 0.000000 10.768141 32.196064
1479 130.035558 0.000000 10.695144 32.200556
1480 130.966607 0.000000 10.617387 32.361297
1481 130.280007 0.000000 10.690775 31.986204
1482 130.602408 0.000000 10.789551 32.357005
1483 129.924623 0.000000 10.680682 32.314135
1484 130.774606 0.000000 10.681344 32.267609
1485 129.811158 0.000000 10.660376 32.128000
1486 130.514531 0.000000 10.687611 32.318524
1487 130.384887 0.000000 10.645816 32.288164
1488 130.013129 0.000000 10.632691 32.467373
1489 131.074619 0.000000 10.663296 32.042759
1490 130.394266 0.000000 10.698036 32.329722
1491 129.715833 0.000000 10.694560 32.190623
1492 130.591867 0.000000 10.580704 32.832940
1493 130.206635 0.000000 10.657740 32.735071
1494 130.996475 0.000000 10.860651 31.838021
1495 130.569769 0.000000 10.785079 32.452087
1496 130.313614 0.000000 10.663382 32.626877
1497 130.426206 0.000000 10.819785 32.993832
1498 129.632435 0.000000 10.674145 32.125146
1499 130.168299 0.000000 10.754201 31.569282
1500 129.815853 0.000000 10.716441 32.205438
1501 130.173530 0.000000 10.710569 32.254910
1502 130.270607 0.000000 10.648568 31.054754
1503 129.719060 0.000000 10.770563 32.119236
1504 129.437324 0.000000 10.582215 31.940987
1505 129.334810 0.000000 10.807209 31.772796
1506 129.807518 0.000000 10.751004 31.662754
1507 129.467638 0.000000 10.903747 31.850767
1508 128.808849 0.000000 10.848311 31.667225
1509 129.030357 0.000000 10.796164 31.312515
1510 129.115710 0.000000 10.798994 31.242206
1511 129.101115 0.000000 10.822591 30.987332
1512 129.882822 0.000000 10.684161 29.985705
1513 129.682026 0.000000 10.753337 30.134363
1514 130.536489 0.000000 10.651964 30.409886
1515 129.925860 0.000000 10.605718 30.869890
1516 130.168681 0.000000 10.646927 30.862424
1517 129.372548 0.000000 10.718101 29.799834
1518 128.792044 0.000000 10.739923 29.869808
1519 128.813002 0.000000 10.732041 29.690568
1520 129.049064 0.000000 10.765969 30.015413
1521 129.955715 0.000000 10.571705 30.304042
1522 130.504912 0.000000 10.514383 30.277675
1523 129.544068 0.000000 10.597614 30.309756
1524 129.642014 0.000000 10.591475 30.338684
1525 130.156118 0.000000 10.622926 30.161472
1526 130.169001 0.000000 10.622253 30.134210
1527 130.551619 0.000000 10.687332 30.259009
1528 129.411462 0.000000 10.704702 30.925886
1529 129.147563 0.000000 10.767242 30.167340
1530 130.456497 0.000000 10.578745 30.350357
1531 129.341480 0.000000 10.619521 30.391727
1532 130.077545 0.000000 10.658492 30.326958
1533 130.517251 0.000000 10.673037 30.168363
1534 129.367727 0.000000 10.602732 30.776021
1535 129.641117 0.000000 10.648182 30.544735
1536 128.959661 0.000000 10.852036 30.917501
1537 130.319122 0.000000 10.682380 30.069023
1538 130.775633 0.000000 10.621060 30.122034
1539 129.172064 0.000000 10.659162 30.549191
1540 129.832149 0.000000 10.822242 31.116045
1541 129.469091 0.000000 10.770549 31.650975
1542 128.882815 0.000000 10.737245 31.839753
1543 129.045378 0.000000 10.736427 31.564657
1544 129.171244 0.000000 10.720177 31.533422
1545 129.354737 0.000000 10.710940 31.851231
1546 129.658985 0.000000 10.752265 31.515635
1547 129.373419 0.000000 10.677428 32.561936
1548 129.007777 0.000000 10.803843 33.032895
1549 128.882198 0.000000 10.812849 32.886366
1550 129.531425 0.000000 10.681434 32.135597
1551 128.975136 0.000000 10.649302 32.202941
1552 129.908072 0.000000 10.596533 32.204748
1553 129.928317 0.000000 10.670679 32.319538
1554 129.911490 0.000000 10.670679 32.262143
1555 129.864500 0.000000 10.705668 31.763098
1556 129.641031 0.000000 10.744521 32.000531
1557 129.541926 0.000000 10.696473 31.650471
1558 128.907625 0.000000 10.791764 31.819271
1559 128.746172 0.000000 10.781809 31.224221
1560 128.101156 0.000000 10.750161 31.187979
1561 128.631021 0.000000 10.854652 31.077555
1562 128.881642 0.000000 10.626398 32.117385
1563 130.327481 0.000000 10.689943 32.145108
1564 131.775643 0.000000 10.698970 32.973966
1565 130.453005 0.000000 10.774403 33.188903
1566 129.186075 0.000000 10.787618 34.268169
1567 130.648807 0.000000 10.749887 33.454158
1568 129.378966 0.000000 10.776930 32.420843
1569 130.852773 0.000000 10.614322 31.771974
1570 130.026456 0.000000 10.745563 32.765524
1571 130.347718 0.000000 10.727432 32.316100
1572 130.545546 0.000000 10.724800 31.754270
1573 129.440571 0.000000 10.775401 32.580442
1574 128.969453 0.000000 10.895038 33.365193
1575 129.734272 0.000000 10.723041 32.558262
1576 129.601433 0.000000 10.964863 33.050373
1577 128.990006 0.000000 10.756879 33.470816
1578 129.779556 0.000000 10.679825 32.390588
1579 131.227814 0.000000 10.763717 32.637697
1580 129.440291 0.000000 10.860793 33.177982
1581 129.208792 0.000000 10.808144 33.623393
1582 129.747497 0.000000 10.734118 33.964108
1583 129.868683 0.000000 10.788946 33.803679
1584 129.578133 0.000000 10.839577 33.459130
1585 128.664736 0.000000 10.799589 31.713247
1586 128.677207 0.000000 10.802808 31.724566
1587 128.546568 0.000000 10.698640 32.181556
1588 129.499621 0.000000 10.668987 31.969900
1589 129.204912 0.000000 10.759850 32.043602
1590 130.223641 0.000000 10.712212 32.080918
1591 130.452515 0.000000 10.698780 32.157097
1592 129.063476 0.000000 10.775802 32.209982
1593 130.107532 0.000000 10.677782 31.957581
1594 129.987787 0.000000 10.752846 32.009006
1595 129.716705 0.000000 10.696453 32.026337
1596 129.835026 0.000000 10.703289 32.249386
1597 129.886799 0.000000 10.763978 31.925441
1598 129.694632 0.000000 10.766122 31.968951
1599 129.335512 0.000000 10.758193 31.939646
1600 129.810769 0.000000 10.758032 31.567116
1601 129.373820 0.000000 10.774077 32.188934
1602 130.706591 0.000000 10.707225 31.484127
1603 129.459218 0.000000 10.724293 30.710883
1604 128.592023 0.000000 10.725587 29.887457
1605 128.827643 0.000000 10.772013 29.541880
1606 128.791367 0.000000 10.757043 29.806848
1607 129.034883 0.000000 10.664453 30.197258
1608 130.246959 0.000000 10.622967 30.484559
1609 130.663096 0.000000 10.618143 30.632539
1610 129.320456 0.202198 10.947003 31.265320
1611 129.156208 0.000000 10.641042 30.827331
1612 129.983256 0.000000 10.588861 30.799795
1613 130.016913 0.000000 10.674108 30.483651
1614 130.646287 0.000000 10.625101 30.181797
1615 129.526152 0.000000 10.661737 30.638950
1616 128.955161 0.000000 10.789593 31.464457
1617 129.065827 0.000000 10.674330 30.416388
1618 130.012056 0.000000 10.647783 30.127016
1619 130.571261 0.000000 10.656658 30.627015
1620 129.122675 0.334578 10.795009 32.460501
1621 129.753557 0.000000 10.680406 31.430416
1622 129.855911 0.000000 10.551180 31.047672
1623 129.631867 0.000000 10.754200 32.150345
1624 130.017328 0.000000 10.737691 32.327479
1625 130.432839 0.000000 10.628320 32.690036
1626 129.404346 0.000000 10.818993 32.961129
1627 129.653950 0.000000 10.772598 31.584051
1628 129.259328 0.000000 10.779197 32.026603
1629 130.005653 0.000000 10.650992 31.854802
1630 129.675373 0.000000 10.796306 31.611384
1631 129.366910 0.000000 10.775015 32.253347
1632 130.856417 0.000000 10.656117 32.110084
1633 129.812115 0.000000 10.686428 32.630127
1634 129.426531 0.000000 10.807113 33.232552
1635 128.794365 0.000000 10.789811 33.801950
1636 128.614773 0.000000 10.733675 33.829866
1637 129.208562 0.000000 10.695277 33.814154
1638 129.382797 0.000000 10.711886 33.372344
1639 129.610650 0.000000 10.712857 33.097050
1640 128.737024 0.000000 10.791504 33.706325
1641 128.965024 0.000000 10.686533 33.423995
1642 129.697370 0.000000 10.624809 31.847332
1643 129.291377 0.000000 10.736693 31.516843
1644 129.381217 0.000000 10.701458 31.824452
1645 129.516050 0.000000 10.737066 32.053948
1646 130.322303 0.000000 10.623876 32.477547
1647 129.052488 0.000000 10.715247 32.942579
1648 129.791128 0.000000 10.695144 32.577957
1649 129.585449 0.000000 10.803624 33.451056
1650 129.557668 0.000000 10.632305 32.993591
1651 129.813467 0.000000 10.724992 32.631778
1652 129.437396 0.000000 10.795038 33.752325
1653 129.076312 0.000000 10.756772 34.362365
1654 130.230081 0.000000 10.631206 33.627291
1655 130.091955 0.000000 10.784240 33.840082
1656 129.425303 0.000000 10.801686 33.467818
1657 129.785133 0.000000 10.737204 33.509839
1658 129.454084 0.000000 10.797736 33.986887
1659 128.384515 0.000000 10.733245 33.357883
1660 129.200916 0.000000 10.700547 32.782637
1661 130.089994 0.000000 10.723209 31.938539
1662 129.613676 0.000000 10.794998 31.302389
1663 128.896927 0.000000 10.781098 31.329064
1664 128.668007 0.000000 10.769842 30.948205
1665 130.353561 0.000000 10.658557 30.623926
1666 128.541334 0.000000 10.819479 31.161802
1667 128.662773 0.000000 10.840734 31.586908
1668 128.667081 0.000000 10.754105 31.708838
1669 128.803862 0.000000 10.722088 31.818378
1670 129.475086 0.000000 10.755189 31.816058
1671 129.563582 0.000000 10.741957 32.108200
1672 129.317830 0.000000 10.699120 31.802421
1673 129.590575 0.000000 10.749060 31.576854
1674 129.378837 0.000000 10.731349 31.986463
1675 129.504041 0.000000 10.788404 31.608459
1676 129.321299 0.000000 10.763468 31.730866
1677 129.116355 0.000000 10.750883 31.410004
1678 129.295365 0.000000 10.684489 30.286441
1679 130.357201 0.000000 10.614505 30.197088
1680 129.728887 0.133111 10.607652 31.347458
1681 129.813169 0.000000 10.751165 30.328665
1682 129.742925 0.000000 10.629951 30.578786
1683 129.190738 0.000000 10.844134 31.556729
1684 129.667624 0.000000 10.757387 31.689516
1685 128.998333 0.000000 10.714475 32.091393
1686 129.995065 0.000000 10.629934 31.896766
1687 129.690976 0.000000 10.747091 31.813553
1688 129.258837 0.000000 10.722947 31.883559
1689 129.161636 0.000000 10.797393 31.553591
1690 129.230744 0.000000 10.690557 31.745259
1691 129.244148 0.000000 10.713617 31.581325
1692 129.420428 0.000000 10.752646 31.949837
1693 129.210156 0.000000 10.788769 32.039037
1694 130.199709 0.000000 10.632979 32.233328
1695 129.569826 0.000000 10.638909 31.862725
1696 129.068356 0.000000 10.776316 31.745173
1697 128.958771 0.000000 10.759939 31.669156
1698 128.887450 0.000000 10.753316 31.797661
1699 128.563152 0.000000 10.759266 31.531690
1700 128.383052 0.000000 10.761418 31.735095
1701 128.106508 0.000000 10.732072 31.597327
1702 129.419857 0.000000 10.759925 32.191598
1703 130.068784 0.000000 10.657418 32.274349
1704 130.434675 0.000000 10.665294 31.806583
1705 129.559597 0.000000 10.712888 32.687205
1706 129.943748 0.000000 10.648980 32.677559
1707 130.591457 0.000000 10.786939 32.509190
1708 128.945851 0.000000 10.855541 33.270919
1709 128.438251 0.000000 10.706522 33.177206
1710 128.478208 0.000000 10.809450 33.248183
1711 128.315971 0.000000 10.762681 33.203139
1712 129.422456 0.000000 10.788396 33.552934
1713 129.143934 0.000000 10.691753 34.048840
1714 129.937174 0.000000 10.640956 33.461432
1715 130.238087 0.000000 10.591967 33.068960
1716 129.579490 0.000000 10.796934 33.581322
1717 129.074354 0.000000 10.700253 33.988875
1718 129.317091 0.000000 10.693403 33.426606
1719 130.295239 0.000000 10.631376 32.648387
1720 129.753019 0.000000 10.812094 33.093201
1721 129.320218 0.000000 10.770206 33.639385
1722 129.319982 0.000000 10.783250 33.147710
1723 129.288635 0.000000 10.737699 33.155337
1724 129.120191 0.000000 10.678259 33.261987
1725 128.968265 0.000000 10.693808 33.350991
1726 129.834083 0.000000 10.612951 32.600653
1727 130.040559 0.000000 10.964323 33.355997
1728 129.988982 0.000000 10.776280 32.610872
1729 129.375496 0.000000 10.894123 32.788692
1730 130.314058 0.000000 10.588974 32.005214
1731 129.255795 0.000000 10.663054 32.884462
1732 130.735273 0.000000 10.964927 31.774233
1733 129.800816 0.187723 10.841753 32.686543
1734 130.706958 0.000000 10.722533 32.845607
1735 129.989825 0.000000 10.647728 32.159384
1736 130.648742 0.000000 10.657192 32.054991
1737 130.328082 0.000000 10.675765 32.945624
1738 130.758082 0.000000 10.690961 32.150135
1739 130.006681 0.000000 10.594526 32.161777
1740 130.674777 0.000000 10.628566 31.885715
1741 129.883686 0.000000 10.827887 32.656236
1742 129.324034 0.000000 10.867146 32.971105
1743 130.272803 0.000000 10.667530 32.356661
1744 131.936443 0.000000 10.638202 33.183496
1745 130.394691 1.154117 10.904918 34.093316
1746 130.485419 0.000000 10.715955 35.934959
1747 129.389051 0.000000 10.833807 36.122268
1748 130.210624 0.000000 10.627615 35.743422
1749 129.833847 0.000000 10.800127 35.828190
1750 129.327224 0.000000 10.770660 35.747444
1751 128.149389 0.000000 10.518304 37.693420
1752 128.665869 0.000000 10.876914 37.324026
1753 128.591511 0.000000 10.734803 38.012445
1754 129.357996 0.000000 10.633899 38.036255
1755 128.968356 0.000000 10.791760 37.505172
1756 129.261648 0.000000 10.645396 38.373851
1757 130.097921 0.000000 10.789305 36.566419
1758 128.873919 0.000000 10.812422 37.627417
1759 128.057833 0.000000 10.753864 38.424716
1760 128.855830 0.000000 10.676012 37.182992
1761 128.312813 0.000000 10.720696 37.952496
1762 128.484713 0.000000 10.730427 37.193843
1763 127.670310 0.000000 10.736986 37.694503
1764 127.792907 0.000000 10.577062 38.736214
1765 129.089136 0.000000 10.679088 37.784778
1766 128.914259 0.000000 10.656112 37.803731
1767 128.246150 0.000000 10.658449 37.479492
1768 129.518631 0.000000 10.687692 36.468198
1769 129.632080 0.000000 10.639900 35.365039
1770 129.024619 0.000000 10.752606 34.107976
1771 129.810631 0.000000 10.730466 33.358664
1772 130.707951 0.000000 10.713272 32.800310
1773 129.870378 0.000000 10.703234 32.681246
1774 128.556255 0.000000 10.646391 32.085506
1775 129.273334 0.000000 10.676009 31.849852
1776 129.545913 0.000000 10.752792 32.108613
1777 129.844298 0.000000 10.748474 32.140072
1778 129.649881 0.000000 10.746484 31.665855
1779 129.172902 0.000000 10.566848 33.190016
1780 129.413624 0.000000 10.723397 33.966972
1781 129.400384 0.000000 10.692339 34.116798
1782 128.711492 0.000000 10.733710 33.368295
1783 128.702774 0.000000 10.671301 32.476260
1784 129.367810 0.000000 10.661297 31.324508
1785 128.253739 0.000000 10.704512 31.905913
1786 128.829724 0.000000 10.759452 31.868763
1787 128.416946 0.000000 10.732960 31.879529
1788 128.265027 0.000000 10.746717 31.877533
1789 128.601682 0.000000 10.746909 31.778812
1790 128.484568 0.000000 10.715200 32.058208
1791 129.027187 0.000000 10.635814 31.722523
1792 129.232140 0.000000 10.709810 31.877813
1793 129.110663 0.000000 10.731158 31.632514
1794 128.978511 0.000000 10.731158 31.755163
1795 129.231231 0.000000 10.775412 31.748715
1796 129.264751 0.000000 10.750474 31.595912
1797 128.934815 0.000000 10.718926 31.476214
1798 129.025139 0.000000 10.692784 30.516532
1799 128.653180 0.000000 10.847661 31.046784
1800 128.371764 0.000000 10.767698 31.639217
1801 128.872255 0.000000 10.778613 31.918999
1802 128.446166 0.000000 10.718597 32.218387
1803 129.293294 0.000000 10.696192 31.920518
1804 129.286796 0.000000 10.738993 32.201130
1805 129.795596 0.000000 10.683393 31.872231
1806 129.455124 0.000000 10.743950 32.682058
1807 128.928084 0.000000 10.689892 32.686953
1808 129.361332 0.000000 10.684850 32.075524
1809 128.912143 0.000000 10.615218 32.018859
1810 129.644432 0.000000 10.620751 32.065568
1811 130.347929 0.000000 10.611533 31.861776
1812 128.960240 0.000000 10.822455 32.659203
1813 128.939130 0.000000 10.774872 32.880319
1814 129.709328 0.000000 10.688995 31.824855
1815 129.462085 0.000000 10.768700 32.576830
1816 128.690182 0.000000 10.831229 33.145244
1817 128.693112 0.000000 10.658287 33.397935
1818 129.336961 0.000000 10.630034 32.444166
1819 129.416971 0.000000 10.650132 31.564549
1820 128.665877 0.000000 10.685648 32.251881
1821 129.119593 0.000000 10.631275 31.644735
1822 129.159024 0.000000 10.777788 31.571709
1823 128.877923 0.000000 10.735149 32.093766
1824 129.023265 0.000000 10.544754 31.954174
1825 128.793152 0.000000 10.699818 32.196994
1826 128.936324 0.000000 10.584872 31.736098
1827 129.122996 0.000000 10.718802 32.710878
1828 129.214886 0.000000 10.691886 32.327488
1829 129.670721 0.000000 10.621572 31.977618
1830 128.865625 0.000000 10.760368 32.279108
1831 129.185072 0.000000 10.649764 31.647487
1832 129.536624 0.000000 10.715459 32.183743
1833 129.735933 0.000000 10.588993 32.159153
1834 129.350070 0.000000 10.617788 31.887824
1835 129.316823 0.000000 10.664907 32.605704
1836 129.198991 0.000000 10.855754 33.058590
1837 129.250471 0.000000 10.750325 33.717593
1838 129.611493 0.000000 10.710135 34.144767
1839 129.445857 0.000000 10.555854 34.450673
1840 128.952736 0.000000 10.624769 33.855856
1841 129.688617 0.000000 10.691443 33.998766
1842 128.835086 0.000000 10.735306 34.034799
1843 129.246703 0.000000 10.602922 33.550071
1844 129.335253 0.000000 10.631536 34.053352
1845 129.037418 0.000000 10.571753 33.951465
1846 129.425440 0.000000 10.684483 33.655872
1847 128.776663 0.000000 10.882906 33.427364
1848 128.885183 0.000000 10.627933 32.343271
1849 129.562400 0.000000 10.505004 32.065562
1850 130.075233 0.000000 10.605895 31.916922
1851 129.769232 0.000000 10.698043 32.311666
1852 129.587572 0.000000 10.588799 31.822530
1853 129.237891 0.000000 10.696812 32.340926
1854 129.755355 0.000000 10.663323 31.578761
1855 129.198164 0.000000 10.660783 32.673312
1856 129.632444 0.000000 10.658554 32.183462
1857 129.717842 0.000000 10.637197 32.398052
1858 129.507989 0.000000 10.625713 31.841065
1859 128.868749 0.000000 10.626682 32.818341
1860 129.112966 0.000000 10.636898 32.327866
1861 129.537244 0.000000 10.596300 31.797504
1862 129.024939 0.000000 10.803160 31.864264
1863 128.774809 0.000000 10.748334 31.730481
1864 128.510326 0.000000 10.780158 32.163571
1865 128.561392 0.000000 10.530800 32.045831
1866 128.811437 0.000000 10.711481 31.471547
1867 129.042900 0.000000 10.550162 31.039556
1868 128.796694 0.000000 10.752822 31.865877
1869 128.691968 0.000000 10.725909 32.270089
1870 129.095054 0.000000 10.624237 31.878401
1871 128.693507 0.000000 10.726092 32.071481
1872 129.322996 0.000000 10.572304 32.921048
1873 129.108135 0.000000 10.655306 32.444996
1874 129.436173 0.000000 10.645196 31.612953
1875 128.823922 0.000000 10.768988 32.289382
1876 129.167061 0.000000 10.646814 32.119366
1877 130.058793 0.000000 10.613339 32.576490
1878 129.543386 0.000000 10.812580 33.465719
1879 129.177234 0.000000 10.617678 32.985537
1880 130.067101 0.000000 10.654703 32.233791
1881 130.138984 0.000000 10.645431 32.445049
1882 130.011219 0.000000 10.654534 32.149074
1883 129.848708 0.000000 10.642241 32.216017
1884 129.318254 0.000000 10.646356 31.742335
1885 129.636428 0.000000 10.728994 32.021948
1886 129.726570 0.000000 10.615989 32.225672
1887 129.297172 0.000000 10.619113 32.378590
1888 129.768597 0.000000 10.674659 31.817450
1889 130.005752 0.000000 10.782696 32.477521
1890 129.815692 0.000000 10.612797 32.380567
1891 130.354499 0.000000 10.607990 32.216239
1892 129.611045 0.000000 10.660797 32.688434
1893 129.755217 0.000000 10.674895 32.688413
1894 128.650891 0.000000 10.644498 32.495756
1895 129.334541 0.000000 10.679469 31.907134
1896 129.420807 0.000000 10.738681 31.793439
1897 128.909071 0.000000 10.697877 32.368103
1898 129.663352 0.000000 10.679789 32.337275
1899 129.110204 0.000000 10.687171 31.690927
1900 129.710668 0.000000 10.874683 31.748204
1901 129.282183 0.000000 10.708559 32.246485
1902 130.225154 0.000000 10.637424 32.616935
1903 129.570619 0.000000 10.803486 32.987954
1904 129.284105 0.000000 10.689744 32.022549
1905 129.969504 0.000000 10.695390 31.020507
1906 129.259180 0.000000 10.757387 31.766859
1907 128.946390 0.000000 10.710931 31.649154
1908 128.652221 0.000000 10.706448 31.651485
1909 128.536550 0.000000 10.653005 32.274245
1910 128.932649 0.000000 10.605444 31.733026
1911 129.012780 0.000000 10.709912 32.294485
1912 129.901096 0.000000 10.639033 31.886086
1913 129.427724 0.000000 10.761601 32.313427
1914 129.283252 0.000000 10.562194 32.299320
1915 129.137834 0.000000 10.566551 32.054541
1916 129.951267 0.000000 10.651280 32.241588
1917 128.725782 0.000000 10.829808 31.555147
1918 128.435166 0.000000 10.767839 32.178713
1919 129.260349 0.000000 10.507708 32.656286
1920 128.474971 0.000000 10.827752 33.316996
1921 127.974739 0.000000 10.782940 33.530554
1922 128.451802 0.000000 10.765310 34.382224
1923 128.719909 0.000000 10.671942 33.567137
1924 129.108008 0.000000 10.798073 34.291985
1925 128.984645 0.000000 10.647064 33.754570
1926 128.899423 0.000000 10.676446 34.222312
1927 129.068322 0.000000 10.676467 33.636064
1928 128.952098 0.000000 10.711215 34.301415
1929 129.365467 0.000000 10.635042 33.505888
1930 129.175788 0.000000 10.737791 34.338640
1931 129.800273 0.000000 10.659330 33.509415
1932 129.610729 0.000000 10.738155 34.578566
1933 128.950438 0.000000 10.780666 35.038767
1934 128.537688 0.000000 10.710424 34.793907
1935 128.546808 0.000000 10.611300 33.214388
1936 128.498202 0.000000 10.691633 33.334516
1937 128.800639 0.000000 10.744055 32.400899
1938 129.899557 0.000000 10.654475 31.840640
1939 129.577569 0.000000 10.764973 32.157897
1940 129.567987 0.000000 10.701253 32.300024
1941 129.650645 0.000000 10.713162 32.069649
1942 129.665041 0.000000 10.684114 32.276028
1943 129.784635 0.000000 10.704091 32.241361
1944 129.866449 0.000000 10.712283 32.251891
1945 129.830802 0.000000 10.718631 32.129817
1946 129.726355 0.000000 10.705934 32.156221
1947 129.374855 0.000000 10.635904 32.010338
1948 128.959886 0.000000 10.663450 32.155016
1949 129.603272 0.000000 10.657550 31.792629
1950 129.007927 0.000000 10.784248 32.342144
1951 129.703978 0.000000 10.653704 31.783521
1952 129.340497 0.000000 10.804293 32.155786
1953 129.509660 0.000000 10.637240 31.908395
1954 128.807065 0.000000 10.733514 32.296535
1955 129.357363 0.000000 10.563599 31.650316
1956 128.700467 0.000000 10.804151 31.966950
1957 128.863091 0.000000 10.726741 31.405065
1958 129.358057 0.000000 10.702352 30.274578
1959 128.487775 0.000000 10.712880 29.984617
1960 128.453773 0.000000 10.712047 29.740000
1961 128.363514 0.000000 10.726794 29.800350
1962 129.131157 0.000000 10.743745 29.866961
1963 129.351572 0.000000 10.765340 30.021604
1964 130.028549 0.000000 10.570010 30.876768
1965 130.163922 0.000000 10.637868 30.257673
1966 130.672724 0.000000 10.627612 30.659366
1967 129.414603 0.078255 10.907388 31.607314
1968 129.454301 0.000000 10.729412 32.087940
1969 128.855775 0.000000 10.599942 31.786478
1970 129.074614 0.000000 10.796419 31.807231
1971 129.222620 0.000000 10.748325 31.756950
1972 129.296085 0.000000 10.719786 31.910148
1973 129.290611 0.000000 10.755223 31.822468
1974 129.267418 0.000000 10.755223 31.866308
1975 129.310162 0.000000 10.722513 31.658780
1976 129.593293 0.000000 10.700045 31.757088
1977 129.471059 0.000000 10.783481 31.970489
1978 129.168736 0.000000 10.757006 31.874247
1979 129.435915 0.000000 10.702614 31.684367
1980 128.934428 0.000000 10.788065 31.671977
1981 129.055711 0.000000 10.748167 31.937947
1982 129.196943 0.000000 10.748167 31.804962
1983 129.338175 0.000000 10.748167 31.871454
1984 129.926460 0.000000 10.751499 32.198846
1985 130.184298 0.000000 10.721992 31.821371
1986 129.666421 0.000000 10.814657 31.732497
1987 129.168278 0.000000 10.675748 32.615484
1988 129.408869 0.000000 10.756229 32.744727
1989 128.996696 0.000000 10.681019 31.917098
1990 129.544800 0.000000 10.728628 31.697311
1991 129.241432 0.000000 10.770157 31.997100
1992 129.629299 0.000000 10.690263 31.855811
1993 129.508598 0.000000 10.776831 32.023068
1994 129.363179 0.000000 10.610059 31.794299
1995 129.104155 0.000000 10.754564 31.990677
1996 129.560092 0.000000 10.705719 31.789937
1997 129.445765 0.000000 10.811418 31.982809
1998 129.220265 0.000000 10.788376 31.832958
