2 442.272240 220.242383 23.841613 59.722095
3 442.286768 220.347198 23.892396 59.739687
4 442.361824 220.563417 23.738612 59.670367
5 442.488312 220.869356 23.789741 59.400667
6 442.584627 220.935918 23.840781 59.182142
7 442.701838 221.190374 23.740931 59.068646
8 442.865433 221.446138 23.739575 59.150439
9 443.080030 221.672887 23.788767 59.122232
10 443.176680 221.975244 23.744853 58.871953
11 443.326018 222.184466 23.753620 58.536094
12 443.560513 222.648159 23.643576 58.475115
13 443.759045 222.619635 23.751544 58.255210
14 443.924013 222.767512 23.771023 58.201448
15 444.015432 222.982472 23.741851 57.969407
16 444.150642 223.083070 23.710044 57.616412
17 444.210615 223.093473 23.901205 57.756846
18 444.213274 223.131809 23.841809 57.766817
19 444.275415 223.098259 23.770719 57.789174
20 444.384015 223.215299 23.851808 57.773023
21 444.528482 223.155500 23.760041 57.829815
22 444.664181 223.026190 23.860970 57.861643
23 444.888272 222.877695 23.720546 57.680357
24 444.956500 222.934679 23.889030 57.827888
25 444.963236 222.918779 23.843507 57.807646
26 444.984827 222.904731 23.876612 57.799205
27 445.035998 222.954052 23.937706 57.871414
28 445.081699 222.910847 23.850422 57.911026
29 445.250251 222.941658 23.800060 57.826275
30 445.565606 222.874869 23.843580 57.919345
31 445.881891 222.899515 23.713317 57.844338
32 446.030928 222.966178 23.798429 57.818927
33 446.120445 222.700092 23.923533 57.964387
34 446.343613 222.697540 23.743245 58.050520
35 446.585685 222.779477 23.899436 58.541349
36 446.872702 222.883536 23.769273 58.884175
37 447.271729 222.827151 23.789906 58.881921
38 447.329691 222.670807 23.959970 58.840889
39 447.434175 222.348246 23.933148 58.947768
40 447.534525 222.318037 23.967331 58.992981
41 447.816176 222.130546 23.835389 59.009928
42 448.242786 222.099419 23.742453 59.461309
43 448.393987 221.735322 23.995568 59.502834
44 448.442979 221.966035 23.987466 60.056322
45 448.551458 221.776801 23.986913 60.437303
46 448.824826 221.684738 23.830894 60.380500
47 449.232048 221.585673 23.906655 60.514843
48 449.328952 221.698864 23.981803 60.946413
49 449.548972 221.605478 23.967650 61.056618
50 449.892003 221.635205 23.887048 61.415466
51 450.619681 221.177378 23.820251 61.619818
52 450.792466 221.273683 23.950537 61.938084
53 450.891937 221.072151 23.965070 61.862546
54 450.948906 221.109558 23.958927 61.837067
55 451.182587 221.011574 23.979641 61.971160
56 451.218628 220.830624 24.009956 62.047651
57 451.458792 221.073795 24.525494 62.498358
58 451.591222 220.802047 25.036137 62.561449
59 451.797424 220.820551 25.500824 63.022582
60 451.915609 220.666121 25.973026 63.446872
61 452.166458 220.338792 25.950085 63.658315
62 452.184828 219.791501 26.015370 64.279333
63 452.333909 219.631953 26.461169 64.480325
64 452.422129 218.967696 26.498700 65.012884
65 452.558392 218.521995 26.511050 65.938384
66 452.783175 218.361641 26.999630 66.016592
67 452.861669 218.412142 26.902895 66.470231
68 453.219966 218.244864 26.799916 66.557785
69 453.845564 218.552736 26.717973 66.987451
70 454.171404 217.981009 26.874953 67.312769
71 454.899499 217.167049 26.700180 68.396761
72 455.032058 217.210761 26.971924 68.412792
73 455.121823 216.850577 26.939681 68.522541
74 455.327348 216.957956 26.939659 69.080418
75 455.564527 216.821435 26.907235 69.635480
76 455.571519 216.674205 26.977256 69.957619
77 455.721906 216.353956 26.965666 70.176496
78 455.800455 216.348584 26.873918 70.432578
79 456.162889 216.107177 26.751995 70.503358
80 456.611421 216.185445 26.733475 70.772942
81 456.822906 216.201657 26.933839 70.885951
82 457.039949 216.291551 26.903752 70.840192
83 457.268278 216.318475 26.985049 70.924546
84 457.555900 216.244953 26.950255 70.919187
85 457.611895 216.094001 26.997592 71.055861
86 457.733507 216.064717 27.074928 71.608807
87 458.119210 215.927885 27.621716 72.355645
88 458.304806 215.879943 27.948399 72.400423
89 458.420225 215.778851 27.999449 72.542605
90 458.570045 216.024278 28.041774 73.061870
91 459.023677 216.028421 28.480938 73.654500
92 459.336510 215.710439 28.418784 74.184281
93 459.504460 215.400876 28.486103 74.674794
94 459.598733 215.218815 28.460716 75.025638
95 459.926343 214.860118 28.459880 75.764551
96 460.211714 214.841853 28.426880 76.007447
97 460.879489 214.699190 28.324086 76.714341
98 461.422940 214.164707 28.350642 77.150093
99 461.591035 214.094894 28.540087 77.549246
100 462.008379 213.788391 29.135050 78.145545
101 462.336996 213.328325 29.411262 78.653609
102 462.474288 213.187348 29.469449 79.042654
103 462.739561 213.228939 29.496924 79.575935
104 463.116253 213.044876 29.374396 79.979843
105 463.489501 212.766117 29.474536 80.016644
106 463.738441 212.475590 29.490916 80.619594
107 464.170335 212.191253 29.451577 81.048851
108 464.494659 212.022998 29.572652 81.528051
109 464.896492 211.878570 29.974820 82.083355
110 465.283402 211.692731 30.024972 82.501912
111 465.674878 211.049402 30.447456 82.923896
112 465.834184 210.522888 30.439311 83.063102
113 466.127349 210.143322 30.327413 83.651002
114 466.488777 209.767211 30.449816 84.149250
115 466.568839 209.672121 30.441100 84.538685
116 466.702777 209.434327 30.322588 85.100055
117 466.987984 209.272347 30.313529 85.513307
118 467.237485 209.232472 30.393456 85.953846
119 467.317678 208.688019 30.406849 86.227631
120 467.514775 208.709728 30.338926 86.524789
121 467.792792 208.192488 30.495236 87.046525
122 468.198393 207.890758 30.348027 87.520862
123 468.304666 207.968393 30.400486 87.904382
124 468.559907 207.381104 30.394485 88.267825
125 468.834509 207.046605 30.398454 88.320717
126 469.220696 206.866988 30.465415 88.430323
127 469.377217 206.761722 30.385807 88.402948
128 469.598845 206.687104 30.475760 88.347518
129 469.748266 206.489078 30.425524 88.435113
130 470.197992 205.999966 30.355674 88.785918
131 470.321539 205.997906 30.440699 88.998981
132 470.404144 205.628377 30.398499 88.981166
133 470.795420 205.389376 30.502205 89.125830
134 470.990173 205.523183 30.932492 89.278063
135 471.162995 205.276071 30.867503 89.512227
136 471.349481 205.348846 30.979703 89.884352
137 471.732127 204.988456 30.906177 90.043967
138 471.773986 205.147327 30.915223 90.266836
139 472.020124 204.563843 30.998504 90.559966
140 472.284747 204.364739 30.937449 90.819779
141 472.801799 203.132659 30.892698 91.055598
142 473.069822 203.237371 30.957361 91.443036
143 473.744353 202.360497 30.885455 92.154097
144 473.957082 202.117788 31.007639 92.443066
145 474.658618 201.964555 31.367453 92.643107
146 475.065387 201.574293 31.404126 93.273898
147 475.339440 201.420195 31.636878 94.485357
148 475.553115 201.206099 31.988467 94.862179
149 475.699685 200.951635 31.981621 95.408094
150 476.010250 200.839088 31.988658 95.695531
151 476.295698 200.574978 32.091222 97.425339
152 476.850450 200.408986 32.415551 98.044524
153 477.271912 200.206113 32.505182 98.663849
154 477.410519 200.159109 33.011588 98.996662
155 477.721445 199.938008 33.523999 99.130282
156 477.922712 199.879820 34.011128 99.461764
157 478.247434 199.478316 34.511354 99.789179
158 478.486583 199.154597 34.940463 100.296378
159 478.443079 198.728627 35.006776 101.034164
160 478.679022 198.177216 35.427510 102.019403
161 478.769486 197.128942 35.391524 104.288640
162 478.535670 196.175188 35.743267 106.577431
163 478.630333 195.478385 36.076921 108.670513
164 478.871810 195.128657 36.374689 109.424305
165 479.008332 194.673451 36.350406 109.706401
166 479.068790 194.369063 36.487982 110.573076
167 479.131219 194.091318 36.502042 111.347505
168 479.154317 193.869244 37.111244 111.851532
169 479.193359 193.704797 37.524083 112.177820
170 478.013270 192.154890 38.562191 113.851849
171 478.015459 191.905554 38.966870 113.924457
172 477.819775 191.699289 38.991414 113.836014
173 477.603078 191.512198 39.000627 113.903409
174 477.567436 191.265550 39.581141 114.083779
175 477.523783 191.151053 40.089008 114.600580
176 477.398198 190.882028 40.680190 115.272026
177 477.364773 190.401505 41.181810 116.112970
178 477.280467 189.992892 41.660542 116.775597
179 477.309523 189.807181 42.078476 117.020715
180 477.443843 190.001412 42.530759 117.611592
181 477.575056 190.116314 43.046370 118.222029
182 477.512147 189.792872 43.677171 119.169112
183 477.722623 188.781455 44.002534 121.500674
184 477.805330 188.081099 44.701186 123.099270
185 477.948686 187.215661 45.074484 124.831725
186 478.106878 186.579238 45.623012 125.917673
187 478.390403 185.740893 46.201655 127.650006
188 478.524593 185.398781 46.636561 129.102374
189 478.913894 184.591692 47.021405 131.535306
190 479.041573 184.609620 47.418089 132.089643
191 479.006792 184.469350 47.367920 132.587329
192 479.396026 183.380378 47.669384 135.421205
193 479.663250 182.920245 47.915181 136.338921
194 479.883966 182.684475 47.973035 137.032988
195 480.843707 181.471286 48.080303 140.218356
196 481.228731 181.129338 48.452142 142.152018
197 481.120276 180.445537 48.639076 144.103304
198 481.241697 179.800843 49.123968 144.946229
199 482.074283 179.575611 49.009027 145.800215
200 482.315015 179.211756 49.395560 146.245063
201 482.428213 178.709174 49.474395 146.813768
202 482.812184 178.744440 49.347602 147.308874
203 482.866585 178.500939 49.348978 147.347545
204 483.484683 178.428032 49.352681 148.381729
205 484.104743 178.220262 49.439632 148.749996
206 484.435462 177.951271 49.459338 149.401695
207 485.593840 177.762231 49.319313 150.545319
208 486.010619 177.709965 49.375983 150.974619
209 486.592639 177.290482 49.454181 151.968980
210 487.411603 176.263059 49.547877 153.144505
211 487.722525 176.188403 49.912741 153.814414
212 488.439580 176.255553 49.852154 154.663628
213 488.540801 176.078632 49.900942 155.117849
214 489.009847 175.812480 50.055776 155.575735
215 490.062189 175.446071 50.540715 156.114518
216 490.394673 174.737364 51.068878 156.919997
217 491.131982 175.308312 51.439641 156.824176
218 491.304674 174.833139 51.510169 157.347089
219 492.126584 173.741144 51.879243 158.896744
220 492.197272 173.839225 51.840798 158.893985
221 493.175473 174.169041 51.842767 159.869152
222 493.871647 173.925429 51.665637 160.582413
223 494.677386 174.226509 51.394307 161.540167
224 495.883469 175.297899 51.352004 161.928407
225 496.082244 175.554106 51.352724 161.782571
226 496.814283 175.136278 51.346513 162.333208
227 498.284456 175.337941 50.944587 163.700003
228 498.961112 175.091912 50.906631 164.653106
229 499.697868 174.853322 51.109964 165.750605
230 500.410749 174.632714 51.460858 167.066012
231 501.063225 174.359616 51.525918 168.102581
232 502.335507 174.160150 51.952584 170.497356
233 502.831449 173.973545 51.884307 171.345568
234 503.638108 173.853816 52.012683 172.599851
235 504.682723 173.454407 52.503465 174.482025
236 505.226445 173.343342 52.957553 175.190877
237 505.939343 173.132084 52.975920 176.592490
238 506.360621 173.218050 53.050269 177.775401
239 507.852883 172.000802 53.688040 179.888463
240 508.561948 172.199238 54.016214 181.164310
241 509.720536 172.460656 54.538293 182.421039
242 510.527080 172.413253 55.008369 183.665409
243 511.247697 172.494504 55.459814 184.965864
244 512.074904 171.976910 55.472826 185.802517
245 512.899224 171.685470 55.702088 187.870482
246 513.496874 171.963065 55.879356 189.584930
247 514.258504 171.147239 56.536867 193.255958
248 515.053555 170.767663 57.261904 195.271758
249 515.414415 171.091514 57.681245 196.291060
250 515.655009 171.463372 58.206307 197.482569
251 516.211755 171.944169 58.459430 198.708627
252 517.124264 171.805108 58.369125 201.830757
253 518.505195 171.668730 58.788495 206.173208
254 518.646212 172.014831 59.135842 207.901036
255 518.857911 171.441469 60.161506 210.601151
256 519.453931 170.816232 60.957398 212.107423
257 520.273564 171.567970 61.847472 214.520063
258 523.709391 171.666830 62.850367 219.279963
259 523.731636 174.067186 63.490037 219.204089
260 523.616909 174.060896 64.040341 218.008293
261 525.321984 173.667800 63.784871 219.029821
262 525.702735 171.978432 64.246185 217.821444
263 525.499329 170.177422 64.822384 216.128548
264 521.116344 169.833324 67.597878 210.003509
265 517.474464 157.224073 73.490192 203.249528
266 512.738527 174.214297 77.603453 196.093884
267 501.708393 209.377090 81.489866 196.231423
268 489.014295 236.726699 84.721391 192.940553
269 486.865554 254.855556 85.033386 190.195776
270 484.076780 263.761376 85.023750 188.165577
271 483.319524 271.762051 85.283367 186.382104
272 482.491306 275.537576 85.248044 185.409530
273 482.352914 278.305969 85.273774 184.716923
274 482.222461 280.034000 85.363291 184.500845
275 482.181688 281.416494 85.332833 184.636317
276 481.730069 282.448763 85.225005 184.233430
277 481.037661 283.586932 85.209558 183.330547
278 480.887127 285.002169 85.353380 182.769037
279 480.700898 286.343924 85.232853 181.982927
280 480.499908 287.381801 85.219212 180.959186
281 480.784590 288.540966 85.316459 179.998453
282 481.180151 289.560687 85.339857 179.002527
283 481.804170 291.011456 85.581678 178.605723
284 482.573902 292.291829 86.012319 178.073902
285 482.829238 293.239951 86.450937 177.471091
286 483.134047 293.842636 86.463794 176.520672
287 483.990681 295.031186 86.585892 175.871105
288 483.851146 295.535861 86.853426 174.903944
289 484.134878 296.108200 86.902112 173.973241
290 484.852312 296.690727 86.968069 173.116713
