5 264.452833 109.684774 93.399917 212.793717
6 264.017249 109.456514 94.243055 214.032229
7 263.506940 109.419712 95.385221 215.340192
8 262.689846 109.020844 96.536617 216.564803
9 259.611927 109.129008 99.866293 218.373158
10 259.177181 109.037990 100.598254 219.197493
11 258.064268 109.129103 102.600130 220.239066
12 256.241939 109.300618 105.531598 221.227965
13 254.712286 110.026826 108.570326 222.899912
14 254.475426 109.892815 109.722082 224.647688
15 254.588317 110.002185 110.078321 225.157403
16 254.585580 109.881279 111.325513 226.335085
17 254.164294 109.445244 113.394326 228.061765
18 253.936563 109.447874 115.139396 230.124237
19 254.010411 109.522184 116.233072 231.209003
20 254.480228 109.659757 118.265939 232.347955
21 254.702444 109.764959 119.001625 233.156540
22 255.005342 109.919520 119.787395 233.690683
23 255.220164 109.698277 120.708693 234.189228
24 255.662595 109.163543 121.772815 234.681011
25 255.797404 109.115048 122.163219 235.132798
26 255.970011 109.276538 122.522793 235.487771
27 256.103917 109.189942 123.114434 235.388221
28 255.274575 108.958355 124.003781 235.411826
29 247.223114 107.934370 128.626885 233.350839
30 245.117888 107.697907 130.049265 233.272195
31 240.309575 107.479321 131.952390 233.886733
32 237.869301 107.203223 132.852487 233.804378
33 232.524077 107.474853 134.300160 234.914420
34 229.957704 107.330688 135.408954 235.119497
35 223.182120 109.120999 136.428104 236.335802
36 221.120000 108.734395 137.506499 238.287368
37 221.073352 108.768655 138.176492 238.516854
38 221.211463 108.994330 138.510976 238.999100
39 221.456499 108.985218 138.992411 238.994678
40 221.460817 108.978318 138.992411 238.994678
41 221.465135 108.971417 138.992411 238.994678
42 221.469453 108.964517 138.992411 238.994678
43 221.473771 108.957616 138.992411 238.994678
44 222.090016 109.046992 139.115427 239.292193
45 222.974623 109.283337 139.561297 239.822040
46 223.786285 109.218302 139.948944 240.104050
47 227.013468 108.299037 139.808614 241.141413
48 228.671120 107.862441 139.444300 241.688108
49 233.661531 105.053104 138.326549 242.727667
50 238.220689 103.034803 136.639869 243.166855
51 242.400871 100.477276 134.816122 243.332477
52 246.366238 98.942652 132.783444 242.863137
53 250.417727 96.825494 130.933811 241.330200
54 254.312237 94.493830 128.771837 238.947345
55 255.880413 91.612079 128.332619 236.128572
56 255.964269 91.786707 128.493438 236.490110
57 256.005503 91.677617 128.512659 236.257224
58 256.468150 91.153611 129.054137 235.422870
59 256.935175 90.168089 129.506218 233.692407
60 257.632855 88.779885 129.621068 230.978963
61 257.866177 88.778056 129.953589 230.951369
62 257.929366 88.784406 129.961009 230.994041
63 257.987096 88.771909 129.961319 230.995164
64 258.040710 88.760129 129.964561 230.993688
65 258.231812 88.702790 129.867146 231.011478
66 260.507769 88.953333 128.880866 232.525955
67 262.203512 88.967216 128.184271 234.116564
68 263.448854 88.867636 128.125723 234.958869
69 263.769931 88.789379 128.445656 235.043153
70 264.303804 88.728395 128.529295 235.546108
71 264.547898 88.941004 129.002221 236.005289
72 264.796516 89.175053 129.494010 236.483806
73 264.796726 89.139293 129.503131 236.389247
74 264.972014 88.967840 130.002083 236.224160
75 260.507974 85.037713 132.223153 230.217202
76 254.801852 83.803764 132.252817 228.700417
77 254.215328 83.635042 132.397521 228.114958
78 248.726965 84.713266 132.097651 225.853177
79 243.000240 88.095748 133.664930 224.987406
80 242.959729 88.168425 133.875965 224.872810
81 240.969158 88.419496 133.819851 224.299643
82 239.321813 89.504416 132.736894 223.103651
83 239.307939 89.789362 132.725578 223.165339
84 239.260225 89.983378 132.395328 222.819659
85 239.254883 90.047954 132.310653 222.895420
86 239.193026 90.029011 132.020413 222.688131
87 238.355585 89.472035 131.141307 224.821130
88 237.844817 88.485378 130.351004 225.320352
89 236.740768 87.152451 129.173800 225.147119
90 235.750679 86.491344 127.749067 224.680603
91 234.979520 86.637749 127.278558 225.032862
92 232.207242 88.089865 125.532563 227.148117
93 230.606426 88.930141 124.565633 228.207987
94 229.366723 89.903254 123.411399 228.320210
95 228.062457 90.577476 122.508562 226.817122
96 228.372680 90.755952 122.792622 226.661062
97 228.476833 90.916340 122.993284 226.994945
98 231.751794 93.278998 122.501226 223.364410
99 237.108349 93.848241 122.112628 221.764009
100 240.908420 92.925675 121.688562 219.263744
101 243.357515 92.162256 122.088855 217.282687
102 245.364016 91.489203 122.380640 216.544407
103 246.191588 91.101890 122.464731 216.160042
104 246.683538 90.746154 122.587157 215.941621
105 247.373384 90.461913 123.219765 214.553234
106 247.518643 90.669190 123.494282 214.967306
107 247.549245 90.674824 123.472599 214.986908
108 247.563411 90.672768 123.493257 214.995212
109 247.567247 90.666561 123.493257 214.995212
