2 554.841265 128.773476 74.687014 104.601955
3 554.996492 128.972113 74.990144 104.981440
4 579.978594 110.557775 75.201030 102.043954
5 605.331155 85.417626 73.712655 106.220920
6 592.318108 90.070102 76.508154 105.913089
7 593.274568 81.587313 78.532009 107.789855
8 593.459683 81.684774 79.116943 108.017664
9 607.291596 56.634177 82.609813 107.798301
10 600.961921 58.152417 84.284297 107.335640
11 601.068346 58.234203 84.488895 107.480998
12 551.226727 28.181826 97.047538 107.032604
13 552.020779 28.478487 97.368373 107.978630
14 456.565499 33.260994 103.587092 111.537467
15 410.819385 48.273940 98.158123 122.284209
16 453.890075 37.177110 100.777782 117.395251
17 474.078340 4.951594 100.658017 115.886277
18 474.247627 5.008029 100.986727 115.979495
19 451.555894 35.888794 97.175400 122.209406
20 442.915930 44.856817 105.573452 123.648274
21 462.645706 33.610115 111.795859 124.195151
22 488.638708 45.575920 112.073070 128.598953
23 488.850274 45.775970 112.485216 128.977198
24 477.608214 46.921419 115.526476 126.654289
25 449.312449 48.670770 117.590108 126.109750
26 444.234101 46.071534 114.520214 126.249425
27 443.456721 45.990961 116.350250 126.864139
28 443.529629 46.058426 116.484690 126.977551
29 441.993946 59.633684 114.835293 129.670222
30 468.699749 69.327657 120.157461 121.863978
31 508.782506 44.350479 118.733898 123.955899
32 540.675507 36.231896 114.091631 129.638581
33 540.887101 36.467186 114.528560 129.949684
34 534.578358 48.039884 109.841502 127.312053
35 541.764964 33.547125 107.777474 123.464425
36 542.270896 25.811140 106.293059 123.360462
37 538.432181 31.382557 107.955567 122.155390
38 538.452575 31.554412 107.985807 122.478346
39 530.280173 24.497758 108.008574 120.182184
40 537.806231 27.854264 109.232345 122.411737
41 553.338913 38.843540 108.174587 120.390875
42 559.446166 40.918553 107.737290 119.646621
43 559.714733 41.014939 107.964116 119.918678
44 577.434894 47.774747 106.751400 118.763695
45 597.464568 44.540980 99.317804 119.868614
46 602.267862 51.264742 98.870909 118.132725
47 585.884698 64.396881 102.116752 115.328685
48 586.251405 64.662484 102.509531 115.369765
49 578.201320 98.567865 102.770514 119.522903
50 614.119481 116.992666 120.546952 113.210243
51 642.815270 92.814872 115.025987 126.338701
52 587.998629 113.520922 116.110971 130.234164
53 590.701234 125.113001 115.024568 132.562846
54 589.694107 100.215527 104.520783 142.485009
55 630.256731 109.756417 105.009343 143.854583
56 641.394933 143.310743 101.660939 148.445439
57 612.194469 149.787973 101.065797 145.924834
58 612.409857 149.825020 101.486661 145.974193
59 610.625106 156.292744 102.760464 141.861559
60 619.500998 164.494380 102.331811 142.428000
61 613.571462 188.773886 99.837373 141.334221
62 606.986621 205.677025 98.527641 140.459723
63 607.221129 205.696648 98.986990 140.475165
64 610.121123 218.021849 95.917023 151.617086
65 611.557381 241.249929 95.262781 149.509446
66 637.148271 260.211982 102.656753 142.462885
67 666.736851 243.311994 99.339860 147.444113
68 669.381884 243.701656 96.940824 149.338623
69 707.370894 233.854104 93.675606 168.851134
70 703.879495 262.180098 96.698030 163.844496
71 683.150358 249.560853 93.579668 161.372874
72 683.354415 245.490739 87.744056 162.809210
73 683.475211 245.513804 87.969007 162.956987
74 688.431074 254.236454 87.759174 165.480172
75 697.051352 259.986435 91.284835 148.277371
76 702.531419 267.934009 86.239995 157.516908
77 704.957399 297.940944 83.963069 162.139812
78 705.668387 297.380968 84.083842 160.938253
79 704.701067 347.680997 80.710980 168.405970
80 724.993355 369.090929 88.360300 154.519194
81 740.054314 363.842107 85.502342 159.171711
82 742.278338 379.025408 86.268065 158.137617
83 743.123872 380.196340 86.683043 157.341084
84 753.387355 407.698135 91.569907 148.290102
85 758.313837 406.755183 91.894749 149.413290
86 769.314827 411.752368 93.761876 147.157390
87 770.751004 413.127867 92.722553 146.384272
88 776.110374 411.137974 90.037825 146.080001
89 787.397520 421.412416 90.548647 146.272351
90 801.722332 430.469120 89.609775 146.992978
91 814.310335 442.853922 90.518104 145.312384
92 811.285970 461.444455 84.527162 142.485822
93 811.652048 461.551110 84.806212 142.277690
94 810.711875 462.308973 84.589221 142.048266
95 825.097735 461.475619 84.244292 136.990331
96 829.583530 462.215947 83.488233 136.896124
97 829.749597 462.694775 83.166737 136.753647
98 830.124529 463.019707 83.180183 136.661791
99 834.576413 457.006973 82.682169 135.325795
100 835.001186 457.278463 82.666908 134.880079
101 832.819675 460.423082 81.146487 133.715211
102 836.272572 462.434389 81.063515 128.936713
103 837.367570 465.854322 79.397499 125.058188
104 826.154835 459.239378 75.832283 124.634621
105 803.395757 474.328337 76.828684 122.186822
106 792.634359 493.091234 82.293052 118.355892
107 804.931720 483.136971 81.788998 118.615824
108 808.078059 480.988946 81.957204 119.041258
109 801.735072 488.094220 91.726650 113.950810
110 799.385540 490.576726 84.563245 118.954977
111 806.149903 489.864686 99.218792 113.877305
112 817.584622 488.040989 98.461052 111.885940
113 816.771096 488.051738 98.677874 111.839815
114 814.835853 488.997538 98.707771 112.351015
115 808.293494 495.083049 94.328856 107.833584
116 808.734431 493.812570 92.442604 107.809672
117 800.747988 494.263397 88.503610 101.381450
118 800.923341 494.399302 88.969987 101.376781
119 793.918615 490.920246 91.300375 96.396464
120 776.981501 490.972125 94.101926 92.959871
121 750.385777 494.605933 92.343150 93.013534
122 745.544308 489.819404 92.388055 92.324522
123 745.452283 490.194582 92.352840 91.885134
124 745.103591 483.743222 90.738336 92.174327
125 751.769681 486.677982 90.684057 90.470493
126 763.820833 488.567283 88.772723 87.121095
127 761.332414 492.884921 88.318013 85.225536
128 761.428290 493.010697 88.484610 85.466496
129 759.919921 501.696423 87.967367 85.866152
130 759.242939 505.268612 87.340018 85.830350
131 764.011839 504.617045 86.770319 84.636529
132 768.481417 503.981161 86.770381 83.571066
133 768.733122 504.240661 86.885506 83.706702
134 779.485018 503.251826 85.475806 83.401188
135 781.791207 503.932473 84.098550 83.795267
136 786.942024 509.809696 81.478254 83.811881
137 799.893047 505.672669 79.576654 81.876540
138 800.149181 505.745832 79.960453 81.980981
139 803.949700 499.176106 79.633026 80.932384
140 803.211564 493.934184 79.250534 77.619795
141 786.519629 497.961936 82.753541 70.864972
142 806.622435 516.863596 82.311708 58.607867
143 806.609708 517.020408 82.504363 58.962163
144 827.659753 508.632091 79.116056 62.016725
145 816.502075 504.557347 74.563218 63.408020
146 796.008280 500.705353 73.582875 62.980043
147 806.711685 498.427149 72.361776 57.646557
148 806.779573 498.603658 72.490472 57.989748
149 824.527642 500.003750 71.286963 56.940889
150 832.509896 508.462462 72.722565 55.284386
151 847.251851 503.652285 69.073511 55.795679
152 851.475031 506.277533 68.670647 56.271859
153 851.638543 506.391396 68.990932 56.490013
154 851.036042 512.687593 69.987569 56.424424
155 858.152227 507.234569 73.128463 57.768259
156 869.530579 510.782455 69.121281 61.678640
157 864.710979 528.190178 68.936100 68.214126
158 865.748268 528.393673 68.883567 68.502783
159 865.796660 529.065984 69.237130 68.665876
160 872.600606 524.906382 69.846315 69.818310
161 862.688745 547.920435 73.591220 73.036198
162 860.138770 555.857340 74.429211 74.405081
163 864.092559 552.303182 74.589479 73.615358
164 870.242615 549.381465 75.267366 73.242534
165 871.051760 547.315231 74.708247 74.040156
166 873.169725 546.216474 75.331750 75.861823
167 863.526114 546.146750 76.898569 74.003342
168 859.400710 546.350290 77.547953 74.118944
169 857.203862 547.019949 78.271002 74.207720
170 846.813547 542.504358 79.157181 73.695071
171 825.217178 538.975178 80.677360 72.206832
172 815.963164 532.251950 80.147665 73.424918
173 816.137996 532.295232 80.487747 73.482518
174 812.627848 532.304783 79.762129 73.259795
175 815.554484 531.928339 78.856285 72.776969
176 805.571698 527.728129 78.650272 71.798330
177 784.420623 534.392581 75.226675 71.107869
178 784.556011 534.588384 75.490078 71.487361
179 782.356121 527.633348 75.038889 71.038904
180 785.706559 521.104052 72.994997 72.525816
181 781.363536 522.693559 73.562554 71.997814
182 781.581010 522.694387 73.990275 71.987273
183 781.584624 522.700486 73.990275 71.987273
184 774.031347 514.401869 73.792266 70.648266
185 756.626043 514.783946 71.491367 71.998150
186 746.162247 513.012941 72.397061 72.435587
187 746.212493 513.044881 72.490472 72.487185
188 746.216033 513.051023 72.490472 72.487185
189 755.511373 506.694265 74.298070 71.222972
190 755.620651 506.833683 74.483872 71.487689
191 751.781266 502.987168 74.981423 71.088197
192 755.415946 500.624496 77.070447 69.755264
193 755.629415 500.746607 77.489815 69.987627
194 761.511146 495.618380 78.196769 70.439746
195 761.334103 492.209338 78.649053 69.620370
196 755.280997 488.175258 79.525706 69.760262
197 751.797700 483.222691 79.102951 70.038849
198 752.229563 482.793317 79.084920 70.784898
199 753.391860 475.877802 78.519222 73.058356
200 755.758193 473.666865 79.510649 73.690967
201 756.761090 465.486508 78.451397 75.676245
202 766.037501 466.455438 75.710693 75.995481
203 767.405060 466.041149 75.243106 76.461138
204 770.722256 466.476440 73.114683 77.218118
205 761.290334 469.670268 74.869577 75.293949
206 777.014782 474.394275 75.359759 71.852621
207 788.525996 481.978823 74.637717 66.190210
208 788.705871 482.133474 74.990144 66.488245
209 776.204081 485.935595 77.096901 62.683177
210 816.300795 487.416235 74.794097 74.102502
211 812.407577 491.677121 73.160927 76.323626
212 809.177633 517.965888 74.906636 77.434327
213 810.734967 514.561448 77.361728 78.885357
214 818.500541 510.729622 86.667670 76.555909
215 824.056834 501.106624 96.318419 74.058969
216 830.297731 503.404505 96.245198 81.186979
217 817.903639 501.570663 97.085984 88.158165
218 818.705502 496.929100 98.685253 92.823534
219 825.932918 492.381000 109.209299 95.956006
220 849.638945 491.494212 112.138492 97.992943
221 858.958618 486.866471 112.936095 102.481313
222 869.276985 493.733795 116.922858 107.904042
223 870.831687 493.719487 117.011409 108.727338
224 877.618980 496.050509 116.666337 110.210685
225 867.865165 493.503298 112.145460 119.204466
226 870.439263 494.871421 113.274885 119.672707
227 879.112012 496.008296 111.860025 125.785572
228 879.175660 495.833241 112.040006 126.435032
229 877.373540 496.739223 109.571961 131.314065
230 878.705340 512.206405 119.474258 137.235743
231 886.764781 512.347254 119.415177 136.464858
232 885.343410 514.618460 119.810170 150.372687
233 885.665627 514.594378 119.988293 150.755523
234 884.226567 520.828786 119.159460 153.847580
235 888.305429 532.157409 119.508331 154.560066
236 896.925581 536.110463 120.746693 151.988406
237 898.168342 540.606494 118.357106 153.338257
238 901.851054 539.384071 116.677272 155.125540
239 903.623074 545.455337 112.344262 153.145565
240 904.330897 542.667570 111.200523 155.157716
241 899.607476 538.032375 106.737759 159.440761
242 898.291349 535.335191 106.276055 160.827108
243 897.993466 535.412248 105.894914 160.895569
244 885.620854 523.366478 102.885923 171.880047
245 884.682976 515.201997 102.231244 170.960997
246 883.541617 516.244253 102.394018 169.455559
247 875.528296 506.068292 99.389832 179.031966
248 876.981455 507.254069 99.530114 178.849319
249 880.265181 487.959364 98.684149 182.435454
250 880.607058 488.224423 98.721918 182.283017
251 881.516047 489.210574 99.072439 181.814365
252 902.446134 506.748012 104.341850 176.261202
253 902.945565 506.792675 104.404841 176.766793
254 931.658711 509.049093 106.400696 173.160417
255 957.364502 510.069470 106.224430 170.524629
256 974.432208 494.174210 102.815464 180.046720
257 969.913770 502.685389 100.370139 180.690824
258 971.585520 503.555017 99.612041 182.762400
259 971.696597 505.520265 100.318708 181.235579
260 988.877555 516.293715 100.195067 177.084305
261 1006.392978 512.553451 98.901183 180.299633
262 1026.652057 506.257762 94.741345 188.923179
263 1029.414642 504.864842 94.097013 189.172611
264 1032.933714 473.781678 88.257125 218.680944
265 1017.905204 475.119240 86.533237 219.364838
266 1020.882151 514.300383 95.937003 192.500976
267 1004.388805 512.409407 96.368580 200.064254
268 998.834757 517.716140 96.688863 200.560853
269 981.202455 509.641063 99.581889 208.236012
270 987.491552 505.875821 96.013560 205.685156
271 972.692722 508.839650 96.154263 203.246656
272 952.380176 519.583361 93.968855 200.416639
273 954.205949 522.431360 91.934499 197.568640
274 958.974553 535.357095 90.077668 184.642905
275 970.868392 546.831151 91.153935 173.168849
276 969.922958 556.334082 92.603876 163.665918
277 966.057853 561.886494 95.683824 158.113506
278 966.215273 562.081524 95.988519 157.918476
279 973.739978 568.063100 97.127715 151.936900
280 991.839446 571.235857 103.413111 148.225556
281 998.272942 569.383933 105.489751 147.382797
282 987.153589 569.108302 108.211712 146.845470
283 987.077919 569.181558 108.909150 146.988084
284 971.294317 563.289956 107.233044 153.328785
285 971.501230 563.288630 107.947387 153.586099
286 971.516017 563.486519 107.989273 153.974387
287 962.224351 559.457901 107.031459 154.397184
288 962.456807 559.508742 107.485873 154.472690
289 949.307437 558.875614 108.406341 155.502498
290 920.124491 551.579957 108.598525 159.794683
291 904.123945 545.578970 105.786220 162.497795
292 912.618856 529.155288 104.257885 175.205812
293 912.751564 529.207918 104.477338 175.615284
294 912.680203 528.834104 104.582064 175.890321
295 907.576981 525.844373 106.648050 176.003256
296 906.808215 518.966221 106.952994 179.300760
297 906.473822 513.513779 106.707565 183.400782
298 906.604060 513.145306 106.978775 183.750573
299 900.878200 503.505715 105.303232 199.757286
300 895.628660 516.228838 105.791897 196.985292
301 893.004468 521.778996 105.541670 196.761663
302 899.708995 526.084745 108.778763 190.206482
303 899.817774 526.230805 108.985676 190.466327
304 899.812732 526.272422 108.977079 190.455889
305 899.330438 526.490369 108.636547 190.321804
306 904.252484 526.859500 109.619410 189.152462
307 921.968333 533.813191 112.708028 184.771211
308 922.112411 533.926906 112.985150 184.967299
309 928.501751 519.806267 113.203218 195.082669
310 905.166991 531.580180 120.279867 188.419820
311 890.597159 536.125894 122.263545 183.874106
312 933.383279 532.855866 125.107653 185.879173
313 933.572110 532.748865 125.496643 186.284026
314 936.893259 530.839240 127.041821 187.395295
315 902.124756 542.476170 132.977190 177.523830
316 868.533863 545.466638 133.920941 174.533362
317 869.951039 558.376474 160.862267 161.623526
318 859.380051 558.311230 168.685254 161.688770
319 886.699428 561.553003 188.038521 158.348219
320 892.497912 562.504768 194.959733 157.495232
321 891.112315 562.985625 195.515899 157.014375
322 872.199834 578.275410 198.082197 141.724590
323 872.268291 578.323858 198.295400 141.676142
324 862.506083 586.406686 195.468149 133.593314
325 845.781803 593.652219 193.703544 126.347781
326 837.236843 591.883734 187.798195 126.814930
327 828.807413 590.738075 184.221232 127.173312
328 828.930566 590.863336 184.365282 127.444748
329 829.040022 591.202430 183.421488 126.898410
330 847.066548 595.624179 191.480551 122.975028
331 830.323218 582.448203 194.254551 132.620783
332 801.597622 576.391152 186.346807 141.555453
333 801.761184 572.229309 186.674401 147.770691
334 806.920810 565.392998 193.336139 154.607002
335 808.222810 561.727084 192.595801 158.272916
336 802.023498 565.422043 187.127538 154.577957
337 802.105802 567.080529 176.342762 152.919471
338 802.594744 566.609313 175.685550 153.390687
339 806.247225 564.355839 172.749918 155.644161
340 815.918081 560.746893 163.720621 159.253107
341 826.488102 564.182763 161.509398 155.817237
342 823.465118 564.517530 160.566871 155.273488
343 824.372474 564.552856 159.222196 155.447144
344 817.314120 565.072984 152.602965 153.642581
345 831.719507 557.294319 149.623680 158.351980
346 849.766072 555.904959 139.976406 161.425984
347 855.403325 556.010013 137.030279 161.194166
348 858.924138 556.864707 134.772347 160.838838
349 861.128755 556.147187 133.790154 161.237153
350 860.890504 556.241169 132.076239 161.163347
351 870.347807 549.066491 129.565834 168.332942
352 875.735304 544.399082 127.828048 173.408000
353 876.376694 543.190115 126.533527 174.811108
354 876.998673 537.916973 125.881748 177.935673
355 873.761091 532.800989 120.926792 181.000097
356 871.922707 529.408742 116.701205 183.808925
357 871.195940 522.454195 112.426368 187.247922
358 871.395571 521.167085 111.078799 187.776804
359 869.015476 513.324977 108.148650 192.349262
360 869.794154 513.085502 105.390234 193.268714
361 869.224811 512.845839 101.492292 194.534029
362 870.781270 517.098472 102.235282 192.475598
363 870.811738 517.743692 102.152674 192.523728
364 878.002340 515.324815 102.796183 195.903892
365 880.165509 518.242888 101.530134 195.256740
366 902.267657 517.391862 109.215279 192.048561
367 921.830578 515.271537 109.877171 196.085702
368 921.927508 514.525754 109.668812 197.483984
369 921.289121 511.407272 105.979836 197.983289
370 926.808737 507.876481 113.052108 192.977500
