2 789.801334 312.564450 196.116844 332.576381
3 793.081599 317.453975 195.237441 328.282112
4 794.826126 327.603717 194.708408 318.937991
5 795.320516 331.402771 194.485765 315.587100
6 795.577321 333.936001 194.410687 313.934079
7 797.466060 336.381764 194.427511 311.927496
8 801.982669 339.744957 194.091005 308.886400
9 805.441230 340.388844 193.829863 308.222222
10 805.966018 340.163341 193.643665 308.171707
11 805.514939 339.818374 193.614211 308.212191
12 807.421523 340.291336 193.431354 307.907832
13 808.258366 340.296518 193.089546 307.763943
14 811.272295 341.031149 192.888051 307.447021
15 813.419669 341.563737 192.335390 306.877655
16 813.353098 342.291112 191.759016 306.172185
17 812.882745 343.385385 191.287793 305.598455
18 811.513292 344.722025 190.908201 304.956991
19 811.802537 345.639135 190.569475 304.485784
20 812.012007 346.703538 190.796682 303.926646
21 813.565388 347.581075 190.720661 303.769849
22 816.580087 348.577165 190.535950 303.746917
23 818.536088 349.619496 190.659485 303.554108
24 822.956074 350.272534 189.939658 303.676569
25 825.027976 350.239339 188.287198 303.929724
26 825.340364 351.435406 186.287771 303.292153
27 827.173110 352.209542 184.137998 303.364499
28 829.179544 354.087162 182.547248 302.736862
29 830.846288 354.997791 181.470416 302.522040
30 831.725847 355.476018 180.179482 302.632020
31 831.994579 352.729530 180.301482 302.171412
32 837.282136 354.834559 179.315551 301.441774
33 838.924385 351.127284 176.820551 305.801074
34 846.287547 353.777481 174.310234 305.757304
35 851.112835 350.146917 169.676036 306.366984
36 860.559038 352.165295 163.067072 306.557700
37 869.866870 348.527748 154.004862 310.851085
38 876.102644 347.709135 146.888049 312.361568
39 880.282333 349.963800 140.474886 311.744764
40 884.249528 345.879143 133.677441 312.624044
41 888.337752 350.647515 129.217026 309.073321
42 891.630696 349.981595 125.395166 308.915904
43 893.471774 350.776992 122.441242 308.074644
44 894.092983 350.582427 120.523220 308.274842
45 895.411963 350.147292 119.330586 308.287184
46 896.473906 349.489905 118.296363 308.243303
47 896.857612 349.602617 117.665401 308.109306
48 897.276846 349.888712 117.291145 308.034400
49 898.757129 350.641644 116.869961 307.212808
50 899.027946 352.644974 116.667470 305.189621
51 899.010551 354.665647 116.780243 303.054414
52 898.460718 356.136997 116.970716 301.453919
53 897.663120 358.816396 116.910240 298.896319
54 896.057343 358.643568 116.920086 298.133006
55 896.107052 359.574029 116.995682 297.298016
56 896.686079 365.650593 116.974973 289.129507
57 897.401340 372.329901 116.713948 281.175967
58 897.660688 382.273596 116.640445 270.013176
59 897.974517 396.929601 116.347670 256.363201
60 898.242546 397.017791 116.026657 256.237379
61 901.795411 394.762246 113.784441 257.036373
62 909.087235 378.778126 108.072288 264.449062
63 916.190869 355.674009 103.472830 275.027333
64 913.342366 338.070494 102.410609 283.038235
65 911.298481 338.325953 102.383089 282.637530
66 915.318931 348.023774 102.428636 276.659829
67 926.401636 360.557030 104.130756 270.114876
68 927.747335 367.183698 107.041314 261.349172
69 927.706430 372.268899 109.798001 257.619357
70 928.070136 382.778620 115.578222 252.087787
71 925.988385 400.698768 123.369852 235.476942
72 925.782491 406.916075 127.444134 229.651186
73 924.225179 408.118202 129.846262 228.773115
74 921.629654 409.109458 130.981178 227.511018
75 920.236536 409.350915 131.431675 227.520517
76 923.666501 412.266130 134.360949 225.212089
77 923.635399 413.120343 134.635914 224.396173
78 926.304977 417.771646 134.175839 221.241603
79 938.731388 424.305702 126.165658 222.260217
80 943.515541 429.816907 121.334735 222.448151
81 949.587296 432.632941 117.338518 220.794301
82 961.791286 438.124870 112.920678 214.583160
83 960.109188 439.722487 109.199558 213.229798
84 961.832142 438.586546 105.813793 215.461156
85 967.884116 439.096732 98.612078 217.946277
86 972.020319 435.365097 93.689136 219.278778
87 975.644920 430.286222 87.574927 226.982440
88 979.887338 413.189838 84.281063 249.030848
89 985.075263 372.491445 82.763012 282.767224
90 983.802889 379.972722 82.806826 282.414366
91 978.607159 406.664377 84.616851 271.223975
92 974.910745 410.098241 86.206641 268.999947
93 972.345358 417.199750 86.291904 267.042368
94 971.611493 415.104317 87.706746 267.350162
95 970.843566 420.623620 90.107903 263.284904
96 973.294161 422.032000 93.840692 254.582095
97 973.575997 425.150757 98.030102 248.205089
98 972.192534 429.550217 102.293699 241.078233
99 968.746529 434.269028 105.018219 235.826532
100 967.511498 434.556938 107.581821 234.575809
101 970.967098 427.884234 110.164767 234.027135
102 975.343000 411.375651 113.035573 240.331303
103 981.231115 390.603108 116.851320 252.417958
104 983.894499 378.925270 120.472244 266.278879
105 991.792126 368.388777 130.301266 275.357630
106 1001.559865 383.038741 142.302742 267.819546
107 1001.210402 383.576829 142.953079 267.769514
108 994.361291 398.885549 146.806511 266.953726
109 995.337715 401.128241 147.330568 266.297588
110 1001.031941 407.582197 146.406406 265.653552
111 1012.205155 411.778896 141.862609 264.750791
112 1014.134505 411.995909 138.328486 265.424235
113 1020.113990 409.075017 132.366513 271.117963
114 1038.478049 413.570662 125.092763 272.563123
115 1041.718452 413.783268 123.513665 272.202851
116 1042.600543 417.579908 122.298030 267.918772
117 1041.769988 424.918923 119.202425 258.501347
118 1040.808959 435.275334 116.620162 246.431889
119 1040.219124 438.466935 113.903836 242.731174
120 1040.392325 442.446379 111.376412 237.920637
121 1041.546065 447.373468 109.538162 232.143343
122 1042.588475 453.154263 108.857934 224.905429
123 1043.814294 459.651929 107.258788 217.004453
124 1045.207834 460.654665 105.623295 215.694497
125 1046.559525 461.171664 105.304262 215.958544
126 1048.428700 461.422199 105.293110 215.934824
127 1049.283052 460.427188 106.325049 212.987652
128 1048.855500 458.190625 107.699645 209.025375
129 1041.781701 447.922739 108.351914 207.551312
130 1040.222950 461.022927 106.739354 219.750801
131 1041.023421 458.966715 105.898087 219.873003
132 1040.976988 458.137794 105.259691 220.034409
133 1043.368729 453.777351 105.047681 221.017953
134 1043.388703 440.641906 105.091422 224.009285
135 1032.867499 410.031970 106.289553 232.241927
136 1025.899350 357.969282 106.393376 256.812571
137 1026.992670 355.496541 105.145979 271.388751
138 1049.742590 379.972034 104.219845 290.779530
139 1051.479632 408.021572 102.587425 287.309577
140 1049.461311 406.034705 103.225984 287.013602
141 1048.493683 406.111229 103.342758 288.355035
142 1049.325949 408.630818 103.751550 286.877226
143 1050.925552 411.106265 105.955321 284.005467
144 1052.303385 411.864781 108.531751 281.952248
145 1053.426308 406.737709 110.292365 285.101896
146 1061.408578 398.582346 115.837907 283.644548
147 1102.123908 399.089255 122.671945 278.451446
148 1102.381343 218.489440 126.105381 290.289045
149 1102.567849 218.653705 126.450942 290.411263
150 1103.096182 220.702032 125.155699 286.551536
151 1103.812839 224.161534 123.100227 277.687176
152 1102.603555 226.598838 120.716893 261.238730
153 1101.338385 227.370645 120.512856 257.405509
154 1097.251429 227.317648 119.802331 253.958668
155 1096.801862 227.469883 119.730389 253.554036
156 1093.950641 227.721994 119.232422 252.588737
157 1091.624658 228.013810 118.913957 251.929394
158 1090.271543 228.219937 118.634963 251.291303
159 1087.583890 228.579485 118.392707 250.432408
160 1083.969557 228.790697 117.897801 249.354150
161 1082.109550 228.855080 117.585218 248.916472
162 1079.097040 228.951366 117.514812 248.056647
163 1076.849036 229.182083 117.514367 247.796750
164 1075.281170 229.081290 117.555295 247.465922
165 1072.236645 228.713652 117.365890 246.596543
166 1071.067030 228.822182 117.148321 246.507791
167 1066.852151 228.547893 116.731224 245.962275
168 1066.785969 228.606298 116.908588 245.908493
169 1064.473657 228.854949 116.615652 245.571297
170 1062.177605 228.324680 116.547069 245.349244
171 1062.318254 228.437319 116.966526 245.458571
172 1059.897534 228.627542 116.307284 245.633874
173 1056.609420 229.205419 115.641657 246.852809
174 1055.078084 229.110957 115.354336 247.302279
175 1049.248958 228.647937 114.788016 246.203109
176 1047.087579 228.559703 114.528320 245.926168
177 1037.397757 228.275740 115.412084 242.992132
178 1030.603802 228.330993 115.736948 242.483341
179 1022.289917 226.920009 116.357760 240.169937
180 1013.152933 226.040357 116.523259 238.831416
181 1005.218299 226.479648 117.252182 237.293547
182 995.198743 226.744548 117.743174 235.286597
183 987.828633 228.072740 117.942118 233.380642
184 981.538280 228.833258 117.599184 232.524571
185 974.132190 225.055941 116.789898 233.744735
186 974.177026 225.162909 116.951814 233.995760
187 970.479444 223.624724 116.180808 234.047544
188 969.103129 223.080658 115.919542 234.543229
189 965.700864 221.671525 115.263368 234.771034
190 963.791627 220.369667 115.015585 234.689973
191 963.546864 220.104647 115.312713 234.970910
192 962.344749 219.009808 115.106662 234.911273
193 961.227947 217.862381 115.175891 234.908427
194 960.192369 217.015927 115.141662 234.938951
195 959.604067 216.568294 115.248336 234.993355
196 959.152017 215.872976 115.314668 234.982508
197 956.928935 213.142215 114.970953 234.836274
198 956.894419 213.196871 114.958231 235.002174
199 956.883520 213.435250 114.974249 235.486322
200 956.833290 213.264124 114.965080 235.445919
201 956.731251 212.718381 114.910770 235.419181
202 956.717246 211.898699 114.894363 235.395386
203 956.759722 211.587316 114.954168 235.397261
204 956.799900 211.248179 114.964203 235.338621
205 958.428592 206.255441 114.379385 235.308177
206 960.729268 204.246615 113.788601 235.895223
207 968.896711 199.311415 112.007096 235.771185
208 972.348285 199.789655 112.087229 235.645711
209 981.509070 199.654226 111.789510 235.566161
210 984.987193 199.464731 111.509463 235.927112
211 985.439388 199.440947 111.915224 235.977088
212 985.610601 199.323979 111.945708 235.994328
213 985.753189 199.193677 111.949147 236.005638
214 986.868483 198.608240 111.674465 236.597209
215 987.067337 198.767731 111.975524 236.972086
216 987.892971 197.166701 111.808161 237.041972
217 989.756536 195.559850 111.677739 237.436547
218 989.940497 195.563366 111.981997 237.469751
219 990.258029 194.496047 111.866320 237.427374
220 990.328901 194.513685 111.991460 237.463930
221 990.433040 193.652139 111.947897 237.564982
222 990.884276 189.970090 111.819841 237.953629
223 991.053834 189.808518 111.959273 237.975214
224 991.184374 189.393620 111.945612 237.940294
225 991.808746 187.488947 111.791232 238.157134
226 992.858967 185.950912 111.737447 238.662707
227 993.207338 185.804893 111.917883 238.988455
228 993.259767 185.798699 111.987551 238.970871
229 993.419180 185.305781 111.946167 239.112209
230 993.917120 184.106280 111.844958 239.800866
231 996.065962 181.320174 111.533661 240.302582
232 996.298459 181.424307 111.993880 240.472672
233 996.300846 181.443396 111.993880 240.472672
234 996.669613 180.852757 111.885215 240.623773
235 998.232706 179.305715 111.821048 241.414244
236 998.323015 179.349780 111.992876 241.475529
237 998.719163 178.700558 112.069577 241.674462
238 999.409254 178.037356 112.578975 242.245329
239 999.663174 178.111962 112.990592 242.489130
240 1000.404044 177.094531 112.950859 242.808879
241 1003.199382 175.745742 112.519146 243.149208
242 1003.439130 175.926631 112.993825 243.472331
243 1003.940615 175.753458 112.948935 243.531466
244 1004.364911 175.950308 113.014236 243.981268
245 1007.546093 175.615807 113.168633 243.950633
246 1007.721719 175.641747 113.492136 243.970634
247 1011.997092 175.728077 113.188658 244.034579
248 1012.152081 175.966302 113.493798 244.472217
249 1012.164372 175.981744 113.492250 244.470702
250 1013.480346 176.035800 113.281806 244.525229
251 1016.937770 176.354507 112.926036 244.980105
252 1016.975852 176.369268 112.993545 244.971892
253 1017.718386 176.501747 112.910291 244.928141
254 1017.933682 176.590143 112.993825 244.962511
255 1021.128301 176.847701 112.483762 244.890862
256 1021.368479 176.968055 112.475705 244.963656
257 1022.057203 177.109746 112.410548 244.923211
258 1026.661636 177.901756 111.872454 244.603285
259 1026.724736 178.105639 111.993880 244.972161
260 1026.739076 178.125949 111.992256 244.969170
261 1027.274271 178.288506 111.890561 244.905173
262 1028.319635 178.571847 111.798981 244.827087
263 1028.923558 178.794311 111.891757 244.917545
264 1031.150456 179.216307 111.576978 244.734421
265 1031.361294 179.354622 111.993880 244.972161
266 1031.363681 179.374068 111.993880 244.972161
267 1031.366068 179.393513 111.993880 244.972161
268 1031.368455 179.412959 111.993880 244.972161
269 1031.370842 179.432404 111.993880 244.972161
270 1031.373230 179.451850 111.993880 244.972161
271 1031.375617 179.471295 111.993880 244.972161
272 1031.390688 179.496512 111.987968 244.970268
273 1031.412502 179.519790 111.986969 244.969976
274 1032.421561 179.933537 111.731369 244.918958
275 1032.817004 180.104482 111.918775 244.948083
276 1033.265337 180.314545 111.873247 244.937207
277 1033.328041 180.351467 111.993880 244.972161
278 1033.332580 180.372782 111.993703 244.971390
279 1034.303761 181.060456 111.788556 244.873887
280 1034.782266 181.333902 111.885808 244.921786
281 1038.695910 182.936690 111.294232 244.537560
282 1038.798124 183.173436 111.493907 244.972161
283 1038.800501 183.192882 111.493907 244.972161
284 1038.802877 183.212327 111.493907 244.972161
285 1040.093732 183.629726 111.334958 244.749095
286 1042.141983 184.226556 111.246121 244.690495
287 1042.349429 184.422384 111.488186 244.956962
288 1043.886066 184.870408 111.219266 244.785182
289 1044.025763 184.983343 111.493907 244.972161
290 1044.077048 185.025640 111.491254 244.960618
291 1044.387017 185.174598 111.443813 244.928258
292 1046.204361 185.836792 111.228049 244.728218
293 1046.492119 186.051434 111.467972 244.944800
294 1049.701523 187.194866 111.066261 244.542197
295 1049.917723 187.429293 111.493907 244.972161
296 1050.745352 187.839881 111.323378 244.920372
297 1051.244743 188.048425 111.403491 244.945898
298 1055.403131 190.098419 110.961893 244.514966
299 1055.421517 190.346463 110.993934 244.972161
300 1055.423883 190.365908 110.993934 244.972161
301 1057.462763 191.207896 110.781838 244.685075
302 1057.571178 191.370884 110.993934 244.972161
303 1059.971727 192.715652 110.780223 244.511694
304 1061.555088 193.642566 110.864634 244.702458
305 1062.244685 194.058201 110.929488 244.822905
306 1067.329932 195.998566 110.425626 244.053109
307 1067.366455 196.227526 110.493962 244.472217
308 1067.376577 196.253193 110.493140 244.469198
309 1069.643750 197.006704 110.238097 244.131563
310 1070.881613 197.638697 110.367684 244.313263
311 1074.513380 198.849339 110.113884 243.885915
312 1074.706928 198.912956 110.494062 243.971995
313 1077.444345 199.975628 110.246611 243.559110
314 1077.571076 200.202298 110.494283 243.972274
315 1078.286115 200.523448 110.444301 243.824163
316 1078.571410 200.738268 110.514089 243.903722
317 1079.976854 201.187878 110.942710 243.739287
318 1080.337374 201.485241 111.000984 243.882744
319 1081.284033 201.788701 111.443260 243.830004
320 1081.328449 201.886602 111.497001 243.970552
321 1082.011267 202.066552 111.421929 243.880824
322 1082.107229 202.152446 111.512510 243.960732
323 1082.482982 202.231243 111.989351 243.948842
324 1084.608451 202.624669 111.756032 243.767466
325 1084.799489 202.773734 111.991124 243.959150
326 1087.252805 203.242787 111.701419 243.749281
327 1087.423154 203.375104 111.990520 243.967329
328 1088.219447 203.546461 111.912121 243.924071
329 1090.881385 204.048725 111.795910 243.772911
330 1092.537687 204.268437 112.046933 244.006108
331 1093.109646 204.554603 112.517091 244.485147
332 1095.275572 204.432572 112.847124 244.414449
333 1096.614980 204.441514 112.921509 244.449751
334 1098.341155 204.517761 112.899353 244.442021
335 1103.977525 204.775855 112.459778 244.374191
336 1103.996960 204.844274 112.493852 244.472217
337 1106.077292 205.152395 112.347527 244.382935
338 1110.808481 205.667411 112.015443 244.338154
339 1111.050084 205.753848 112.493852 244.472217
340 1112.028666 205.917833 112.377445 244.484797
341 1116.508717 206.733311 112.189470 244.311666
342 1116.663306 206.832992 112.493852 244.472217
343 1117.158538 206.949352 112.419067 244.482011
344 1124.120477 208.351662 111.695015 244.047399
345 1124.272297 208.583477 111.993880 244.472217
346 1124.274684 208.602883 111.993880 244.472217
347 1124.997184 208.721306 111.968939 244.484424
348 1125.818185 208.860219 111.934722 244.465525
349 1131.326282 209.250009 111.446716 244.278917
350 1131.352254 209.366065 111.493907 244.472217
351 1131.354631 209.385471 111.493907 244.472217
352 1131.358411 209.404306 111.493684 244.471996
353 1131.607872 209.447641 111.520257 244.521708
354 1131.920226 209.705000 112.011269 244.978469
355 1132.172123 209.717962 112.492565 244.970887
356 1132.181468 209.735485 112.492860 244.971191
357 1132.184362 209.755416 112.493852 244.972161
358 1132.186760 209.774861 112.493852 244.972161
359 1132.189158 209.794307 112.493852 244.972161
360 1132.191556 209.813752 112.493852 244.972161
361 1132.193954 209.833198 112.493852 244.972161
362 1132.196352 209.852643 112.493852 244.972161
363 1132.198749 209.872089 112.493852 244.972161
364 1132.201147 209.891535 112.493852 244.972161
365 1132.203545 209.910980 112.493852 244.972161
366 1132.205943 209.930426 112.493852 244.972161
367 1132.208341 209.949871 112.493852 244.972161
368 1132.210739 209.969317 112.493852 244.972161
369 1132.213137 209.988762 112.493852 244.972161
370 1132.215535 210.008208 112.493852 244.972161
371 1132.217933 210.027653 112.493852 244.972161
372 1132.220331 210.047099 112.493852 244.972161
373 1132.222728 210.066544 112.493852 244.972161
374 1132.225126 210.085990 112.493852 244.972161
375 1132.227524 210.105435 112.493852 244.972161
376 1132.229922 210.124881 112.493852 244.972161
377 1132.232320 210.144327 112.493852 244.972161
378 1132.234718 210.163772 112.493852 244.972161
379 1132.237116 210.183218 112.493852 244.972161
380 1132.239514 210.202663 112.493852 244.972161
381 1132.430739 209.983400 112.474691 245.006215
382 1136.908199 207.572798 111.977860 245.289906
383 1138.963978 207.528987 112.087676 245.326535
384 1147.900811 207.244663 112.120988 244.695083
385 1150.332472 207.791640 112.632169 244.566158
386 1161.455358 208.472883 112.370764 243.915992
387 1170.610610 210.081772 112.488815 242.327843
388 1184.039017 215.273048 112.335945 238.200788
389 1200.782095 215.435357 112.330608 236.451812
390 1218.690875 216.154194 111.638614 234.638225
391 1238.316510 219.256973 111.275401 233.068108
392 1254.741507 220.824593 111.398748 232.440508
393 1267.916667 222.322109 111.305934 232.820033
394 1278.006045 223.450628 111.669668 233.025454
395 1284.400619 224.667807 112.270137 233.383793
396 1290.375748 224.540293 112.468532 234.171022
397 1294.655803 224.576046 112.023817 235.278535
398 1299.448811 225.729966 112.318071 235.539764
399 1302.849868 226.548669 111.975381 236.194357
400 1310.172454 228.739844 111.597182 235.861756
401 1310.434543 228.828716 111.973521 235.971360
402 1319.197318 232.590820 111.341640 235.746361
403 1319.283563 232.719913 111.492700 235.972002
404 1325.602930 234.785444 111.110135 235.851996
405 1325.797193 234.864769 111.493907 235.973183
406 1326.418491 235.188388 111.377098 236.064864
407 1334.449407 237.559427 110.587085 236.329218
408 1334.655198 237.650152 110.993934 236.473126
409 1334.657564 237.668923 110.993934 236.473126
410 1334.659930 237.687694 110.993934 236.473126
411 1334.449257 237.931321 111.062753 236.480423
412 1329.564863 241.608962 111.778655 235.406890
413 1328.046120 242.880230 112.072135 235.267077
414 1322.306412 246.099788 112.606822 234.363685
415 1320.250930 247.271011 112.794982 234.212381
416 1316.369882 248.337042 112.907327 234.282592
417 1315.111650 248.779479 112.968818 234.462630
418 1312.135173 249.010272 112.705284 234.771864
419 1312.281852 249.129640 112.993825 234.973297
420 1312.284261 249.148292 112.993825 234.973297
421 1312.273996 249.165073 112.989989 234.975235
422 1311.998748 249.264052 112.976076 234.978866
423 1308.460622 250.061190 112.887838 234.955245
424 1306.637391 250.415503 112.821104 235.076400
425 1305.172348 250.971768 112.855821 235.566198
426 1304.999557 251.183762 112.973668 235.981882
427 1304.832103 251.171856 112.986643 235.986057
428 1304.428418 251.142795 112.936338 236.043348
429 1299.844347 250.579754 113.094612 237.087677
430 1293.291564 250.147725 114.019524 238.238484
431 1289.838530 250.001526 114.080405 238.556351
432 1286.952307 250.139690 114.096440 238.978677
433 1286.427646 250.171970 114.423678 238.909501
434 1285.604870 250.231716 114.379235 238.880611
435 1285.563341 250.255420 114.429896 238.992980
436 1285.520115 250.238793 114.453586 238.987247
437 1285.224001 250.130863 114.369893 239.041802
438 1285.157217 250.282704 114.408674 239.514652
439 1285.202192 250.530791 114.493743 239.972729
440 1285.204633 250.549840 114.493743 239.972729
441 1285.207073 250.568889 114.493743 239.972729
442 1285.209514 250.587937 114.493743 239.972729
443 1285.211954 250.606986 114.493743 239.972729
444 1285.214395 250.626035 114.493743 239.972729
445 1285.228514 250.588492 114.485755 240.011353
446 1285.589676 250.022836 114.327378 240.769451
447 1285.908830 249.690207 114.395210 241.131190
448 1289.621165 246.932176 113.483994 242.010913
449 1289.628486 247.182189 113.493798 242.472445
450 1290.083714 246.956895 113.352585 242.546195
451 1291.069496 246.583410 113.234802 243.127331
452 1295.033106 244.381005 112.647237 243.666095
453 1295.208808 244.553460 112.993825 243.972274
454 1295.217095 244.570465 112.992904 243.971355
455 1295.718891 244.627185 112.964895 243.938382
456 1295.754197 244.656085 112.990942 243.969424
457 1296.832854 244.600424 112.897321 243.969214
458 1296.897675 244.615631 112.991605 243.970075
459 1298.592320 244.348845 112.784728 243.938405
460 1299.078713 244.216580 112.923072 243.992426
461 1305.285900 242.547337 112.051855 243.646592
462 1305.509296 242.729544 112.493852 243.972274
463 1305.598786 242.755694 112.499887 243.963769
464 1310.573540 242.515923 112.162519 243.800288
465 1310.741605 242.621282 112.493852 243.972274
