45 1142.693867 331.133273 323.684991 266.017506
46 1081.371266 331.043510 334.676849 265.504198
47 1049.921948 303.591440 332.499631 268.649102
48 1014.148288 305.263790 331.102372 270.770808
49 997.437591 307.723200 334.462513 269.259639
50 1036.644133 289.972803 351.747592 268.135326
51 1034.365413 257.211112 357.166338 267.616607
52 1055.355936 228.636436 352.554124 253.605884
53 1055.800439 228.534675 352.880642 253.831624
54 1064.679715 225.593018 354.110716 250.094509
55 1119.537067 226.991124 355.787298 241.316144
56 1152.738731 231.842757 357.618163 235.235020
57 1161.058562 233.348919 357.107625 233.770509
58 1167.622323 237.458962 355.451880 230.964759
59 1192.930230 259.907953 351.129735 216.608697
60 1250.399189 271.261315 369.129892 212.888929
61 1250.605563 272.015586 369.583409 212.511568
62 1250.728025 272.312962 369.952946 212.952690
63 1250.622406 272.300957 369.945871 212.979900
64 1230.111071 247.876950 370.245414 219.723228
65 1226.395726 229.209217 367.148287 231.101684
66 1194.157891 201.403889 368.269872 251.787274
67 1124.134143 193.077612 377.094741 260.333169
68 1112.805910 193.541625 374.375851 261.048439
69 1111.355932 193.261290 366.125005 264.015493
70 1126.017925 193.352914 361.963419 264.453927
71 1133.840090 201.306201 363.218196 265.652907
72 1168.577167 202.728702 365.747955 265.973465
73 1196.388166 200.071876 361.242415 267.500311
74 1116.727814 207.020787 367.510015 270.463798
75 1056.724571 218.881737 361.725327 268.754466
76 1043.745270 214.905726 367.123456 268.040149
77 995.289207 215.085016 372.458288 265.660956
78 881.026456 224.380061 376.684637 260.774259
79 912.240771 229.130392 375.684802 256.913624
80 962.568554 234.592652 366.841146 252.700446
81 976.217859 235.902997 364.689293 251.518049
82 976.618443 236.362164 364.983292 251.758400
83 1007.798879 244.570893 362.305461 248.475019
84 1075.786285 249.324021 359.014652 243.001308
85 1077.997546 251.861857 359.640773 241.776872
86 1098.144004 257.693231 356.982931 238.180577
87 1100.764221 258.215819 356.460402 237.934556
88 1165.326633 265.337238 353.758481 232.933759
89 1165.911053 266.275326 353.589950 232.265909
90 1168.652101 268.935251 353.077101 230.798671
91 1187.531987 274.653028 347.205796 227.058657
92 1203.068992 277.317287 342.297687 224.450810
93 1237.354283 279.396213 344.229279 219.328396
94 1256.106194 281.732779 340.666471 216.841417
95 1268.905890 283.454249 337.242800 214.707324
96 1289.320664 284.978159 327.960836 212.232914
97 1291.989080 285.464161 325.732100 211.700361
98 1303.253732 285.261704 317.153216 211.314634
99 1308.963456 285.232791 311.544816 210.807244
100 1326.271476 288.018183 295.761421 209.090915
101 1338.742330 288.554704 283.140459 207.953648
102 1348.703750 289.381622 274.683397 207.594653
103 1353.455032 288.904660 271.465424 208.234645
104 1353.208024 276.988770 268.275831 209.180663
105 1355.171818 274.616489 266.206021 209.776126
106 1359.889758 267.285703 262.601745 211.273117
107 1344.488598 255.385050 267.528226 215.257821
108 1261.876015 284.024660 285.285162 215.900450
109 1258.782866 300.740454 284.322238 224.095489
110 1267.347754 334.426540 286.177452 229.892427
111 1266.651148 334.633528 287.282551 233.097844
112 1268.262770 334.825488 287.878041 234.206762
113 1266.082951 334.495358 287.249469 234.814992
114 1280.830939 335.725507 290.568885 235.709902
115 1305.276575 338.211468 295.221359 235.825539
116 1307.428236 337.728569 295.703989 236.226991
117 1311.416680 336.316139 294.316917 237.073998
118 1314.363218 335.276801 292.571495 237.731016
119 1315.116974 335.102346 292.635474 237.964762
120 1316.696202 331.879428 292.059143 238.281108
121 1322.414228 323.209594 289.143286 239.714203
122 1333.268811 314.572219 284.267028 241.535866
123 1333.713567 314.356058 284.232587 242.075433
124 1336.179788 312.041148 282.466427 243.034999
125 1337.817349 310.871831 281.176765 243.801723
126 1339.501843 309.451007 280.312484 244.361692
127 1340.188581 308.771523 280.035423 244.673096
128 1340.779501 308.267530 280.137249 245.181266
129 1341.167698 308.101355 280.252972 245.577438
130 1341.356818 308.208249 280.382124 246.003812
131 1341.859909 308.043400 279.773816 246.536438
132 1342.106890 308.202041 279.746510 247.023980
133 1342.233395 308.439980 279.967743 247.470472
134 1342.249283 308.454673 279.967743 247.470472
135 1342.265171 308.469366 279.967743 247.470472
