2 442.286897 220.129781 23.899899 59.948387
3 442.326227 220.050808 23.927028 59.970345
4 442.331740 219.820678 23.858633 59.976142
5 442.403097 219.812846 23.976098 59.994750
6 442.416073 219.793910 23.974569 59.996017
7 442.429535 219.781608 23.982143 59.995148
8 442.438902 219.770467 23.982547 59.994015
9 442.447569 219.772830 23.996434 59.992647
10 442.450314 219.771603 23.992830 59.996246
11 442.453879 219.773462 23.997235 59.992842
12 442.455241 219.777024 23.997235 59.992842
13 442.457035 219.778752 23.995679 59.994361
14 442.557055 219.730689 23.905722 60.060199
15 442.838588 219.811905 23.809274 60.589082
16 443.248074 219.822923 23.764719 61.086371
17 443.374185 219.997591 23.990449 61.497707
18 443.378940 219.998720 23.997235 61.492663
19 443.390473 219.972045 23.989018 61.499915
20 443.402826 219.968622 23.993436 61.490815
21 443.605531 219.849651 23.867336 61.502372
22 443.879845 219.955982 23.857582 62.003775
23 444.580030 220.020109 23.645879 62.504861
24 444.770406 220.216384 23.988530 62.990498
25 444.901193 220.054193 23.915900 62.993451
26 445.026675 219.970334 23.940571 62.985409
27 445.059710 219.961954 23.990395 62.997134
28 445.076650 219.897814 23.959202 63.015663
29 445.111963 220.092127 23.986569 63.498005
30 445.159545 220.029341 23.971383 63.489278
31 445.245386 219.944528 23.953768 63.476567
32 445.373083 219.901484 23.932780 63.473497
33 445.594589 219.748540 23.887365 63.484897
34 446.005309 219.533488 23.827670 63.538760
35 446.105029 219.739340 23.988954 63.990833
36 446.119318 219.739023 23.992451 63.990582
37 446.123071 219.743713 23.997235 63.992365
38 446.127715 219.744397 23.996084 63.990982
39 446.330293 219.628822 23.904501 64.023148
40 446.931586 219.362921 23.809593 64.579298
41 447.121986 219.323565 23.932027 65.034642
42 447.176642 219.531479 23.986765 65.487766
43 447.183533 219.537290 23.997133 65.492061
44 447.261113 219.491197 23.968607 65.494712
45 447.663660 219.255315 23.888295 65.570224
46 448.073437 218.975472 23.938783 66.223304
47 448.104025 219.113801 23.997235 66.492066
48 448.112786 219.112168 23.994180 66.493874
49 448.579284 218.901258 23.923113 66.670525
50 449.272287 218.298663 23.864112 67.380051
51 449.354779 218.337046 23.999245 67.495861
52 449.419752 218.246837 24.011025 67.502015
53 449.664218 218.495810 24.497178 67.991887
54 449.709847 218.391438 24.514752 68.007510
55 449.953465 218.629746 24.998205 68.490965
56 450.001782 218.452455 25.003624 68.536540
57 450.358851 217.925546 25.462954 69.146113
58 450.409545 217.966986 25.505749 69.505720
59 450.722199 217.931329 25.987901 69.913783
60 450.735680 217.950395 26.000243 69.994322
61 450.985783 217.952096 26.496861 69.991625
62 451.012351 217.836397 26.496092 70.049404
63 451.191488 217.460421 26.455934 70.689412
64 452.005829 214.998341 26.376766 71.851122
65 452.067423 215.072759 26.496947 71.991410
66 452.102939 214.967322 26.496378 72.026971
67 452.104727 215.203815 26.496947 72.491350
68 452.186734 215.168681 26.468373 72.524656
69 452.765708 214.496770 26.480943 73.188018
70 452.836788 214.487182 26.492613 73.537298
71 453.514111 213.243076 26.376582 74.214973
72 453.580531 213.365480 26.500589 74.486128
73 453.908715 212.867995 26.981154 74.507393
74 453.918114 213.114277 26.996889 74.991052
75 453.919647 213.118729 26.996889 74.991052
76 453.949913 213.045194 27.001536 75.040795
77 454.321992 212.703569 27.523523 75.646881
78 454.564372 212.804109 28.008329 76.031996
79 454.902844 212.573745 28.475459 76.649224
80 455.691993 210.681971 28.339686 77.233315
81 455.772125 210.815291 28.496717 77.490754
82 455.773742 210.819892 28.496717 77.490754
83 455.803053 210.781337 28.494105 77.506955
84 456.452806 209.781438 28.516883 78.459865
85 456.694340 209.801482 28.996659 78.490635
86 456.695985 209.806143 28.996659 78.490635
87 456.697631 209.810803 28.996659 78.490635
88 456.710079 209.737834 29.006015 78.589810
89 456.970006 209.918944 29.490782 79.004200
90 457.383144 209.241253 29.472642 79.911899
91 458.163763 207.911799 29.505710 80.966408
92 458.410883 207.928572 29.996544 80.990336
93 458.412585 207.933381 29.996544 80.990336
94 458.539507 207.755746 29.977339 81.245841
95 458.656179 207.691387 30.010373 81.712790
96 458.900966 207.834968 30.496486 81.990217
97 459.164377 207.492345 30.525697 82.589008
98 460.029624 206.755877 30.960705 83.652558
99 460.081578 206.891907 30.979934 84.043819
100 460.506424 206.732204 30.918698 84.794218
101 461.037796 206.006727 30.780611 85.595508
102 461.957586 205.113424 30.757422 86.746497
103 462.167371 205.122458 30.954758 87.135141
104 463.018338 204.604196 30.855940 88.031104
105 463.404843 204.407393 30.881576 88.772824
106 464.574459 203.277236 30.780123 89.654495
107 464.684371 203.449962 30.996429 89.989263
108 464.686130 203.455305 30.996429 89.989263
109 464.699338 203.438384 30.989935 90.028358
110 465.024976 203.168710 30.904248 90.975373
111 465.743226 202.763755 30.876797 91.793183
112 465.965459 202.687393 30.938254 92.229553
113 466.448555 202.383584 30.924061 92.757221
114 467.192472 201.346385 30.914445 93.541339
115 467.386824 201.412901 30.976993 94.100591
116 467.554540 201.344402 30.974146 94.599973
117 467.567440 201.544389 30.996429 94.988666
118 467.582565 201.515134 30.996843 95.000086
119 467.872553 200.704626 31.026686 95.745044
120 468.305624 200.576979 31.455484 96.200972
121 468.882546 199.925697 31.465998 96.861041
122 469.009328 199.863679 31.493481 97.122821
123 469.133438 199.744610 31.486872 97.695437
124 469.713701 199.094229 31.436075 98.382943
125 470.385180 198.724963 31.560839 98.720146
126 470.604733 198.864862 31.996313 98.988189
127 470.694531 198.606645 32.029538 99.131547
128 470.957152 198.570256 32.518104 99.605219
129 471.200018 198.729166 33.002557 100.018883
130 471.449487 198.923101 33.507668 100.516231
131 471.695485 199.159187 33.997169 100.992766
132 471.697044 199.151852 33.996941 100.996012
133 471.726393 198.958795 34.011568 101.093749
134 471.967745 199.078960 34.498863 101.544435
135 472.124310 198.090579 34.494499 102.295467
136 472.442044 197.202113 34.578920 103.132267
137 472.652554 197.385950 34.995968 103.487652
138 472.655358 197.373676 34.999125 103.502468
139 472.667091 197.492112 35.000417 104.058225
140 472.959821 197.265227 35.491773 104.693573
141 473.003848 197.186616 35.504613 105.095159
142 473.315252 196.809558 35.971350 105.762891
143 473.625597 195.573276 35.988289 106.784631
144 473.963355 194.679305 35.991412 107.545421
145 474.273197 194.196740 36.142694 108.501914
146 474.451819 194.445752 36.495795 108.986996
147 474.455239 194.442722 36.497165 108.994220
148 474.458514 194.432275 36.497715 108.997110
149 474.475357 194.277789 36.541115 109.159465
150 474.705733 194.441284 36.996720 109.492058
151 474.702213 194.417232 37.008043 109.533318
152 474.941948 194.612320 37.508138 110.043645
153 475.187847 194.840466 37.995622 110.486817
154 475.190820 194.841419 37.996450 110.491085
155 475.196409 194.828284 37.998857 110.501523
156 475.236712 194.887947 38.028091 111.223916
157 475.491482 194.960232 38.506802 111.575540
158 475.738048 195.172429 38.995507 111.986638
159 475.748272 195.153775 38.999212 112.020529
160 475.804468 195.121475 39.003850 112.913623
161 476.050121 195.121800 39.502614 113.062843
162 476.296643 195.316965 39.998470 113.539227
163 476.304028 195.492889 40.003458 114.062214
164 476.605925 194.841176 40.522074 115.798271
165 476.838321 194.549062 41.004104 116.524014
166 477.110445 192.584184 41.420463 118.987277
167 477.166626 191.535256 41.455503 120.018576
168 477.127454 190.957293 41.570768 121.560748
169 477.104670 190.091919 42.068327 122.845171
170 476.532739 187.970403 42.730363 124.828866
171 476.578328 187.791957 43.029583 125.225592
172 476.201009 186.412313 43.799118 126.616654
173 476.161323 186.141757 44.094389 127.442827
174 475.960772 185.257778 44.811511 128.335998
175 475.987577 185.021488 45.061667 128.836796
176 476.143309 184.858217 45.552123 129.254026
177 476.068140 183.846663 46.080987 130.696637
178 476.067848 183.496333 46.564317 131.408813
179 476.285649 183.541889 46.994585 131.484311
180 476.288316 183.549696 46.994585 131.484311
181 476.290983 183.557503 46.994585 131.484311
182 476.280374 183.549339 47.009843 131.515620
183 476.516553 183.780904 47.504709 132.004998
184 476.764157 184.028367 47.994470 132.484192
185 476.766881 184.036233 47.994470 132.484192
186 476.769605 184.044099 47.994470 132.484192
187 476.772329 184.051965 47.994470 132.484192
188 476.775052 184.059832 47.994470 132.484192
189 476.777776 184.067698 47.994470 132.484192
190 476.776039 184.036050 48.003825 132.548106
191 477.048509 183.832458 48.519308 133.820786
192 477.282420 183.852022 49.005439 134.120329
193 477.544429 183.605127 49.509097 135.339137
194 477.787248 183.458087 50.008340 135.940585
195 478.037591 182.912647 50.519572 137.155268
196 478.276253 182.784103 51.008152 138.072587
197 478.516772 182.881404 51.503657 138.698852
198 478.767533 182.391000 52.022400 140.162326
199 478.998389 182.341552 52.514903 140.866935
200 479.237741 182.370084 53.000159 141.047642
201 479.484988 182.523811 53.498561 141.612274
202 479.481893 182.315092 53.524391 142.744075
203 479.713369 181.933570 54.022793 143.993700
204 479.958963 181.701482 54.496445 144.437482
205 479.978672 181.162424 54.508124 145.547318
206 480.242042 180.810551 55.012796 146.968257
207 480.482270 180.617322 55.507344 147.331430
208 480.779606 180.077840 55.990520 148.588333
209 480.829826 179.438548 56.020182 150.343688
210 481.265933 177.662294 56.454060 152.606819
211 481.288854 177.858841 56.493491 152.981746
212 481.321938 177.712841 56.496729 153.184440
213 481.952653 174.746936 56.597344 157.170199
214 482.444132 174.537010 56.989038 157.752109
215 483.473767 173.667489 57.020216 158.698540
216 483.749047 173.743152 57.503172 159.058296
217 484.021049 173.939667 57.992784 159.503970
218 484.036071 174.154006 57.994980 160.012161
219 485.994787 171.702065 57.913902 162.864873
220 486.097333 171.761887 57.967705 163.022835
221 486.147645 171.994146 58.009760 163.537383
222 486.999832 171.838233 58.643057 164.943749
223 487.913922 171.393023 59.119553 165.899063
224 488.333806 171.440682 59.495100 166.231125
225 489.365086 170.947936 59.919528 167.869861
226 489.524787 170.970419 59.969067 168.077689
227 491.085006 170.054827 60.535612 171.148986
228 491.641663 170.094919 60.891654 171.659000
229 491.734868 170.256266 60.981253 172.024769
230 492.450266 170.178575 61.074911 173.047148
231 493.958760 169.710167 61.574378 175.036874
232 494.171517 169.941680 61.992857 175.479062
233 494.428912 169.871501 62.014746 175.818028
234 495.351563 169.860991 62.525904 176.562823
235 495.802765 169.933009 62.970103 177.274014
236 497.337105 168.920512 63.144541 179.146982
237 497.966036 168.884119 63.465918 179.865667
238 498.363362 168.946170 63.478892 180.430286
239 499.919392 168.283471 63.526794 181.935633
240 500.364176 168.245168 63.996603 182.724788
241 500.612417 168.432199 63.975925 183.210439
242 502.780119 167.971990 63.866113 185.336249
243 503.057939 168.124999 63.999683 185.674801
244 503.298088 168.315456 63.998938 186.193712
245 505.053703 168.035724 63.876099 187.535858
246 506.160246 168.208047 63.784100 188.493812
247 506.279945 168.215150 63.989868 188.509797
248 507.226588 168.406565 63.806860 189.431658
249 509.788002 168.350267 63.370917 190.538497
250 511.404768 168.383912 62.972228 191.572776
251 513.576781 168.574434 62.277592 192.710522
252 514.507262 168.629361 62.158078 193.341126
253 515.886213 168.682244 61.947274 194.010943
254 517.176648 168.981297 61.405207 194.949692
255 517.431769 168.969806 61.400252 195.119139
256 517.969898 169.065812 61.298824 195.729708
257 518.492224 169.132517 61.317540 196.142835
258 521.752237 168.203181 60.851420 196.822107
259 522.307805 168.635664 60.765724 197.018459
260 522.909155 168.834291 60.814506 197.515322
261 523.372151 169.101064 60.841790 198.010065
262 524.208585 169.130547 60.780777 198.466247
263 525.707924 168.393642 60.717291 198.298609
264 534.763225 163.465373 60.310945 194.117718
265 539.582060 167.264677 60.412254 188.179013
266 544.579251 190.466596 60.459600 180.425360
267 536.111687 213.278421 60.619966 178.228912
268 519.323932 281.643262 62.477908 178.478398
269 501.454401 313.458500 63.898122 166.541500
270 501.227228 327.854878 65.444189 152.145122
271 497.820264 333.301795 66.331274 145.736159
272 496.102094 336.964139 67.577295 140.218095
273 494.039811 339.687465 69.085976 135.970279
274 491.701829 341.294117 70.500085 133.282169
275 490.311596 342.395890 71.833619 131.716093
276 489.116352 343.432030 72.761727 130.566661
277 487.990349 344.364363 73.916179 129.733427
278 487.193001 345.129265 74.879993 128.845483
279 486.376266 345.916502 75.917830 127.808150
280 485.768342 346.892670 77.204105 126.510785
281 485.082913 347.940898 78.820730 125.509369
282 483.798725 349.118113 81.407348 123.931791
283 481.435263 350.116533 83.486835 122.503889
284 476.969863 352.016435 87.107540 120.889351
285 469.727175 353.674204 93.463024 118.422160
286 462.218023 355.010444 98.995400 116.939445
287 456.827725 356.053733 104.032711 115.964516
288 452.648700 356.580925 107.787939 115.303979
289 448.685527 357.049599 111.209458 115.031248
290 442.490789 357.420704 116.161686 114.948019
