2 540.803868 102.517122 60.202704 137.340369
3 541.439923 88.380520 59.789490 138.366718
4 542.352873 78.456342 59.664591 138.002513
5 542.701626 77.182013 59.972331 137.959658
6 543.168550 74.989665 59.987726 137.421186
7 544.865780 72.677534 59.857830 137.087091
8 546.983792 70.698684 59.634994 137.164943
9 547.195241 70.822245 59.986859 137.483228
10 548.785945 69.864889 59.590545 137.628278
11 548.999779 70.043202 59.989875 137.980213
12 549.238190 69.908677 59.828141 138.037475
13 549.549842 70.041761 59.849361 138.517528
14 550.394894 69.596565 59.573453 138.991867
15 550.922637 69.248331 59.861489 138.984868
16 551.231895 68.941569 59.879313 138.980805
17 551.325320 68.879776 59.977332 138.983649
18 551.368995 68.818258 59.977627 138.983370
19 551.412091 68.757827 59.977813 138.983271
20 551.433996 68.743762 59.988015 138.980527
21 551.448969 68.733635 59.988730 138.980772
22 551.755552 68.118834 59.863807 138.999244
23 551.994057 67.876301 59.920732 138.974184
24 552.033639 67.889170 59.993088 138.983417
25 552.037044 67.897422 59.993088 138.983417
26 552.040449 67.905673 59.993088 138.983417
27 552.043853 67.913925 59.993088 138.983417
28 552.047258 67.922177 59.993088 138.983417
29 552.050663 67.930429 59.993088 138.983417
30 552.054067 67.938681 59.993088 138.983417
31 552.057472 67.946933 59.993088 138.983417
32 552.060876 67.955185 59.993088 138.983417
33 552.064281 67.963437 59.993088 138.983417
34 552.067686 67.971689 59.993088 138.983417
35 552.071090 67.979941 59.993088 138.983417
36 552.074495 67.988193 59.993088 138.983417
37 552.077899 67.996444 59.993088 138.983417
38 552.081304 68.004696 59.993088 138.983417
39 552.084709 68.012948 59.993088 138.983417
40 552.088113 68.021200 59.993088 138.983417
41 552.091518 68.029452 59.993088 138.983417
42 552.094923 68.037704 59.993088 138.983417
43 552.098327 68.045956 59.993088 138.983417
44 552.101732 68.054208 59.993088 138.983417
45 552.105136 68.062460 59.993088 138.983417
46 552.108541 68.070712 59.993088 138.983417
47 552.111946 68.078963 59.993088 138.983417
48 552.115350 68.087215 59.993088 138.983417
49 552.119559 68.094095 59.992679 138.982721
50 552.123168 68.102695 59.993088 138.983417
51 552.126573 68.110947 59.993088 138.983417
52 552.129977 68.119199 59.993088 138.983417
53 552.133382 68.127451 59.993088 138.983417
54 552.136786 68.135703 59.993088 138.983417
55 552.142986 68.136299 59.991603 138.982575
56 552.149130 68.140313 59.992167 138.982137
57 552.152996 68.149204 59.993088 138.983417
58 552.156400 68.157456 59.993088 138.983417
59 552.159805 68.165708 59.993088 138.983417
60 552.163209 68.173960 59.993088 138.983417
61 552.166614 68.182212 59.993088 138.983417
62 552.176450 68.182172 59.990295 138.979380
63 552.188069 68.183713 59.990138 138.979168
64 552.192948 68.194089 59.993088 138.983417
65 552.196353 68.202341 59.993088 138.983417
66 552.199758 68.210593 59.993088 138.983417
67 552.203809 68.217745 59.992762 138.982860
68 552.207377 68.226275 59.993088 138.983417
69 552.210781 68.234527 59.993088 138.983417
70 552.214186 68.242779 59.993088 138.983417
71 552.217590 68.251031 59.993088 138.983417
72 552.220995 68.259283 59.993088 138.983417
73 552.224400 68.267534 59.993088 138.983417
74 552.227804 68.275786 59.993088 138.983417
75 552.231209 68.284038 59.993088 138.983417
76 552.234613 68.292290 59.993088 138.983417
77 552.238665 68.299442 59.992756 138.982860
78 552.242398 68.307694 59.993005 138.983284
79 552.250931 68.308893 59.990782 138.979904
80 552.265193 68.298534 59.987864 138.980215
81 552.280932 68.287952 59.987852 138.980202
82 552.286954 68.297811 59.993088 138.983417
83 552.290359 68.306063 59.993088 138.983417
84 552.293764 68.314315 59.993088 138.983417
85 552.297168 68.322567 59.993088 138.983417
86 552.300573 68.330819 59.993088 138.983417
87 552.303978 68.339071 59.993088 138.983417
88 552.307382 68.347323 59.993088 138.983417
89 552.310787 68.355575 59.993088 138.983417
90 552.314191 68.363827 59.993088 138.983417
91 552.317596 68.372078 59.993088 138.983417
92 552.321001 68.380330 59.993088 138.983417
93 552.324405 68.388582 59.993088 138.983417
94 552.327810 68.396834 59.993088 138.983417
95 552.331214 68.405086 59.993088 138.983417
96 552.334782 68.413060 59.993005 138.983271
97 552.338228 68.421384 59.993088 138.983417
98 552.341633 68.429636 59.993088 138.983417
99 552.345037 68.437888 59.993088 138.983417
100 552.348442 68.446140 59.993088 138.983417
101 552.351847 68.454392 59.993088 138.983417
102 552.421819 68.340907 59.965837 138.971851
103 552.512472 68.220552 59.962947 138.972136
104 552.604504 68.100564 59.963007 138.971811
105 552.678138 67.993127 59.969095 138.984132
106 552.751251 67.872364 59.967791 138.985465
107 552.774609 67.869571 59.989806 138.978485
108 552.788229 67.868716 59.989274 138.977743
109 552.809865 67.859237 59.986376 138.975854
110 552.848246 67.825093 59.982628 138.976663
111 552.888263 67.790882 59.982688 138.976630
112 552.927483 67.758127 59.982997 138.976862
113 552.966538 67.725255 59.983014 138.976875
114 552.982143 67.727850 59.990410 138.982243
115 552.986887 67.736688 59.993088 138.983417
116 552.990291 67.744940 59.993088 138.983417
117 553.017096 67.712536 59.982757 138.978419
118 553.025666 67.723286 59.993088 138.983417
119 553.029071 67.731538 59.993088 138.983417
120 553.032476 67.739790 59.993088 138.983417
121 553.035880 67.748042 59.993088 138.983417
122 553.039285 67.756294 59.993088 138.983417
123 553.042689 67.764546 59.993088 138.983417
124 553.046094 67.772798 59.993088 138.983417
125 553.049499 67.781050 59.993088 138.983417
126 553.052903 67.789302 59.993088 138.983417
127 553.056308 67.797554 59.993088 138.983417
128 553.059712 67.805806 59.993088 138.983417
129 553.063117 67.814057 59.993088 138.983417
130 553.066522 67.822309 59.993088 138.983417
131 553.069926 67.830561 59.993088 138.983417
132 553.073331 67.838813 59.993088 138.983417
133 553.076736 67.847065 59.993088 138.983417
134 553.080140 67.855317 59.993088 138.983417
135 553.083545 67.863569 59.993088 138.983417
136 553.086949 67.871821 59.993088 138.983417
137 553.090354 67.880073 59.993088 138.983417
138 553.093759 67.888325 59.993088 138.983417
139 553.097163 67.896576 59.993088 138.983417
140 553.100568 67.904828 59.993088 138.983417
141 553.103972 67.913080 59.993088 138.983417
142 553.107377 67.921332 59.993088 138.983417
143 553.110782 67.929584 59.993088 138.983417
144 553.114186 67.937836 59.993088 138.983417
145 553.117591 67.946088 59.993088 138.983417
146 553.120996 67.954340 59.993088 138.983417
147 553.124400 67.962592 59.993088 138.983417
148 553.127805 67.970844 59.993088 138.983417
149 553.131209 67.979096 59.993088 138.983417
150 553.134614 67.987347 59.993088 138.983417
151 553.138019 67.995599 59.993088 138.983417
152 553.141423 68.003851 59.993088 138.983417
153 553.144828 68.012103 59.993088 138.983417
154 553.148232 68.020355 59.993088 138.983417
155 553.151637 68.028607 59.993088 138.983417
156 553.155042 68.036859 59.993088 138.983417
157 553.158446 68.045111 59.993088 138.983417
158 553.161851 68.053363 59.993088 138.983417
159 553.165256 68.061615 59.993088 138.983417
160 553.168660 68.069866 59.993088 138.983417
161 553.172065 68.078118 59.993088 138.983417
162 553.175469 68.086370 59.993088 138.983417
163 553.178874 68.094622 59.993088 138.983417
164 553.182279 68.102874 59.993088 138.983417
165 553.185683 68.111126 59.993088 138.983417
166 553.189088 68.119378 59.993088 138.983417
167 553.192493 68.127630 59.993088 138.983417
168 553.195897 68.135882 59.993088 138.983417
169 553.199302 68.144134 59.993088 138.983417
170 553.202706 68.152386 59.993088 138.983417
171 553.206111 68.160637 59.993088 138.983417
172 553.209516 68.168889 59.993088 138.983417
173 553.212920 68.177141 59.993088 138.983417
174 553.216325 68.185393 59.993088 138.983417
175 553.219729 68.193645 59.993088 138.983417
176 553.223134 68.201897 59.993088 138.983417
177 553.226539 68.210149 59.993088 138.983417
178 553.229943 68.218401 59.993088 138.983417
179 553.233348 68.226653 59.993088 138.983417
180 553.236753 68.234905 59.993088 138.983417
181 553.240157 68.243157 59.993088 138.983417
182 553.243562 68.251408 59.993088 138.983417
183 553.246966 68.259660 59.993088 138.983417
184 553.250371 68.267912 59.993088 138.983417
185 553.253776 68.276164 59.993088 138.983417
186 553.257180 68.284416 59.993088 138.983417
187 553.260585 68.292668 59.993088 138.983417
188 553.263989 68.300920 59.993088 138.983417
189 553.267394 68.309172 59.993088 138.983417
190 553.270799 68.317424 59.993088 138.983417
191 553.274203 68.325676 59.993088 138.983417
192 553.277608 68.333927 59.993088 138.983417
193 553.281013 68.342179 59.993088 138.983417
194 553.284417 68.350431 59.993088 138.983417
195 553.287822 68.358683 59.993088 138.983417
196 553.291226 68.366935 59.993088 138.983417
197 553.294631 68.375187 59.993088 138.983417
198 553.298036 68.383439 59.993088 138.983417
199 553.301440 68.391691 59.993088 138.983417
200 553.304845 68.399943 59.993088 138.983417
201 553.308250 68.408195 59.993088 138.983417
202 553.311654 68.416447 59.993088 138.983417
203 553.315059 68.424698 59.993088 138.983417
204 553.318463 68.432950 59.993088 138.983417
205 553.321868 68.441202 59.993088 138.983417
206 553.325273 68.449454 59.993088 138.983417
207 553.328677 68.457706 59.993088 138.983417
208 553.332082 68.465958 59.993088 138.983417
209 553.335486 68.474210 59.993088 138.983417
210 553.338891 68.482462 59.993088 138.983417
211 553.342296 68.490714 59.993088 138.983417
212 553.345700 68.498966 59.993088 138.983417
213 553.349749 68.504487 59.992450 138.984305
214 553.354044 68.509869 59.992521 138.984199
215 553.357732 68.517730 59.993088 138.983417
216 553.361137 68.525981 59.993088 138.983417
217 553.364542 68.534233 59.993088 138.983417
218 553.367946 68.542485 59.993088 138.983417
219 553.371351 68.550737 59.993088 138.983417
220 553.374755 68.558989 59.993088 138.983417
221 553.378160 68.567241 59.993088 138.983417
222 553.381565 68.575493 59.993088 138.983417
223 553.384969 68.583745 59.993088 138.983417
224 553.388374 68.591997 59.993088 138.983417
225 553.391779 68.600249 59.993088 138.983417
226 553.395183 68.608501 59.993088 138.983417
227 553.398588 68.616752 59.993088 138.983417
228 553.401992 68.625004 59.993088 138.983417
229 553.405752 68.631758 59.992733 138.983894
230 553.409334 68.639772 59.993088 138.983417
231 553.412738 68.648023 59.993088 138.983417
232 553.416143 68.656275 59.993088 138.983417
233 553.419548 68.664527 59.993088 138.983417
234 553.422952 68.672779 59.993088 138.983417
235 553.426357 68.681031 59.993088 138.983417
236 553.429761 68.689283 59.993088 138.983417
237 553.433166 68.697535 59.993088 138.983417
238 553.436571 68.705787 59.993088 138.983417
239 553.439975 68.714039 59.993088 138.983417
240 553.443380 68.722291 59.993088 138.983417
241 553.446785 68.730543 59.993088 138.983417
242 553.452386 68.729509 59.990993 138.986220
243 553.458978 68.727325 59.991062 138.986114
244 553.465750 68.724306 59.990922 138.986260
245 553.470238 68.731136 59.993088 138.983417
246 553.473642 68.739388 59.993088 138.983417
247 553.477047 68.747640 59.993088 138.983417
248 553.480452 68.755891 59.993088 138.983417
249 553.483856 68.764143 59.993088 138.983417
250 553.487261 68.772395 59.993088 138.983417
251 553.490665 68.780647 59.993088 138.983417
252 553.495235 68.783955 59.991929 138.985021
253 553.500503 68.785950 59.991809 138.985173
254 553.505878 68.787676 59.991763 138.985246
255 553.509944 68.795013 59.993088 138.983417
256 553.513349 68.803265 59.993088 138.983417
257 553.516754 68.811517 59.993088 138.983417
258 553.520158 68.819769 59.993088 138.983417
259 553.523563 68.828021 59.993088 138.983417
260 553.526968 68.836273 59.993088 138.983417
261 553.530372 68.844525 59.993088 138.983417
262 553.533777 68.852777 59.993088 138.983417
263 553.537181 68.861029 59.993088 138.983417
264 553.540586 68.869281 59.993088 138.983417
265 553.544838 68.873933 59.992247 138.984577
266 553.549129 68.879624 59.992621 138.984060
267 553.552767 68.887554 59.993088 138.983417
268 553.556171 68.895806 59.993088 138.983417
269 553.559576 68.904058 59.993088 138.983417
270 553.562981 68.912310 59.993088 138.983417
271 553.566385 68.920562 59.993088 138.983417
272 553.569790 68.928814 59.993088 138.983417
273 553.573195 68.937066 59.993088 138.983417
274 553.576599 68.945317 59.993088 138.983417
275 553.580004 68.953569 59.993088 138.983417
276 553.583408 68.961821 59.993088 138.983417
277 553.586813 68.970073 59.993088 138.983417
278 553.590218 68.978325 59.993088 138.983417
279 553.593622 68.986577 59.993088 138.983417
280 553.597027 68.994829 59.993088 138.983417
281 553.600431 69.003081 59.993088 138.983417
282 553.604878 69.006912 59.992052 138.984842
283 553.609575 69.011164 59.992318 138.984477
284 553.613365 69.018885 59.993088 138.983417
285 553.616769 69.027137 59.993088 138.983417
286 553.620174 69.035389 59.993088 138.983417
287 553.623579 69.043641 59.993088 138.983417
288 553.626983 69.051893 59.993088 138.983417
289 553.630388 69.060145 59.993088 138.983417
290 553.633792 69.068397 59.993088 138.983417
291 553.637197 69.076649 59.993088 138.983417
292 553.640602 69.084901 59.993088 138.983417
293 553.644006 69.093152 59.993088 138.983417
294 553.647411 69.101404 59.993088 138.983417
295 553.650816 69.109656 59.993088 138.983417
296 553.654220 69.117908 59.993088 138.983417
297 553.657625 69.126160 59.993088 138.983417
298 553.661029 69.134412 59.993088 138.983417
299 553.664434 69.142664 59.993088 138.983417
300 553.667839 69.150916 59.993088 138.983417
301 553.671243 69.159168 59.993088 138.983417
302 553.675821 69.162435 59.991920 138.985034
303 553.680773 69.165782 59.992129 138.984742
304 553.684657 69.173372 59.993088 138.983417
305 553.689810 69.174200 59.991351 138.985816
306 553.696183 69.172344 59.990999 138.986293
307 553.701853 69.173975 59.991872 138.985087
308 553.707030 69.176454 59.991929 138.985014
309 553.711014 69.183907 59.993088 138.983417
310 553.714419 69.192159 59.993088 138.983417
311 553.717824 69.200411 59.993088 138.983417
312 553.721228 69.208663 59.993088 138.983417
313 553.724633 69.216914 59.993088 138.983417
314 553.728037 69.225166 59.993088 138.983417
315 553.731442 69.233418 59.993088 138.983417
316 553.734847 69.241670 59.993088 138.983417
317 553.738251 69.249922 59.993088 138.983417
318 553.741656 69.258174 59.993088 138.983417
319 553.745060 69.266426 59.993088 138.983417
320 553.748465 69.274678 59.993088 138.983417
321 553.751870 69.282930 59.993088 138.983417
322 553.755274 69.291182 59.993088 138.983417
323 553.758679 69.299434 59.993088 138.983417
324 553.762084 69.307685 59.993088 138.983417
325 553.765488 69.315937 59.993088 138.983417
326 553.768893 69.324189 59.993088 138.983417
327 553.772297 69.332441 59.993088 138.983417
328 553.775702 69.340693 59.993088 138.983417
329 553.779107 69.348945 59.993088 138.983417
330 553.782511 69.357197 59.993088 138.983417
331 553.785916 69.365449 59.993088 138.983417
332 553.789321 69.373701 59.993088 138.983417
333 553.792725 69.381953 59.993088 138.983417
334 553.796130 69.390205 59.993088 138.983417
335 553.799534 69.398456 59.993088 138.983417
336 553.802939 69.406708 59.993088 138.983417
337 553.810884 69.395792 59.988788 138.989157
338 553.820275 69.384902 59.989291 138.988633
339 553.825578 69.390546 59.993088 138.983417
340 553.828983 69.398798 59.993088 138.983417
341 553.832387 69.407050 59.993088 138.983417
342 553.835792 69.415302 59.993088 138.983417
343 553.839197 69.423553 59.993088 138.983417
344 553.842601 69.431805 59.993088 138.983417
345 553.846006 69.440057 59.993088 138.983417
346 553.849411 69.448309 59.993088 138.983417
347 553.852815 69.456561 59.993088 138.983417
348 553.856220 69.464813 59.993088 138.983417
349 553.859624 69.473065 59.993088 138.983417
350 553.863029 69.481317 59.993088 138.983417
351 553.866434 69.489569 59.993088 138.983417
352 553.869838 69.497821 59.993088 138.983417
353 553.873243 69.506073 59.993088 138.983417
354 553.876648 69.514324 59.993088 138.983417
355 553.880052 69.522576 59.993088 138.983417
356 553.883457 69.530828 59.993088 138.983417
357 553.886861 69.539080 59.993088 138.983417
358 553.890266 69.547332 59.993088 138.983417
359 553.893671 69.555584 59.993088 138.983417
360 553.897075 69.563836 59.993088 138.983417
361 553.900480 69.572088 59.993088 138.983417
362 553.903884 69.580340 59.993088 138.983417
363 553.907289 69.588592 59.993088 138.983417
364 553.910694 69.596843 59.993088 138.983417
365 553.916250 69.595988 59.990999 138.986253
366 553.922893 69.593536 59.990968 138.986287
367 553.932307 69.575988 59.987520 138.988613
368 553.943096 69.559730 59.987967 138.988799
369 553.953719 69.542775 59.987869 138.988620
370 553.959733 69.548426 59.993088 138.983417
371 553.963138 69.556678 59.993088 138.983417
372 553.966542 69.564929 59.993088 138.983417
373 553.969947 69.573181 59.993088 138.983417
374 553.973872 69.579220 59.992567 138.984132
375 553.978313 69.583819 59.992318 138.984484
376 553.982497 69.589854 59.992693 138.983960
377 553.986099 69.597834 59.993088 138.983417
378 553.989503 69.606086 59.993088 138.983417
379 553.992908 69.614338 59.993088 138.983417
380 553.996313 69.622590 59.993088 138.983417
381 553.999717 69.630842 59.993088 138.983417
382 554.003122 69.639094 59.993088 138.983417
383 554.006527 69.647346 59.993088 138.983417
384 554.009931 69.655598 59.993088 138.983417
385 554.013336 69.663850 59.993088 138.983417
386 554.016740 69.672102 59.993088 138.983417
387 554.020145 69.680353 59.993088 138.983417
388 554.023550 69.688605 59.993088 138.983417
389 554.026954 69.696857 59.993088 138.983417
390 554.030359 69.705109 59.993088 138.983417
391 554.033763 69.713361 59.993088 138.983417
392 554.037168 69.721613 59.993088 138.983417
393 554.040573 69.729865 59.993088 138.983417
394 554.043977 69.738117 59.993088 138.983417
395 554.047382 69.746369 59.993088 138.983417
396 554.050787 69.754621 59.993088 138.983417
397 554.054191 69.762872 59.993088 138.983417
398 554.057596 69.771124 59.993088 138.983417
399 554.061000 69.779376 59.993088 138.983417
400 554.064405 69.787628 59.993088 138.983417
401 554.067810 69.795880 59.993088 138.983417
402 554.071214 69.804132 59.993088 138.983417
403 554.074619 69.812384 59.993088 138.983417
404 554.078023 69.820636 59.993088 138.983417
405 554.084787 69.814797 59.990141 138.987155
406 554.092815 69.807956 59.990287 138.986989
407 554.097620 69.814422 59.993088 138.983417
408 554.101025 69.822674 59.993088 138.983417
409 554.104429 69.830926 59.993088 138.983417
410 554.107834 69.839178 59.993088 138.983417
411 554.111239 69.847430 59.993088 138.983417
412 554.114643 69.855682 59.993088 138.983417
413 554.118048 69.863933 59.993088 138.983417
414 554.123529 69.863377 59.991022 138.986260
415 554.127967 69.870207 59.993088 138.983417
416 554.131372 69.878459 59.993088 138.983417
417 554.134776 69.886711 59.993088 138.983417
418 554.138181 69.894963 59.993088 138.983417
419 554.141585 69.903215 59.993088 138.983417
420 554.144990 69.911466 59.993088 138.983417
421 554.148395 69.919718 59.993088 138.983417
422 554.151799 69.927970 59.993088 138.983417
423 554.155204 69.936222 59.993088 138.983417
424 554.158608 69.944474 59.993088 138.983417
425 554.162013 69.952726 59.993088 138.983417
426 554.165418 69.960978 59.993088 138.983417
427 554.168822 69.969230 59.993088 138.983417
428 554.172227 69.977482 59.993088 138.983417
429 554.175632 69.985734 59.993088 138.983417
430 554.179036 69.993985 59.993088 138.983417
431 554.182441 70.002237 59.993088 138.983417
432 554.185845 70.010489 59.993088 138.983417
433 554.189250 70.018741 59.993088 138.983417
434 554.192655 70.026993 59.993088 138.983417
435 554.196059 70.035245 59.993088 138.983417
436 554.199464 70.043497 59.993088 138.983417
437 554.204908 70.043093 59.991059 138.986214
438 554.210938 70.043112 59.991483 138.985624
439 554.215145 70.050261 59.993088 138.983417
440 554.218550 70.058513 59.993088 138.983417
441 554.221954 70.066765 59.993088 138.983417
442 554.225359 70.075017 59.993088 138.983417
443 554.228764 70.083268 59.993088 138.983417
444 554.232168 70.091520 59.993088 138.983417
445 554.235573 70.099772 59.993088 138.983417
446 554.238977 70.108024 59.993088 138.983417
447 554.242382 70.116276 59.993088 138.983417
448 554.245787 70.124528 59.993088 138.983417
449 554.249191 70.132780 59.993088 138.983417
450 554.252596 70.141032 59.993088 138.983417
451 554.256001 70.149284 59.993088 138.983417
452 554.259405 70.157536 59.993088 138.983417
453 554.262810 70.165788 59.993088 138.983417
454 554.266214 70.174039 59.993088 138.983417
455 554.269619 70.182291 59.993088 138.983417
456 554.273024 70.190543 59.993088 138.983417
457 554.276428 70.198795 59.993088 138.983417
458 554.279833 70.207047 59.993088 138.983417
459 554.283237 70.215299 59.993088 138.983417
460 554.286642 70.223551 59.993088 138.983417
461 554.290047 70.231803 59.993088 138.983417
462 554.293451 70.240055 59.993088 138.983417
463 554.296856 70.248307 59.993088 138.983417
464 554.300261 70.256558 59.993088 138.983417
465 554.303665 70.264810 59.993088 138.983417
466 554.307070 70.273062 59.993088 138.983417
467 554.310474 70.281314 59.993088 138.983417
468 554.313879 70.289566 59.993088 138.983417
469 554.317284 70.297818 59.993088 138.983417
470 554.320688 70.306070 59.993088 138.983417
471 554.324093 70.314322 59.993088 138.983417
472 554.327498 70.322574 59.993088 138.983417
473 554.330902 70.330826 59.993088 138.983417
474 554.334307 70.339078 59.993088 138.983417
475 554.337711 70.347329 59.993088 138.983417
476 554.341116 70.355581 59.993088 138.983417
477 554.344521 70.363833 59.993088 138.983417
478 554.347925 70.372085 59.993088 138.983417
479 554.351330 70.380337 59.993088 138.983417
480 554.354734 70.388589 59.993088 138.983417
481 554.358139 70.396841 59.993088 138.983417
482 554.361544 70.405093 59.993088 138.983417
483 554.364948 70.413345 59.993088 138.983417
484 554.368353 70.421597 59.993088 138.983417
485 554.371758 70.429848 59.993088 138.983417
486 554.375162 70.438100 59.993088 138.983417
487 554.378567 70.446352 59.993088 138.983417
488 554.381971 70.454604 59.993088 138.983417
489 554.385376 70.462856 59.993088 138.983417
490 554.289309 70.455214 60.024925 138.980368
491 553.636104 70.241791 60.531682 139.053720
492 553.478536 70.386452 61.066144 139.407885
493 553.348710 70.349109 61.550413 139.408843
494 552.972942 70.227898 62.060192 139.405903
495 552.842532 70.126736 62.547547 139.390916
496 552.487455 69.971006 63.042907 139.401958
497 553.037954 70.605938 63.038867 141.940361
498 553.540652 71.499044 62.813565 146.980582
499 553.817676 71.660445 62.481683 150.144906
500 553.826781 71.837949 62.492800 150.482045
501 553.830327 71.846884 62.492800 150.482045
502 553.833874 71.855818 62.492800 150.482045
503 553.837420 71.864753 62.492800 150.482045
504 553.840967 71.873688 62.492800 150.482045
505 553.844725 71.881697 62.492588 150.482339
506 553.849438 71.885834 62.491995 150.482935
507 553.856069 71.881169 62.491357 150.482009
508 553.862995 71.877154 62.491304 150.482224
509 553.869966 71.872895 62.491333 150.482088
510 553.876868 71.868969 62.491369 150.482081
511 553.883896 71.864294 62.491333 150.481944
512 553.964508 68.976654 62.323388 150.485547
513 554.067324 68.698626 62.466374 150.425861
514 554.113448 68.083268 62.418798 150.504413
515 554.172601 68.122823 62.460139 150.980898
516 554.218001 67.772326 62.442517 150.968153
517 554.265938 66.867562 62.402382 150.953033
518 554.132043 64.587436 62.249568 150.971537
519 553.978902 60.896891 62.141612 150.777145
520 554.166045 60.964117 62.483957 150.987220
521 554.182160 60.924447 62.483621 150.986730
522 554.190296 60.931039 62.492800 150.981985
523 554.193843 60.940003 62.492800 150.981985
524 554.197389 60.948967 62.492800 150.981985
525 554.200936 60.957931 62.492800 150.981985
526 554.204482 60.966896 62.492800 150.981985
527 554.208029 60.975860 62.492800 150.981985
528 554.211575 60.984824 62.492800 150.981985
529 554.215122 60.993789 62.492800 150.981985
530 554.218668 61.002753 62.492800 150.981985
531 554.222215 61.011717 62.492800 150.981985
532 554.225880 61.020156 62.492681 150.982151
533 554.229486 61.029037 62.492800 150.981985
534 554.236108 61.024386 62.489742 150.986384
535 554.243744 61.019818 62.490252 150.985643
536 554.248564 61.026953 62.492800 150.981985
537 554.248928 61.018327 62.489074 150.974446
538 554.250689 61.011195 62.488645 150.974806
539 554.252832 61.004971 62.488854 150.974713
540 554.250740 61.000456 62.489247 150.968009
541 554.253872 61.013132 62.492004 150.978262
542 554.257816 61.023958 62.492800 150.981985
543 554.261363 61.032922 62.492800 150.981985
544 554.261214 61.022964 62.488866 150.979523
545 554.266727 61.033160 62.492800 150.981985
546 554.270274 61.042124 62.492800 150.981985
547 554.273820 61.051088 62.492800 150.981985
548 554.277367 61.060053 62.492800 150.981985
549 554.257676 60.901230 62.447223 150.951463
550 554.261409 60.767482 62.448055 150.945998
551 554.265632 60.642773 62.448901 150.944558
552 554.274007 60.435932 62.449589 151.002038
553 554.286451 60.533670 62.458515 151.491707
554 554.299337 60.455903 62.468505 151.502550
555 554.315031 60.704584 62.492800 151.981866
556 554.318014 60.709041 62.491938 151.985606
557 554.321991 60.716195 62.492800 151.981866
558 554.325538 60.725219 62.492800 151.981866
559 554.329084 60.734242 62.492800 151.981866
560 554.332631 60.743266 62.492800 151.981866
561 554.336177 60.752290 62.492800 151.981866
562 554.339724 60.761313 62.492800 151.981866
563 554.343270 60.770337 62.492800 151.981866
564 554.346817 60.779361 62.492800 151.981866
565 554.350363 60.788384 62.492800 151.981866
566 554.353910 60.797408 62.492800 151.981866
567 554.357456 60.806432 62.492800 151.981866
568 554.361003 60.815455 62.492800 151.981866
569 554.364549 60.824479 62.492800 151.981866
570 554.368095 60.833503 62.492800 151.981866
571 554.371642 60.842526 62.492800 151.981866
572 554.375188 60.851550 62.492800 151.981866
573 554.378532 60.861328 62.492704 151.983257
574 554.201611 63.910885 62.227777 154.132484
575 554.335645 64.115094 62.481681 154.535377
576 554.343786 64.359164 62.485915 155.013459
577 554.313513 64.806305 62.430677 155.660939
578 554.233963 65.821790 62.331983 156.604882
579 554.252170 72.809358 61.513630 161.000268
580 554.516807 73.560207 61.823013 162.172052
581 554.621611 74.157212 61.818889 163.179870
582 554.712114 74.317230 61.992857 163.480494
583 554.715632 74.326937 61.992857 163.480494
584 554.719150 74.336643 61.992857 163.480494
585 554.529784 73.889713 61.996556 163.531785
586 554.349065 73.716438 61.995350 164.055022
587 552.717650 73.018139 62.104364 164.454976
588 552.915415 73.040604 62.492800 164.480374
589 552.918961 73.050370 62.492800 164.480374
590 552.922508 73.060136 62.492800 164.480374
591 552.926054 73.069901 62.492800 164.480374
592 551.860657 72.360500 62.521422 164.584840
593 551.715448 72.207553 63.001220 165.053950
594 547.554967 71.760427 63.724923 165.618856
595 547.684964 71.939173 63.991025 165.981304
596 547.676778 71.933015 63.990286 165.982024
597 547.644464 71.951866 63.990460 166.020058
598 547.637925 72.196124 63.992352 166.494236
599 547.621466 72.204492 63.991882 166.503803
600 547.023298 73.104990 63.936249 167.314872
601 547.044062 73.207195 63.988931 167.499529
602 547.048391 73.207949 63.992368 167.482580
603 547.051062 73.217075 63.992429 167.482397
604 547.054793 73.225828 63.992627 167.480016
605 546.936791 73.379075 63.960397 167.747246
606 546.953852 73.509121 63.990582 167.987583
607 546.958506 73.515281 63.992627 167.979957
608 546.962137 73.525255 63.992627 167.979957
609 546.965769 73.535229 63.992627 167.979957
610 546.969400 73.545202 63.992627 167.979957
611 546.973032 73.555176 63.992627 167.979957
612 546.976664 73.565149 63.992627 167.979957
613 546.980295 73.575123 63.992627 167.979957
614 546.983927 73.585096 63.992627 167.979957
615 546.987558 73.595070 63.992627 167.979957
616 546.991190 73.605043 63.992627 167.979957
617 546.994822 73.615017 63.992627 167.979957
618 546.998453 73.624990 63.992627 167.979957
619 547.002085 73.634964 63.992627 167.979957
620 547.005716 73.644937 63.992627 167.979957
621 547.009348 73.654911 63.992627 167.979957
622 547.012980 73.664884 63.992627 167.979957
623 547.016611 73.674858 63.992627 167.979957
624 547.020243 73.684831 63.992627 167.979957
625 547.023874 73.694805 63.992627 167.979957
626 547.027506 73.704778 63.992627 167.979957
627 547.031137 73.714752 63.992627 167.979957
628 547.034769 73.724726 63.992627 167.979957
629 547.038401 73.734699 63.992627 167.979957
630 547.042032 73.744673 63.992627 167.979957
631 547.045664 73.754646 63.992627 167.979957
632 547.049295 73.764620 63.992627 167.979957
633 547.052927 73.774593 63.992627 167.979957
634 547.056559 73.784567 63.992627 167.979957
635 547.060190 73.794540 63.992627 167.979957
636 547.063822 73.804514 63.992627 167.979957
637 547.067453 73.814487 63.992627 167.979957
638 547.071085 73.824461 63.992627 167.979957
639 547.074717 73.834434 63.992627 167.979957
640 547.080420 73.839681 63.990189 167.989201
641 547.087169 73.840707 63.990393 167.988416
642 547.201857 73.680361 63.912808 168.186469
643 547.431144 73.493989 63.855069 168.758485
644 547.597002 73.477719 63.931827 169.173517
645 547.800364 73.515344 63.889728 169.778988
646 548.019492 73.482402 63.890305 170.244565
647 548.157265 73.476242 63.916434 170.697455
648 548.237134 73.547484 63.952734 171.114277
649 548.298993 73.641100 63.958734 171.579880
650 548.540912 73.121988 63.867545 172.420430
651 548.858144 72.663928 63.852438 172.915015
652 549.546817 71.021926 63.660339 173.991358
653 549.892899 70.903062 63.876147 174.448625
654 550.163059 70.880480 63.861334 175.069817
655 550.264890 71.063386 63.960458 175.608355
656 550.315166 71.229928 63.962549 176.096033
657 550.343233 71.409364 63.981558 176.522985
658 550.362717 71.623050 63.980472 177.027388
659 550.396114 71.801260 63.964923 177.586822
660 550.424566 71.981316 63.979706 178.030624
661 550.445372 72.190010 63.980008 178.529501
662 550.552497 72.302930 63.909756 179.249677
663 550.721572 72.284451 63.887033 179.797639
664 550.778000 72.385580 63.992627 179.978525
665 550.781632 72.396266 63.992627 179.978525
666 550.785263 72.406952 63.992627 179.978525
667 550.788895 72.417638 63.992627 179.978525
668 550.792527 72.428324 63.992627 179.978525
669 550.796158 72.439010 63.992627 179.978525
670 550.799790 72.449696 63.992627 179.978525
671 550.803421 72.460382 63.992627 179.978525
672 550.807053 72.471068 63.992627 179.978525
673 550.810685 72.481753 63.992627 179.978525
674 550.814316 72.492439 63.992627 179.978525
675 550.817948 72.503125 63.992627 179.978525
676 550.821579 72.513811 63.992627 179.978525
677 550.825211 72.524497 63.992627 179.978525
678 550.828843 72.535183 63.992627 179.978525
679 550.832474 72.545869 63.992627 179.978525
680 550.837711 72.548281 63.991028 179.981203
681 550.843348 72.551414 63.991428 179.980534
682 550.847579 72.561095 63.992627 179.978525
683 550.851210 72.571781 63.992627 179.978525
684 550.854842 72.582467 63.992627 179.978525
685 550.858474 72.593153 63.992627 179.978525
686 550.862105 72.603839 63.992627 179.978525
687 550.865737 72.614525 63.992627 179.978525
688 550.869368 72.625211 63.992627 179.978525
689 550.873000 72.635897 63.992627 179.978525
690 550.876632 72.646583 63.992627 179.978525
691 550.880263 72.657269 63.992627 179.978525
692 550.883895 72.667955 63.992627 179.978525
693 550.887526 72.678640 63.992627 179.978525
694 550.891158 72.689326 63.992627 179.978525
695 550.894790 72.700012 63.992627 179.978525
696 550.898421 72.710698 63.992627 179.978525
697 550.902053 72.721384 63.992627 179.978525
698 550.905684 72.732070 63.992627 179.978525
699 550.909316 72.742756 63.992627 179.978525
700 550.912947 72.753442 63.992627 179.978525
701 550.916579 72.764128 63.992627 179.978525
702 550.920211 72.774814 63.992627 179.978525
703 550.923842 72.785500 63.992627 179.978525
704 550.927474 72.796186 63.992627 179.978525
705 550.931105 72.806872 63.992627 179.978525
706 550.934737 72.817557 63.992627 179.978525
707 550.938369 72.828243 63.992627 179.978525
708 550.942000 72.838929 63.992627 179.978525
709 550.945632 72.849615 63.992627 179.978525
710 550.949263 72.860301 63.992627 179.978525
711 550.952895 72.870987 63.992627 179.978525
712 550.956527 72.881673 63.992627 179.978525
713 550.960158 72.892359 63.992627 179.978525
714 550.963790 72.903045 63.992627 179.978525
715 550.967421 72.913731 63.992627 179.978525
716 550.971053 72.924417 63.992627 179.978525
717 550.974685 72.935103 63.992627 179.978525
718 550.978316 72.945789 63.992627 179.978525
719 550.981948 72.956474 63.992627 179.978525
720 550.985579 72.967160 63.992627 179.978525
721 550.989211 72.977846 63.992627 179.978525
722 550.992842 72.988532 63.992627 179.978525
723 550.996474 72.999218 63.992627 179.978525
724 551.000106 73.009904 63.992627 179.978525
725 551.003737 73.020590 63.992627 179.978525
726 551.007369 73.031276 63.992627 179.978525
727 551.011000 73.041962 63.992627 179.978525
728 551.014632 73.052648 63.992627 179.978525
729 551.018264 73.063334 63.992627 179.978525
730 551.025432 73.055798 63.989108 179.984405
731 551.034867 73.042713 63.988602 179.985263
732 551.041964 73.042554 63.991180 179.980937
733 551.047777 73.044524 63.991174 179.980954
734 551.053560 73.046657 63.991208 179.980903
735 551.057901 73.056154 63.992627 179.978525
736 551.061533 73.066840 63.992627 179.978525
737 551.065165 73.077526 63.992627 179.978525
738 551.068796 73.088212 63.992627 179.978525
739 551.072428 73.098898 63.992627 179.978525
740 551.076151 73.109111 63.992535 179.978671
741 551.081376 73.111751 63.991086 179.981109
742 551.085778 73.121145 63.992627 179.978525
743 551.089409 73.131831 63.992627 179.978525
744 551.093041 73.142517 63.992627 179.978525
745 551.096672 73.153203 63.992627 179.978525
746 551.100304 73.163889 63.992627 179.978525
747 551.103936 73.174574 63.992627 179.978525
748 551.107567 73.185260 63.992627 179.978525
749 551.111199 73.195946 63.992627 179.978525
750 551.114830 73.206632 63.992627 179.978525
751 551.118462 73.217318 63.992627 179.978525
752 551.122094 73.228004 63.992627 179.978525
753 551.125725 73.238690 63.992627 179.978525
754 551.129357 73.249376 63.992627 179.978525
755 551.132988 73.260062 63.992627 179.978525
756 551.136620 73.270748 63.992627 179.978525
757 551.140252 73.281434 63.992627 179.978525
758 551.143883 73.292120 63.992627 179.978525
759 551.148708 73.296660 63.991440 179.980516
760 551.154251 73.299561 63.991315 179.980714
761 551.159909 73.302089 63.991263 179.980817
762 551.164223 73.311629 63.992627 179.978525
763 551.167855 73.322315 63.992627 179.978525
764 551.173314 73.323577 63.990811 179.981581
765 551.177854 73.332735 63.992627 179.978525
766 551.181485 73.343421 63.992627 179.978525
767 551.185117 73.354107 63.992627 179.978525
768 551.188749 73.364792 63.992627 179.978525
769 551.192380 73.375478 63.992627 179.978525
770 551.196012 73.386164 63.992627 179.978525
771 551.199643 73.396850 63.992627 179.978525
772 551.204813 73.399605 63.991095 179.981083
773 551.210331 73.403245 63.991513 179.980379
774 551.215529 73.407802 63.991623 179.980207
775 551.220600 73.412815 63.991696 179.980096
776 551.225743 73.417325 63.991586 179.980259
777 551.229895 73.427144 63.992627 179.978525
778 551.233527 73.437830 63.992627 179.978525
779 551.237159 73.448516 63.992627 179.978525
780 551.240790 73.459202 63.992627 179.978525
781 551.244422 73.469888 63.992627 179.978525
782 551.249625 73.472480 63.991061 179.981143
783 551.256966 73.466785 63.989713 179.983400
784 551.264948 73.460125 63.989746 179.983340
785 551.270020 73.468403 63.992627 179.978525
786 551.273652 73.479089 63.992627 179.978525
787 551.277283 73.489775 63.992627 179.978525
788 551.280915 73.500461 63.992627 179.978525
789 551.284546 73.511147 63.992627 179.978525
790 551.288178 73.521833 63.992627 179.978525
791 551.291809 73.532519 63.992627 179.978525
792 551.295441 73.543204 63.992627 179.978525
793 551.299073 73.553890 63.992627 179.978525
794 551.302704 73.564576 63.992627 179.978525
795 551.306336 73.575262 63.992627 179.978525
796 551.309967 73.585948 63.992627 179.978525
797 551.313599 73.596634 63.992627 179.978525
798 551.317231 73.607320 63.992627 179.978525
799 551.320862 73.618006 63.992627 179.978525
800 551.324494 73.628692 63.992627 179.978525
801 551.328125 73.639378 63.992627 179.978525
802 551.331757 73.650064 63.992627 179.978525
803 551.335389 73.660750 63.992627 179.978525
804 551.339020 73.671435 63.992627 179.978525
805 551.342652 73.682121 63.992627 179.978525
806 551.346283 73.692807 63.992627 179.978525
807 551.350208 73.701983 63.992334 179.979023
808 551.354682 73.708832 63.991937 179.979675
809 551.358658 73.718943 63.992627 179.978525
810 551.362290 73.729629 63.992627 179.978525
811 551.365921 73.740315 63.992627 179.978525
812 551.369553 73.751001 63.992627 179.978525
813 551.373185 73.761686 63.992627 179.978525
814 551.376816 73.772372 63.992627 179.978525
815 551.380448 73.783058 63.992627 179.978525
816 551.384079 73.793744 63.992627 179.978525
817 551.391034 73.787307 63.989322 179.984061
818 551.399566 73.778496 63.989398 179.983924
819 551.404811 73.786483 63.992627 179.978525
820 551.410949 73.784251 63.990134 179.982705
821 551.416056 73.791663 63.992398 179.978903
822 551.419802 73.802160 63.992627 179.978525
823 551.423433 73.812846 63.992627 179.978525
824 551.427065 73.823532 63.992627 179.978525
825 551.430696 73.834218 63.992627 179.978525
826 551.434328 73.844904 63.992627 179.978525
827 551.437960 73.855590 63.992627 179.978525
828 551.441591 73.866275 63.992627 179.978525
829 551.445223 73.876961 63.992627 179.978525
830 551.448854 73.887647 63.992627 179.978525
831 551.452486 73.898333 63.992627 179.978525
832 551.456118 73.909019 63.992627 179.978525
833 551.459749 73.919705 63.992627 179.978525
834 551.463381 73.930391 63.992627 179.978525
835 551.467012 73.941077 63.992627 179.978525
836 551.470644 73.951763 63.992627 179.978525
837 551.474276 73.962449 63.992627 179.978525
838 551.477907 73.973135 63.992627 179.978525
839 551.481539 73.983821 63.992627 179.978525
840 551.485170 73.994506 63.992627 179.978525
841 551.488802 74.005192 63.992627 179.978525
842 551.492434 74.015878 63.992627 179.978525
843 551.496065 74.026564 63.992627 179.978525
844 551.499697 74.037250 63.992627 179.978525
845 551.506548 74.031345 63.989426 179.983890
846 551.517453 74.011969 63.986972 179.987915
847 551.523912 74.017960 63.992627 179.978525
848 551.527544 74.028646 63.992627 179.978525
849 551.537270 74.009926 63.986551 179.988619
850 551.551178 73.982314 63.985400 179.990473
851 551.571518 73.935717 63.979007 180.009304
852 551.581960 74.181013 63.992627 180.478466
853 551.585592 74.191729 63.992627 180.478466
854 551.589223 74.202444 63.992627 180.478466
855 551.592855 74.213160 63.992627 180.478466
856 551.596486 74.223875 63.992627 180.478466
857 551.600118 74.234591 63.992627 180.478466
858 551.603749 74.245307 63.992627 180.478466
859 551.607381 74.256022 63.992627 180.478466
860 551.611013 74.266738 63.992627 180.478466
861 551.614644 74.277454 63.992627 180.478466
862 551.618276 74.288169 63.992627 180.478466
863 551.621907 74.298885 63.992627 180.478466
864 551.625658 74.308981 63.992508 180.478672
865 551.629349 74.319593 63.992627 180.478466
866 551.632981 74.330309 63.992627 180.478466
867 551.636612 74.341024 63.992627 180.478466
868 551.640244 74.351740 63.992627 180.478466
869 551.643876 74.362455 63.992627 180.478466
870 551.647507 74.373171 63.992627 180.478466
871 551.651865 74.380134 63.991907 180.479688
872 551.655857 74.390238 63.992627 180.478466
873 551.659488 74.400954 63.992627 180.478466
874 551.663120 74.411670 63.992627 180.478466
875 551.666751 74.422385 63.992627 180.478466
876 551.670383 74.433101 63.992627 180.478466
877 551.674015 74.443816 63.992627 180.478466
878 551.677646 74.454532 63.992627 180.478466
879 551.681278 74.465248 63.992627 180.478466
880 551.684909 74.475963 63.992627 180.478466
881 551.688541 74.486679 63.992627 180.478466
882 551.692173 74.497395 63.992627 180.478466
883 551.695804 74.508110 63.992627 180.478466
884 551.699436 74.518826 63.992627 180.478466
885 551.703067 74.529541 63.992627 180.478466
886 551.706699 74.540257 63.992627 180.478466
887 551.710331 74.550973 63.992627 180.478466
888 551.713962 74.561688 63.992627 180.478466
889 551.717594 74.572404 63.992627 180.478466
890 551.721225 74.583119 63.992627 180.478466
891 551.724857 74.593835 63.992627 180.478466
892 551.728489 74.604551 63.992627 180.478466
893 551.732120 74.615266 63.992627 180.478466
894 551.735752 74.625982 63.992627 180.478466
895 551.739383 74.636697 63.992627 180.478466
896 551.743015 74.647413 63.992627 180.478466
897 551.746646 74.658129 63.992627 180.478466
898 551.750278 74.668844 63.992627 180.478466
899 551.753910 74.679560 63.992627 180.478466
900 551.757541 74.690275 63.992627 180.478466
901 551.761173 74.700991 63.992627 180.478466
902 551.766001 74.705535 63.991437 180.480454
903 551.772727 74.702338 63.990140 180.482640
904 551.777602 74.710966 63.992627 180.478466
905 551.784917 74.702644 63.988962 180.484611
906 551.793372 74.694837 63.989648 180.483466
907 551.801468 74.687672 63.989664 180.483432
908 551.810003 74.678226 63.989224 180.484180
909 551.818882 74.667768 63.989099 180.484387
910 551.824277 74.675523 63.992627 180.478466
911 551.827909 74.686239 63.992627 180.478466
912 551.837119 74.669421 63.987067 180.487752
913 551.849622 74.645920 63.986554 180.488587
914 551.857071 74.647538 63.991852 180.479765
915 551.869883 74.612417 63.984354 180.491858
916 551.891918 74.547667 63.979800 180.498399
917 551.902918 74.543485 63.991678 180.480058
918 551.907518 74.550848 63.992133 180.479283
919 551.911995 74.558056 63.992029 180.479464
920 551.915926 74.568272 63.992627 180.478466
921 551.919558 74.578988 63.992627 180.478466
922 551.923189 74.589704 63.992627 180.478466
923 551.926821 74.600419 63.992627 180.478466
924 551.931722 74.604568 63.991364 180.480591
925 551.935985 74.614220 63.992627 180.478466
926 551.939617 74.624936 63.992627 180.478466
927 551.946349 74.619634 63.989545 180.483638
928 551.954760 74.611040 63.989407 180.483862
929 551.963059 74.603264 63.989587 180.483569
930 551.978812 74.562403 63.982043 180.496024
931 551.998676 74.513816 63.981705 180.496574
932 552.012560 74.490724 63.987860 180.486470
933 552.026274 74.457708 63.985056 180.491066
934 552.038288 74.438377 63.988055 180.486134
935 552.045923 74.436376 63.990915 180.481340
936 552.053603 74.429163 63.989453 180.483802
937 552.058821 74.437211 63.992627 180.478466
938 552.062453 74.447926 63.992627 180.478466
939 552.076479 74.405365 63.983112 180.493579
940 552.085225 74.406682 63.992270 180.479068
941 552.089573 74.414316 63.992090 180.479369
942 552.093656 74.423633 63.992444 180.478775
943 552.097379 74.434194 63.992627 180.478466
944 552.105143 74.423564 63.988513 180.485368
945 552.112693 74.421206 63.990778 180.481581
946 552.117728 74.427885 63.992148 180.479275
947 552.129522 74.397270 63.984747 180.491694
948 552.145818 74.356400 63.984164 180.492435
949 552.157782 74.338933 63.988544 180.485308
950 552.169059 74.308116 63.985388 180.493751
951 552.181217 74.271424 63.985120 180.496006
952 552.188813 74.272294 63.992416 180.478818
953 552.193810 74.276326 63.991373 180.480566
954 552.198877 74.281817 63.991824 180.479817
955 552.206417 74.273748 63.989139 180.484318
956 552.215857 74.260528 63.988580 180.485256
957 552.222052 74.265060 63.992087 180.479361
958 552.226397 74.273038 63.992184 180.479206
959 552.230896 74.280036 63.991986 180.479541
960 552.237784 74.275039 63.989703 180.483363
961 552.246558 74.264294 63.988965 180.484602
962 552.253586 74.263850 63.991068 180.481082
963 552.259664 74.264651 63.990967 180.481254
964 552.265749 74.265589 63.991010 180.481168
965 552.270189 74.274953 63.992627 180.478466
966 552.273821 74.285669 63.992627 180.478466
967 552.277452 74.296384 63.992627 180.478466
968 552.281084 74.307100 63.992627 180.478466
969 552.288417 74.298691 63.988943 180.484645
970 552.303879 74.237685 63.980637 180.503512
971 552.321218 74.445917 63.984952 180.991317
972 552.332062 74.432721 63.989270 180.984050
973 552.341211 74.420759 63.988806 180.984827
974 552.350373 74.409539 63.989026 180.984456
975 552.359800 74.396554 63.988651 180.985095
976 552.369756 74.381497 63.988315 180.985656
977 552.377851 74.376656 63.990332 180.982272
978 552.385178 74.372262 63.990091 180.982669
979 552.392656 74.367524 63.990060 180.982713
980 552.397571 74.376116 63.992627 180.978406
981 552.401203 74.386861 63.992627 180.978406
982 552.405243 74.395492 63.992218 180.979088
983 552.409079 74.405897 63.992627 180.978406
984 552.412775 74.416314 63.992563 180.978509
985 552.418996 74.413759 63.990082 180.982678
986 552.426415 74.409344 63.990125 180.982609
987 552.431298 74.417988 63.992627 180.978406
988 552.434929 74.428733 63.992627 180.978406
989 552.438561 74.439479 63.992627 180.978406
990 552.442192 74.450224 63.992627 180.978406
991 552.445824 74.460969 63.992627 180.978406
992 552.453197 74.452330 63.988904 180.984672
993 552.462340 74.441041 63.988995 180.984516
994 552.471752 74.428190 63.988681 180.985052
995 552.477356 74.435612 63.992627 180.978406
996 552.480988 74.446357 63.992627 180.978406
997 552.484748 74.456430 63.992499 180.978630
998 552.488562 74.466450 63.992508 180.978604
999 552.495220 74.461733 63.989673 180.983377
1000 552.503136 74.455450 63.989832 180.983110
1001 552.510024 74.454211 63.990781 180.981513
1002 552.518097 74.445184 63.989127 180.984283
1003 552.527044 74.434520 63.989081 180.984378
1004 552.532448 74.442279 63.992627 180.978406
1005 552.536080 74.453025 63.992627 180.978406
1006 552.539711 74.463770 63.992627 180.978406
1007 552.543343 74.474515 63.992627 180.978406
1008 552.546975 74.485261 63.992627 180.978406
1009 552.550606 74.496006 63.992627 180.978406
1010 552.554238 74.506751 63.992627 180.978406
1011 552.557869 74.517496 63.992627 180.978406
1012 552.574324 74.428712 63.976703 181.011824
1013 552.595238 74.623962 63.983643 181.493293
1014 552.612688 74.577180 63.983429 181.494072
1015 552.625097 74.558386 63.988467 181.485356
1016 552.635053 74.543604 63.988400 181.485478
1017 552.641521 74.547049 63.991910 181.479567
1018 552.646149 74.553899 63.991995 181.479411
1019 552.650664 74.561190 63.992059 181.479307
1020 552.657857 74.554461 63.989368 181.483842
1021 552.665673 74.549212 63.990085 181.482639
1022 552.674332 74.538325 63.988889 181.484655
1023 552.683443 74.527182 63.989035 181.484404
1024 552.692365 74.516770 63.989151 181.484214
1025 552.698558 74.520328 63.991809 181.479722
1026 552.703624 74.525083 63.991608 181.480077
1027 552.707766 74.534993 63.992627 181.478346
1028 552.711397 74.545768 63.992627 181.478346
1029 552.715029 74.556543 63.992627 181.478346
1030 552.718660 74.567318 63.992627 181.478346
1031 552.722292 74.578093 63.992627 181.478346
1032 552.725924 74.588868 63.992627 181.478346
1033 552.729555 74.599643 63.992627 181.478346
1034 552.733187 74.610418 63.992627 181.478346
1035 552.741945 74.594554 63.987524 181.486949
1036 552.753743 74.571853 63.987042 181.487771
1037 552.768081 74.518242 63.981937 181.502865
1038 552.791358 74.629603 63.972272 182.029541
1039 552.811435 74.832042 63.986389 182.488809
1040 552.825800 74.797999 63.985416 182.490088
1041 552.839843 74.767415 63.985980 182.489383
1042 552.871727 74.589819 63.967978 182.510652
1043 552.931421 74.449802 63.946259 183.055681
1044 552.963160 74.646062 63.987729 183.486455
1045 552.974434 74.625508 63.987457 183.486919
1046 552.985588 74.606061 63.987714 183.486490
1047 553.001256 74.557875 63.983408 183.494969
1048 553.012424 74.477607 63.979007 183.525104
1049 553.040688 73.185202 63.833551 184.407877
1050 553.127678 73.108818 63.974646 184.542651
1051 553.145720 73.015588 63.955206 185.120228
1052 553.171743 73.185882 63.988965 185.484176
1053 553.180611 73.175652 63.989240 185.483716
1054 553.189473 73.164954 63.989108 185.483937
1055 553.196866 73.162309 63.990637 185.481292
1056 553.202692 73.165241 63.991434 185.479921
1057 553.217403 73.114566 63.981979 185.497576
1058 553.236606 73.055824 63.982068 185.497683
1059 553.254975 73.004079 63.982626 185.495798
1060 553.265899 72.993956 63.990347 185.481796
1061 553.272956 72.990860 63.990353 185.481787
1062 553.310021 72.658041 63.941824 185.590859
1063 553.352466 72.750124 63.974673 186.020816
1064 553.402086 72.602558 63.934937 186.608468
1065 553.448955 72.712865 63.972052 187.012002
1066 553.483736 72.828369 63.963782 187.528253
1067 553.509267 73.022593 63.984552 187.991753
1068 553.524492 72.984637 63.984467 187.991896
1069 553.535772 72.969433 63.989078 187.983774
1070 553.544410 72.960110 63.989413 187.983191
1071 553.553633 72.947017 63.988660 187.984509
1072 553.571502 72.865530 63.977762 188.011134
1073 553.624170 72.665784 63.925888 188.610045
1074 553.679152 72.728255 63.971332 189.012644
1075 553.697359 72.950572 63.988718 189.484277
1076 553.707318 72.934650 63.988278 189.485054
1077 553.721904 72.894051 63.983707 189.493115
1078 553.738846 72.848970 63.983606 189.493295
1079 553.756952 72.795052 63.982144 189.496783
1080 553.773693 72.752519 63.984137 189.492401
1081 553.789351 72.712638 63.984229 189.492265
1082 553.812746 72.618194 63.976050 189.510048
1083 553.841851 72.752974 63.974228 190.012765
1084 553.869672 72.904518 63.976788 190.507467
1085 553.882660 73.142870 63.991196 190.979754
1086 553.888512 73.144715 63.991129 190.979863
1087 553.900675 73.111340 63.984497 190.991694
1088 553.917575 73.063689 63.982800 190.994718
1089 553.941260 72.971693 63.975760 191.002414
1090 553.958831 73.190252 63.987152 191.486915
1091 553.970372 73.168378 63.987479 191.486321
1092 553.976578 73.175163 63.992627 191.477153
1093 553.980210 73.186531 63.992627 191.477153
1094 553.983841 73.197900 63.992627 191.477153
1095 554.003827 73.100440 63.974979 191.495672
1096 554.016283 73.102549 63.992627 191.477153
1097 554.011599 72.844513 63.960568 191.471245
1098 554.023856 72.619054 63.963440 191.471391
1099 554.044800 72.618401 63.989920 191.481975
1100 554.052025 72.615077 63.990399 191.481125
1101 554.057711 72.619310 63.991693 191.478815
1102 554.062743 72.624734 63.991699 191.478815
1103 554.067641 72.630870 63.991830 191.478578
1104 554.072702 72.635874 63.991602 191.478970
1105 554.078928 72.634920 63.990558 191.480842
1106 554.085291 72.635139 63.990936 191.480157
1107 554.089768 72.645005 63.992627 191.477153
1108 554.093399 72.656374 63.992627 191.477153
1109 554.097031 72.667743 63.992627 191.477153
1110 554.100663 72.679111 63.992627 191.477153
1111 554.104294 72.690480 63.992627 191.477153
1112 554.107926 72.701849 63.992627 191.477153
1113 554.111557 72.713217 63.992627 191.477153
1114 554.115189 72.724586 63.992627 191.477153
1115 554.118821 72.735954 63.992627 191.477153
1116 554.122452 72.747323 63.992627 191.477153
1117 554.126084 72.758692 63.992627 191.477153
1118 554.129715 72.770060 63.992627 191.477153
1119 554.133347 72.781429 63.992627 191.477153
1120 554.136979 72.792798 63.992627 191.477153
1121 554.140610 72.804166 63.992627 191.477153
1122 554.144242 72.815535 63.992627 191.477153
1123 554.147873 72.826903 63.992627 191.477153
1124 554.151505 72.838272 63.992627 191.477153
1125 554.155136 72.849641 63.992627 191.477153
1126 554.158768 72.861009 63.992627 191.477153
1127 554.162400 72.872378 63.992627 191.477153
1128 554.166031 72.883747 63.992627 191.477153
1129 554.169663 72.895115 63.992627 191.477153
1130 554.173294 72.906484 63.992627 191.477153
1131 554.176926 72.917853 63.992627 191.477153
1132 554.180201 72.925459 63.992001 191.480221
1133 554.183904 72.932755 63.992209 191.479235
1134 554.187745 72.943083 63.992627 191.477153
1135 554.102048 71.418882 63.904593 191.689779
1136 554.096441 69.983914 63.895242 192.226328
1137 554.150278 70.112352 63.991119 192.479742
1138 554.155979 70.115174 63.991318 192.479384
1139 554.161632 70.117891 63.991266 192.479466
1140 554.159734 69.792221 63.966769 192.604642
1141 554.161506 69.183279 63.938068 193.200680
1142 554.192386 69.332552 63.992572 193.477191
1143 554.196045 69.343901 63.992627 193.476915
1144 554.199677 69.355388 63.992627 193.476915
1145 554.203308 69.366876 63.992627 193.476915
1146 554.206940 69.378363 63.992627 193.476915
1147 554.210572 69.389850 63.992627 193.476915
1148 554.214203 69.401338 63.992627 193.476915
1149 554.217835 69.412825 63.992627 193.476915
1150 554.222541 69.418352 63.991559 193.478834
1151 554.227558 69.424165 63.991782 193.478437
1152 554.231612 69.434891 63.992627 193.476915
1153 554.235244 69.446378 63.992627 193.476915
1154 554.238875 69.457866 63.992627 193.476915
1155 554.242507 69.469353 63.992627 193.476915
1156 554.246138 69.480840 63.992627 193.476915
1157 554.246019 69.457487 63.988016 193.505665
1158 554.246878 69.656875 63.986224 194.016216
1159 554.250190 69.865323 63.988104 194.504322
1160 554.251841 70.073821 63.987573 195.009196
1161 554.255332 70.294053 63.989319 195.497390
1162 554.260617 70.295302 63.992627 195.476676
1163 554.264249 70.306908 63.992627 195.476676
1164 554.267881 70.318514 63.992627 195.476676
1165 554.271030 70.326224 63.992273 195.479939
1166 554.273862 70.328032 63.991803 195.483481
1167 554.277906 70.336236 63.992627 195.476676
1168 554.281537 70.347842 63.992627 195.476676
1169 554.285169 70.359448 63.992627 195.476676
1170 554.288800 70.371054 63.992627 195.476676
1171 554.292432 70.382660 63.992627 195.476676
1172 554.296064 70.394266 63.992627 195.476676
1173 554.299695 70.405872 63.992627 195.476676
1174 554.303327 70.417479 63.992627 195.476676
1175 554.306958 70.429085 63.992627 195.476676
1176 554.310590 70.440691 63.992627 195.476676
1177 554.314222 70.452297 63.992627 195.476676
1178 554.317853 70.463903 63.992627 195.476676
1179 554.321485 70.475509 63.992627 195.476676
1180 554.325116 70.487115 63.992627 195.476676
1181 554.328748 70.498721 63.992627 195.476676
1182 554.332380 70.510327 63.992627 195.476676
1183 554.336011 70.521933 63.992627 195.476676
1184 554.339643 70.533540 63.992627 195.476676
1185 554.343274 70.545146 63.992627 195.476676
1186 554.346906 70.556752 63.992627 195.476676
1187 554.350537 70.568358 63.992627 195.476676
1188 554.354169 70.579964 63.992627 195.476676
1189 554.357801 70.591570 63.992627 195.476676
1190 554.361432 70.603176 63.992627 195.476676
1191 554.365064 70.614782 63.992627 195.476676
1192 554.368695 70.626388 63.992627 195.476676
1193 554.372327 70.637994 63.992627 195.476676
1194 554.375959 70.649601 63.992627 195.476676
1195 554.379590 70.661207 63.992627 195.476676
1196 554.383222 70.672813 63.992627 195.476676
1197 554.386853 70.684419 63.992627 195.476676
1198 554.390485 70.696025 63.992627 195.476676
1199 554.394117 70.707631 63.992627 195.476676
1200 554.397748 70.719237 63.992627 195.476676
1201 554.401380 70.730843 63.992627 195.476676
1202 554.405011 70.742449 63.992627 195.476676
1203 554.408643 70.754055 63.992627 195.476676
1204 554.412275 70.765661 63.992627 195.476676
1205 554.415906 70.777268 63.992627 195.476676
1206 554.419538 70.788874 63.992627 195.476676
1207 554.423169 70.800480 63.992627 195.476676
1208 554.426801 70.812086 63.992627 195.476676
1209 554.424842 70.812580 63.991412 195.476154
1210 553.846643 70.375277 63.968954 195.634677
1211 553.823815 70.511713 63.993924 195.981158
1212 552.140378 70.869777 64.045013 196.207369
1213 551.402711 70.943701 64.533745 196.649187
1214 550.831397 71.046570 65.069130 197.085220
1215 551.036881 71.241209 65.492979 197.474083
1216 551.033505 71.243205 65.491970 197.475270
1217 551.037464 71.255514 65.492454 197.476437
1218 551.041181 71.267239 65.492454 197.476437
1219 551.044897 71.278964 65.492454 197.476437
1220 551.037373 71.276873 65.493507 197.473621
1221 551.026390 71.273214 65.494447 197.472699
1222 551.015474 71.270704 65.494247 197.472840
1223 551.004846 71.268303 65.494197 197.472906
1224 550.998631 71.251526 65.492932 197.480675
1225 551.002108 71.261131 65.492454 197.476437
1226 551.005825 71.272856 65.492454 197.476437
1227 551.004416 71.335031 65.464922 197.572035
1228 551.017661 71.573986 65.476241 198.035131
1229 551.027407 71.823183 65.479877 198.524543
1230 551.040954 72.087718 65.473165 199.030906
1231 551.056664 72.340235 65.479255 199.515116
1232 551.066981 72.582620 65.492454 199.976139
1233 551.070697 72.594493 65.492454 199.976139
1234 551.074414 72.606366 65.492454 199.976139
1235 551.078131 72.618240 65.492454 199.976139
1236 551.081847 72.630113 65.492454 199.976139
1237 551.085564 72.641986 65.492454 199.976139
1238 551.089281 72.653859 65.492454 199.976139
1239 551.092997 72.665733 65.492454 199.976139
1240 551.096714 72.677606 65.492454 199.976139
1241 551.100431 72.689479 65.492454 199.976139
1242 551.104148 72.701352 65.492454 199.976139
1243 551.107864 72.713226 65.492454 199.976139
1244 551.111581 72.725099 65.492454 199.976139
1245 551.115298 72.736972 65.492454 199.976139
1246 551.119014 72.748845 65.492454 199.976139
1247 551.122731 72.760719 65.492454 199.976139
1248 551.126448 72.772592 65.492454 199.976139
1249 551.130165 72.784465 65.492454 199.976139
1250 551.137439 72.776445 65.488915 199.982567
1251 551.145149 72.772668 65.490243 199.980164
1252 551.152407 72.768892 65.490030 199.980545
1253 551.159903 72.764199 65.489899 199.980774
1254 551.166424 72.765210 65.490933 199.978905
1255 551.170902 72.775701 65.492454 199.976139
1256 551.174618 72.787574 65.492454 199.976139
1257 551.185203 72.761033 65.485642 199.988499
1258 551.198903 72.729934 65.485908 199.988022
1259 551.208707 72.720130 65.489653 199.981232
1260 551.216011 72.717231 65.490280 199.980087
1261 551.222123 72.719806 65.491152 199.978504
1262 551.257043 72.573856 65.464395 200.021315
1263 551.311897 72.607846 65.458207 200.528653
1264 551.354035 72.730836 65.473055 201.008406
1265 551.373432 72.942879 65.486504 201.486846
1266 551.386477 72.913598 65.486133 201.487528
1267 551.398074 72.893180 65.487760 201.484550
1268 551.409260 72.871975 65.487357 201.485290
1269 551.420469 72.851408 65.487535 201.484973
1270 551.429984 72.840051 65.489134 201.482033
1271 551.437994 72.834142 65.489834 201.480745
1272 551.446263 72.825447 65.489231 201.481869
1273 551.455736 72.811087 65.488328 201.483512
1274 551.480236 72.720481 65.474964 201.505765
1275 551.495803 72.950001 65.489362 201.981574
1276 551.504236 72.941250 65.489303 201.981689
1277 551.518539 72.899471 65.483862 201.991119
1278 551.535587 72.852880 65.483887 201.991042
1279 551.551486 72.812772 65.484755 201.989857
1280 551.562622 72.797626 65.488903 201.982421
1281 551.571185 72.789010 65.489396 201.981497
1282 551.582458 72.764145 65.486457 201.986900
1283 551.595417 72.735364 65.486242 201.987305
1284 551.604576 72.728448 65.490130 201.980167
1285 551.612584 72.720622 65.489343 201.981622
1286 551.624121 72.694461 65.486389 201.986823
1287 551.639197 72.654411 65.484977 201.988711
1288 551.652428 72.627402 65.486754 201.986303
1289 551.664885 72.600982 65.486707 201.986322
1290 551.671475 72.607763 65.492454 201.975900
1291 551.675192 72.619755 65.492454 201.975900
1292 551.684708 72.599132 65.486967 201.985648
1293 551.697562 72.570390 65.486548 201.986236
1294 551.707621 72.558066 65.489084 201.982084
1295 551.716208 72.548973 65.489287 201.981718
1296 551.724575 72.540728 65.489400 201.981497
1297 551.731247 72.541860 65.491033 201.978511
1298 551.736695 72.546777 65.491439 201.977759
1299 551.741375 72.555258 65.491998 201.976729
1300 551.753116 72.522952 65.484996 201.989270
1301 551.770297 72.472085 65.482319 201.994433
1302 551.781939 72.458667 65.489609 201.981121
1303 551.790071 72.451144 65.489475 201.981362
1304 551.799469 72.436720 65.488281 201.983558
1305 551.814982 72.388767 65.482232 201.994722
1306 551.830060 72.356037 65.486236 201.987305
1307 551.836885 72.362327 65.492454 201.975900
1308 551.840602 72.374319 65.492454 201.975900
1309 551.844319 72.386311 65.492454 201.975900
1310 551.848036 72.398303 65.492454 201.975900
1311 551.851752 72.410295 65.492454 201.975900
1312 551.863758 72.375080 65.484040 201.991360
1313 551.879662 72.334061 65.484430 201.990628
1314 551.891666 72.314532 65.488197 201.983702
1315 551.899667 72.310458 65.490312 201.979821
1316 551.907078 72.305675 65.489843 201.980678
1317 551.912100 72.315279 65.492454 201.975900
1318 551.915817 72.327271 65.492454 201.975900
1319 551.922139 72.324535 65.489862 201.980668
1320 551.928248 72.327959 65.491364 201.977904
1321 551.934496 72.327728 65.490480 201.979532
1322 551.942292 72.320432 65.489375 201.981545
1323 551.950515 72.312832 65.489500 201.981323
1324 551.958230 72.307876 65.489946 201.980505
1325 551.964200 72.311922 65.491461 201.977731
1326 551.970790 72.309562 65.490090 201.980245
1327 551.983082 72.277617 65.485099 201.989405
1328 551.998500 72.237557 65.484524 201.990397
1329 552.007931 72.232428 65.490711 201.979089
1330 552.014033 72.234263 65.490946 201.978665
1331 552.020338 72.234518 65.490627 201.979243
1332 552.031333 72.208873 65.486120 201.987517
1333 552.044582 72.179100 65.486120 201.987526
1334 552.054255 72.169511 65.489678 201.980996
1335 552.059360 72.178955 65.492454 201.975900
1336 552.063548 72.188289 65.491983 201.976767
1337 552.067501 72.199847 65.492454 201.975900
1338 552.071727 72.208969 65.491945 201.976825
1339 552.075698 72.220499 65.492454 201.975900
1340 552.085830 72.196255 65.486070 201.987613
1341 552.098542 72.169603 65.486682 201.986496
1342 552.107702 72.161849 65.489909 201.980562
1343 552.115340 72.156551 65.489818 201.980726
1344 552.122936 72.151663 65.489906 201.980582
1345 552.132949 72.132938 65.487457 201.985070
1346 552.144315 72.111246 65.487329 201.985311
1347 552.153674 72.101138 65.489387 201.981526
1348 552.162069 72.092546 65.489328 201.981651
1349 552.169517 72.089420 65.490299 201.979859
1350 552.175576 72.092295 65.491195 201.978203
1351 552.182995 72.085779 65.489393 201.981506
1352 552.191853 72.074577 65.488862 201.982479
1353 552.200264 72.066905 65.489568 201.981198
1354 552.214372 72.025092 65.483281 201.992766
1355 552.235128 71.955919 65.479158 202.000164
1356 552.255655 72.146666 65.481648 202.495771
1357 552.276350 72.081391 65.480380 202.497789
1358 552.298294 72.011545 65.479820 202.498687
1359 552.313681 71.981824 65.487126 202.485632
1360 552.322361 71.975924 65.490168 202.480060
1361 552.330731 71.965964 65.488962 202.482252
1362 552.343134 71.935480 65.485552 202.488548
1363 552.357376 71.901086 65.485417 202.488789
1364 552.364777 71.905687 65.492289 202.476150
1365 552.369085 71.914676 65.491945 202.476768
1366 552.374490 71.918124 65.491027 202.478467
1367 552.386291 71.887080 65.485121 202.489340
1368 552.401030 71.850696 65.485136 202.489301
1369 552.422913 71.727843 65.473374 202.508526
1370 552.441933 71.940795 65.486723 202.986361
1371 552.452491 71.924983 65.488497 202.983080
1372 552.464011 71.900309 65.486660 202.986477
1373 552.476372 71.874382 65.486739 202.986322
1374 552.501820 71.744281 65.470982 203.019350
1375 552.522101 71.951371 65.486657 203.486444
1376 552.534076 71.927592 65.487120 203.485571
1377 552.546503 71.900359 65.486442 203.486842
1378 552.559104 71.873421 65.486607 203.486531
1379 552.567674 71.869103 65.490536 203.479283
1380 552.574424 71.867594 65.490393 203.479535
1381 552.579680 71.874877 65.491945 203.476653
1382 552.586647 71.869443 65.489471 203.481223
1383 552.595003 71.860850 65.489325 203.481515
1384 552.606697 71.833549 65.486073 203.487502
1385 552.622168 71.790999 65.483934 203.491471
1386 552.637060 71.755847 65.485577 203.488433
1387 552.647123 71.745028 65.489559 203.481068
1388 552.654883 71.739666 65.489871 203.480496
1389 552.672400 71.676020 65.480158 203.498176
1390 552.687246 71.648520 65.487497 203.484882
1391 552.696811 71.636837 65.489103 203.481922
1392 552.711986 71.432182 65.465238 203.569459
1393 552.740114 71.423993 65.463892 204.070038
1394 552.771698 71.405606 65.460828 204.567148
1395 552.797468 71.550322 65.480579 205.002405
1396 552.812979 71.744117 65.483200 205.496129
1397 552.826804 71.424802 65.456077 205.610670
1398 552.852997 71.372236 65.464117 206.078986
1399 552.857987 71.255833 65.445308 206.608373
1400 552.867786 70.920948 65.415440 207.188843
1401 552.883449 70.548405 65.420612 207.683837
1402 552.912971 69.914388 65.396441 208.226681
1403 552.944798 68.815956 65.347652 208.831458
1404 553.004138 67.069352 65.303314 209.444180
1405 553.090678 66.336553 65.392575 209.774408
1406 553.145765 66.208252 65.456174 210.092956
1407 553.180570 65.840856 65.433805 210.605062
1408 553.226161 65.925206 65.473827 211.000091
1409 553.254686 65.930224 65.460312 211.523085
1410 553.291317 65.800787 65.410527 212.122086
1411 553.349368 65.850499 65.455290 212.537471
1412 553.387071 65.031040 65.374994 213.189137
1413 553.473255 64.389279 65.389661 213.670686
1414 553.546743 64.228990 65.428998 214.067491
1415 553.642164 62.685981 65.279249 214.843441
1416 553.761984 62.655097 65.447766 215.000062
1417 553.788044 62.905004 65.492454 215.474290
1418 553.791761 62.917798 65.492454 215.474290
1419 553.795581 62.910800 65.475554 215.473961
1420 553.807585 62.920326 65.489037 215.473201
1421 553.813010 62.933664 65.492454 215.474290
1422 553.816499 62.941679 65.487704 215.472759
1423 553.822379 62.950809 65.488050 215.472882
1424 553.832486 62.818256 65.426400 215.495242
1425 553.870991 62.757305 65.459210 215.474485
1426 553.892251 62.734590 65.467546 215.477393
1427 553.908422 62.745832 65.492454 215.474290
1428 553.913660 62.734559 65.478259 215.476694
1429 553.925052 62.713216 65.477678 215.480507
1430 553.936934 62.712872 65.487360 215.474865
1431 553.945075 62.710313 65.487554 215.477290
1432 553.951242 62.721606 65.492454 215.474290
1433 553.954959 62.734400 65.492454 215.474290
1434 553.958879 62.745970 65.492251 215.474691
1435 553.962475 62.753919 65.487841 215.472810
1436 553.968180 62.762982 65.488119 215.472553
1437 553.974064 62.776644 65.492454 215.474290
1438 553.977781 62.789437 65.492454 215.474290
1439 553.981497 62.802231 65.492454 215.474290
1440 553.985214 62.815024 65.492454 215.474290
1441 553.988931 62.827817 65.492454 215.474290
1442 553.992648 62.840611 65.492454 215.474290
1443 553.996364 62.853404 65.492454 215.474290
1444 554.000081 62.866198 65.492454 215.474290
1445 554.003698 62.876874 65.490349 215.473612
1446 554.008251 62.885506 65.487985 215.472851
1447 554.014203 62.899019 65.492454 215.474290
1448 554.017920 62.911812 65.492454 215.474290
1449 554.022548 62.914361 65.487707 215.475225
1450 554.030847 62.723040 65.426275 215.527683
1451 554.069799 62.936148 65.482563 215.976908
1452 554.078461 62.947632 65.492454 215.974230
1453 554.082178 62.960455 65.492454 215.974230
1454 554.085895 62.973278 65.492454 215.974230
1455 554.091951 62.956314 65.476641 215.977938
1456 554.105314 62.943316 65.479508 215.976362
1457 554.115503 62.955073 65.492454 215.974230
1458 554.119220 62.967896 65.492454 215.974230
1459 554.122937 62.980720 65.492454 215.974230
1460 554.126654 62.993543 65.492454 215.974230
1461 554.130370 63.006366 65.492454 215.974230
1462 554.134471 63.006314 65.484193 215.973221
1463 554.142228 63.010733 65.485355 215.972448
1464 554.150553 63.007978 65.483831 215.974591
1465 554.158478 62.983758 65.478696 215.965795
1466 554.169755 62.930627 65.467555 215.962396
1467 554.185921 62.949367 65.492454 215.974230
1468 554.189603 62.961449 65.491714 215.973983
1469 554.193690 62.974396 65.492454 215.974230
1470 554.197407 62.987219 65.492454 215.974230
1471 554.199812 62.985457 65.483403 215.967762
1472 554.216546 62.798539 65.404006 215.996694
1473 554.270537 62.710265 65.448756 215.987321
1474 554.296103 62.716543 65.492454 215.974230
1475 554.299819 62.729366 65.492454 215.974230
1476 554.303536 62.742189 65.492454 215.974230
1477 554.305472 62.747730 65.487057 215.968637
1478 554.311519 62.760579 65.489943 215.972613
1479 554.315885 62.770256 65.488956 215.971696
1480 554.321167 62.780483 65.488622 215.972984
1481 554.326644 62.790654 65.489212 215.973180
1482 554.331594 62.800326 65.489019 215.972407
1483 554.336248 62.809158 65.488150 215.970996
1484 554.342116 62.823598 65.492454 215.974230
1485 554.345833 62.836421 65.492454 215.974230
1486 554.349525 62.848729 65.491948 215.974065
1487 554.353495 62.861635 65.492454 215.974230
1488 554.357211 62.874458 65.492454 215.974230
1489 554.360928 62.887281 65.492454 215.974230
1490 554.364645 62.900104 65.492454 215.974230
1491 554.368361 62.912927 65.492454 215.974230
1492 554.372078 62.925750 65.492454 215.974230
1493 554.375795 62.938573 65.492454 215.974230
1494 554.379511 62.951396 65.492454 215.974230
1495 554.383228 62.964219 65.492454 215.974230
1496 554.386945 62.977043 65.492454 215.974230
1497 554.389103 62.977702 65.482382 215.968019
1498 554.397313 62.989037 65.488231 215.971779
1499 554.401117 62.961578 65.464076 215.965043
1500 554.419023 62.978994 65.492454 215.974230
1501 554.431331 62.919184 65.464991 215.998476
1502 554.448780 62.919884 65.492454 215.974230
1503 554.452496 62.932708 65.492454 215.974230
1504 554.456575 62.939464 65.487438 215.975600
1505 554.463159 62.945526 65.487435 215.975590
1506 554.469701 62.951973 65.487710 215.975394
1507 554.475752 62.963432 65.491680 215.973983
1508 554.479784 62.974854 65.490946 215.973736
1509 554.484184 62.986431 65.490971 215.973746
1510 554.488642 62.999496 65.492454 215.974230
1511 554.492359 63.012319 65.492454 215.974230
1512 554.496076 63.025142 65.492454 215.974230
1513 554.499792 63.037965 65.492454 215.974230
1514 554.503871 63.035627 65.479617 215.975219
1515 554.514781 63.027593 65.475757 215.977063
1516 554.527533 63.020193 65.476938 215.976682
1517 554.537734 63.005979 65.481810 215.964693
1518 554.545105 62.995258 65.480267 215.963014
1519 554.553266 62.981440 65.479155 215.962046
1520 554.563632 63.000356 65.492454 215.974230
1521 554.567349 63.013179 65.492454 215.974230
1522 554.570919 63.022892 65.489371 215.973241
1523 554.575989 63.032275 65.488550 215.972974
1524 554.579734 63.031657 65.480711 215.966423
1525 554.588792 63.041997 65.486357 215.971511
1526 554.593967 63.038784 65.478234 215.967999
1527 554.604710 63.052931 65.490677 215.973653
1528 554.609259 63.064847 65.491274 215.973859
1529 554.613497 63.076424 65.491030 215.973767
1530 554.617654 63.083752 65.486779 215.972397
1531 554.623896 63.090952 65.485970 215.972139
1532 554.630855 63.104820 65.492454 215.974230
1533 554.634571 63.117643 65.492454 215.974230
1534 554.638288 63.130467 65.492454 215.974230
1535 554.642005 63.143290 65.492454 215.974230
1536 554.645721 63.156113 65.492454 215.974230
1537 554.649438 63.168936 65.492454 215.974230
1538 554.653089 63.180369 65.491077 215.973787
1539 554.657495 63.193413 65.492454 215.974230
1540 554.661211 63.206236 65.492454 215.974230
1541 554.664928 63.219059 65.492454 215.974230
1542 554.668610 63.231161 65.491739 215.974004
1543 554.672644 63.243264 65.491626 215.973952
1544 554.676775 63.256226 65.492454 215.974230
1545 554.681488 63.252477 65.479171 215.978257
1546 554.693211 63.247044 65.479770 215.979988
1547 554.707155 63.157380 65.445349 215.980544
1548 554.738616 63.057921 65.443256 215.980564
1549 554.731516 62.821301 65.424338 216.011258
1550 554.710854 62.602858 65.400505 216.548386
1551 554.687305 62.203032 65.368447 217.058163
1552 554.571347 60.940920 65.279162 217.701233
1553 554.682784 61.074327 65.479749 217.978347
1554 554.693397 61.073428 65.482678 217.975883
1555 554.712293 61.003136 65.468652 218.001393
1556 554.738989 61.107461 65.456458 218.516181
1557 554.566257 58.865128 65.214385 219.449915
1558 554.709008 58.890108 65.492454 219.473813
1559 554.712725 58.903138 65.492454 219.473813
1560 554.716442 58.916169 65.492454 219.473813
1561 554.720159 58.929200 65.492454 219.473813
1562 554.723875 58.942231 65.492454 219.473813
1563 554.727592 58.955262 65.492454 219.473813
1564 554.731309 58.968293 65.492454 219.473813
1565 554.735019 58.981198 65.492335 219.473771
1566 554.738795 58.994250 65.492454 219.473813
1567 554.742512 59.007281 65.492454 219.473813
1568 554.746229 59.020312 65.492454 219.473813
1569 554.741456 58.910476 65.436716 219.504511
1570 554.756070 58.889057 65.398356 220.042990
1571 554.795317 58.943540 65.423923 220.519315
1572 554.794015 58.870743 65.385363 221.035397
1573 554.770493 58.443124 65.328054 221.601828
1574 554.812641 58.337953 65.394608 222.047763
1575 554.790725 57.743619 65.334026 222.618860
1576 554.765021 56.788582 65.320043 223.107313
1577 554.842904 56.938843 65.460619 223.450763
1578 554.850542 56.918008 65.460619 223.451200
1579 554.852033 56.894706 65.458826 223.448056
1580 554.843617 56.734878 65.418095 223.475382
1581 554.870771 56.709471 65.466987 223.446724
1582 554.886503 56.731260 65.488369 223.470234
1583 554.891413 56.740729 65.487938 223.469733
1584 554.872801 56.627271 65.458679 223.485847
1585 554.880585 56.589246 65.470763 223.452106
1586 554.883969 56.575999 65.472000 223.451275
1587 554.891135 56.568795 65.469442 223.457776
1588 554.900361 56.562080 65.472278 223.459939
1589 554.907538 56.553027 65.472690 223.453545
1590 554.921003 56.573239 65.489628 223.472408
1591 554.925939 56.582761 65.488419 223.471982
1592 554.925718 56.543803 65.455190 223.465641
1593 554.942213 56.508900 65.455774 223.464820
1594 554.952264 56.425800 65.431000 223.472632
1595 554.978081 56.388489 65.458242 223.458000
1596 554.996427 56.381833 65.468221 223.465055
1597 555.005505 56.383011 65.485349 223.461943
1598 555.005819 56.385212 65.484737 223.461857
1599 555.012457 56.402013 65.491655 223.471620
1600 555.016558 56.415820 65.492151 223.473229
1601 555.020323 56.426882 65.490290 223.472611
1602 555.025122 56.440512 65.492454 223.473335
1603 555.028839 56.453781 65.492454 223.473335
1604 555.032556 56.467049 65.492454 223.473335
1605 555.030791 56.470012 65.485011 223.464607
1606 555.033504 56.477563 65.486448 223.464234
1607 555.033321 56.462578 65.469792 223.453321
1608 555.040982 56.451292 65.468833 223.452351
1609 555.049489 56.441791 65.469548 223.453161
1610 555.061188 56.448756 65.478296 223.464319
1611 555.069738 56.453115 65.481451 223.465332
1612 555.071664 56.437880 65.465816 223.454024
1613 555.081697 56.429397 65.465688 223.454568
1614 555.091608 56.431150 65.473258 223.461175
1615 555.090280 56.389176 65.443756 223.448717
1616 555.101971 56.351162 65.443216 223.445381
1617 555.107010 56.143403 65.403050 223.493105
1618 555.125314 55.830147 65.386906 223.515442
1619 555.133850 55.504135 65.352675 224.048845
1620 555.185784 55.412588 65.366839 224.529396
1621 555.222784 55.242136 65.355220 225.026125
1622 555.280516 55.440568 65.468008 225.450333
1623 555.282276 55.428208 65.469005 225.450850
1624 555.278328 55.368020 65.441670 225.445086
1625 555.293645 55.340122 65.451720 225.443613
1626 555.300872 55.292198 65.440836 225.443774
1627 555.312108 55.261117 65.459135 225.436269
1628 555.313167 55.228144 65.457420 225.433850
1629 555.316785 55.192542 65.446148 225.440032
1630 555.318509 55.030160 65.409103 225.512344
1631 555.289805 54.632440 65.329544 226.119059
1632 555.347842 54.604495 65.415846 226.507506
1633 555.349213 54.485923 65.389195 227.019484
1634 555.349061 54.389783 65.393880 227.498980
1635 555.372987 54.293073 65.452482 227.445000
1636 555.362852 54.165413 65.445374 227.466707
1637 555.371953 54.142193 65.463286 227.443449
1638 555.370874 54.124451 65.459238 227.440813
1639 555.377488 54.116337 65.461958 227.447365
1640 555.374861 54.014625 65.433839 227.488306
1641 555.395870 53.983850 65.466615 227.455263
1642 555.394560 53.911482 65.408507 227.454970
1643 555.423166 53.840032 65.409999 227.456868
1644 555.450401 53.769064 65.442981 227.462986
1645 555.435359 53.398842 65.366142 227.495270
1646 555.467632 53.217093 65.400061 227.460687
1647 555.493762 53.160412 65.449874 227.448917
1648 555.494207 53.107978 65.448253 227.448927
1649 555.504666 53.061538 65.442622 227.457920
1650 555.519647 53.050044 65.464710 227.448960
1651 555.525049 53.046166 65.467487 227.450446
1652 555.530393 53.040178 65.475645 227.453223
1653 555.530390 53.029276 65.473527 227.450999
1654 555.483119 52.831369 65.412926 227.492168
1655 555.478195 52.629151 65.441145 227.496832
1656 555.438632 52.360597 65.423370 227.520807
1657 555.473946 52.594932 65.482838 227.970211
1658 555.479135 52.603564 65.481092 227.970124
1659 555.474553 52.579700 65.470641 227.950761
1660 555.480844 52.586424 65.487657 227.958187
1661 555.476824 52.584630 65.485686 227.954534
1662 555.435045 52.482533 65.424085 227.955208
1663 555.423976 52.382663 65.425338 227.954512
1664 555.424612 52.283947 65.431210 227.971972
1665 555.430464 52.207050 65.445046 227.968232
1666 555.418297 52.100571 65.437606 227.983747
1667 555.394461 51.765939 65.417995 228.094444
1668 555.274640 50.817507 65.335728 228.794305
1669 555.099118 49.478415 65.291121 229.282347
1670 554.889152 45.612615 65.188693 229.802345
1671 554.472164 36.939032 64.993691 229.933703
1672 554.484251 36.756608 64.965255 230.057710
1673 554.457382 36.692579 64.931899 230.475160
1674 554.496711 35.337904 64.885125 230.781218
1675 554.540737 35.361213 64.953202 230.993688
1676 554.546088 35.187403 64.941876 231.028176
1677 554.548671 35.312982 64.951367 231.438194
1678 554.548502 35.242240 64.954668 231.442355
1679 554.561824 35.239138 64.979255 231.474412
1680 554.549917 35.101363 64.949163 231.422839
1681 554.547590 34.976923 64.946175 231.408422
1682 554.514828 34.543717 64.895639 231.442091
1683 554.542632 34.447812 64.945608 231.445965
1684 554.545730 34.333611 64.943500 231.441263
1685 554.536216 34.120810 64.940069 231.412286
1686 554.526946 33.914573 64.938727 231.408864
1687 554.543951 33.587229 64.933095 231.462490
1688 554.560136 33.286146 64.913113 231.399834
1689 554.565187 31.630462 64.826434 231.417573
1690 554.456887 22.617369 64.446300 230.883319
1691 554.488338 22.638887 64.491807 230.964190
1692 554.500096 22.591121 64.487122 230.968453
1693 554.514649 22.535055 64.486566 230.967043
1694 554.529670 22.475497 64.486191 230.965644
1695 554.537700 22.483499 64.492237 230.970998
1696 554.542726 22.488836 64.492139 230.971405
1697 554.547644 22.493738 64.493077 230.967429
1698 554.552117 22.500418 64.493089 230.967308
1699 554.556600 22.507016 64.493098 230.967231
1700 554.568979 22.404924 64.483136 230.944683
1701 554.588428 22.231847 64.475248 230.910096
1702 554.601591 22.271203 64.491733 230.974225
1703 554.606318 22.279773 64.491927 230.973806
1704 554.612373 22.278208 64.491130 230.973906
1705 554.616860 22.290231 64.492622 230.971923
1706 554.620617 22.303113 64.492625 230.971857
1707 554.625221 22.308813 64.492803 230.968894
1708 554.630087 22.313429 64.492619 230.968839
1709 554.638588 22.293332 64.490023 230.972011
1710 554.653455 22.228448 64.486375 230.969323
1711 554.673022 22.121929 64.482860 230.958353
1712 554.681537 22.142686 64.492569 230.972441
1713 554.685197 22.156400 64.492569 230.972441
1714 554.694076 22.131517 64.490087 230.970832
1715 554.703944 22.080936 64.488802 230.952592
1716 554.714836 22.018614 64.486993 230.943581
1717 554.727303 22.001882 64.489946 230.969445
1718 554.737802 21.975623 64.490315 230.968971
1719 554.747270 21.957101 64.489943 230.972859
1720 554.752775 21.965858 64.492825 230.969874
1721 554.756594 21.978299 64.492708 230.971053
1722 554.769943 21.886104 64.484797 230.957196
1723 554.786587 21.816820 64.486480 230.959410
1724 554.799926 21.767710 64.488224 230.956480
1725 554.809277 21.716529 64.488553 230.941445
1726 554.817323 21.709799 64.492437 230.953594
1727 554.824100 21.709617 64.491597 230.969257
1728 554.831611 21.699192 64.491499 230.968916
1729 554.838066 21.696879 64.492166 230.968574
1730 554.846378 21.663189 64.490173 230.958485
1731 554.855668 21.631230 64.489897 230.956667
1732 554.860664 21.652830 64.492569 230.972441
1733 554.864324 21.666543 64.492569 230.972441
1734 554.867984 21.680257 64.492569 230.972441
1735 554.871051 21.695094 64.492117 230.974732
1736 554.874872 21.707783 64.492523 230.972694
1737 554.881425 21.699550 64.491582 230.969786
1738 554.887983 21.696074 64.491880 230.969566
1739 554.893968 21.695661 64.492200 230.969125
1740 554.898745 21.702716 64.493021 230.967958
1741 554.903258 21.709012 64.493095 230.967253
1742 554.910245 21.696548 64.492265 230.964774
1743 554.917520 21.686238 64.492329 230.964785
1744 554.921672 21.700453 64.492751 230.970656
1745 554.925241 21.715059 64.492569 230.972441
1746 554.928901 21.728772 64.492569 230.972441
1747 554.932561 21.742486 64.492569 230.972441
1748 554.936221 21.756200 64.492569 230.972441
1749 554.944867 21.733619 64.489841 230.972584
1750 554.958742 21.678429 64.487605 230.969235
1751 554.970067 21.653970 64.491016 230.966570
1752 554.979163 21.637167 64.489731 230.973928
1753 554.989735 21.610582 64.489291 230.973862
1754 554.998953 21.593977 64.491099 230.969378
1755 555.003938 21.603957 64.492852 230.969599
1756 555.008536 21.610973 64.492136 230.971747
1757 555.025106 21.492876 64.483395 230.947172
1758 555.045723 21.389435 64.483656 230.947382
1759 555.056860 21.393263 64.491185 230.971240
1760 555.065478 21.376250 64.490401 230.971758
1761 555.074755 21.357018 64.490275 230.971692
1762 555.088380 21.309929 64.485868 230.981429
1763 555.105276 21.249094 64.485268 230.981429
1764 555.119399 21.209991 64.488057 230.976285
1765 555.131143 21.180124 64.488906 230.974798
1766 555.141233 21.159603 64.489786 230.973795
1767 555.148917 21.154354 64.489912 230.977067
1768 555.156769 21.146589 64.489884 230.977596
1769 555.161772 21.157725 64.492569 230.972441
1770 555.165432 21.171438 64.492569 230.972441
1771 555.169092 21.185152 64.492569 230.972441
1772 555.173957 21.177089 64.489383 230.983973
1773 555.179749 21.181501 64.492031 230.973575
1774 555.185901 21.178664 64.491219 230.973113
1775 555.192654 21.174638 64.491130 230.973035
1776 555.199525 21.170078 64.491105 230.972969
1777 555.206500 21.162665 64.490995 230.973212
1778 555.213989 21.145878 64.489854 230.977243
1779 555.221969 21.135414 64.491084 230.971879
1780 555.231388 21.030623 64.479852 230.987201
1781 555.245716 20.919020 64.480067 230.991397
1782 555.247369 18.836982 64.225561 230.882228
1783 555.383625 18.614723 64.375860 231.197916
1784 555.428531 18.165332 64.413296 231.567149
1785 555.448056 17.560048 64.390690 232.105006
1786 555.479644 16.733122 64.386529 232.682162
1787 555.494001 16.858122 64.418678 233.164110
1788 555.499366 16.906942 64.419831 233.620549
1789 555.498542 16.653483 64.398434 234.079032
1790 555.503809 15.468945 64.354306 234.790079
1791 555.562721 15.340917 64.451046 235.070304
1792 555.579983 15.449926 64.462791 235.559617
1793 555.589160 15.544001 64.458624 236.041086
1794 555.591438 15.529160 64.438408 236.550578
1795 555.522643 13.287973 64.256028 237.144958
1796 555.637152 13.425369 64.474857 237.493443
1797 555.646780 13.417323 64.486741 237.484666
1798 555.650448 13.413076 64.486723 237.485096
1799 555.654204 13.408241 64.486901 237.485198
1800 555.657377 13.380829 64.469416 237.495493
1801 555.669507 13.348009 64.469447 237.495368
1802 555.684153 13.345218 64.491551 237.475912
1803 555.687827 13.353060 64.491631 237.475368
1804 555.691538 13.361537 64.491782 237.474983
1805 555.689511 13.380059 64.484004 237.473919
1806 555.693680 13.397153 64.485874 237.474949
1807 555.698981 13.411253 64.488888 237.473783
1808 555.702747 13.425958 64.488829 237.473806
1809 555.706579 13.440618 64.488909 237.473772
1810 555.712069 13.453665 64.492569 237.471665
1811 555.715729 13.467764 64.492569 237.471665
1812 555.710528 13.498726 64.479686 237.493556
1813 555.711960 13.518188 64.480153 237.491552
1814 555.718814 13.525504 64.486443 237.476138
1815 555.719066 13.507492 64.479596 237.504054
1816 555.719610 13.703590 64.468807 238.000783
1817 555.732912 13.939312 64.487482 238.484135
1818 555.736726 13.930186 64.486784 238.485921
1819 555.740237 13.914378 64.486741 238.492596
1820 555.740195 13.863673 64.471400 238.508484
1821 555.741169 13.996527 64.449668 238.981139
1822 555.759608 13.973877 64.468970 238.986951
1823 555.767311 13.943237 64.465110 238.986427
1824 555.778820 13.900176 64.473857 238.984045
1825 555.784408 13.868209 64.468767 238.977424
1826 555.793532 13.850824 64.473491 238.973879
1827 555.793620 13.806378 64.464449 238.966654
1828 555.797746 13.756678 64.459833 238.965834
1829 555.802627 13.618736 64.416113 238.989230
1830 555.838613 13.605579 64.472790 238.977127
1831 555.843760 13.604730 64.468715 238.972854
1832 555.847555 13.645096 64.477893 238.978153
1833 555.846986 13.682060 64.478000 238.979293
1834 555.857445 13.692813 64.491524 238.972090
1835 555.859874 13.708397 64.488793 238.973663
1836 555.863731 13.723139 64.488922 238.973583
1837 555.865048 13.733475 64.487547 238.964147
1838 555.866821 13.747538 64.486658 238.963475
1839 555.873190 13.765972 64.492040 238.971794
1840 555.872655 13.761089 64.476539 238.980808
1841 555.878480 13.738581 64.470284 238.985994
1842 555.885154 13.676419 64.452042 239.001379
1843 555.894776 13.771294 64.419542 239.500171
1844 555.908069 13.686571 64.384487 239.959339
1845 555.945576 13.448872 64.412222 239.970646
1846 555.970193 13.228247 64.412893 239.986782
1847 555.998270 13.164051 64.462951 239.937847
1848 556.002161 13.130354 64.464827 239.937859
1849 556.004059 13.047133 64.450966 239.947552
1850 556.017387 12.963940 64.447770 239.970165
1851 556.043206 12.979017 64.492046 239.971664
1852 556.047128 12.993116 64.492569 239.971367
1853 556.035517 12.944742 64.468644 239.947380
1854 556.051140 12.970984 64.492569 239.971367
1855 556.054800 12.985231 64.492569 239.971367
1856 556.058460 12.999479 64.492569 239.971367
1857 556.059678 13.012446 64.488540 239.968643
1858 556.062953 13.027174 64.487876 239.969982
1859 556.068960 13.042114 64.492569 239.971367
1860 556.072620 13.056362 64.492569 239.971367
1861 556.076280 13.070610 64.492569 239.971367
1862 556.063916 13.006226 64.455207 239.986416
1863 556.070052 12.934958 64.453629 239.986759
1864 556.090687 12.943935 64.487184 239.974480
1865 556.094309 12.955391 64.484376 239.973061
1866 556.099531 12.969376 64.486074 239.973644
1867 556.106439 12.982485 64.492569 239.971367
1868 556.110099 12.996733 64.492569 239.971367
1869 556.107549 12.992762 64.479446 239.966011
1870 556.106884 12.939604 64.472732 239.970268
1871 556.120462 12.954401 64.492569 239.971367
1872 556.123922 12.968844 64.492142 239.971607
1873 556.127565 12.983200 64.492074 239.971642
1874 556.131473 12.997311 64.492569 239.971367
1875 556.107216 12.861103 64.430974 239.938740
1876 556.140351 12.892328 64.489248 239.972809
1877 556.144324 12.907160 64.489666 239.973061
1878 556.148732 12.921248 64.491047 239.972237
1879 556.153064 12.935152 64.492376 239.971481
1880 556.154397 12.951700 64.487341 239.974388
1881 556.159004 12.966063 64.488971 239.973450
1882 556.161551 12.982096 64.486286 239.975018
1883 556.165597 12.997196 64.486627 239.974823
1884 556.126918 12.941864 64.406317 239.971264
1885 556.160417 12.985632 64.474799 239.984905
1886 556.160282 13.020680 64.475509 239.985249
1887 556.164894 13.018328 64.485440 239.956558
1888 556.163205 13.027826 64.484425 239.955551
1889 556.144561 12.880072 64.440807 239.862293
1890 556.173595 12.949349 64.491478 239.971996
1891 556.177736 12.963339 64.492431 239.971447
1892 556.181422 12.977593 64.492483 239.971413
1893 556.185125 12.991818 64.492569 239.971367
1894 556.175692 12.937424 64.461749 239.965004
1895 556.194763 12.954853 64.492569 239.971367
1896 556.198423 12.969101 64.492569 239.971367
1897 556.202083 12.983349 64.492569 239.971367
1898 556.205743 12.997597 64.492569 239.971367
1899 556.201981 12.976757 64.475429 239.983131
1900 556.212701 12.986588 64.489312 239.973267
1901 556.216556 13.001282 64.489475 239.973152
1902 556.206262 12.930111 64.454364 239.963333
1903 556.228400 12.948982 64.491225 239.972134
1904 556.232068 12.963488 64.491142 239.972191
1905 556.236442 12.977324 64.492569 239.971367
1906 556.240102 12.991571 64.492569 239.971367
1907 556.230054 12.914175 64.459707 239.957588
1908 556.178622 12.794779 64.362585 239.897278
1909 556.247274 12.846071 64.492569 239.971367
1910 556.192762 12.674009 64.364138 239.934792
1911 556.186691 12.455416 64.329541 239.921906
1912 556.215381 12.310213 64.362684 239.933281
1913 556.225788 12.156084 64.360718 239.931759
1914 556.234971 12.111069 64.394043 239.903858
1915 556.251489 12.121615 64.427739 239.924641
1916 556.244506 12.111584 64.417771 239.918896
1917 556.219089 11.995352 64.389432 239.912567
1918 556.208214 11.871653 64.389238 239.913425
1919 556.233672 11.869335 64.418900 239.916607
1920 556.241184 11.878531 64.426499 239.909111
1921 556.249061 11.888258 64.431937 239.915142
1922 556.252656 11.896401 64.423534 239.914490
1923 556.257568 11.907261 64.419475 239.911617
1924 556.253917 11.939390 64.415993 239.912384
1925 556.261434 11.913767 64.404204 239.941463
1926 556.281024 11.877735 64.405468 239.945343
1927 556.264271 11.833904 64.372624 239.927307
1928 556.266712 11.803600 64.378089 239.923256
1929 556.221242 11.844044 64.359362 239.960529
1930 556.224002 11.843763 64.385274 239.943890
1931 556.207090 11.873398 64.390447 239.928062
1932 556.162435 11.811657 64.366965 239.901810
1933 556.228897 11.860684 64.492569 239.971367
1934 556.232557 11.874931 64.492569 239.971367
1935 556.236023 11.889362 64.492154 239.971619
1936 556.236665 11.913338 64.488562 239.969296
1937 556.242328 11.928621 64.492569 239.971367
1938 556.245988 11.942869 64.492569 239.971367
1939 556.249187 11.957563 64.491573 239.971951
1940 556.065903 11.987644 64.313443 239.946041
1941 556.154561 12.021685 64.485938 239.976711
1942 556.158086 12.034565 64.486664 239.971504
1943 556.161648 12.050278 64.487064 239.972260
1944 556.168060 12.064079 64.492569 239.971367
1945 556.171720 12.078327 64.492569 239.971367
1946 556.175380 12.092575 64.492569 239.971367
1947 556.179040 12.106823 64.492569 239.971367
1948 556.182479 12.121002 64.492305 239.971069
1949 556.186271 12.135399 64.492569 239.971367
1950 556.189931 12.149647 64.492569 239.971367
1951 556.193591 12.163895 64.492569 239.971367
1952 556.197251 12.178143 64.492569 239.971367
1953 556.200806 12.192494 64.492342 239.971493
1954 556.204580 12.206678 64.492569 239.971367
1955 556.207003 12.222128 64.489900 239.972912
1956 556.211189 12.236393 64.490825 239.972385
1957 556.215721 12.250132 64.492569 239.971367
1958 556.219381 12.264380 64.492569 239.971367
1959 556.221940 12.279692 64.490195 239.972752
1960 556.224139 12.295822 64.486852 239.974674
1961 556.228284 12.310717 64.487452 239.974331
1962 556.233820 12.324146 64.491093 239.972214
1963 556.237636 12.338532 64.491318 239.972088
1964 556.241922 12.352419 64.492569 239.971367
1965 556.245582 12.366667 64.492569 239.971367
1966 556.248999 12.381155 64.492043 239.971676
1967 556.210845 12.338852 64.395070 239.945755
1968 556.220516 12.308319 64.395762 239.944061
1969 556.234433 12.273369 64.396891 239.946991
1970 556.234204 12.195812 64.378240 239.961468
1971 556.237826 12.106119 64.373522 239.964672
1972 556.281258 12.129963 64.445906 239.945641
1973 556.291952 12.159500 64.450972 239.950768
1974 556.299919 12.185021 64.450015 239.950047
1975 556.278285 12.076204 64.407621 239.929104
1976 556.267800 11.960121 64.392216 239.924641
1977 556.214757 11.881392 64.313253 239.956329
1978 556.200153 11.782572 64.311884 239.956364
1979 556.188290 11.692009 64.313462 239.957336
1980 556.229689 11.699413 64.409833 239.902576
1981 556.222866 11.736910 64.409562 239.902336
1982 556.215667 11.774504 64.408805 239.902061
1983 556.209761 11.811297 64.409836 239.902885
1984 556.206378 11.800917 64.409350 239.913025
1985 556.201005 11.831003 64.402104 239.888226
1986 556.249897 11.886822 64.492569 239.971367
1987 556.195751 11.909195 64.390813 239.928772
1988 556.192022 11.953060 64.392117 239.926655
1989 556.245533 11.990030 64.491764 239.971825
1990 556.249596 12.004049 64.492569 239.971367
1991 556.223293 11.998556 64.442333 239.934895
1992 556.221780 11.997555 64.441370 239.917603
1993 556.219869 11.994648 64.440146 239.915199
1994 556.249740 12.036980 64.492569 239.971367
1995 556.206436 11.923637 64.391198 239.958355
1996 556.232019 11.902552 64.421990 239.942802
1997 556.211428 11.869513 64.401024 239.908607
1998 556.201929 11.852976 64.401406 239.907875
