64 763.006763 268.387921 106.546118 111.830579
65 762.938799 268.806888 106.942233 111.708597
66 757.463837 269.292165 108.730892 108.986644
67 750.632003 269.163151 111.471007 104.590248
68 748.365137 268.649242 112.688902 102.916725
69 747.959262 268.811406 114.084797 101.282210
70 740.592612 266.152582 118.516437 97.713957
71 733.450857 265.080562 125.258663 94.883653
72 720.882360 265.248981 134.927419 91.895311
73 718.870495 264.464932 137.110006 91.246028
74 706.162547 263.585923 146.094307 88.609564
75 704.642896 263.608429 147.364294 88.402691
76 695.199229 263.225988 150.958100 87.551051
77 694.837191 263.160268 151.281666 87.744189
78 694.864596 263.396519 151.461496 87.946633
79 690.390757 263.030454 152.811373 87.475022
80 689.985795 263.142202 153.226040 87.320757
81 689.849372 262.533953 153.549267 87.134204
82 689.241106 262.647048 153.558602 87.444024
83 685.122169 261.868963 153.987957 86.733323
84 681.750893 261.365045 154.645240 86.641181
85 681.620594 260.128581 154.829705 86.412961
86 678.317681 258.025761 156.183997 85.575024
87 676.231074 257.154166 157.723470 85.480343
88 673.840972 255.695589 158.013825 85.344472
89 673.554231 254.668024 158.636170 85.088643
90 672.662424 254.050552 158.657580 85.239641
91 672.480159 253.494873 158.951068 85.211139
92 669.974897 253.838549 159.641125 84.769731
93 669.919029 253.548635 159.996689 84.782052
94 668.235275 253.611079 160.312057 84.743924
95 665.921408 252.247761 161.892040 84.497547
96 664.736429 250.539749 163.197477 84.143107
97 663.563085 248.572478 164.749386 83.841157
98 659.854415 248.500202 165.499142 83.923548
99 658.528943 247.993977 166.675423 83.833502
100 657.532207 247.975332 167.178089 83.897633
101 656.935657 246.958387 168.394291 83.562663
102 654.816265 248.006384 169.246601 84.197680
103 650.133878 251.391081 170.935901 84.599704
104 647.319175 253.062068 172.358760 84.679646
105 646.148642 254.084772 173.017101 85.173749
106 641.372764 256.747705 174.276491 85.761280
107 638.556967 258.960621 175.715845 86.533358
108 634.831118 259.638519 177.763179 87.695485
109 632.007632 260.262812 180.008674 87.978885
110 626.536224 262.136450 182.357165 88.984857
111 616.476179 263.193679 185.651974 89.459626
112 604.473246 264.578465 189.690302 88.664945
113 599.530394 265.418363 190.637618 88.618495
114 590.254810 268.565284 192.331548 87.865988
115 588.003337 269.110103 192.984382 87.335608
116 584.149410 270.723684 193.265809 87.212785
117 583.795856 271.412548 193.707981 87.062448
118 581.488290 272.611833 194.699654 86.860963
119 580.694897 272.747474 195.162563 86.674755
120 580.573361 272.982778 195.463289 86.928314
121 580.621967 273.058579 195.371363 86.989305
122 580.415168 273.300432 195.494248 86.874392
123 580.312405 273.663540 194.636600 87.760454
124 579.754294 273.688950 194.781880 88.056187
125 579.885521 273.852468 194.753129 88.594022
126 578.804228 273.740449 195.096758 88.994946
127 578.245421 273.470080 195.710345 88.955703
128 576.324463 271.822659 196.015010 89.037019
129 575.940968 271.320892 196.475385 89.575333
130 575.208194 270.910386 196.513127 89.954741
131 571.914501 269.379926 197.487335 89.379358
132 571.471928 268.935545 197.328158 89.630391
133 571.017141 268.508708 197.212812 90.198642
134 569.084065 267.539810 197.114908 90.778208
135 568.850835 268.898938 196.551023 91.923199
136 568.260092 269.559090 196.017673 93.254571
137 567.820798 269.465352 196.072697 94.334943
138 567.176003 269.775147 196.249862 94.901634
139 567.614259 270.811411 195.428511 95.768728
140 567.046123 272.330600 194.354688 96.609471
141 567.615761 273.785913 193.864049 97.584280
142 564.620997 275.592800 193.187572 98.632940
143 563.421158 276.993853 192.634978 99.333847
144 562.799653 277.438643 192.751842 99.697448
145 563.136117 277.780839 192.890650 100.727000
146 562.601913 278.823437 192.545024 101.956608
147 561.757570 280.011515 192.883159 102.846028
148 561.601083 281.457924 192.558755 103.645223
149 562.162960 282.213331 192.402369 104.563350
150 561.940523 283.678086 191.814072 105.414302
151 559.904044 284.830970 191.584662 106.434133
152 558.279202 286.132857 192.272745 106.852613
153 557.747905 286.347217 191.934952 107.780946
154 556.904599 286.587926 192.309467 108.290188
155 555.292367 285.835377 192.381443 109.067584
156 554.066193 285.737253 192.290358 109.316224
157 552.600835 285.220424 193.032132 109.606130
158 550.358822 284.457087 194.264966 109.784348
159 547.977589 283.291828 195.220164 110.548953
160 546.616452 282.388742 195.513685 111.458454
161 546.856339 282.451400 195.843585 111.520831
162 546.485395 282.643406 195.940372 112.130080
163 546.277428 282.832051 196.011514 112.695238
164 546.401297 283.301493 196.184452 113.742949
165 546.790600 283.996455 196.173311 114.512707
166 546.844861 285.363959 196.115630 115.714692
167 546.587668 286.273220 196.400342 116.255336
168 545.768977 288.262750 196.411764 117.080547
169 545.745782 289.452031 196.420881 117.727184
170 545.878290 291.768631 196.234571 118.796681
171 545.683285 293.619781 196.262249 119.672304
172 545.736946 295.595767 195.667151 120.571026
173 545.446266 296.670959 196.520844 121.176231
174 545.031508 297.769705 196.790831 121.701228
175 545.306081 298.176215 197.003288 122.394345
176 545.441700 298.386744 197.508937 122.618659
177 545.325787 298.080952 197.868623 122.653414
178 545.506122 298.419688 197.789731 122.983636
179 545.817749 298.761388 197.172265 122.934117
180 546.131826 299.119303 196.711602 122.872751
181 545.614531 298.731972 196.418840 122.879003
182 545.495148 298.637509 195.835490 122.949707
183 547.512700 300.553486 193.975711 123.420686
184 548.736447 300.786000 192.117633 123.619292
185 549.162698 300.677286 192.124051 124.334060
186 551.046698 300.257257 190.395688 124.512277
187 551.647449 298.760216 189.484555 124.412185
188 552.086544 299.319749 188.333345 123.770241
189 552.034138 300.039967 187.558692 123.269464
190 552.687573 300.498879 186.839370 122.572457
191 553.194916 301.613312 185.818659 122.101837
192 553.598287 302.325227 185.146599 121.589027
193 553.842265 303.687285 184.619713 120.817762
194 554.078492 303.916133 183.802624 120.491439
195 554.131407 303.994932 183.354502 120.240613
196 553.924953 304.014396 182.518281 119.827501
197 553.503788 303.642636 182.079089 119.115412
198 552.848828 302.477538 181.581066 118.560833
199 552.581849 301.965151 181.560958 118.106821
200 552.541061 301.995723 181.683246 118.071798
201 552.381408 301.960404 181.713334 118.006026
202 552.231722 302.013753 181.643611 117.885139
203 552.072412 301.608508 181.373660 117.255540
204 552.063230 301.709178 181.281783 117.120038
205 551.915634 301.599083 181.187803 117.034505
206 551.950153 301.795064 181.287530 117.201503
207 551.871604 301.825964 181.069131 117.077462
208 551.833874 302.432816 180.649998 116.589539
209 551.759714 302.508848 180.370723 116.334192
210 551.669773 302.765861 180.101913 115.764320
211 551.552039 302.887164 179.860704 115.068925
212 551.242332 303.060310 179.490852 114.727407
213 551.150829 303.072573 179.291454 114.558793
214 551.219563 303.475600 179.275628 114.816907
215 551.303470 303.748545 179.271691 114.487741
216 551.454703 303.920635 179.239508 114.333307
217 551.523502 304.008508 179.295460 114.270553
218 551.641170 304.138388 179.213583 114.227196
219 551.539602 303.805254 179.328011 113.989570
220 551.512452 303.671521 179.386873 114.051005
221 551.433934 303.778305 179.384348 114.416422
222 551.396410 303.683283 179.264245 114.430519
223 551.357209 303.480550 179.236752 114.479608
224 551.395511 303.252088 179.260076 114.398830
225 551.413045 303.284153 179.222827 114.417415
226 551.483491 303.267435 178.858666 114.442983
227 551.433263 303.193092 178.673146 114.401516
228 551.474259 303.199901 178.750255 114.458953
229 551.479722 303.174496 178.788664 114.450633
230 551.636056 303.066982 178.838579 114.274888
231 551.711304 303.382189 178.694860 113.532761
232 552.115369 303.101916 178.854907 113.013202
233 552.300531 303.315944 178.703566 112.913864
234 552.518457 303.189562 178.762452 112.528139
235 552.840142 303.435762 178.624247 112.602540
236 553.192513 303.720645 178.698223 112.611803
237 553.425136 303.917583 178.668656 112.608979
238 553.911781 304.257251 178.434010 112.499118
