21 224.774139 320.067868 137.409860 115.918084
22 221.907155 315.902905 131.444898 117.461560
23 226.555150 308.938537 120.365203 118.909976
24 208.499984 319.741277 126.067903 113.512801
25 177.076821 334.080506 131.469781 100.677426
26 156.257301 332.733096 131.571991 95.788229
27 141.906548 329.936275 139.256868 91.033044
28 120.631676 322.632680 148.563324 88.971406
29 90.359519 324.736772 150.323510 92.225458
30 58.670787 329.153647 146.285541 95.626026
31 60.704223 324.541783 143.449591 96.475145
32 48.474526 324.949946 142.007202 95.656043
33 49.349055 321.909729 141.164694 103.467924
34 31.083887 314.809529 140.011011 110.329261
35 34.284161 302.239345 139.716848 115.192869
36 12.569049 304.708311 131.307912 131.394672
37 7.334436 275.614608 115.200618 135.377360
38 14.031335 254.996360 114.746595 140.872525
39 4.347785 288.431814 103.760056 142.038988
40 4.118293 276.435571 111.516225 130.246520
41 0.000000 281.913742 127.601645 131.418748
42 0.000000 268.702264 118.787825 123.308887
43 4.313264 262.181857 119.461984 111.443764
44 0.000000 250.743598 124.543283 112.985325
45 2.089991 239.666939 119.562113 114.685674
46 5.790152 164.165559 116.379221 118.771776
47 0.000000 120.735648 47.808389 116.407985
48 0.000000 55.830530 42.655833 118.225942
49 0.000000 86.749673 39.462254 111.359754
50 0.000000 145.901559 35.251344 116.077283
51 3.232816 177.161934 37.631840 112.108429
52 9.259408 120.816136 38.943618 109.306428
53 12.721255 50.503505 39.169408 107.861248
54 4.529871 127.876613 41.619530 109.622076
55 6.786919 90.215803 42.769197 108.961637
56 3.657909 125.049285 39.641185 108.922921
57 46.570540 1.172305 37.574348 122.377686
58 87.380754 30.829864 38.984812 119.881505
59 104.508259 94.330830 39.792916 119.214867
60 87.591656 59.019701 41.261295 113.946194
61 96.530829 24.833773 38.068598 126.980927
62 84.711414 32.354267 43.124426 121.977735
63 84.747269 34.122322 43.674890 120.586642
64 84.709359 34.883512 44.136168 120.027114
65 99.347574 52.553278 45.611808 115.038522
66 98.827312 52.398510 45.578024 115.617050
67 97.662997 52.759486 45.521578 115.719784
68 59.490695 58.690722 50.748784 115.777033
69 60.744219 53.365143 51.403938 115.944515
70 61.670920 51.817535 51.342410 116.168572
71 107.581718 33.579974 51.543535 116.714715
72 67.353957 36.862486 55.830387 109.064884
73 26.666356 39.422349 59.615744 102.242916
74 10.361433 43.840261 62.083710 96.122616
75 7.938676 29.665726 62.988615 93.542416
76 4.103161 17.222163 61.358832 95.002336
77 3.471928 18.104646 63.778514 95.452750
78 0.000000 14.292879 49.494689 93.988463
79 0.000000 16.241706 36.604901 95.543277
80 0.000000 16.010386 28.388123 105.066856
81 19.553701 11.723169 31.286726 124.445607
82 0.000000 14.598680 29.273363 115.206995
83 0.000000 20.532464 25.167202 108.561184
84 0.676335 24.607443 25.353066 110.162203
85 1.233175 26.686963 24.830202 109.301396
86 2.040553 28.509598 26.872355 105.973677
87 1.910038 29.671262 26.029366 108.365812
88 2.341884 29.211685 25.707269 108.313116
89 2.296508 26.167992 26.547984 109.864093
90 2.873457 24.157269 27.126328 112.875518
91 4.576514 22.649285 29.187516 112.080547
92 5.798434 22.008215 27.978715 111.140914
93 2.712795 26.107541 27.911969 111.520204
94 1.377397 33.459474 28.486966 110.025482
95 2.284906 39.752690 31.227376 107.961240
96 2.686906 40.256742 31.337592 107.884973
97 0.685092 45.588836 31.073282 106.349012
98 0.473131 45.243998 31.585974 105.539762
99 1.601495 42.203691 32.500537 101.548555
100 1.974456 43.424991 32.437761 96.216499
101 1.688483 40.086883 31.498296 96.508117
102 2.476662 29.854850 33.253194 101.546288
103 3.345193 23.695388 33.352486 99.872849
104 1.456077 17.795844 32.985337 94.054332
105 0.570958 14.292579 32.919199 92.599390
106 0.623897 13.398890 33.121725 92.376524
107 0.806162 13.468324 33.471914 92.446361
108 0.695842 13.644937 32.988765 93.260311
109 0.493567 16.499817 32.067151 93.892997
110 0.788795 16.528913 32.248986 93.414835
111 0.556279 16.829036 32.016676 91.906634
112 0.638072 17.173700 32.240264 91.366202
113 0.000000 13.578730 31.938621 86.624651
114 0.000000 13.286546 31.996885 85.739927
115 0.000000 16.748605 32.005305 83.697942
116 0.187234 4.893058 32.493206 82.264394
117 0.361646 5.185558 32.656184 79.459444
118 0.239686 4.053977 33.106305 79.126965
119 0.000000 2.025418 31.202576 78.169156
120 0.000000 1.903597 26.258214 77.808666
121 0.000000 4.492643 20.370253 87.972178
122 0.000000 75.958197 18.089625 95.228435
123 0.512554 112.780071 19.115049 92.344758
124 0.000000 116.275110 19.005015 94.038370
125 0.000000 99.242932 19.015179 94.260176
126 0.101031 90.967941 19.883626 92.125117
127 0.000000 58.841464 18.529942 93.151182
128 0.000000 48.580014 17.694407 90.010799
129 0.000000 24.072533 15.498555 91.329499
130 0.000000 8.238409 15.020114 88.606942
131 0.000000 13.401576 15.202415 83.242945
132 0.000000 0.000000 8.424507 75.884108
133 0.000000 0.000000 5.637520 37.640045
134 0.000000 0.000000 5.418495 26.601838
135 0.000000 0.000000 4.718945 19.178929
136 0.000000 0.000000 3.794183 12.448959
137 0.600799 2.560859 4.049346 12.193522
138 0.146743 6.103043 5.289443 11.405002
139 0.583338 5.792144 6.505942 11.151922
140 0.000000 3.486524 5.812163 11.804093
141 0.000000 0.426821 5.638905 11.211408
142 0.000000 0.000000 5.721647 8.127975
143 0.000000 0.000000 5.449397 5.259022
144 0.000000 0.000000 4.229775 2.953241
