31 517.750489 418.569894 89.877395 271.817370
32 517.903214 418.923903 89.814215 271.676555
33 518.080727 419.211642 89.838166 271.809756
34 518.214138 419.445465 89.887218 271.797720
35 518.330739 419.730532 89.877554 271.740173
36 518.459747 420.029690 89.869808 271.755840
37 518.530778 420.181471 89.980401 271.960390
38 518.539908 420.591336 89.945240 271.646880
39 518.576103 421.056218 89.940760 271.743817
40 518.602509 421.198460 89.992528 271.991167
41 518.602550 421.219517 89.991413 271.990000
42 518.604157 421.235956 89.993743 271.992451
43 518.602960 421.282440 89.983598 271.983697
44 518.611937 421.323237 89.998434 271.976304
45 518.580766 421.564472 89.982250 271.837383
46 518.445947 423.636010 90.175116 270.364889
47 518.371713 431.121062 92.099136 265.600951
48 518.122253 442.993322 94.161770 259.165272
49 518.169789 444.360338 94.522959 258.713192
50 518.451244 444.772332 94.572617 259.390979
51 520.221600 444.615867 92.720908 263.158375
52 521.195247 444.977511 91.490955 265.560906
53 522.775057 445.987745 90.431046 268.156384
54 524.174500 447.646374 89.835221 269.904037
55 528.071592 449.535141 88.769866 270.464859
56 532.301267 449.841714 87.381675 270.158286
57 537.216232 447.950639 85.263667 272.049361
58 544.507296 445.010068 83.479912 274.989932
59 551.964578 439.420234 81.899003 280.579766
60 560.630075 439.085382 80.842879 280.914618
61 569.858465 437.062236 80.315675 282.937764
62 580.182381 436.767394 79.140109 283.232606
63 590.154439 438.219588 76.344060 281.780412
64 599.510789 439.724071 74.241097 280.275929
65 609.296155 438.860888 71.809349 281.139112
66 619.362160 433.501097 69.448223 286.498903
67 626.436644 433.186628 67.291455 286.813372
68 633.291167 436.727374 65.338142 283.272626
69 637.331374 437.199337 63.638807 282.800663
70 638.556226 436.038566 63.173981 283.961434
71 639.098800 435.748302 63.262160 284.251698
72 639.207774 435.577121 63.586674 284.422879
73 639.380229 435.225768 64.145352 284.774232
74 639.452882 434.623933 64.681912 285.376067
75 639.759384 433.705727 66.454568 286.294273
76 635.592673 436.837621 69.382171 283.162379
77 641.890339 431.655618 67.814643 288.344382
78 642.464891 424.455816 67.679006 295.544184
79 642.701531 423.606669 67.910945 296.393331
80 642.745799 423.659283 67.999371 296.340717
81 642.745854 423.738203 67.999371 296.261797
82 642.745910 423.856583 67.999371 296.143417
83 642.745965 424.034154 67.999371 295.965846
84 642.746020 424.050511 67.999371 295.949489
85 642.746075 424.075047 67.999371 295.924953
86 642.794479 424.391034 67.955568 295.608966
87 642.899596 424.707750 67.934083 295.292250
88 643.040377 425.055885 67.907832 294.944115
89 643.125027 425.146228 67.963496 294.853772
90 643.255767 425.451962 67.893380 294.548038
91 643.965503 425.357392 67.260449 294.642608
92 644.721056 424.256961 66.493325 295.743039
93 645.043285 423.308881 66.130880 296.691119
94 645.250393 423.311518 66.475263 296.688482
95 645.285117 422.886463 66.462278 297.113537
96 645.320137 422.909307 66.481266 297.090693
97 645.500400 421.675468 66.315526 298.324532
98 645.653853 421.491809 66.438499 298.508191
99 646.001006 420.565540 66.158807 299.434460
100 646.551576 420.101235 66.174129 299.898765
101 649.048029 419.790363 64.694258 300.209637
102 649.204424 419.889691 64.995317 300.110309
103 649.206518 420.083806 64.999399 299.916194
104 649.219678 420.067431 65.032882 299.932569
105 649.452987 420.100416 65.499394 299.899584
106 649.465583 420.129153 65.489306 299.870847
107 650.587048 421.458687 64.187453 297.269368
108 650.683280 421.699151 64.450606 297.194322
109 650.798769 422.326637 64.300209 296.684750
110 650.859524 422.595689 64.283945 296.733810
111 650.300657 423.553398 64.175364 296.006829
112 650.115023 424.296490 64.380116 295.622582
113 650.017156 425.217029 64.340321 294.782971
114 649.595817 427.275399 64.338245 292.150439
115 649.004126 430.080341 64.466122 288.993016
116 647.897542 433.494241 64.968260 284.335145
117 646.627199 435.592036 65.562400 280.853726
118 646.790972 436.381209 66.113778 279.955578
119 646.989756 436.425997 66.504487 279.956194
120 647.237257 436.447219 66.999380 279.998117
