65 0.000000 223.999735 34.999543 108.999267
66 0.484739 223.991479 38.543132 109.151170
67 0.713024 224.165627 38.999639 109.499264
68 1.563336 224.208973 40.179876 110.795604
69 4.748614 222.637521 41.386364 112.420120
70 6.822175 220.119004 40.984604 113.879219
71 9.147441 218.482075 40.612835 114.329299
72 11.113073 217.124951 40.960821 114.876605
73 14.629722 215.552302 40.088017 115.373528
74 15.439323 215.121078 40.979851 115.817451
75 18.302849 212.882951 40.646342 116.054207
76 20.658859 212.683923 40.817693 117.068737
77 23.934611 211.435152 40.366190 117.580670
78 25.908523 211.457702 40.105653 117.906018
79 29.715927 211.747991 40.595777 118.026468
80 30.108136 212.076471 41.091380 118.330976
81 32.546876 211.322276 42.334883 118.234313
82 34.619287 211.034778 43.055848 118.210004
83 36.671940 212.713299 43.312476 116.530811
84 39.426369 213.842357 42.846502 114.670374
85 42.702740 213.688582 42.566470 114.110150
86 44.387589 213.765860 42.717383 114.203839
87 47.296328 212.504529 42.728377 114.661555
88 50.965754 211.060491 42.808386 114.919237
89 53.699457 209.500234 42.802087 115.468159
90 56.891573 207.539689 43.222530 115.204822
91 58.827228 207.135810 44.173000 113.442481
92 60.070259 205.913805 44.609430 113.151618
93 62.467164 206.012363 45.070624 112.963980
94 65.553876 207.632712 47.659421 110.685333
95 66.853943 209.107293 47.730709 108.817714
96 69.346101 209.697627 47.829014 108.160620
97 71.689925 210.861404 47.269203 106.676478
98 74.327991 211.431980 45.576088 105.025557
99 77.534484 210.943799 44.761488 104.883229
100 80.361848 209.660475 44.094624 104.875401
101 83.788378 208.807573 43.296368 105.049217
102 87.044748 208.755199 41.953501 104.562335
103 90.600831 208.176114 38.922981 103.421775
104 92.198026 207.174907 38.924698 103.946015
105 95.541097 206.719250 39.287307 103.664784
106 97.236615 206.516388 39.493690 103.926590
107 99.641133 205.956696 39.561675 103.709907
108 101.590526 205.519781 40.189329 103.439185
109 103.488224 205.292953 40.445525 103.464436
110 105.690102 204.862001 42.735952 103.846495
111 107.506418 205.314921 44.732432 103.209995
112 108.132967 205.472978 45.135928 103.138961
113 109.286250 205.619819 45.528608 103.062489
114 111.534275 205.711348 45.938382 102.464971
115 115.179133 204.309265 45.072881 102.428153
116 116.575068 203.773913 44.876706 102.771725
117 118.477148 203.177378 44.010419 103.459837
118 119.252919 202.908820 44.160817 103.330044
119 123.389119 200.036593 41.829896 102.092981
120 125.564968 198.660216 41.622614 101.545773
121 128.601387 197.496286 41.915501 102.099507
122 129.654475 196.161529 41.347747 102.908338
123 133.295623 193.665360 40.604611 103.706533
124 134.238783 193.559848 40.678460 104.187320
125 136.025534 193.149846 40.385678 104.814394
126 138.463096 193.066200 39.943643 104.079842
127 140.667150 192.268542 39.934155 104.633797
128 141.620970 193.151653 40.216478 104.765622
129 142.364096 193.303589 40.784580 104.908005
130 145.563539 193.127946 41.047892 104.842016
131 146.681889 192.915883 41.274030 104.775656
132 147.596842 193.041038 41.436057 104.497333
133 149.049596 192.788450 41.519850 103.901020
134 152.170173 192.610670 41.612414 102.765515
135 154.377204 192.824039 40.961608 101.852623
136 158.599057 193.231234 39.905418 98.037191
137 161.949086 192.123004 39.460575 98.626026
138 165.307638 191.600538 38.740208 99.665919
139 167.936474 191.677747 38.011313 103.846202
140 169.170091 191.505952 38.311325 104.295558
141 172.033766 190.762387 37.895502 106.321945
142 172.133653 190.841425 37.969053 106.500218
143 174.142100 191.587154 37.857959 107.733670
144 175.267079 192.248590 38.176300 109.463245
145 176.783461 191.716144 38.528106 109.529135
146 179.159899 192.762848 38.778865 111.170285
147 180.095014 192.815666 38.965996 111.989602
148 183.083902 193.414646 39.733165 113.975153
149 183.655420 193.807564 40.356333 117.604803
150 185.522983 193.591112 40.799620 121.535304
151 186.674038 193.559390 41.180930 124.779892
152 186.801408 193.663568 41.987812 125.814271
153 187.644733 194.171745 42.180000 127.424718
154 189.686810 193.947267 42.846805 128.234060
155 189.981207 194.329112 43.029470 128.483560
156 190.453806 195.200879 43.635431 128.424333
157 191.525949 196.619292 44.017869 128.397992
158 194.760548 199.971520 44.722206 127.402161
159 197.630940 196.782976 44.868982 126.196688
160 205.185829 195.727631 45.641533 122.195306
161 209.018832 191.838513 45.038205 121.067426
162 212.793124 192.465031 44.627763 119.467001
163 214.219586 190.386734 44.387619 118.464625
164 215.951001 188.865383 44.300257 117.037719
165 218.324019 187.335351 44.497454 116.985223
166 219.837732 187.887512 44.328374 116.239209
167 221.674588 187.144076 43.844469 116.449609
168 223.997489 186.223895 43.476274 116.615447
169 225.803175 184.390790 42.748961 116.999704
170 228.883259 182.005695 41.613294 118.462734
171 232.330453 176.623583 40.357589 121.201875
172 233.130397 176.103517 40.191091 122.167008
173 234.179767 175.853981 40.064109 122.831836
174 235.514835 175.954016 40.573943 123.189020
175 239.165025 173.197526 40.977091 124.961264
176 239.188967 173.212769 40.996104 125.000608
177 241.657038 171.797476 40.675635 124.969312
178 242.520473 171.642094 40.840804 125.071186
179 246.823146 168.945567 40.496221 125.657076
180 248.478801 168.015693 40.117140 125.890249
181 248.936413 167.983132 40.436130 125.877031
182 252.146251 166.144287 39.997869 124.375469
183 255.115199 164.269427 39.729219 123.036842
184 255.725912 164.674312 39.775612 123.357658
185 257.248512 165.009089 38.798754 123.256946
186 258.556755 165.272528 38.760008 122.773128
187 258.749914 165.578626 38.938702 122.342869
188 258.786841 166.252719 38.977409 119.949977
189 259.956409 168.315163 39.568788 108.541094
190 261.396471 167.749327 41.164822 104.498709
191 263.666563 168.484230 43.336415 102.199223
192 263.442069 168.866671 44.646193 101.253950
193 264.912520 168.369685 46.054402 99.954059
194 265.180922 168.483150 46.557435 99.888277
195 265.696744 168.592836 47.021847 99.823866
196 266.166896 168.668959 47.567422 99.949164
197 267.927497 168.564577 47.746893 99.947619
198 268.272419 168.551685 47.927708 100.025663
199 271.185887 168.384645 47.247398 100.534585
200 274.157377 168.456982 47.008262 100.764760
201 275.371702 168.447849 47.009784 101.128516
202 275.975802 168.630677 47.329436 101.476701
203 276.961654 168.537891 46.867295 100.818426
204 278.299188 168.265210 46.372030 100.960258
205 278.562350 168.127731 46.304481 100.860065
206 279.873124 167.865107 45.392174 98.898317
207 280.217020 167.850104 45.145853 98.936063
208 280.444811 167.885831 45.475171 99.007374
209 280.460208 168.131304 45.496709 99.503762
210 280.461681 168.379180 45.499579 99.999328
211 280.461717 168.379272 45.499579 99.999328
212 280.599216 168.187524 45.519887 99.928727
213 280.848847 168.215698 45.990667 100.010982
214 281.298605 168.223530 45.876364 100.591828
215 281.577423 168.090415 45.767062 101.402998
216 284.733252 163.938277 45.064734 102.016451
217 285.547694 161.330406 45.004902 103.577545
218 290.030355 155.822450 44.599729 105.243759
219 291.457476 156.232537 44.538383 106.221141
220 295.189192 154.719386 45.307971 105.510932
221 297.122479 155.662029 45.769600 106.103005
222 299.713600 155.778578 46.379044 103.916879
223 300.923791 154.745802 47.199390 102.032311
224 301.283247 153.849286 49.135134 98.935047
225 301.438736 152.709177 49.850787 97.713259
226 301.211724 151.154158 50.528035 96.360818
227 301.165286 151.162016 51.265504 95.607148
228 301.260460 151.337129 51.506579 95.869235
229 301.506972 151.402277 51.999519 95.999355
230 301.506704 151.400787 51.999928 95.994809
231 301.322638 151.391976 52.122525 95.955139
232 300.978568 151.468701 52.717780 95.169731
233 301.101626 151.677712 52.993204 95.379976
234 299.779215 153.179309 53.611490 92.765965
235 299.938989 153.504930 53.971915 92.546031
236 299.964760 153.871856 53.980171 92.816324
237 300.027458 154.232505 53.955379 92.609433
238 301.935115 156.771920 54.223050 91.359948
239 302.711407 158.967903 54.613569 89.708244
240 303.170414 161.378180 55.548665 87.213708
241 303.795645 162.924946 56.453450 85.968732
242 305.001834 164.541577 57.103132 84.350006
243 305.040988 167.609873 59.484549 80.527370
244 304.524618 171.102963 62.618624 75.969929
245 304.404474 175.436331 65.503595 69.215178
246 303.547349 178.237380 68.326903 65.109383
247 302.472749 180.697831 69.958601 61.522030
248 302.647294 183.784423 71.310681 59.151364
249 303.993603 186.177167 71.844079 58.317253
250 304.274145 184.200820 71.300919 57.588894
251 306.308345 186.408959 72.304434 56.991628
252 306.565163 186.352632 73.427701 55.961197
253 306.455308 186.380338 73.733413 55.864365
254 306.154094 186.564348 75.447913 55.817985
255 306.729998 187.813451 76.827544 57.138694
256 309.115224 187.855972 74.224504 59.505511
257 309.573277 191.436368 73.044734 59.980971
258 309.699199 191.834029 73.449766 59.937432
259 308.737363 192.751961 73.823643 58.735079
260 308.745344 192.466829 73.997798 59.182712
261 308.500117 192.376116 74.128684 59.502426
262 308.271440 191.914145 74.738141 60.248240
263 307.972165 191.938175 75.345562 60.234526
264 306.063532 190.303130 76.799626 60.089149
265 305.888735 191.083100 77.792995 60.128164
266 305.890708 191.406363 78.249366 60.366636
267 305.710503 191.871321 78.797264 60.039342
268 305.268404 191.223590 79.154704 60.692588
269 305.211993 191.281724 79.359337 60.864859
270 305.326686 191.404130 79.345909 61.121770
271 305.455541 191.677873 79.426984 61.431150
272 305.496253 191.828283 79.535570 61.438877
273 305.769815 191.771264 79.856602 61.693252
274 305.961910 192.004186 79.820599 62.104878
275 306.206293 192.198835 79.596706 62.687716
276 306.476395 192.246467 79.701122 63.283173
277 306.742426 192.120692 79.319962 63.998428
278 306.585975 191.475519 78.634840 64.122852
279 306.414682 191.602282 78.977097 64.312312
280 306.400548 191.701813 78.860447 64.626878
281 306.455558 192.045017 78.613361 65.134066
282 306.024020 191.292786 78.717346 65.417570
283 306.207816 191.427540 78.968764 65.496424
284 306.224892 191.704348 78.751290 65.733675
285 306.416021 191.788089 78.817541 66.045715
286 306.465814 191.932405 78.913464 66.562170
287 305.805268 191.229145 78.618876 67.361403
288 306.004260 191.257966 78.964085 67.560427
289 305.944896 191.364677 79.042454 68.214481
290 306.182259 191.488890 79.454684 68.574126
291 306.174950 191.666053 79.314942 69.095313
292 306.495844 192.288839 78.844686 70.024424
293 306.635898 192.529233 78.742901 70.573221
294 306.887530 192.824207 78.591332 71.118629
295 307.307665 193.119131 78.309759 71.577734
296 307.538330 193.400182 77.905341 72.072747
297 307.720448 193.641627 77.225874 72.345555
298 307.920253 193.658503 76.654879 72.431695
299 308.197716 193.715413 76.683926 72.482013
300 308.465572 193.752122 76.359672 72.452828
301 308.612493 193.825372 75.981924 72.581262
302 308.680453 194.093377 75.043698 73.013113
303 309.004544 194.376610 74.623461 73.463190
304 309.311117 194.483693 74.306574 73.443111
305 309.437081 194.516045 74.114887 73.486938
306 309.772615 194.506661 73.659927 73.491200
307 310.035193 194.659158 73.385954 73.708161
308 310.265421 195.658370 72.655971 74.247002
309 310.560656 195.951354 72.590460 74.340620
310 310.821743 196.123311 72.838406 74.570590
311 310.909795 196.344342 72.985979 74.989060
312 310.953713 196.366270 72.898779 75.025914
313 311.015118 196.612764 72.979703 75.484048
314 311.030847 196.625629 72.988301 75.491648
315 311.084347 196.662112 72.895882 75.424369
316 311.168726 196.719110 72.909750 75.465489
317 311.278380 196.782634 72.846123 75.395964
318 311.388310 196.858427 72.931356 75.449433
319 311.431717 196.891674 72.982735 75.486428
320 311.460327 196.914881 72.962013 75.471469
321 311.501518 196.948007 72.958783 75.468258
322 311.536559 196.976493 72.973260 75.478968
323 311.558837 196.994818 72.983044 75.486676
324 311.596081 197.025154 72.945893 75.459304
325 311.622856 197.045318 72.999325 75.499492
326 311.700975 197.079230 72.751849 75.456291
327 311.828461 197.104112 72.992788 75.494344
328 311.866024 197.172919 72.839680 75.424264
329 311.952791 197.216594 72.987121 75.489887
330 311.967376 197.229419 72.983765 75.486600
331 311.995376 197.250185 72.921505 75.482190
332 312.062819 197.303325 72.907136 75.455016
333 312.130985 197.407697 72.923886 75.466080
334 312.314057 197.743963 72.187158 75.478079
335 312.469759 197.758128 72.485529 75.503399
336 312.478605 198.007907 72.495983 75.996825
337 312.492638 198.027578 72.446270 75.936088
338 312.521843 198.061654 72.494693 75.995793
339 312.537090 198.073847 72.472706 75.976966
340 312.561506 198.094920 72.479752 75.983870
341 312.574319 198.105417 72.494075 75.995292
342 312.586436 198.115620 72.481678 75.985106
343 312.597596 198.124887 72.495298 75.996275
344 312.599670 198.126565 72.499329 75.999489
345 312.602830 198.129368 72.493836 75.995104
346 312.614292 198.139263 72.483987 75.987247
347 312.622022 198.145455 72.499329 75.999489
348 312.622081 198.145525 72.499329 75.999489
349 312.622139 198.145596 72.499329 75.999489
350 312.622198 198.145667 72.499329 75.999489
351 312.622257 198.145737 72.499329 75.999489
352 312.621635 198.149392 72.490745 75.984823
353 312.625985 198.156796 72.499329 75.999489
354 312.626044 198.156866 72.499329 75.999489
355 312.626262 198.157075 72.499046 75.999264
356 312.626542 198.157236 72.496899 76.000569
357 312.629240 198.398197 72.434281 76.523040
358 312.698278 198.660099 72.354689 76.999247
359 312.787714 198.700848 72.424097 76.915611
360 312.850187 198.790436 72.387566 76.947628
361 312.934240 198.875336 72.395527 76.914124
362 312.998109 198.932773 72.474234 76.975022
363 313.021177 198.968104 72.460562 76.959520
364 313.076749 199.029462 72.384392 76.872047
365 313.152340 199.119475 72.441745 76.934942
366 313.233071 199.208334 72.367183 76.875237
367 313.335948 199.334022 72.302211 76.863606
368 313.482443 199.498673 72.294584 76.871404
369 313.601517 199.622576 72.353303 76.861476
370 313.674077 199.691897 72.471479 77.004164
371 313.682682 199.926260 72.408740 77.508101
372 313.727555 200.173638 72.495295 77.998073
373 313.633451 200.231452 72.028342 78.063545
374 313.871037 200.451341 72.495727 78.496504
375 313.833832 200.478977 72.410939 78.480827
376 313.878086 200.488372 72.499329 78.499472
377 313.885674 200.495307 72.485985 78.488471
