2 804.868951 454.103384 72.663054 59.788245
3 814.458499 450.834742 71.693276 58.665104
4 821.892315 446.062144 70.043129 58.771290
5 824.588916 452.578404 71.373125 57.411718
6 830.317256 455.554660 71.348974 55.824568
7 832.051844 455.951440 70.644265 55.012570
8 834.338533 454.768980 70.037348 54.643314
9 835.775540 452.687197 69.544651 54.464288
10 836.281101 451.966269 69.216494 53.861856
11 837.810198 451.372180 68.726067 53.312656
12 838.995487 451.668472 68.472387 52.699566
13 843.461798 448.188854 67.191715 52.779433
14 843.185458 448.202986 66.976107 52.499506
15 847.750602 453.543388 67.540804 51.268317
16 852.383680 454.453893 66.844933 50.788084
17 853.184713 454.205602 66.248693 50.444826
18 858.207383 453.788366 65.737474 48.981948
19 861.833623 452.169028 65.137744 48.229501
20 865.726682 451.470365 64.768561 47.514182
21 869.686695 450.668529 64.166889 47.060834
22 872.211312 448.920445 63.798037 46.775774
23 877.017909 444.474413 63.159161 46.415875
24 879.405913 444.173192 62.893551 45.547631
25 882.178474 452.709130 63.300636 45.050495
26 884.365589 457.543143 63.614697 44.217084
27 884.893027 457.941231 63.301547 44.023988
28 886.188874 449.102376 64.400902 44.001876
29 889.009662 447.232989 63.817014 43.997507
30 890.024452 449.059234 63.077435 43.547844
31 892.360262 453.150070 63.270221 43.192771
32 893.058507 454.275786 62.839221 42.933288
33 894.055130 455.037858 62.092755 42.572647
34 894.375724 455.432899 61.749694 42.537001
35 894.628871 454.748355 61.302357 42.518667
36 894.819291 453.823431 60.863980 42.541539
37 894.784847 453.125668 60.464836 42.499391
38 894.685298 452.746333 59.926633 42.065636
39 894.983499 453.479116 59.106030 42.081747
40 894.855420 453.595970 58.946526 42.059807
41 894.488028 453.296706 58.590184 42.086106
42 892.963877 449.670390 59.231771 42.188964
43 891.596896 446.056430 59.498729 42.288213
44 890.849361 446.189534 58.888985 42.064543
45 889.011767 449.147175 57.991733 42.028957
46 886.459119 455.344238 57.573707 41.636265
47 885.858097 455.405982 57.392466 41.562743
48 884.842892 455.654946 56.917529 41.467436
49 883.271620 456.637760 56.113186 41.099791
50 882.647116 456.600706 55.875894 41.179614
51 880.969853 453.831849 55.859481 41.183337
52 880.136340 453.404260 55.467654 41.010803
53 878.838759 465.468429 54.762859 41.841593
54 877.840441 464.219687 54.329148 41.680855
55 876.091106 457.774374 54.916777 41.762910
56 873.516500 449.165426 55.744466 41.929982
57 872.948104 449.018296 55.515938 41.581136
58 870.633385 451.792985 55.473085 41.172688
59 870.155728 452.780699 54.998348 40.835858
60 869.788299 452.827204 54.362424 40.596669
61 869.079324 452.843316 53.883532 40.593543
62 867.124163 455.385218 53.073335 40.527619
63 864.790856 465.484840 53.026550 40.821713
64 863.820920 467.115898 52.569632 40.335711
65 858.934644 458.889571 53.773072 40.278736
66 856.663860 459.013536 53.472733 39.850846
67 855.298021 459.103091 53.201853 39.511255
68 850.930884 456.587444 52.838464 39.717398
69 846.888722 454.579175 51.865584 39.991661
70 841.900039 454.572541 51.675553 39.270954
71 834.826289 459.015024 52.916063 37.827800
72 832.327806 459.212127 52.447281 37.214240
73 829.117180 462.056305 51.466093 36.735515
74 825.238300 461.101195 51.179043 36.329879
75 819.691990 458.387949 51.180404 35.924214
76 814.269329 456.040101 51.362204 35.299819
77 811.466241 456.234822 51.413881 34.793550
78 808.488260 455.903416 50.970387 34.576728
79 805.198980 456.791587 49.941269 34.754293
80 803.347633 457.832189 48.961787 34.833272
81 799.446089 459.554863 50.346059 33.754080
82 797.645135 459.290125 51.437787 33.411935
83 798.065467 459.695896 50.847085 33.125262
84 797.991970 459.853117 50.469658 33.229542
85 797.776084 460.357768 49.961958 33.200231
86 798.258133 459.958630 49.335899 33.195147
87 798.352021 459.660112 49.009150 33.243422
88 798.407469 459.331472 49.076420 33.198952
89 798.420126 458.604567 49.087568 33.238431
90 798.491276 458.459664 48.978886 33.224925
91 798.135327 458.651251 48.127473 33.312775
92 798.177952 458.641574 47.877677 33.213143
93 794.587029 450.747418 49.881912 33.490062
94 794.455342 450.603840 49.654636 33.223401
95 795.851131 453.484462 49.869490 33.308680
96 795.503123 453.225144 49.383905 33.263376
97 795.094601 453.212772 48.933607 33.199531
98 794.381636 453.280309 48.307741 33.163676
99 790.578738 459.653409 49.541661 32.374245
100 789.493143 462.569502 50.923128 31.262176
101 789.579640 462.712539 50.433732 31.201015
102 789.539746 462.851189 50.066264 31.213871
103 790.889579 464.272857 50.302838 31.163634
104 791.736366 464.401536 49.894663 31.225356
105 792.323409 461.909367 49.302356 31.521835
106 792.299720 461.774759 49.065163 31.742447
107 792.099836 461.799670 49.197765 31.730257
108 791.076017 463.422927 50.680578 31.168607
109 791.208109 463.494710 50.591502 31.237486
110 792.532203 462.947746 50.338476 31.292452
111 794.282075 463.270034 49.542958 31.383433
112 795.806253 463.319030 48.933792 31.347782
113 797.614687 461.569218 48.123457 31.289847
114 798.532901 461.365100 47.800256 31.230691
115 799.594620 459.594278 47.333544 31.324630
116 800.679166 459.863899 46.815261 31.273883
117 801.247430 458.830673 46.470991 31.243270
118 801.972745 458.589139 45.914386 31.174594
119 803.202287 457.184379 45.290673 31.266662
120 804.874224 453.672402 44.889915 31.439205
121 805.578188 454.275242 44.330016 31.158501
122 806.748636 456.158165 43.863985 31.423542
123 808.091300 460.494452 43.747840 31.485217
124 808.999502 458.705430 43.196277 31.415734
125 810.643040 457.479576 42.806197 31.195955
126 811.578186 460.399886 42.697250 31.291938
127 812.712104 459.391633 42.397162 31.284549
128 814.463742 454.320733 42.570202 31.301477
129 815.003248 454.001829 42.578495 31.221193
130 816.421286 454.239549 42.414367 31.186354
131 816.718868 454.063736 42.119317 31.168847
132 817.285748 448.178229 43.352638 31.215455
133 818.166025 444.484575 43.349985 31.368524
134 818.289057 444.656826 42.937082 31.343980
135 817.891234 450.304401 42.493545 31.042191
136 817.176896 449.696032 42.134569 31.241816
137 814.986026 448.723912 42.149547 31.149917
138 813.132210 448.610493 41.997280 31.096976
139 811.778368 448.695616 41.577671 31.151442
140 809.275814 451.682388 41.260355 30.916699
141 808.282908 459.574795 41.104993 30.948189
142 808.255591 459.544074 41.008416 30.669585
143 807.744321 457.462034 41.177155 30.791817
144 807.511016 456.678791 40.982352 30.746402
145 804.981199 455.825275 40.590030 30.512100
146 804.229010 459.684078 40.555170 30.500308
147 802.624141 462.365475 40.692209 30.143788
148 801.539990 462.090632 40.582325 30.124416
149 801.316181 462.559904 40.663768 30.021889
150 799.252958 461.567458 40.558063 30.162865
151 797.307203 461.838754 40.604919 30.101113
152 796.357492 462.471278 40.498167 30.233152
153 793.866342 456.184566 40.939775 30.626782
154 793.409881 456.053251 40.523197 30.732068
155 790.731133 458.164525 40.615451 30.179398
156 789.821872 457.448514 40.696309 30.255189
157 788.432306 456.271852 40.923103 30.171946
158 788.188080 456.309123 40.580943 30.252082
159 787.207268 454.633982 40.871105 30.256351
160 785.232750 452.047702 41.028942 30.304593
161 784.327452 454.686248 40.651805 29.997466
162 783.898160 458.360331 40.147387 29.743165
163 784.309216 464.931000 40.543222 29.610071
164 784.511390 465.721498 40.431979 29.632027
165 785.922123 460.143290 40.827426 29.748288
166 785.828913 455.535280 41.210164 29.904473
167 786.296690 456.802360 40.732610 29.578443
168 786.457448 456.717184 40.469000 29.742464
169 785.611201 450.969850 41.407694 29.830972
170 785.638600 450.991775 41.057985 29.708229
171 785.817454 459.294409 41.585202 29.635717
172 784.660498 454.007068 42.711120 29.824283
173 784.176903 448.624213 43.552896 29.873809
174 784.912372 451.237166 43.226548 29.676576
175 785.393825 456.012476 42.862017 29.673383
176 785.615542 456.828266 42.475635 29.573201
177 785.478080 457.090117 41.980723 29.629847
178 785.848828 463.387060 42.066642 29.577278
179 784.812628 458.139332 42.738003 29.919090
180 783.921219 451.936735 43.653635 29.865263
181 784.005477 450.823336 43.432699 29.728065
182 784.059923 453.644135 42.651826 29.597456
183 784.145285 453.895695 42.457181 29.679540
184 784.052636 450.845519 42.251155 29.925339
185 783.876172 448.246722 42.319101 29.858160
186 783.879856 448.260472 42.013436 29.716355
187 783.259034 453.699749 42.018976 29.599261
188 782.605980 461.795011 42.324423 30.066356
189 784.001692 470.496528 42.533309 30.501213
190 782.955622 460.884703 44.020287 31.203962
191 782.364379 454.080674 45.181511 31.338514
192 782.419200 449.570116 45.569198 31.343286
193 782.711295 449.614771 45.460598 31.173367
194 783.242554 450.396692 44.902275 31.176596
195 783.954776 452.514010 44.469734 31.020478
196 783.724846 451.616624 44.185231 31.256817
197 783.598408 450.670902 44.248974 31.188827
198 783.734851 450.859036 43.951510 31.152010
199 783.217024 449.151844 43.768999 31.298913
200 782.936751 449.657274 43.207378 31.147932
201 782.949728 449.825985 43.078865 31.129242
202 782.532789 456.084246 43.786044 30.785119
203 782.443699 456.066228 43.690950 30.725427
204 782.475107 455.527123 43.806328 30.720658
205 783.722179 455.678973 43.468975 30.736052
206 784.673892 454.479761 42.984111 30.817301
207 784.696731 454.404935 42.660150 30.695793
208 785.505240 456.641909 42.620340 30.462632
209 785.967808 450.908129 42.961889 30.539990
210 786.058046 450.909908 42.559344 30.772330
211 786.553619 448.376581 42.734248 30.866432
212 786.812211 441.782910 43.342329 30.914519
213 787.027213 440.238900 42.975677 30.779350
214 787.531445 441.337288 42.379869 30.902837
215 788.614602 450.077293 42.207880 31.532467
216 789.477442 445.463108 42.507367 31.767679
217 790.202449 437.996346 43.587099 31.805142
218 791.061305 439.620463 43.485829 31.732568
219 792.716317 441.994805 42.804996 32.064427
220 794.501144 443.214427 42.280566 32.458914
221 796.309036 444.226207 41.972455 32.363412
222 799.972654 449.785157 41.722976 32.581694
223 800.126067 450.316318 41.616752 32.803881
224 800.388112 450.279035 41.572743 32.702685
225 801.521230 454.545392 41.879555 32.301942
226 802.086387 455.416157 41.219936 32.347393
227 802.212773 454.942593 41.109172 32.148680
228 802.353037 455.104299 41.099165 32.177122
229 803.094495 459.827614 41.042239 31.973802
230 803.109512 460.071441 41.045767 31.602267
231 801.433494 455.862034 42.071780 31.726575
232 800.125185 452.647679 42.680125 31.787103
233 799.588510 456.753935 42.123817 31.714285
234 798.847959 463.461395 42.136841 31.374557
235 798.509858 462.272203 42.205130 31.281476
236 797.903988 460.399315 42.343150 31.248855
237 797.626139 459.754251 42.092378 31.250531
238 797.781147 459.994627 41.871544 31.277671
239 798.175304 460.495072 41.500625 31.164310
240 798.660395 460.588025 41.508950 31.201098
241 801.319257 460.787122 41.250936 31.173601
242 804.413855 458.931771 40.697331 31.126412
243 806.033537 458.931384 40.532176 30.911943
244 809.196894 458.040513 40.209019 30.609691
245 811.483940 457.388755 39.835535 30.553040
246 815.344729 455.605887 39.139500 30.587495
247 818.820845 457.525372 38.806478 30.903605
248 821.158550 458.215242 38.686628 30.323670
249 825.130839 456.472526 38.248589 29.996304
250 827.756757 453.617003 37.924820 29.665599
251 830.596321 450.104448 37.579963 29.656734
252 833.083886 452.825274 37.818347 29.482683
253 832.658024 456.588175 37.772616 28.919233
254 831.124984 460.728636 37.795239 28.217022
255 830.355921 460.787643 37.699766 28.114222
256 827.986848 460.699288 38.043672 27.917236
257 825.660679 460.214815 38.432851 27.585864
258 821.749704 460.070907 38.488089 27.313745
259 818.982073 459.858034 38.249238 27.031996
260 817.895412 459.988246 38.134959 27.145070
261 814.421863 460.606413 38.032124 27.063836
262 811.175215 460.796397 38.143162 27.024374
263 808.500853 460.870167 37.974591 27.081493
264 805.612141 461.258165 37.780529 26.989876
265 804.185684 461.147781 37.654374 26.716228
266 802.258933 461.209113 37.762975 26.623250
267 800.415396 461.569761 37.608438 26.644886
268 799.047676 462.314207 38.214510 26.119135
269 799.007487 462.433185 38.254725 26.273107
270 798.946763 462.450275 38.264493 26.282127
271 796.300154 467.917020 38.928909 26.555180
272 787.887543 472.765191 40.096034 26.444581
273 785.371937 474.471657 40.599342 25.868665
274 781.352926 477.452621 41.243105 25.320234
275 780.824745 477.331025 41.255951 24.987487
276 781.091619 477.908984 41.316709 24.575654
277 780.275923 475.473349 41.350734 24.576957
278 778.078009 475.266551 41.049193 24.493589
279 777.538794 475.608453 41.066197 24.170490
280 776.356619 479.179435 41.769768 24.374176
281 773.434246 487.706132 43.409738 24.665441
282 770.979881 488.157328 43.233856 24.539357
283 767.686085 488.652262 43.297683 24.554712
284 767.410805 489.619520 43.723431 24.799651
285 764.976671 491.068214 44.201307 24.717600
286 756.767789 502.948758 46.541710 25.148959
287 756.593499 503.045137 46.646954 25.245681
288 754.359538 507.446548 48.277518 25.178397
289 752.796545 507.738237 48.226882 25.233056
290 748.305591 514.835422 50.689386 25.140534
291 742.715847 526.901292 53.526258 25.549586
292 742.182232 530.662726 55.631555 25.748645
293 739.569195 539.263940 58.859361 25.591501
294 737.937621 543.523447 61.097409 25.372705
295 735.122568 553.661722 64.249950 25.345367
296 731.584550 564.396018 67.291153 25.428578
297 728.956462 571.029695 69.911014 24.579579
298 724.012790 588.042202 73.440299 25.568185
299 719.525679 611.448364 77.450558 26.787025
300 700.199216 627.331638 82.806394 28.321851
301 689.827185 627.591549 83.219627 28.447074
302 677.451393 640.785623 86.457788 29.178629
303 643.130485 648.534032 90.844718 29.755427
304 614.135224 654.001183 94.200662 29.776893
305 587.681863 665.300504 99.603166 29.976540
306 590.839021 667.939648 102.041268 30.424484
307 576.559940 666.195950 104.993355 31.378303
308 569.622950 670.104495 105.483245 32.370070
309 576.314502 670.182549 104.694435 32.969637
310 556.776663 670.447611 106.101341 32.817456
311 549.218840 671.878878 108.307195 32.857133
312 539.316329 672.146716 109.539564 32.725393
313 521.246113 673.642473 113.349134 32.585631
314 508.192464 673.095098 113.811006 32.808005
315 503.947675 673.054913 114.200521 32.829319
316 490.797642 673.242938 115.862509 32.555827
317 477.584225 673.271294 117.898658 32.636057
318 461.246508 672.620829 116.882395 32.882741
319 431.889966 664.311640 124.435667 33.409978
320 415.746557 663.016227 128.167527 35.422396
