5 134.400560 35.975450 21.006131 24.064429
6 132.980128 25.406254 21.953594 24.641567
7 130.989354 18.785466 22.526269 24.905106
8 129.590049 16.353457 22.901489 24.549389
9 128.801789 17.504421 22.592320 24.295642
10 127.761505 24.216139 22.871335 24.555969
11 126.195059 36.024291 23.395400 25.490451
12 124.693757 51.292597 24.305397 26.353917
13 122.507308 72.092257 25.607684 27.296934
14 120.371236 97.943621 27.379513 28.535425
15 120.368623 94.553445 27.073781 29.111116
16 121.364644 69.507006 27.783114 31.229090
17 122.464551 43.002982 28.519125 33.460028
18 121.382560 25.577067 29.352895 34.369683
19 121.519196 10.176238 29.679415 35.089837
20 121.545983 0.961185 29.967643 35.376047
21 121.779549 0.000000 29.457291 33.661855
22 121.937558 0.000000 29.054340 33.408124
23 122.761896 1.729605 28.960421 33.237796
24 123.999578 10.001097 28.990107 33.196605
25 125.199874 23.538983 29.208489 34.360525
26 125.712160 42.803050 30.509896 35.660768
27 125.106861 66.361241 32.150076 37.341410
28 124.117882 93.000563 33.768535 38.858442
29 123.364043 123.357533 35.516096 40.437655
30 123.849665 91.611228 36.591713 42.448216
31 123.773401 65.905353 37.010148 44.183764
32 124.116748 47.873353 37.450274 44.998459
33 123.016142 29.656705 37.547511 45.447569
34 121.447126 15.700254 38.111285 45.463620
35 121.219662 13.055088 37.960020 45.269297
36 121.159752 12.879369 37.486932 44.969353
37 121.077850 14.229768 37.086477 44.359141
38 121.693894 19.078548 37.233898 44.142167
39 122.545217 29.584865 37.633025 44.454890
40 123.130129 45.250839 38.153556 45.543020
41 123.417939 65.536491 38.892547 47.446502
42 123.737695 87.187876 39.609554 48.824395
43 123.796069 108.776549 40.513878 49.951540
44 122.612424 101.771978 42.020720 47.996266
45 121.536451 80.197175 42.577167 49.276669
46 122.200321 63.516249 42.786738 49.633836
47 119.515115 45.539746 43.202301 50.348115
48 118.029139 36.982223 43.407518 50.028318
49 117.304820 32.917529 43.005393 50.048249
50 117.417984 34.665923 43.524827 49.948311
51 117.996774 36.366059 43.726125 49.582593
52 117.951636 42.954544 43.995376 49.089065
53 118.839125 48.987686 43.736330 49.196861
54 120.493361 57.078813 44.298807 48.336905
55 120.572097 67.435029 44.603839 48.061908
56 123.471025 82.344689 44.775493 49.462978
57 129.594051 99.269985 46.128993 48.999003
58 131.495287 104.496437 49.144410 45.945007
59 140.969280 101.518173 51.274070 42.911454
60 140.521989 101.638998 51.886912 42.095690
61 141.022364 101.010191 52.742879 41.573989
62 142.691487 100.244868 53.770676 41.064702
63 143.775213 99.216220 55.149679 40.376920
64 145.104531 95.860299 56.677182 39.239048
65 146.577987 90.506834 58.190309 38.330461
66 147.110408 87.064583 59.580060 37.406918
67 147.746244 79.857259 60.998145 36.717073
68 147.965170 73.536865 61.541528 36.574778
69 148.837329 66.401598 62.698042 36.420021
70 152.220506 64.414840 62.781940 36.153226
71 152.332600 64.423722 62.591001 36.154161
72 153.878439 66.339562 62.647823 36.077236
73 156.720721 67.615023 62.731129 36.641771
74 160.418376 73.237890 62.964699 38.209421
75 161.408244 76.898693 63.102033 39.138286
76 168.597462 80.897945 63.173639 40.841855
77 174.319345 85.077072 61.979435 43.500713
78 174.531623 89.540066 61.718105 43.903656
79 172.074855 96.468030 64.090836 41.556480
80 163.770052 104.666044 68.687454 38.022153
81 158.356544 112.626604 72.088712 35.627418
82 158.559253 115.196681 73.209214 34.539385
83 157.728775 115.155477 73.386839 34.460158
84 156.320043 112.739893 73.901823 34.097998
85 158.277046 107.620867 75.293890 33.894031
86 158.657109 103.278066 76.820740 33.125078
87 160.044353 99.423924 77.237824 32.592575
88 162.249571 98.111734 76.636446 32.145145
89 164.483483 98.287032 76.238200 31.681577
90 167.319361 99.902071 75.951983 31.090984
91 169.451856 101.549956 75.950656 30.269880
92 108.631685 104.577224 77.833344 30.243513
93 96.097493 100.947233 75.145717 33.848450
94 94.077409 96.840818 71.975194 37.977580
95 94.580925 95.740218 69.158657 40.996151
96 94.842377 95.647044 68.786396 41.210293
97 94.818934 95.755506 68.680386 41.330735
98 95.335364 95.920724 68.489950 41.489676
99 95.844312 96.017344 67.927098 41.766584
100 96.644873 96.027902 67.031049 42.660362
101 97.593570 95.908178 66.459040 44.290597
102 97.960291 95.794393 65.876318 45.025164
103 97.773292 95.953039 65.821234 45.347952
104 97.722027 96.000132 65.967279 45.485683
105 98.428240 95.711117 65.319079 45.862685
106 98.770628 95.643497 65.014251 45.810084
107 99.313085 95.623931 65.022472 45.918667
108 99.870589 95.597208 65.130050 45.972378
109 100.229815 95.552193 65.185014 45.854440
110 100.840206 95.570494 65.141194 45.908641
111 101.474934 95.526084 65.122988 45.905914
112 102.102005 95.608402 65.150836 45.936302
113 93.708471 123.003183 67.187804 47.569984
114 96.463038 89.248377 68.745116 49.497153
115 98.486414 89.679341 68.551157 49.643476
116 98.995620 90.086216 68.834609 50.011413
117 99.135762 90.508024 68.834715 50.339327
118 99.214858 90.722223 68.767260 50.314471
119 99.338614 90.949668 68.766776 50.364187
120 99.389091 91.056722 68.805271 50.283651
121 99.375800 91.145254 68.770411 50.252920
122 99.386667 91.273536 68.787399 50.280959
123 99.251943 91.286680 68.735569 50.189396
124 99.131792 91.318530 68.681264 50.142988
125 99.073732 91.928665 68.731245 50.469485
126 98.952085 91.844830 68.741053 50.229648
127 99.051637 91.972993 68.396700 50.224194
128 99.303451 92.110073 68.357879 50.128682
129 99.645611 92.167454 68.267339 50.120993
130 99.665163 92.294290 68.353378 50.184707
131 99.717992 92.591858 68.474297 50.213450
132 99.859295 92.957331 68.371783 50.160579
133 100.448777 93.680549 68.465596 49.932194
134 106.415447 95.625100 68.479269 48.781567
135 107.232875 95.959959 68.315370 48.367689
136 109.471093 96.613850 68.385600 47.773427
137 112.716389 96.640960 68.416098 47.056684
138 117.285062 96.517107 68.520885 46.372565
139 119.776173 96.869017 68.942935 45.644052
140 125.010192 97.156932 68.644088 45.131402
141 130.326870 97.627745 68.718947 44.413043
142 135.498011 98.192183 68.555287 43.688179
143 139.563271 98.836104 68.605794 43.206194
144 142.696576 99.147048 68.506372 42.709268
145 147.143877 99.683417 68.525744 42.371589
146 151.099667 99.240359 68.198947 41.876619
147 152.720877 98.942780 68.115059 41.597256
148 154.953043 98.194945 68.210635 41.669267
