141 464.293178 66.470546 45.313548 141.877931
142 465.103436 60.238437 45.314622 141.409548
143 462.783598 55.032180 45.345784 140.995596
144 459.755014 42.844696 45.368344 140.672039
145 458.832447 41.261957 45.339605 140.405174
146 450.140003 28.116251 45.369945 140.328645
147 452.326366 28.849816 45.319341 140.095641
148 452.482788 32.464042 45.341877 139.929492
149 454.463966 19.536229 45.312392 139.600972
150 454.956629 14.210997 45.317729 139.425888
151 451.580703 3.212181 45.339566 139.122113
152 449.639107 0.000000 45.328121 134.848879
153 448.425481 0.000000 45.326609 131.051732
154 447.621100 0.000000 45.310880 125.423326
155 446.345029 0.000000 45.307215 115.177157
156 445.911100 0.000000 45.306527 111.227766
157 444.604846 0.000000 45.323199 108.640616
158 445.242465 0.000000 45.285747 101.020357
159 445.741382 0.000000 45.291416 95.333491
160 445.813735 0.000000 45.290982 88.294605
161 445.501870 0.000000 45.300782 84.267001
162 445.555796 0.000000 45.295671 82.235626
163 445.625710 0.000000 45.295026 80.205714
164 445.708761 0.000000 45.299029 79.212827
165 445.435790 0.000000 45.305128 78.336303
166 444.887420 0.000000 45.300999 76.331671
167 444.500168 0.000000 45.310758 75.190426
168 444.311779 0.000000 45.316957 74.794675
169 444.138739 0.000000 45.318256 74.454290
170 443.881532 0.000000 45.315054 73.660742
171 443.254391 0.000000 45.322298 73.595336
172 442.522348 0.000000 45.308141 72.366228
173 442.502186 0.000000 45.314225 71.759391
174 442.479651 0.000000 45.303533 70.537209
175 442.367731 0.000000 45.304015 69.442752
176 442.144246 0.000000 45.300541 67.384951
177 441.488470 0.000000 45.320252 66.815220
178 441.244114 0.000000 45.311142 65.991114
179 441.248380 0.000000 45.309849 65.311836
180 440.724707 0.000000 45.317512 64.803004
181 440.101269 0.000000 45.318534 64.616398
182 438.524084 0.000000 45.315297 64.263995
183 436.408761 0.509972 45.316562 64.144390
184 436.401639 0.000000 45.296224 63.509810
185 436.480169 0.000000 45.296651 62.345937
186 435.886462 0.094642 45.311943 62.151793
187 434.889206 0.000000 45.303114 61.023867
188 434.527655 0.221738 45.301583 61.158071
189 433.069295 0.000000 45.277596 60.129707
190 431.916903 0.000000 45.280939 60.062108
191 431.632908 1.131864 45.238634 60.149313
192 433.422498 0.391979 45.281835 60.227623
193 432.563959 0.000000 45.283736 60.027541
194 432.143720 0.683744 45.288088 60.168959
195 431.591390 0.685419 45.274686 60.175571
196 434.712761 0.000000 45.249397 59.497287
197 434.123891 0.000000 45.298723 59.111409
198 432.331261 0.000000 45.305071 58.743925
199 431.042614 0.000000 45.279429 58.084401
200 431.230274 0.157014 45.225985 58.189540
201 431.695125 0.137688 45.258134 58.224995
202 431.075169 1.684947 45.252419 58.138632
203 432.738978 1.483066 45.221900 58.221332
204 432.814337 1.809536 45.276977 58.174996
205 432.887108 2.175501 45.276899 58.174223
206 433.329806 1.324385 45.295180 58.199404
207 433.252770 1.640137 45.282976 58.178898
208 433.148525 1.966504 45.283330 58.179015
209 433.048480 2.259893 45.284213 58.179699
210 432.901690 1.701804 45.291377 58.188463
211 433.040770 1.400017 45.283636 58.180697
212 433.191079 1.108779 45.283319 58.180748
213 433.273085 0.849454 45.282132 58.178686
214 432.501257 0.348124 45.294599 58.191956
215 432.322876 0.829742 45.294625 58.181978
216 432.260554 1.357128 45.270397 58.170795
217 432.594617 0.858991 45.283716 58.202082
218 432.939482 1.404195 45.272441 58.176176
219 433.211004 1.939733 45.281128 58.185055
220 433.452693 2.503669 45.282252 58.184703
221 433.566451 1.801466 45.292683 58.192274
222 433.109489 2.454800 45.272827 58.176859
223 431.762039 1.940511 45.293154 58.202302
224 432.102950 0.965354 45.283961 58.198483
225 432.319532 0.698528 45.273480 58.183685
226 432.541188 1.405324 45.275916 58.167743
227 432.725139 0.957289 45.281898 58.195610
228 431.233121 0.682342 45.290973 58.190687
229 431.195247 0.833355 45.253771 58.203951
230 431.146062 1.021273 45.258225 58.203981
231 431.272072 0.918679 45.256099 58.213083
232 432.345732 0.618931 45.266505 58.231026
233 433.225061 0.889548 45.277635 58.202860
234 431.426354 0.709527 45.297523 58.199783
235 431.814531 0.986755 45.285864 58.208807
236 432.014251 1.500610 45.294443 58.187905
237 432.228018 0.797272 45.274920 58.197895
238 432.546701 1.549534 45.259555 58.168680
239 432.539513 1.030207 45.280355 58.199875
240 432.441955 2.272143 45.265201 58.159500
241 434.693721 2.434142 45.274890 58.216007
242 435.100941 2.756251 45.315880 58.193596
243 435.397348 3.113058 45.317779 58.191537
244 435.219878 4.554082 45.310441 58.174641
245 435.528492 4.151425 45.301578 58.184335
246 435.894615 3.759799 45.300446 58.185824
247 436.282492 5.266892 45.305987 58.173623
248 437.064609 4.725905 45.284662 58.193451
249 436.676145 4.690372 45.309712 58.170669
250 436.322783 4.722922 45.308567 58.168703
251 436.659599 4.476763 45.304171 58.180474
252 436.101511 4.002063 45.313205 58.183518
253 436.047676 4.302867 45.321747 58.188851
254 436.621352 4.123568 45.301865 58.190645
255 437.145210 3.758648 45.303119 58.195339
256 435.889248 4.185649 45.318076 58.175833
257 436.403440 3.400793 45.296998 58.190929
258 436.456179 3.766304 45.312322 58.175314
259 436.705043 5.109006 45.309550 58.178254
260 437.193473 4.906441 45.305918 58.194701
261 437.078895 4.799509 45.316013 58.178072
262 437.158938 4.454514 45.309808 58.181713
263 437.286884 4.110649 45.308612 58.181702
264 437.411890 4.090805 45.311617 58.174714
265 437.538990 4.087124 45.311886 58.175065
266 436.568984 4.212717 45.318113 58.186893
267 437.201900 3.835662 45.298361 58.192854
268 436.420847 3.754789 45.317614 58.189412
269 436.497341 5.156838 45.307810 58.176301
270 437.585685 5.509118 45.293809 58.186251
271 438.101084 5.637553 45.307491 58.189610
272 438.118023 5.792718 45.317245 58.179367
273 438.101512 5.974583 45.317924 58.179623
274 438.285986 5.636559 45.309044 58.194313
275 438.566983 5.354258 45.306844 58.194076
276 438.734312 4.968174 45.308892 58.193136
277 438.213317 4.147492 45.314631 58.204843
278 438.098748 3.959418 45.320443 58.196757
279 436.931361 4.108529 45.326911 58.199454
280 436.838948 3.438980 45.307196 58.187526
281 435.913900 3.695522 45.317807 58.179409
282 435.915516 4.500613 45.318445 58.180059
283 436.295198 4.095635 45.301338 58.179367
284 436.535667 3.157707 45.304149 58.193046
285 436.749376 3.809497 45.317688 58.184767
286 436.287227 3.890575 45.318579 58.194684
287 436.490417 4.583782 45.318354 58.185289
288 436.777210 3.900871 45.305727 58.191479
289 436.680468 4.209360 45.318146 58.181933
290 436.996086 3.513345 45.304356 58.191917
291 436.843911 3.790834 45.317855 58.180229
292 436.507759 4.400991 45.318831 58.170390
293 436.769363 3.577583 45.301305 58.184223
294 436.504173 4.354135 45.317393 58.168700
295 436.801583 3.164335 45.297664 58.186834
296 436.547273 3.879185 45.317809 58.169350
297 436.466865 5.062270 45.318044 58.177607
298 436.629117 4.468838 45.305011 58.182497
299 436.804182 3.917623 45.304047 58.182650
300 436.281004 4.004231 45.317006 58.176784
301 436.222340 4.435682 45.320385 58.181554
302 436.591808 3.190002 45.297226 58.201027
303 436.801725 3.908306 45.316223 58.188106
304 436.503839 4.049343 45.314017 58.166987
305 436.680345 4.244618 45.311585 58.175439
306 436.766872 3.866202 45.309942 58.182608
307 436.459487 3.956753 45.314702 58.168549
308 436.696720 4.192559 45.310478 58.177766
309 436.743348 3.810416 45.311042 58.185467
310 436.343304 4.021558 45.318191 58.170259
311 436.604440 4.478771 45.312433 58.183021
312 437.136376 3.596728 45.296482 58.196391
313 436.716520 3.984945 45.314674 58.163177
314 436.271723 4.864199 45.309283 58.152769
315 436.533912 4.198691 45.298370 58.181241
316 436.909883 3.113302 45.293672 58.190310
317 436.527621 3.370371 45.314366 58.169578
318 436.685776 3.757339 45.311424 58.184488
319 435.526457 4.109935 45.315338 58.177780
320 435.867187 3.090647 45.303720 58.203476
321 434.796814 1.903326 45.310524 58.204486
322 434.129492 0.806794 45.302737 58.185406
323 432.652836 0.000000 45.303242 58.172760
324 431.238537 0.000000 45.309769 57.927645
325 431.397865 0.000000 45.278066 56.459621
326 431.463502 0.000000 45.296740 53.436063
327 430.867405 0.000000 45.300034 52.735808
328 430.132954 0.106617 45.307211 52.747777
329 428.328938 0.402890 45.251599 52.715193
330 430.885353 0.000000 45.245804 52.652951
331 429.620278 0.886610 45.301702 52.733462
332 429.944524 0.146862 45.282453 52.753273
333 427.613483 0.334913 45.276845 52.736814
334 428.435156 0.187385 45.291015 52.773319
335 429.262120 0.000000 45.279234 52.315098
336 429.155217 0.434455 45.298764 52.233689
337 429.737247 0.000000 45.282868 51.552766
338 428.059218 1.068036 45.280683 51.738752
339 432.166876 0.863159 45.264962 51.779069
340 429.668567 1.227764 45.328636 51.754271
341 430.419228 2.590336 45.276094 51.718586
342 430.532380 4.348118 45.230459 51.686074
343 431.019313 3.086618 45.236523 51.787150
344 432.748841 3.314539 45.262313 51.744390
345 429.706588 3.455525 45.315286 51.752798
346 429.820144 2.725641 45.269841 51.757244
347 429.775070 4.419559 45.213037 51.683740
348 430.601865 3.014373 45.209420 51.781678
349 429.198141 2.952479 45.277303 51.758204
350 430.007258 2.334619 45.252769 51.768082
351 428.415290 3.290301 45.254578 51.730391
352 434.192785 4.144712 45.237744 51.774539
353 432.021841 5.589726 45.293184 51.700455
354 432.059108 6.186083 45.293755 51.739878
355 432.676272 8.194267 45.269475 51.713220
356 433.164115 7.328395 45.290106 51.753136
357 433.106676 6.410353 45.295762 51.767946
358 432.451998 6.565361 45.299582 51.750426
359 433.240266 8.309085 45.273920 51.720289
360 433.495659 6.916713 45.298912 51.766022
361 433.258026 5.862855 45.292976 51.771502
362 432.418007 6.968578 45.289871 51.719563
363 433.183418 7.203570 45.304167 51.748861
364 433.150488 5.895847 45.306959 51.758494
365 432.311740 4.864453 45.293547 51.751412
366 431.966148 5.071896 45.284540 51.724075
367 432.879039 5.744363 45.284425 51.751918
368 432.438642 7.033035 45.281423 51.717534
369 433.416653 5.864928 45.295569 51.764594
370 432.723696 7.269918 45.277344 51.712816
371 432.016090 5.972831 45.297378 51.766188
372 431.966518 7.469715 45.272929 51.704643
373 431.983812 7.884525 45.309025 51.742731
374 432.429937 7.174550 45.304299 51.754291
375 432.299900 7.183526 45.309239 51.746612
376 432.464027 7.280381 45.310706 51.748370
377 432.903405 6.959591 45.309094 51.751021
378 432.837869 6.707481 45.292368 51.743793
379 432.794017 7.000622 45.302678 51.735776
380 433.498612 7.243242 45.291260 51.754499
381 434.576820 7.391336 45.291331 51.761236
382 435.530880 7.219829 45.284647 51.728496
383 434.723615 7.021265 45.302197 51.730708
384 434.636058 5.593768 45.295833 51.745340
385 434.813661 6.336183 45.271419 51.703101
386 434.562685 6.745598 45.286701 51.713312
387 434.721533 8.504084 45.274736 51.682275
388 433.578432 7.831582 45.306690 51.745950
389 432.856635 6.571361 45.294046 51.760222
390 432.107837 5.487856 45.289652 51.749459
391 432.366853 5.325692 45.279581 51.753770
392 432.867317 6.622010 45.265029 51.730738
393 432.682923 6.356020 45.295419 51.744804
394 431.984743 5.776910 45.287836 51.749704
395 433.003508 5.743461 45.282026 51.766431
396 433.563422 6.677543 45.290537 51.735831
397 432.999920 7.003335 45.291798 51.747368
398 432.633646 6.130151 45.292043 51.759392
399 434.139745 7.280699 45.273013 51.729114
400 435.329672 7.775534 45.256574 51.717371
401 435.130409 7.493710 45.306883 51.736252
402 434.843582 7.121394 45.303045 51.743165
403 434.513905 6.481396 45.300322 51.745828
404 435.028438 7.741434 45.281876 51.706743
405 434.729811 7.316262 45.302707 51.744695
406 434.343596 6.671668 45.295213 51.745826
407 435.223970 7.955315 45.278941 51.720155
408 435.005609 6.176056 45.298131 51.750475
409 434.878583 6.324533 45.300140 51.721819
410 434.751409 6.522443 45.299990 51.721288
411 434.446768 7.645941 45.295744 51.718261
412 435.938147 8.452864 45.256694 51.712248
413 435.548054 5.940317 45.297363 51.762615
414 435.719668 5.831890 45.297202 51.720477
415 434.638099 5.820741 45.301674 51.710631
416 434.596098 5.854500 45.284445 51.713696
417 434.506925 5.466728 45.278867 51.728680
418 434.625326 5.072713 45.279097 51.726066
419 434.476716 3.496472 45.296697 51.743044
420 434.441029 2.653417 45.275166 51.715149
421 432.835675 1.498121 45.293575 51.741316
422 431.036633 0.849615 45.314006 51.752657
423 429.995600 1.689815 45.278034 51.715940
424 429.893666 1.126093 45.280666 51.749077
425 429.751255 0.631822 45.280479 51.748293
426 428.068547 0.000000 45.285463 50.775679
427 428.480837 0.000000 45.284636 50.346287
428 428.518306 0.309860 45.283373 50.250786
429 428.529801 0.000000 45.297929 49.395761
430 426.495171 0.000000 45.254541 49.073612
431 424.007910 0.120879 45.303600 49.272121
432 424.675700 1.098213 45.291820 49.249775
433 424.981794 2.204917 45.292390 49.267015
434 425.966807 3.869470 45.284289 49.282475
435 426.850278 4.485753 45.212959 49.297903
436 427.664156 2.735631 45.243322 49.311706
437 429.395220 2.437638 45.269197 49.273499
438 431.265521 2.405000 45.291073 49.263720
439 430.865821 2.960960 45.302203 49.244804
440 429.697681 3.830846 45.261334 49.228110
441 428.258664 3.282731 45.271573 49.255025
442 429.512334 4.723333 45.260866 49.265575
443 434.625710 3.713132 45.232806 49.294400
444 432.556750 3.553495 45.318234 49.256243
445 432.430310 5.309735 45.316423 49.238037
446 433.311183 7.945041 45.256576 49.201478
447 432.997930 8.667066 45.280273 49.227392
448 433.104997 8.060053 45.280498 49.245496
449 432.797538 8.759509 45.279999 49.227404
450 432.620581 7.947043 45.283764 49.247722
451 433.208621 8.330552 45.299376 49.250018
452 432.484588 9.476521 45.279874 49.227491
453 433.823989 10.340644 45.262612 49.242571
454 433.587654 11.043418 45.292496 49.220261
455 433.592910 10.894893 45.316343 49.245279
456 433.527696 10.891691 45.317512 49.244245
457 433.359108 11.124590 45.319666 49.252018
458 433.220758 11.393190 45.320847 49.252570
459 433.471400 12.202276 45.315191 49.250032
460 434.121008 11.541383 45.292078 49.253750
461 434.619994 12.897894 45.295744 49.211380
462 436.647618 11.043330 45.257535 49.279678
463 435.842104 11.225059 45.313546 49.229191
464 434.484014 11.674104 45.319619 49.240331
465 436.789356 11.868203 45.269893 49.245501
466 436.266295 12.020163 45.307723 49.220731
467 435.951672 10.624939 45.292371 49.245916
468 434.821066 10.432256 45.309083 49.246619
469 434.242397 10.722818 45.315240 49.246747
470 435.320710 10.300570 45.284859 49.246551
471 434.965570 10.764132 45.315277 49.245076
472 434.182782 9.663866 45.302633 49.259165
473 433.566168 11.307730 45.267852 49.206453
474 434.589104 10.075609 45.302505 49.287550
475 434.335754 11.179627 45.274235 49.225747
476 435.234024 11.256881 45.292987 49.238946
477 434.470410 10.228262 45.300823 49.249402
478 434.579568 10.385784 45.295295 49.248930
479 434.892405 11.270854 45.277266 49.220535
480 434.418722 9.924219 45.301683 49.253361
481 434.958157 10.885621 45.270349 49.218628
482 434.852056 10.153787 45.288146 49.236685
483 434.972855 9.986694 45.302902 49.236654
484 434.668187 9.770060 45.299906 49.247032
485 434.381362 9.499473 45.299619 49.247726
486 435.105419 10.340275 45.272148 49.234494
487 434.912498 9.546118 45.301633 49.247025
488 433.718471 9.561405 45.297157 49.241372
489 434.226206 10.228067 45.264513 49.236309
490 435.016053 10.878716 45.267225 49.230968
491 435.075322 10.560485 45.295274 49.232398
492 435.251311 9.407941 45.302333 49.255549
493 435.239776 9.155306 45.299537 49.243412
494 435.229639 8.908740 45.299537 49.243412
495 435.149307 8.765727 45.297280 49.241533
496 434.539971 9.530979 45.317720 49.242902
497 435.530871 9.951840 45.273382 49.238783
498 435.065619 9.917184 45.311869 49.241771
499 434.262846 9.904963 45.305798 49.238372
500 434.806668 10.344300 45.258590 49.226250
501 433.501538 10.245488 45.306777 49.250519
502 435.107093 10.184092 45.268691 49.241821
503 434.987870 9.730391 45.301607 49.233491
504 434.916358 9.337244 45.305881 49.236177
505 434.653575 9.977968 45.305226 49.221581
506 434.577964 9.532622 45.304846 49.236078
507 435.186369 9.995550 45.281037 49.233239
508 435.130225 10.082562 45.309445 49.233156
509 435.107549 10.035200 45.307690 49.235165
510 435.122760 9.931947 45.306796 49.235438
511 435.163126 9.861408 45.306193 49.234612
512 435.182066 10.175558 45.311812 49.231164
513 435.061245 10.488333 45.312214 49.231393
514 434.750788 11.196925 45.310085 49.232155
515 434.601673 10.757149 45.291878 49.232330
516 435.323363 11.244753 45.288487 49.224562
517 434.363553 10.741390 45.301253 49.241611
518 434.905852 11.016362 45.299463 49.229460
519 434.769395 11.103203 45.300101 49.223226
520 434.632814 11.211196 45.300327 49.223087
521 435.542277 12.484836 45.277379 49.209069
522 435.960025 11.769949 45.294974 49.242451
523 435.545651 10.360188 45.297042 49.246228
524 434.273876 10.600894 45.317167 49.240749
525 434.206991 10.843896 45.293052 49.227390
526 435.021919 11.581636 45.288615 49.220630
527 434.840934 10.429788 45.292752 49.242000
528 434.015219 10.337695 45.314997 49.242817
529 434.135843 10.497228 45.289032 49.229228
530 434.269450 10.663556 45.289032 49.229228
531 434.695355 10.164273 45.295896 49.237501
532 434.306350 9.691392 45.312455 49.243478
533 434.619121 9.569993 45.288904 49.224560
534 434.745584 9.120018 45.288454 49.246978
535 433.839521 8.738394 45.303394 49.242812
536 433.626847 9.514527 45.278724 49.220755
537 433.505368 9.349300 45.289821 49.254947
538 433.378725 9.186529 45.288007 49.254989
539 433.305249 8.123087 45.289212 49.255622
540 433.003779 7.391898 45.292227 49.261072
541 432.578899 7.372652 45.288075 49.251732
542 431.532376 7.315455 45.284673 49.248642
543 433.273614 7.043300 45.237740 49.270558
544 432.549009 6.788592 45.286751 49.256023
545 432.783053 7.760658 45.276571 49.231563
546 432.278565 7.001704 45.285185 49.253056
547 431.919021 7.741868 45.288094 49.230449
548 432.736632 6.984811 45.287608 49.260491
549 431.559768 7.088234 45.288867 49.258001
550 433.325822 7.077798 45.266995 49.272257
551 431.938726 6.143469 45.289086 49.277887
552 430.080733 5.138696 45.253474 49.298176
553 427.876060 2.288869 45.279713 49.330237
554 430.491180 1.995092 45.246184 49.268212
555 427.220109 1.229091 45.275626 49.297133
556 427.654227 0.000000 45.287413 48.074898
557 426.160432 0.000000 45.260707 47.641900
558 424.693289 0.000000 45.274519 46.349204
559 425.158419 0.034059 45.312978 46.286980
560 425.575207 0.061744 45.313600 46.287127
561 426.138845 0.140955 45.315759 46.287036
562 426.531610 0.187353 45.319556 46.283783
563 426.904227 0.117246 45.320758 46.286676
564 426.719002 0.000000 45.274274 44.689511
565 425.194864 0.585711 45.302318 44.795448
566 426.684542 1.312152 45.317128 44.805297
567 427.634748 0.910492 45.276899 44.823966
568 428.139683 0.089631 45.288819 44.829656
569 428.383098 0.130040 45.296679 44.800304
570 428.626328 0.178029 45.296571 44.800319
571 428.991251 0.216190 45.293440 44.803145
572 426.439973 0.351239 45.299899 44.782245
573 426.515754 1.607705 45.308801 44.785614
574 427.313693 3.846638 45.282308 44.786657
575 427.912495 4.007355 45.277149 44.817904
576 429.085465 4.378745 45.260156 44.803149
577 429.592417 5.858740 45.293347 44.786706
578 429.206592 6.668641 45.279628 44.769557
579 431.637170 7.555179 45.238276 44.784788
580 431.208260 8.310354 45.221561 44.757067
581 430.853783 10.329520 45.197763 44.705283
582 432.486545 7.433938 45.259711 44.825247
583 433.067148 7.898749 45.276611 44.775053
584 429.690261 9.666113 45.326099 44.782829
585 429.505951 8.121696 45.249217 44.817741
586 430.700724 8.035886 45.285406 44.814606
587 429.817874 9.426088 45.253743 44.755114
588 428.654580 6.890616 45.236683 44.828480
589 431.240958 8.794540 45.256121 44.770523
590 431.613015 10.147772 45.185585 44.706176
591 432.518200 11.650232 45.229328 44.742652
592 434.211671 11.686789 45.260905 44.771218
593 435.106628 13.275585 45.234149 44.727172
594 435.638336 14.358360 45.283542 44.743225
595 436.045769 14.328467 45.277088 44.764635
596 436.949703 15.454143 45.252272 44.733361
597 437.048901 13.938977 45.288999 44.776347
598 436.486910 15.037917 45.294532 44.744808
599 436.689230 13.628390 45.284740 44.776181
600 436.420287 14.135252 45.288674 44.749153
601 436.769279 13.456795 45.274007 44.760882
602 437.362232 14.024700 45.270599 44.743581
603 437.999528 14.659716 45.271403 44.743613
604 437.318780 13.859747 45.301852 44.772791
605 437.830722 14.338836 45.270720 44.743491
606 437.663373 13.606103 45.277671 44.759565
607 436.854825 13.534738 45.292535 44.756940
608 437.032765 12.797515 45.282442 44.758683
609 437.355050 11.719537 45.294208 44.770371
610 437.279448 11.705747 45.304679 44.756657
611 437.514339 11.727830 45.303522 44.755627
612 437.756958 11.735323 45.303397 44.755917
613 437.442292 10.787214 45.297753 44.774167
614 436.884039 10.821463 45.298307 44.757365
615 436.306993 10.910291 45.298532 44.757007
616 436.262739 11.615089 45.285042 44.740216
617 437.509085 11.364214 45.288363 44.770407
618 437.511704 11.741305 45.297940 44.756451
619 437.957558 12.050750 45.298743 44.754917
620 437.478437 11.504731 45.304540 44.769154
621 437.684020 11.441321 45.304473 44.756872
622 437.477852 11.127767 45.309048 44.765124
623 437.466069 11.048648 45.310522 44.760494
624 437.456385 10.989826 45.310415 44.760361
625 437.616535 11.139725 45.312377 44.760601
626 435.751762 12.996706 45.301372 44.733333
627 436.022221 13.708966 45.278628 44.738077
628 437.179071 13.601833 45.259217 44.746830
629 436.195629 14.295667 45.282902 44.725288
630 436.532796 15.089651 45.248354 44.724340
631 436.451579 13.942592 45.291542 44.767931
632 436.249826 13.140543 45.288947 44.764352
633 434.848846 13.361329 45.309235 44.760708
634 433.282531 13.617718 45.307146 44.766285
635 435.361194 13.992079 45.247577 44.780503
636 434.604110 14.301512 45.289908 44.760211
637 434.693241 14.939189 45.273556 44.741963
638 434.734708 13.598085 45.290548 44.771577
639 434.675511 13.635476 45.291735 44.770216
640 434.504867 13.534666 45.292143 44.770133
641 434.260064 13.808076 45.293915 44.758363
642 433.976471 14.082053 45.293599 44.758110
643 433.587932 14.449808 45.292540 44.754739
644 434.871786 13.092632 45.275085 44.800057
645 434.044627 13.747921 45.306117 44.765938
646 434.514123 13.214328 45.273820 44.774679
647 434.482265 14.630737 45.252547 44.734549
648 434.840668 13.743386 45.289867 44.787247
649 435.089948 12.933494 45.289170 44.776870
650 435.250827 13.565461 45.296443 44.751166
651 435.810523 12.759236 45.282319 44.778984
652 435.029182 13.430491 45.277329 44.739146
653 435.522297 13.810646 45.260555 44.756481
654 436.567275 13.524523 45.283126 44.765633
655 437.795428 13.451362 45.260156 44.761191
656 437.777458 12.505784 45.285881 44.762850
657 438.256321 12.806524 45.291828 44.745321
658 438.704045 12.931859 45.291234 44.747156
659 438.374521 12.849470 45.315169 44.762479
660 438.298797 12.838030 45.306237 44.753820
661 438.175663 12.771986 45.306935 44.754986
662 437.944907 12.255460 45.295820 44.757367
663 437.416663 12.031587 45.308452 44.758910
664 437.589256 11.357859 45.271282 44.752748
665 436.591691 9.644092 45.291509 44.784323
666 435.258143 8.940983 45.299114 44.773830
667 435.274715 8.000076 45.281436 44.764009
668 435.063051 6.156944 45.288177 44.786488
669 432.016235 6.231434 45.327798 44.795240
670 429.675556 5.727010 45.321079 44.800690
671 428.568163 6.101909 45.279557 44.753007
672 432.656877 6.225328 45.220379 44.787724
673 427.574378 6.340710 45.327959 44.804851
674 428.644420 6.615787 45.167711 44.733260
675 432.464993 7.050178 45.299910 44.800911
676 430.587468 7.354482 45.315993 44.782396
677 430.791584 6.465810 45.292520 44.781906
678 430.155569 5.653644 45.283755 44.784041
679 429.980247 5.903116 45.310526 44.779033
680 430.311420 6.096466 45.312563 44.779018
681 430.667101 6.620393 45.289674 44.761702
682 431.588955 6.851613 45.277313 44.769500
683 433.986619 7.532430 45.254856 44.763702
684 434.326762 7.665582 45.291789 44.756172
685 434.647646 7.803476 45.291770 44.756144
686 435.229715 7.767104 45.299760 44.762461
687 436.043109 7.406809 45.280472 44.766150
688 434.560189 7.096995 45.294282 44.763539
689 434.528331 7.001288 45.274914 44.764777
690 434.554595 6.892850 45.274766 44.764912
691 433.566398 6.604232 45.261384 44.761663
692 430.372565 5.967799 45.295163 44.807113
693 429.225759 4.508389 45.255032 44.802216
694 429.782452 5.488509 45.176494 44.733075
695 428.389574 3.781421 45.262686 44.799188
696 428.222749 3.385721 45.272508 44.765433
697 428.208755 2.567271 45.272953 44.781353
698 429.848443 3.362934 45.249067 44.736249
699 427.689502 2.685072 45.300031 44.783237
700 426.338052 2.216592 45.274183 44.759547
701 425.890939 2.938938 45.322841 44.769982
702 425.039674 3.544984 45.307903 44.772793
703 422.937338 2.277694 45.319434 44.829791
704 422.882546 2.277068 45.324147 44.772795
705 422.837743 2.306979 45.324294 44.772808
706 420.348851 1.380391 45.329265 44.817033
707 419.188413 0.375237 45.318206 44.798255
708 416.789747 0.000000 45.317499 43.895078
709 411.742234 0.000000 45.324575 39.707733
710 406.016099 0.000000 45.322446 38.281101
711 405.710799 0.159742 45.315507 38.292726
712 405.406628 0.214066 45.320408 38.296229
713 405.402592 0.301140 45.316551 38.292974
714 405.175180 0.284585 45.323324 38.301039
715 404.944457 0.264388 45.323335 38.301033
716 404.799733 0.174146 45.321652 38.300064
717 404.528990 0.089950 45.319627 38.295058
718 404.656680 0.327453 45.312403 38.291506
719 404.397792 0.325665 45.319102 38.294360
720 404.449129 0.666650 45.310522 38.283913
721 404.792848 1.069178 45.307543 38.281122
722 404.840888 1.246335 45.314262 38.295311
723 405.059902 1.549484 45.307213 38.285126
724 405.132764 1.929935 45.311274 38.280749
725 405.244206 2.155623 45.316234 38.288324
726 405.181025 2.359127 45.315694 38.293117
727 405.206786 2.460240 45.320515 38.298206
728 405.399247 2.587661 45.318720 38.297758
729 405.507445 2.728125 45.320341 38.299295
730 405.614833 2.867821 45.320341 38.299295
731 405.969031 3.181917 45.314618 38.295179
732 408.110558 3.544634 45.285052 38.273193
733 412.869127 3.435839 45.276708 38.314551
734 417.686247 3.170818 45.245696 38.322364
735 422.247785 2.946142 45.261399 38.324347
736 425.799251 6.692314 45.221578 38.265714
737 425.087272 8.492163 45.310255 38.285328
738 424.257214 10.057176 45.303373 38.285168
739 424.220715 10.164392 45.317937 38.304747
740 424.267655 10.815414 45.312012 38.301810
741 424.399778 11.242560 45.319267 38.311189
742 427.764032 11.639784 45.260063 38.314743
743 426.526214 15.226013 45.293872 38.274656
744 426.558280 15.383058 45.308172 38.322716
745 426.559145 15.622262 45.305393 38.322085
746 425.916936 16.079628 45.308313 38.318922
747 426.364519 15.424058 45.306825 38.342429
748 426.452194 14.945865 45.308037 38.335690
749 425.758372 15.770225 45.306050 38.329302
750 425.037849 16.321161 45.284586 38.301100
751 424.650760 16.973857 45.257915 38.310743
752 429.974221 16.297511 45.251137 38.378357
753 431.932916 14.562490 45.267962 38.364865
754 430.726634 14.511757 45.276758 38.314534
755 428.669691 12.162631 45.242177 38.350331
756 427.787348 14.288983 45.240988 38.286707
757 427.591777 12.821444 45.261434 38.363305
758 428.224850 12.465802 45.168553 38.318907
759 428.585879 13.845206 45.247351 38.297942
760 427.669184 13.843688 45.255622 38.320770
761 426.755697 13.831372 45.255433 38.320745
762 427.117566 12.901775 45.228690 38.342720
763 426.366235 13.972376 45.165748 38.268125
764 430.156374 12.943263 45.222737 38.364252
765 426.935789 14.802381 45.258946 38.288669
766 429.580988 13.224867 45.171220 38.356749
767 429.159260 13.408705 45.189809 38.282679
768 429.024509 13.743664 45.176385 38.270720
769 428.460474 13.980197 45.231264 38.308904
770 427.727076 13.423763 45.240567 38.334104
771 426.762605 12.824479 45.243650 38.336083
772 422.926698 12.113711 45.212156 38.319025
773 423.641162 11.204042 45.317167 38.360808
774 423.666017 10.886755 45.317061 38.325856
775 426.351847 11.033717 45.163739 38.332149
776 422.760381 11.684284 45.264066 38.311964
777 422.493445 10.565352 45.320502 38.347355
778 425.784048 9.167380 45.326965 38.385158
779 424.794203 10.506954 45.259028 38.289842
780 426.935515 12.024897 45.169785 38.294116
781 424.985041 12.220346 45.248920 38.325285
782 427.079694 12.563875 45.263411 38.333774
783 423.691191 12.072708 45.219806 38.321420
784 427.148178 12.457091 45.221353 38.346140
785 423.467540 12.072452 45.226143 38.320655
786 423.696890 11.475921 45.317601 38.334528
787 425.422406 11.545986 45.259688 38.344003
788 427.003816 10.816522 45.147399 38.324163
789 426.915228 11.784273 45.159063 38.270654
790 425.422865 12.295475 45.210349 38.301355
791 429.420955 12.503168 45.264550 38.338225
792 427.609881 14.583296 45.224481 38.262999
793 427.902678 11.068291 45.225143 38.392689
794 427.294011 12.779286 45.208363 38.252981
795 424.745413 12.707082 45.188965 38.284320
796 425.949060 13.562717 45.274790 38.319676
797 427.810635 13.341641 45.239061 38.319594
798 426.461654 11.092091 45.281536 38.366782
799 425.928357 12.162040 45.241817 38.292031
800 426.958372 11.789950 45.242044 38.340032
801 425.322980 12.074731 45.216167 38.303582
802 427.466322 12.562634 45.170506 38.303776
803 425.400956 12.304971 45.200726 38.290268
804 428.766166 13.322951 45.237330 38.313148
805 428.078726 12.527218 45.199279 38.299073
806 428.122634 12.376029 45.204167 38.303532
807 427.038699 12.918400 45.219565 38.303225
808 425.659372 12.918148 45.075648 38.198213
809 427.617013 13.024600 45.175346 38.317453
810 426.564335 13.613088 45.221589 38.302139
811 428.260467 13.164584 45.206910 38.336212
812 428.687400 12.678981 45.235104 38.344741
813 428.883346 14.500202 45.261727 38.286721
814 430.737848 13.249254 45.247666 38.362765
815 430.575373 13.846691 45.187010 38.250302
816 429.282578 13.483635 45.226438 38.293600
817 428.754540 13.475331 45.233839 38.306589
818 428.164067 13.244588 45.239185 38.315011
819 427.151863 12.618565 45.249861 38.328176
820 425.808597 12.491338 45.186327 38.289798
821 425.733249 12.569274 45.219945 38.303661
822 426.811175 13.847171 45.213006 38.296604
823 425.934246 12.216443 45.168317 38.298783
824 427.702700 12.684332 45.199071 38.303227
825 426.397773 12.101096 45.199075 38.319043
826 426.756624 11.876806 45.193944 38.323418
827 425.657905 12.569333 45.181688 38.275405
828 427.797359 13.637791 45.155579 38.285490
829 427.179832 13.730352 45.225267 38.307866
830 427.575748 11.603623 45.173151 38.334060
831 425.772774 12.740934 45.202204 38.270017
832 425.570161 13.182760 45.212870 38.294296
833 426.591083 12.634506 45.242044 38.330706
834 427.640084 13.042078 45.232544 38.325377
835 426.664434 13.391960 45.187086 38.280737
836 425.738990 13.620537 45.182092 38.286492
837 426.502128 13.428155 45.256856 38.321587
838 426.978492 13.008474 45.250235 38.321158
839 428.952849 14.489249 45.106754 38.247844
840 428.689235 14.538731 45.236221 38.307523
841 428.934428 14.489730 45.233027 38.307881
842 428.376987 13.166629 45.268179 38.361854
843 427.383533 13.423134 45.258844 38.324574
844 426.502513 11.479607 45.146195 38.277546
845 423.903557 9.676025 45.207207 38.336738
846 424.881359 8.460759 45.310357 38.380721
847 425.370711 7.977597 45.244698 38.344623
848 425.832436 8.543205 45.292943 38.347144
849 424.644151 8.483380 45.298077 38.333955
850 425.506498 7.924916 45.318586 38.352941
851 424.263650 8.835540 45.270651 38.327748
852 424.944419 8.653104 45.271766 38.352242
853 424.636513 8.542934 45.166948 38.277193
854 422.256643 8.147790 45.273549 38.336076
855 425.692166 7.509492 45.311107 38.365750
856 421.582542 8.620832 45.289763 38.322720
857 427.064798 7.680966 45.298057 38.380767
858 425.206445 9.418578 45.261306 38.294794
859 425.183785 10.644461 45.245368 38.323289
860 426.524212 12.391158 45.177848 38.266834
861 424.999569 12.360357 45.224783 38.322634
862 427.872193 13.803784 45.220752 38.300731
863 426.743201 13.412222 45.175541 38.281368
864 426.592442 10.193399 45.155141 38.315068
865 424.731480 9.208930 45.143577 38.268870
866 424.788241 8.332883 45.271892 38.365574
867 423.221428 8.884761 45.229786 38.300435
868 422.891997 7.615840 45.288708 38.368869
869 424.972649 7.682817 45.268531 38.345213
870 424.045442 8.627413 45.240196 38.305227
871 423.083896 8.182707 45.274873 38.347076
872 422.791680 6.384784 45.329378 38.365506
873 423.400524 5.815497 45.332621 38.350964
874 423.745467 6.339529 45.330864 38.321787
875 424.354274 5.563861 45.328835 38.358342
876 425.026301 4.844328 45.327334 38.351276
877 426.623375 6.798070 45.313802 38.330414
878 425.774885 7.729028 45.298222 38.329123
879 423.820579 7.952052 45.267207 38.322757
880 424.532715 8.208775 45.253971 38.332490
881 425.429649 7.041734 45.278819 38.366225
882 424.946689 7.788981 45.311750 38.336454
883 424.446949 7.259656 45.287335 38.354618
884 424.643693 7.840417 45.301858 38.331569
885 425.083124 8.599845 45.298990 38.329779
886 424.339690 8.995367 45.242407 38.317798
887 424.925953 7.899083 45.292429 38.366962
888 425.448458 8.457574 45.258351 38.338415
889 425.214833 8.511169 45.284918 38.336683
890 424.791551 8.663745 45.283614 38.332496
891 424.794687 8.642152 45.264949 38.326707
892 423.483284 8.498469 45.263636 38.327194
893 423.656190 6.776679 45.321105 38.362168
894 424.012654 6.578836 45.322615 38.343500
895 424.485519 5.728811 45.328922 38.361162
896 425.524004 5.736495 45.318159 38.339479
897 425.935322 7.936635 45.294197 38.317505
898 423.199889 8.740204 45.310732 38.330568
899 425.051299 6.328102 45.311322 38.387310
900 425.255413 6.895437 45.304950 38.339376
901 425.444899 7.491940 45.306436 38.337987
902 425.213291 7.299152 45.271746 38.341800
903 424.793191 7.331288 45.271167 38.335301
904 423.856465 7.596513 45.285797 38.330251
905 424.825832 8.292469 45.217762 38.305746
906 423.913399 8.281363 45.276129 38.327800
907 424.909147 6.582197 45.263660 38.380600
908 424.914096 6.883537 45.313711 38.348565
909 424.894019 7.200895 45.313711 38.348565
910 424.629419 6.968277 45.251122 38.342914
911 424.943842 6.844740 45.314095 38.353020
912 425.498911 7.437674 45.321565 38.350111
913 424.381179 7.823980 45.289461 38.346861
914 425.906636 8.660598 45.278522 38.335239
915 423.658094 8.427904 45.298764 38.334064
916 425.332878 6.765038 45.230732 38.363297
917 426.064239 7.238436 45.295595 38.349960
918 423.141530 6.693234 45.267930 38.334023
919 423.358681 6.381192 45.320595 38.338009
920 423.675423 6.209585 45.320207 38.336770
921 424.652277 5.392863 45.321832 38.361898
922 426.468158 5.269874 45.317913 38.342029
923 423.789532 6.934799 45.310365 38.313130
924 425.133816 6.821421 45.330504 38.357206
925 425.538113 6.720488 45.325442 38.350511
926 426.419317 6.816346 45.323941 38.349978
927 424.584219 7.048856 45.317727 38.339545
928 425.806190 6.744834 45.310901 38.348904
929 423.929455 6.917688 45.317740 38.340522
930 424.889281 6.687456 45.311372 38.345996
931 424.473123 6.167154 45.324181 38.354496
932 424.520406 5.950553 45.322294 38.347941
933 424.828049 5.827511 45.322025 38.347618
934 424.454854 7.935540 45.306801 38.319843
935 424.549780 8.862763 45.287923 38.318410
936 423.812661 7.745998 45.253246 38.349231
937 423.232727 7.485487 45.279362 38.332421
938 423.954277 6.286738 45.320721 38.351996
939 424.265453 5.156690 45.325926 38.367075
940 425.275169 4.855324 45.327868 38.352325
941 425.313618 7.053663 45.320354 38.326190
942 425.610396 7.530181 45.317579 38.345545
943 424.340621 8.761400 45.264934 38.325325
944 425.052447 6.604113 45.294028 38.395935
945 425.533247 6.620344 45.319382 38.348240
946 426.081159 6.606668 45.318940 38.350028
947 423.830125 5.599029 45.313613 38.365295
948 426.367596 4.460566 45.321372 38.374253
949 424.233577 5.805739 45.294434 38.319300
950 426.048447 6.039069 45.309278 38.333313
951 423.533909 8.707765 45.284747 38.292034
952 423.704617 6.541567 45.321174 38.376205
953 425.285619 5.557786 45.302054 38.375272
954 425.918624 7.535713 45.309947 38.322336
955 423.457931 7.902555 45.284942 38.326673
956 425.710401 5.891157 45.302340 38.387620
957 424.056226 7.868793 45.309452 38.305153
958 424.384301 8.488011 45.196079 38.282677
959 425.902666 7.979726 45.300797 38.357716
960 423.213574 8.508615 45.307920 38.329603
961 424.983699 5.374803 45.347388 38.412022
962 425.412764 7.738947 45.315655 38.315039
963 425.175069 9.830995 45.267691 38.313447
964 425.202092 9.810853 45.268416 38.352728
965 425.225187 9.769549 45.268414 38.352747
966 424.986388 9.990372 45.258136 38.344069
967 426.291751 10.975047 45.269572 38.327800
968 425.779833 13.583946 45.139235 38.208934
969 427.790684 13.995301 45.202968 38.297261
970 427.822716 12.982644 45.234091 38.326777
971 428.947054 12.610084 45.232008 38.326406
972 430.285995 12.851845 45.258883 38.316702
973 428.104041 12.695656 45.252693 38.301623
974 429.240170 11.983420 45.260837 38.350019
975 429.645144 12.491945 45.244331 38.300125
976 428.558414 12.236079 45.253854 38.308513
977 429.730070 12.729210 45.221203 38.305144
978 427.962645 14.338436 45.272228 38.286400
979 430.471120 12.421645 45.262727 38.387897
980 429.396966 13.295249 45.277810 38.293567
981 429.643930 12.422392 45.234479 38.328409
982 427.263657 13.286903 45.264925 38.298911
983 429.065616 12.339216 45.194148 38.327868
984 429.833092 12.960492 45.260102 38.300848
985 429.005939 12.835962 45.253673 38.308109
986 430.019775 13.172995 45.268360 38.312717
987 429.267940 12.618193 45.259492 38.312942
988 429.372295 13.537372 45.308966 38.319157
989 429.377155 12.876355 45.273638 38.332734
990 429.964138 13.868375 45.267207 38.302561
991 430.694188 13.172179 45.255101 38.306200
992 430.668933 12.119256 45.234251 38.299315
993 431.000301 10.702164 45.230708 38.323939
994 428.402916 11.296801 45.260655 38.299165
995 428.485614 10.524178 45.254418 38.334401
996 428.703365 10.027940 45.318738 38.350090
997 428.484126 10.559799 45.307948 38.327513
998 428.628375 10.143981 45.319708 38.348313
999 428.741046 10.559129 45.313214 38.339894
1000 427.090391 11.872869 45.297289 38.317688
