121 151.140612 163.937208 41.487220 148.950472
122 157.155644 164.780453 41.306138 150.256653
123 157.243187 164.899306 41.487220 150.449973
124 162.323968 163.769903 42.326611 152.078054
125 162.401049 163.978018 42.486912 152.449309
126 162.397979 164.000506 42.486912 152.449309
127 170.070555 163.233956 45.120013 143.438273
128 170.250256 163.262130 45.485989 143.452300
129 176.681316 161.156271 46.669994 146.016275
130 180.274513 159.839017 46.932656 148.524613
131 180.297553 160.073918 46.985527 148.950472
132 187.130972 156.943607 47.599584 155.714262
133 187.320322 157.083553 47.985219 155.948145
134 187.316854 157.106557 47.985219 155.948145
135 193.867562 154.532903 50.263488 157.930622
136 193.974394 154.564631 50.484449 157.947480
137 198.723203 151.807927 52.621566 160.764672
138 198.900431 151.922574 52.983679 160.946483
139 198.896602 151.946315 52.983679 160.946483
140 205.506148 151.369740 58.092918 161.532045
141 205.696455 151.600682 58.481985 161.946151
142 205.692229 151.624571 58.481985 161.946151
143 205.688003 151.648460 58.481985 161.946151
144 205.683777 151.672348 58.481985 161.946151
145 219.739220 151.669262 61.970715 157.360207
146 219.739838 151.736207 61.980908 157.447646
147 224.942931 151.094684 62.075391 158.053125
148 225.141097 151.315151 62.480754 158.447314
149 225.136582 151.338524 62.480754 158.447314
150 225.132067 151.361896 62.480754 158.447314
151 225.127552 151.385269 62.480754 158.447314
152 240.958990 148.855979 61.365318 159.727761
153 241.012419 148.989100 61.481062 159.946815
154 241.007976 149.012694 61.481062 159.946815
155 249.788044 147.550769 63.991572 159.772163
156 249.777780 147.661689 63.980292 159.946815
157 256.044522 147.401492 65.631430 152.846466
158 256.213877 147.475392 65.979676 152.949142
159 262.604867 147.111038 66.346014 152.185613
160 262.666817 147.265374 66.479522 152.449309
161 262.662013 147.287862 66.479522 152.449309
162 274.316465 141.960576 66.388379 160.622360
163 274.357233 142.146379 66.479522 160.946483
164 280.432257 139.437948 66.477385 164.352212
165 280.814831 139.286352 66.515598 164.669877
166 281.041876 139.448322 66.979368 164.945153
167 288.099270 134.416647 68.027355 167.602704
168 288.320097 134.612146 68.478906 167.944156
169 293.674592 133.824730 69.203389 172.170496
170 293.913785 134.084116 69.522844 172.571438
171 294.136528 134.295155 69.978444 172.942494
172 298.958451 135.405208 72.288377 169.611805
173 299.047862 135.596119 72.477674 169.943491
174 302.787869 138.798028 73.285903 167.426871
175 302.936733 139.006529 73.462643 167.327760
176 302.939962 139.270927 73.473027 167.131183
177 302.938606 139.653071 73.472891 167.097318
178 302.935085 139.939425 73.471555 167.284862
179 313.308023 155.043707 77.305016 158.166150
180 313.413992 155.393540 77.524826 158.238913
181 313.633934 155.521113 77.975981 158.447314
182 313.628300 155.544486 77.975981 158.447314
183 313.622665 155.567859 77.975981 158.447314
184 323.423426 163.504078 80.275252 157.099655
185 323.522592 163.711716 80.473050 157.438627
186 323.523600 163.751820 80.472616 157.437020
187 335.210742 164.886812 83.267211 153.946646
188 335.330258 164.917498 83.465934 153.939770
189 342.944779 166.528808 84.306790 151.240472
190 346.192724 167.513824 84.592975 150.829843
191 346.389755 167.625629 84.976415 150.943694
192 352.318294 174.008139 85.881464 150.063335
193 352.519417 174.015435 86.052736 150.804746
194 352.881357 173.883396 86.525169 151.390534
195 364.666167 177.800427 84.499469 149.043783
196 365.014078 178.516668 84.900856 150.110460
197 365.264847 179.383385 85.490038 151.040046
198 365.376179 180.695545 86.069135 152.112992
199 365.922487 183.316946 86.907890 152.556153
200 382.486943 193.028384 91.254431 154.248848
201 382.634545 193.290562 91.533770 154.529955
202 384.267349 198.578078 92.878683 153.535486
203 384.293138 199.035245 93.025264 153.685986
204 384.530288 199.498379 93.528726 153.677071
205 387.747347 237.295582 98.767651 140.303277
206 387.795090 237.154984 98.991522 140.418600
207 387.855133 237.564830 99.343161 140.030280
208 387.968728 237.919424 99.525317 140.413790
209 387.940376 239.885049 101.866665 138.978543
210 388.229093 240.551297 102.307709 138.852281
211 388.550888 241.342343 102.789599 138.841278
212 389.256917 244.337258 104.947777 137.966066
213 389.328105 245.201393 105.591928 137.446105
214 389.580614 245.918452 106.464304 137.041333
215 389.727349 246.632312 106.719454 137.301980
216 390.030223 247.387392 107.362013 137.182455
217 390.338564 248.785975 108.062655 136.964149
218 390.836807 250.038535 109.089070 136.616258
219 391.309909 251.121391 109.840652 136.879845
220 391.634770 251.975194 110.330254 136.908275
221 392.035738 252.997397 110.871979 136.996191
222 392.484272 254.040935 111.253736 137.131934
223 392.954906 255.235681 111.738881 137.669210
224 393.566133 256.771980 112.242905 138.406054
225 394.312087 258.521554 112.787163 139.307204
226 395.084856 260.234498 113.516729 139.701386
227 396.003299 262.059131 114.498052 139.822599
228 396.552671 263.319313 114.766978 140.140911
229 397.155585 264.734424 115.322520 140.488068
230 397.701919 265.819227 115.735973 140.587302
231 398.487318 267.516989 116.355116 140.850740
232 399.173599 269.155496 116.871790 140.652978
233 399.763748 270.836347 117.277310 140.909523
234 400.269813 272.189341 117.773755 140.785833
235 401.021440 273.948634 118.378856 140.586027
236 401.978122 276.447091 118.988471 140.336064
237 403.319972 278.858249 119.795693 138.874532
238 404.447425 280.940672 121.073193 137.232641
239 405.689553 283.145684 122.453593 135.926044
240 406.322595 284.899458 123.531496 134.591137
241 407.363409 287.001542 124.963902 133.831797
242 408.295061 289.333160 125.664014 133.344150
243 409.023272 290.817615 126.674144 132.846451
244 409.877164 292.185570 127.800284 132.285530
245 410.743294 293.421323 129.006140 131.490464
246 411.692727 294.954622 130.731458 130.475196
247 412.888478 296.730850 132.791278 129.151231
248 413.293446 298.420608 135.078176 128.143844
249 413.599473 300.243171 137.965747 127.340214
250 413.031119 301.013356 140.472331 126.328088
251 412.255303 301.898062 142.891060 125.527975
252 411.585640 303.708528 145.067540 125.359249
253 411.109557 304.422288 147.067595 124.710670
254 410.582855 305.291412 149.125111 124.064410
255 409.982398 306.597212 151.207662 123.203537
256 409.144430 307.943961 153.081857 122.479871
257 408.472408 309.009382 154.861894 121.569961
258 407.351321 310.310687 156.891306 120.965396
259 406.117523 311.504114 159.049596 119.814194
260 404.661419 312.896047 161.972375 118.774773
261 402.988159 314.355233 164.503487 117.847128
262 401.770413 315.403812 166.526206 117.365648
263 400.799351 316.576915 168.257824 117.111550
264 399.179270 318.459650 170.539899 116.948305
265 397.867317 320.583384 172.467623 116.868007
266 396.587456 322.058584 174.155617 116.768466
267 395.701565 323.513706 175.912649 116.859147
268 394.635716 325.049773 177.353172 117.010148
269 393.762032 326.996774 178.741081 117.456802
270 393.017110 329.159396 180.385242 117.648105
271 392.674784 331.054755 181.684827 118.180909
272 392.633183 333.522832 183.127416 118.702989
273 392.760273 336.260072 184.718362 119.319773
274 392.855423 338.300863 186.243980 119.886042
275 392.989267 339.549120 187.324329 120.700190
276 393.240208 340.975486 188.341936 121.790430
277 393.783786 342.470505 189.273441 122.845096
278 394.412528 343.935428 190.476464 123.823424
279 394.922139 345.408140 191.519251 124.948310
280 395.593343 346.942001 193.076184 125.792605
281 396.786779 348.910351 194.485625 126.908708
282 398.166813 350.941710 195.557810 128.134663
283 399.336966 352.590631 196.768139 129.645546
284 400.593704 354.329635 197.845244 131.242287
285 401.990807 355.987029 198.792443 132.773232
286 402.659071 356.788437 199.481968 133.813505
287 403.108020 357.446105 199.944424 134.766844
288 403.729805 358.186072 200.411940 135.971144
289 404.377700 358.899276 200.997648 136.943598
290 404.953013 359.629968 201.418063 137.630331
291 405.812471 360.877385 202.109318 139.016849
292 406.630428 361.979614 203.139939 140.593110
293 407.859654 363.588728 204.085653 142.365503
294 409.560662 365.719712 205.283294 144.070954
295 410.061494 366.587469 206.164480 145.061001
296 410.537928 367.373913 207.162308 145.937551
297 410.897696 367.913559 208.366232 146.402922
298 411.217416 368.613351 209.456436 147.006090
299 411.374659 369.249960 210.235824 147.890878
300 411.585661 369.760592 211.465761 148.434913
301 411.685489 370.228555 212.402203 148.934995
302 411.911285 370.894343 213.544204 149.554479
303 412.066916 371.569668 215.496810 150.961883
304 411.831540 371.767623 217.463538 152.601564
305 411.373546 372.112345 219.355803 154.063452
306 410.729929 372.360559 221.469380 155.283480
307 410.067363 372.647071 223.381790 156.048519
308 409.127857 373.046009 225.936112 157.099246
309 408.200744 373.461155 228.604674 158.143901
310 407.287669 373.862056 232.044857 159.515611
311 406.176018 373.959986 235.661483 161.006798
312 405.601947 374.093222 237.786020 162.134748
313 404.692613 373.953854 240.132448 163.261076
314 403.837589 373.720612 242.705869 164.321432
315 402.942971 373.490050 245.125175 165.187775
316 402.493898 373.466683 246.867688 165.910658
317 401.979275 373.320163 248.228845 166.374150
318 401.680062 373.186447 249.447135 166.937727
319 401.350867 373.068257 250.296962 167.346653
320 401.048223 372.948602 251.441487 167.992839
321 400.759643 372.819594 252.305281 168.397715
322 400.505695 372.773235 253.519463 169.038542
323 400.505511 372.900372 254.683691 169.932788
324 400.437344 372.864678 255.650221 170.348333
325 400.488564 372.883040 256.381702 170.753683
326 400.384541 372.913840 256.925916 171.282395
327 400.288938 372.955372 257.362225 171.733606
328 400.244065 373.022850 257.731610 172.144668
329 400.248346 373.119882 258.236108 172.655584
330 400.271858 373.233074 258.688382 173.111233
331 400.300820 373.353314 259.232688 173.637268
332 400.288748 373.442044 259.749322 174.153983
333 400.279658 373.532768 260.209039 174.623572
334 400.302301 373.652531 260.667530 175.092083
335 400.364455 373.805542 261.123969 175.564136
336 400.470435 373.999455 261.551960 176.004095
337 400.601631 374.214854 262.062591 176.511042
338 400.752181 374.451779 262.506371 176.964358
339 400.926860 374.461042 263.004991 176.956078
340 401.087468 374.461540 263.539277 176.978689
341 401.210059 374.432611 264.072422 176.999359
342 401.336709 374.413377 264.518124 176.962214
343 401.468521 374.393235 265.061412 176.990066
344 401.560126 374.344802 265.589405 177.002102
345 401.659196 374.555037 266.079008 177.502810
346 401.765477 374.757620 266.615907 178.048236
347 401.864010 374.942468 267.140951 178.572918
348 401.931249 375.095263 267.695094 179.112027
349 401.968344 375.224961 268.202743 179.617373
350 401.980248 375.334100 268.750492 180.159885
351 401.980363 375.431610 269.204551 180.621469
352 401.981268 375.535008 269.772192 181.158797
353 401.967430 375.630635 270.197213 181.614405
354 401.980526 375.739781 270.728431 182.138916
355 401.899991 375.807489 271.369474 182.689919
356 401.707199 375.828226 271.935857 183.224794
357 401.550389 375.881375 272.303173 183.633262
358 401.523698 376.000142 272.680770 184.093766
359 401.477699 376.094309 273.324517 184.663372
360 401.427566 376.197229 273.693405 185.091100
361 401.450497 376.334862 274.183307 185.593531
362 401.540610 376.524190 274.566558 186.015042
363 401.693719 376.757189 275.063008 186.510832
364 401.863911 377.007087 275.529413 186.987071
365 402.035730 377.008407 276.063843 187.004129
366 402.210524 377.269155 276.518524 187.469074
367 402.416894 377.301873 277.004570 187.471032
368 402.608319 377.320390 277.556290 187.494913
369 402.780914 377.332509 278.041545 187.486455
370 402.963490 377.354391 278.535736 187.473983
371 403.161910 377.385236 279.011308 187.473848
372 403.372164 377.416641 279.514394 187.471855
373 403.573964 377.445153 280.014460 187.467268
374 403.766243 377.468671 280.526951 187.473947
375 403.954035 377.488734 281.025901 187.479785
376 404.126708 377.494085 281.548296 187.490237
377 404.227693 377.462131 282.182231 187.547886
378 404.069451 377.587184 282.986129 188.105844
379 403.832204 377.717532 283.337052 188.555261
380 403.550670 377.828781 284.030933 189.095548
381 403.437073 377.927843 285.010354 189.592213
382 403.183254 377.986515 286.263674 190.121521
383 402.880782 378.067749 287.102467 190.551214
384 402.669990 378.185319 288.058658 191.027550
385 402.356872 378.301356 289.268425 191.538936
386 401.915802 378.373657 290.342968 192.108920
387 401.444431 378.402256 291.335241 192.626754
388 401.061528 378.454157 292.174196 193.078271
389 400.836509 378.552814 293.038917 193.562050
390 400.685514 378.667294 294.000411 194.016707
391 400.581372 378.812078 294.935862 194.489891
392 400.072352 378.714242 295.755128 194.446319
393 399.811511 378.650025 296.499635 194.474458
394 399.345147 378.553496 297.158968 194.487173
395 399.041059 378.451231 298.143813 194.473920
396 398.790508 378.368169 299.089057 194.478965
397 398.488451 378.299491 300.189043 194.409639
398 398.203730 378.258586 301.091743 194.446950
399 398.101550 378.218641 301.867409 194.455789
400 397.624256 378.139609 302.779210 194.459480
401 397.308040 378.054631 303.576467 194.507336
402 397.209406 378.238404 304.375863 194.951035
403 396.954684 378.188360 304.874231 194.967633
404 396.832590 378.156546 305.155310 194.969687
405 396.637691 378.082708 305.959455 194.978660
406 396.482752 378.051508 306.135932 194.956270
407 396.406509 378.005151 306.754419 194.961179
408 396.243856 377.948017 307.282399 194.960240
409 396.161000 377.921740 307.654208 194.948841
410 396.112216 377.897648 307.887784 194.938017
411 395.960803 377.885997 308.039197 194.930932
412 396.060576 377.890786 307.939424 194.938752
413 395.939739 377.887871 308.060261 194.934214
414 396.021006 377.891465 307.978994 194.929881
415 395.797581 377.871264 308.193129 194.934214
416 395.797940 377.869558 308.202060 194.932039
417 395.765384 377.864244 308.234616 194.926990
418 395.721786 377.862654 308.278214 194.928970
419 395.712083 377.874942 308.287917 194.918770
420 395.592011 377.883729 308.407989 194.898565
421 395.464095 377.901781 308.535905 194.918612
422 395.556875 377.907114 308.443125 194.937264
423 395.470350 377.915413 308.490159 194.916399
424 395.354881 377.941629 308.473609 194.891749
425 395.273473 377.986336 308.458267 194.902730
426 395.193824 378.022520 308.466328 194.904255
427 395.071308 378.044199 308.561357 194.935386
428 395.137570 378.045478 308.862430 194.931611
429 395.094065 378.059662 308.905935 194.911480
430 394.910653 378.046700 309.089347 194.956261
431 394.947575 378.032111 309.052425 194.938287
432 395.010308 378.027941 308.989692 194.932857
433 394.844279 378.017885 309.105586 194.947781
434 394.885124 378.006829 309.114876 194.938101
435 394.883070 377.995955 309.116930 194.928347
436 394.916162 378.003328 309.083838 194.908690
437 395.018605 378.029206 308.981395 194.922945
438 394.884145 378.031879 309.050259 194.939077
439 394.865817 378.000813 309.134183 194.959915
440 394.891005 377.981859 309.108995 194.940193
441 394.930234 377.972542 309.069766 194.944489
442 395.001224 377.965958 308.998776 194.942044
443 394.864159 377.964466 309.043289 194.932541
444 394.963514 377.969315 309.036486 194.932513
445 395.067362 377.984072 308.932638 194.906068
446 394.973754 378.005913 309.022234 194.922991
447 395.104386 378.022399 308.895614 194.932327
448 395.010194 378.028043 308.989806 194.925818
449 394.854746 378.031986 309.091736 194.932448
450 394.891669 378.034352 309.108331 194.923345
451 394.947582 378.042349 309.052418 194.927808
452 395.077128 378.065957 308.922872 194.920639
453 395.013377 378.090770 308.986503 194.919542
454 394.919623 378.116354 308.976057 194.914706
455 394.807517 378.137791 309.032725 194.928877
456 394.948592 378.164705 309.051408 194.907444
457 395.079381 378.206799 308.920619 194.894408
458 394.980171 378.235205 309.019829 194.926980
459 395.115002 378.255359 308.884998 194.920453
460 395.071426 378.282869 308.928574 194.905390
461 394.996367 378.313344 308.997171 194.915999
462 394.860709 378.333307 309.059453 194.925762
463 394.960482 378.351523 309.039518 194.926794
464 395.024813 378.357525 308.975187 194.938566
465 394.876822 378.361509 309.100164 194.927315
466 394.935077 378.374727 309.064923 194.926831
467 395.000327 378.379408 308.999673 194.950189
468 394.825256 378.366526 309.141140 194.953583
469 394.878032 378.367651 309.121968 194.938473
470 394.943419 378.377567 309.056581 194.935042
471 395.002288 378.374880 308.997712 194.943801
472 394.873550 378.378674 309.048255 194.937645
473 394.967632 378.387024 309.032368 194.934233
474 395.024366 378.381477 308.975634 194.943438
475 394.891402 378.378553 309.060808 194.934968
476 394.983266 378.388242 309.016734 194.931425
477 395.146415 378.422790 308.853585 194.910160
478 395.105683 378.457696 308.894317 194.909127
479 395.049196 378.509622 308.932075 194.853589
480 394.975819 378.584576 308.936805 194.863556
481 394.904086 378.654769 308.936097 194.867090
482 394.838319 378.726496 308.932163 194.866504
483 394.768641 378.799065 308.931736 194.860860
484 394.698719 378.873721 308.931721 194.861650
485 394.636497 378.946894 308.931751 194.872818
486 394.573743 379.018036 308.933917 194.866904
487 394.521076 379.090554 308.928907 194.880702
488 394.455486 379.154786 308.929423 194.866709
489 394.393028 379.222009 308.942389 194.878471
490 394.321006 379.283443 308.936039 194.871200
491 394.259498 379.349331 308.931500 194.876946
492 394.213888 379.413954 308.927625 194.889806
493 394.174504 379.472519 308.929850 194.894901
494 394.097524 379.526064 308.933239 194.862283
495 394.014342 379.595480 308.937718 194.858982
496 393.930011 379.666222 308.933504 194.859437
497 393.853444 379.739656 308.933121 194.860869
498 393.776627 379.812782 308.932296 194.859902
