2 347.434670 350.224953 44.590538 60.961246
3 347.677006 350.207006 44.937290 61.114999
4 347.754008 350.302465 44.941805 61.681082
5 347.953136 350.185215 44.837827 62.272553
6 348.348013 349.395961 44.667520 63.439289
7 348.570225 349.212606 44.877316 63.796760
8 348.804057 348.417620 44.752057 65.034717
9 349.014411 348.364703 44.923450 65.768699
10 350.034286 346.109964 44.571480 67.398702
11 350.266674 346.070848 44.984924 67.561170
12 350.491482 345.449714 44.867029 68.402371
13 350.659642 344.887068 44.874962 68.922902
14 350.883783 344.059498 44.793150 69.502568
15 351.311470 341.587631 44.497056 70.640449
16 351.413676 341.596213 44.428625 71.077881
17 351.869849 340.498631 44.322026 71.280616
18 353.645278 340.093230 44.071558 71.391230
19 354.002381 340.029247 44.440314 71.483430
20 356.575753 337.166863 44.133889 71.200710
21 356.768401 337.320374 44.495156 71.490870
22 356.854557 337.315206 44.460984 71.508922
23 358.692436 336.721331 43.944115 72.364516
24 358.881152 336.605133 43.917199 72.495164
25 360.834534 333.981585 42.675272 72.504346
26 360.996906 334.229374 42.997347 72.993369
27 360.998241 334.232651 42.997347 72.993369
28 361.029313 334.207013 42.980294 72.966820
29 361.769250 333.938739 42.742205 72.630049
30 364.163212 331.918164 42.076340 71.860478
31 364.394393 332.025364 42.468671 71.904642
32 364.491580 332.049227 42.444458 71.891150
33 364.811295 332.058845 42.365451 71.336361
34 365.284096 332.393331 42.269212 70.077928
35 365.858418 333.148256 42.102695 68.744761
36 366.991808 333.935467 42.152336 67.194466
37 367.658497 334.160708 42.112200 67.228124
38 367.908012 334.311394 42.421493 67.468637
39 368.529698 334.590986 42.096298 66.982769
40 368.865247 334.636303 42.389696 66.657548
41 369.171628 334.485911 42.362911 66.693998
42 369.918955 333.757058 42.201322 66.653264
43 370.148118 333.735290 42.444089 66.893495
44 370.880027 332.767798 42.219196 66.741735
45 371.454775 332.602526 42.306470 66.915488
46 371.679633 332.518887 42.430795 66.961758
47 372.104232 331.911289 42.325086 66.898303
48 372.307511 331.852380 42.448728 66.971307
49 372.363112 331.832043 42.484444 66.986761
50 373.939058 329.711639 42.132859 66.325732
51 375.158826 329.824822 42.235163 66.314387
52 375.291253 329.917594 42.497378 66.493959
53 375.292572 329.920579 42.497378 66.493959
54 375.351815 329.889122 42.466805 66.479068
55 376.651953 327.583202 42.078748 66.091085
56 377.397357 327.342510 42.342283 66.051483
57 377.840662 327.038841 42.338745 66.176206
58 378.812906 326.655303 42.241091 65.944773
59 378.998974 326.625887 42.473736 65.957360
60 380.227837 325.057374 42.157380 65.799497
61 380.410143 325.149538 42.491493 65.993070
62 380.596004 324.932597 42.412218 66.003575
63 381.016773 324.759194 42.360984 66.526601
64 382.039551 322.830916 42.252689 66.788628
65 382.386539 322.435802 42.431326 66.894245
66 382.421610 322.488146 42.497005 66.993460
67 382.494799 322.356617 42.479394 66.919890
68 383.295385 320.506949 42.522331 66.091895
69 383.534227 320.710967 42.997347 66.493959
70 383.913832 319.873966 42.933370 66.005595
71 384.637874 319.730055 42.886966 65.942018
72 384.881896 319.461511 42.949577 65.661306
73 385.526250 318.964177 42.859929 65.802606
74 386.021647 318.512483 42.908698 65.754383
75 386.945655 317.737801 42.859464 65.841731
76 387.449490 317.705502 42.896703 65.907305
77 387.508904 317.747210 42.994056 65.993303
78 388.061992 317.424520 43.033477 66.009552
79 389.355604 316.974323 43.485333 66.452623
80 390.093568 316.612479 43.469339 66.528152
81 390.287360 316.432432 43.495713 67.014370
82 390.685912 315.558221 43.529127 67.502691
83 391.122983 314.860392 44.045054 67.958425
84 391.350465 314.881144 44.497254 67.993823
85 391.462539 313.190014 44.497445 67.458293
86 391.465596 312.331081 44.548123 67.102059
87 391.793673 311.669851 44.944043 67.261875
88 392.124950 310.210146 44.916944 67.121982
89 392.246343 310.310121 44.968247 67.427960
90 393.614463 308.929413 44.651246 67.390521
91 393.790370 308.972128 44.990080 67.486881
92 394.202032 308.222137 44.750037 67.368351
93 394.410484 308.185950 44.930228 67.449474
94 395.112231 307.508366 44.532755 67.379227
95 395.617280 307.298936 44.799465 67.430261
96 395.820096 306.923836 44.709028 67.378390
97 396.382936 306.044361 44.260009 67.353728
98 396.550000 305.500617 44.132864 67.362647
99 396.778179 305.278018 44.206415 67.413476
100 397.855078 302.067349 43.766580 67.349789
101 399.129361 300.531366 43.317961 67.445199
102 399.299486 299.985804 43.377170 67.574875
103 399.453311 299.061254 43.290491 68.261141
104 399.557470 298.534638 43.381223 68.606028
105 399.599312 298.299976 43.409860 68.891052
106 399.638882 298.325917 43.484157 68.971277
107 399.940240 298.465375 43.410071 68.360656
108 400.069004 298.650283 43.496383 67.672781
109 400.252680 298.875046 43.455729 67.466117
110 400.713389 297.983555 43.330468 66.664734
111 400.860936 297.991390 43.448619 66.576356
112 401.060964 298.028399 43.388528 65.987373
113 401.221829 298.053875 43.437646 65.078009
114 401.668696 298.869775 43.389169 64.092798
115 402.808606 298.035435 43.180046 63.583342
116 402.966065 298.233779 43.496109 63.982855
117 403.035347 297.895745 43.485769 63.882501
118 403.137151 297.098558 43.450106 63.784879
119 403.736213 295.384638 43.370939 63.685904
120 403.846421 295.500774 43.469959 63.969324
121 404.276991 294.704226 43.324988 63.620285
122 404.992386 294.217994 43.257505 63.584042
123 405.423167 293.701857 43.350723 63.770404
124 405.844729 293.392760 43.310981 63.713385
125 406.442426 292.520058 43.244675 63.040161
126 407.111381 291.900629 43.254499 62.918537
127 407.389056 291.722493 43.407812 62.623556
128 407.896221 291.187264 43.281699 62.291330
129 408.556871 290.184318 43.214945 61.778271
130 409.569358 289.258574 42.994551 61.662052
131 409.584162 289.159637 42.949862 61.805514
132 409.959659 288.209481 42.760306 61.445118
133 410.660076 287.683509 42.693383 61.064681
134 411.232429 286.513109 42.755244 60.878355
135 412.427679 284.079293 42.492793 60.389698
136 412.431232 284.134389 42.497400 60.494429
137 412.435057 284.135490 42.496178 60.490688
138 412.456151 284.113675 42.489794 60.467338
139 412.737237 283.422190 42.396449 60.382127
140 412.972696 282.810014 42.462132 60.306131
141 413.042703 282.785680 42.495829 60.383803
142 413.149237 282.429411 42.529442 60.202210
143 413.390136 282.513795 43.003742 60.456889
144 413.640624 282.285692 43.504918 60.464392
145 413.786364 280.052060 43.958124 60.425288
146 413.807310 280.089385 43.997285 60.494504
147 413.808676 280.092101 43.997285 60.494504
148 413.810042 280.094817 43.997285 60.494504
149 413.810950 280.088801 44.001381 60.498344
150 414.039425 279.619828 44.494146 60.672844
151 413.852439 276.061900 44.460040 60.894277
152 413.860717 276.112987 44.505706 60.992984
153 414.091013 276.109412 45.008199 60.993354
154 414.225370 275.976241 45.539352 60.953164
155 413.484820 273.964388 46.265592 60.177584
156 413.548261 274.061765 46.511727 60.410425
157 413.623598 273.871935 47.019231 60.340851
158 413.663103 273.610502 47.477049 60.323827
159 413.674636 273.673135 47.489044 60.481390
160 413.896611 272.932404 47.375895 60.362980
161 413.944729 272.772785 47.460508 60.477158
162 413.931751 271.978948 47.416672 60.404684
163 413.957348 271.902680 47.473830 60.498445
164 413.944111 271.403817 47.439038 60.530176
165 413.932364 269.822250 47.470836 60.544063
166 413.947095 270.005180 47.496113 60.954112
167 413.951664 269.390742 47.499735 60.683937
168 413.954768 267.976772 47.521399 60.266631
169 414.116120 267.956674 48.051270 60.192387
170 414.269475 267.867052 48.541348 59.913948
171 414.517206 267.667844 49.005759 59.118499
172 414.456112 266.420124 49.376238 58.854663
173 414.519063 266.458686 49.490523 58.953656
174 414.593183 266.193069 49.440305 58.789500
175 414.941227 265.700782 49.326616 59.002110
176 415.191179 264.388605 49.325094 59.379576
177 415.298261 264.415784 49.480872 59.485794
178 415.444939 263.889869 49.378001 59.534821
179 415.775153 263.564562 49.350862 59.968005
180 415.866410 263.564700 49.484847 59.987712
181 416.099333 263.298060 49.369185 59.905978
182 416.877250 262.358771 49.194621 59.861609
183 417.214967 262.198140 49.397528 59.908298
184 417.993253 261.422605 49.225310 59.708688
185 419.041270 260.697289 49.261317 58.969760
186 419.432358 260.344354 49.427693 58.618435
187 419.975376 259.848017 49.401305 58.277574
188 420.094673 259.952775 49.489593 58.299285
189 420.428644 259.805063 49.435700 58.289901
190 422.048583 259.356735 49.188246 57.843165
191 422.348203 259.383606 49.437236 57.953753
192 422.392293 259.400479 49.489681 57.993202
193 422.597763 259.409769 49.402756 57.999430
194 423.111956 259.421537 49.329534 57.976763
195 423.524243 259.573308 49.402607 57.954798
196 424.164307 259.788894 49.303093 57.940364
197 424.277999 259.830576 49.491517 57.994911
198 424.284658 259.831793 49.495657 57.994198
199 424.404204 259.722732 49.462471 57.938030
200 425.829009 257.280491 49.718348 56.289824
201 425.968839 257.379337 49.993820 56.490126
202 425.986126 257.123962 49.967697 56.434969
203 425.999753 257.141875 49.995801 56.486201
204 425.992227 257.075230 49.995921 56.470871
205 426.842272 255.764781 49.931405 56.210082
206 426.775607 254.937060 49.992220 56.221554
207 426.758668 254.736160 50.001764 56.384158
208 426.688303 253.319088 50.602659 56.012734
209 426.781521 253.179052 50.971005 56.384241
210 426.614771 252.763584 51.016610 56.316029
211 426.754046 252.604835 51.482989 56.389861
212 426.496264 251.962413 51.486955 56.299635
213 426.505527 251.666903 51.495796 56.360886
214 426.584915 250.643336 51.505368 56.238063
215 426.874780 249.415016 51.940506 56.175360
216 426.952159 247.970312 52.022480 56.115308
217 427.189400 248.061981 52.474172 56.442822
218 427.177873 247.106447 52.445974 56.160879
219 427.160366 245.494897 52.405011 56.002717
220 427.228190 244.687458 52.388842 56.180883
221 427.193139 244.530680 52.451792 56.338861
222 427.359783 243.391832 52.390479 56.077463
223 427.415708 243.353203 52.419939 56.390845
224 427.484044 242.769744 52.373346 56.256615
225 427.569637 242.786276 52.459575 56.415649
226 427.692574 242.532655 52.387017 56.362850
227 427.878308 242.109050 52.341152 56.281819
228 428.071614 242.029355 52.388331 56.356982
229 428.258403 241.801069 52.364078 56.254788
230 428.346494 241.796590 52.443291 56.420014
231 428.382079 241.465763 52.380483 56.342517
232 428.475318 241.064580 52.356591 56.334465
233 428.638556 240.957466 52.376603 56.429333
234 428.848161 240.689206 52.318894 56.416016
235 429.341167 238.731763 51.600267 56.323570
236 429.530210 237.069589 51.292859 56.534973
237 429.614992 237.126529 51.358077 56.975786
238 429.709973 236.745732 51.254952 56.924875
239 429.731842 235.942979 51.127842 57.011736
240 430.038971 234.645255 50.957560 57.627991
241 430.130012 234.242814 50.791367 57.981268
242 430.416869 233.794743 50.804842 57.953025
243 430.562752 233.677262 50.926429 57.994223
244 430.691732 233.501077 50.925577 57.997873
245 431.017772 233.320335 50.845776 57.957965
246 432.185735 232.560033 50.612508 57.963930
247 432.642028 232.355795 50.899386 58.013311
248 433.569761 231.501201 50.783586 58.601948
249 433.902179 231.013300 50.944925 58.984352
250 433.989346 230.760181 51.008113 58.942467
251 434.205961 229.573185 51.478353 58.973133
252 433.993629 228.784024 51.468203 58.857324
253 433.147605 228.138169 51.325848 58.759994
254 432.964567 227.740225 51.274787 58.811315
255 433.079718 227.629762 51.373688 58.941083
256 433.097986 227.420075 51.340023 58.933661
257 433.122996 227.271455 51.357824 58.954922
258 433.140375 226.850766 51.265531 58.933709
259 433.327293 224.524679 50.815775 59.053510
260 433.463437 224.180468 50.521204 59.527098
261 433.279536 223.235154 50.140531 59.855819
262 433.285505 222.094351 49.624959 59.798215
263 433.665747 221.432495 49.323399 59.825340
264 433.734952 221.207959 49.205793 59.939704
265 435.749900 216.225039 48.129773 60.452745
266 435.939294 215.615217 48.228288 60.603010
267 436.250674 213.710124 48.103936 61.257729
268 436.611119 211.528033 48.529704 61.646437
269 439.399821 209.958805 49.609168 62.163287
270 439.533360 210.142534 50.144846 62.418503
271 439.670786 210.336458 51.294206 61.999276
272 439.541954 210.241964 52.882484 61.008731
273 439.201649 210.697645 53.735828 61.004974
274 439.419987 211.347978 56.345627 59.902799
275 440.926127 212.871519 59.181977 58.001739
276 440.077335 213.491433 60.006252 58.226799
277 446.530730 215.462677 61.893586 58.042414
278 450.795200 217.272390 61.580745 58.677791
279 448.201625 216.738512 62.016840 57.994662
280 457.086624 222.249416 62.609142 57.375664
281 467.410901 237.841998 59.528792 58.902249
282 476.340502 242.367391 58.660641 67.714993
283 479.573162 237.027063 58.547173 77.062193
284 480.101492 228.202697 58.425910 86.922434
285 480.078699 228.161622 58.614216 87.195535
286 480.223463 228.303624 59.421469 88.352840
287 481.069390 228.971791 59.881941 89.675353
288 481.781815 230.008871 60.115952 90.317878
289 483.174003 232.790478 61.708028 90.549502
290 486.152761 235.922704 62.096272 91.429370
291 487.387713 237.201736 62.443432 92.033515
292 490.701304 239.896738 62.205285 92.878442
293 495.448769 243.107851 62.028319 93.713946
294 495.769260 243.294275 62.449235 94.087090
295 502.594359 249.266592 61.095637 95.308924
296 502.819209 249.370860 61.475378 95.526726
297 503.866489 250.811108 60.663951 96.559703
298 505.882950 253.080778 60.117801 97.597633
299 509.013843 256.361574 59.085822 98.765111
300 512.406150 262.836199 58.420804 99.205218
