5 330.545372 112.651726 72.470686 134.153153
6 329.873078 116.186540 72.403952 131.142406
7 329.502980 117.106223 72.339167 130.943689
8 329.060010 118.050993 72.405574 130.411142
9 328.918294 118.435195 72.484996 130.489396
10 328.916213 118.428805 72.512694 130.499098
11 331.193025 118.800217 74.576498 131.692859
12 336.082924 119.551307 75.082508 131.767660
13 341.442826 120.516546 74.917454 131.802134
14 349.446899 122.492677 75.598884 132.254111
15 357.291771 123.118345 77.637959 132.313534
16 368.209701 124.575269 76.501519 133.851648
17 381.347561 126.554675 76.524423 133.050043
18 391.856993 126.753255 76.253694 134.604456
19 404.522479 128.931231 79.494293 137.272973
20 416.500910 128.374886 79.792449 135.313830
21 428.894346 129.104633 81.098736 133.571252
22 439.495063 127.999921 79.604650 133.802190
23 449.066624 126.879336 80.348267 138.489569
24 459.301526 126.955976 80.647903 138.228376
25 466.873238 126.282661 80.213194 137.763797
26 475.570204 126.154993 79.335909 134.751510
27 484.363241 127.556334 76.093029 134.350579
28 489.084878 128.491359 75.721030 133.902753
29 495.248342 129.045484 75.295955 134.136898
30 500.681560 129.701054 75.624888 133.910359
31 505.310582 129.675365 76.020407 133.648718
32 508.678364 129.724255 76.317420 133.737828
33 511.804025 129.884191 76.094229 134.386374
34 516.064451 129.388953 75.948109 133.853902
35 517.881822 129.296089 75.825347 133.494952
36 521.368571 129.248934 75.707539 133.274015
37 522.508992 129.412541 76.100261 132.862639
38 524.211385 129.832793 76.239591 132.104303
39 524.895906 130.169873 76.259715 132.102687
40 526.048742 130.834792 76.348397 131.331090
41 526.314043 131.002506 76.360504 131.237508
42 526.385159 131.123362 76.473739 131.482462
43 526.398351 131.122487 76.483866 131.489190
44 526.389828 131.112856 76.438097 131.447253
45 525.251016 130.944633 75.610855 131.097703
46 523.777348 131.098998 75.058712 130.953666
47 521.157407 131.304634 75.033903 130.594717
48 518.828884 131.452587 75.234830 130.768883
49 514.814195 131.382029 75.433952 131.142228
50 511.766084 131.730379 75.527195 130.851226
51 507.841928 131.307758 75.920124 130.684904
52 502.177771 131.696835 76.407587 130.867404
53 495.998113 131.147302 77.214404 130.837133
54 487.450725 131.090543 77.414710 130.062347
55 481.493065 128.691289 77.949630 128.341542
56 470.739833 128.759464 79.134239 128.711063
57 461.064493 127.374492 80.198672 130.332245
58 451.513465 125.643922 80.729291 131.734813
59 441.675906 124.329185 79.436236 129.677478
60 432.744068 124.871441 79.281814 126.791185
61 424.334493 124.396075 78.618787 126.436892
62 415.791791 124.309873 77.695770 125.690109
63 408.431232 123.743690 78.196202 127.481675
64 399.798869 122.888159 76.876942 127.573497
65 393.701494 122.495484 76.417938 127.235040
66 387.658185 122.794249 75.777523 126.986553
67 381.826556 122.042461 75.093252 126.943045
68 375.662329 121.457870 74.856489 128.078132
69 370.247697 120.727569 74.904553 129.509041
70 367.561810 120.599814 74.769555 130.713144
71 360.857040 118.682768 77.240739 131.576464
72 359.631701 118.320991 76.237884 132.354618
73 357.967150 117.404591 75.713913 132.966875
74 356.321638 116.914819 75.504720 132.976097
75 355.746874 116.243047 75.518647 133.182064
76 355.610643 115.786005 75.760884 133.603769
77 355.529796 115.763787 75.991723 133.983943
78 355.022094 114.583353 76.277182 133.246185
79 355.025192 114.516499 76.563786 133.284799
80 355.058726 114.236590 77.129580 132.893914
81 355.157458 113.918446 77.520928 132.571330
82 355.341743 113.351042 78.158841 132.113746
83 355.697216 113.225276 78.538813 132.006146
84 356.966119 112.719307 78.888587 131.701248
85 357.465203 112.637489 78.921337 131.703144
86 357.745130 112.686581 78.855139 131.857964
87 358.440647 112.688854 78.587919 131.737026
88 358.907516 112.852687 78.576595 131.755903
89 359.155464 112.963210 78.884277 131.928239
90 359.216132 112.987887 78.962070 131.975427
91 359.233440 112.988359 78.980969 131.986662
92 358.817799 112.914254 79.059319 131.850354
93 354.588187 112.898131 78.942195 131.478377
94 352.769429 111.787900 79.187190 130.266416
95 349.708259 111.614713 79.106195 129.845867
96 347.321644 111.178717 79.512203 129.568204
97 343.942805 109.823532 79.993984 128.617190
98 342.698895 109.739745 79.959633 128.560915
99 337.914250 108.946695 79.063869 128.654752
100 335.498281 109.019104 78.943423 128.645937
101 331.718891 109.073444 77.972076 128.721658
102 330.934305 109.170368 78.224789 128.704619
103 329.332695 109.505326 77.406736 128.764384
104 327.391302 109.543322 76.936253 128.603266
105 324.210599 110.753229 77.431048 127.927391
106 316.765681 113.777082 80.538563 129.299902
107 316.440221 114.619272 81.140054 129.131745
108 308.619537 119.262088 81.971138 126.441477
109 303.500112 120.518835 81.183887 123.353642
110 298.929397 123.830931 82.833324 118.565128
111 297.687902 131.698684 87.359499 119.853861
112 298.351227 126.254751 87.380275 117.726677
113 298.350141 125.734655 86.952708 116.292224
114 297.939752 126.338840 87.364341 115.059627
115 297.545067 127.839938 87.565334 115.093521
116 297.104969 130.899037 87.886385 115.416149
117 295.648828 136.570730 88.396072 115.363128
118 293.704960 140.540999 88.018020 114.713302
119 293.351756 143.873187 87.907772 114.659434
120 290.874420 148.290358 87.144125 114.318851
121 287.306870 153.079051 86.283283 111.647715
122 280.960103 158.064670 84.351049 110.582419
123 279.477856 158.786617 83.260962 110.093931
124 277.658022 160.265832 82.578230 110.299096
125 270.439857 162.079078 78.916174 107.005160
126 267.783293 146.464657 74.832463 105.840499
127 266.478482 138.923615 70.443939 102.977010
128 266.522692 137.929658 69.074978 104.700664
129 267.476115 137.060530 68.872719 106.024154
130 267.952153 136.574194 68.549989 106.794116
131 270.461442 133.172898 67.567273 109.562686
132 271.035154 132.562476 68.096341 111.035184
133 273.303244 130.986785 68.294048 112.033550
134 273.911215 130.405358 69.199923 113.526374
135 276.560295 129.381429 69.982859 114.560690
136 279.074073 127.565331 71.802348 115.903932
137 281.885362 126.010601 74.273916 118.566429
138 285.822602 125.461967 75.094110 119.192730
139 289.942032 124.645540 75.606808 119.484957
140 296.393982 122.249621 76.401684 119.416379
141 302.598956 118.712048 77.631118 119.391609
142 309.205998 114.474191 77.627275 120.521728
143 314.705208 111.531223 77.496909 121.898710
144 321.215521 104.272306 79.265505 126.091183
145 325.261577 102.368914 79.792453 126.998092
146 331.029493 100.404260 81.878498 127.526561
147 335.787780 97.323737 81.600251 129.401459
148 341.928423 93.442890 83.104386 135.474995
149 344.173811 92.108581 83.292671 138.072013
150 349.915546 90.491264 83.124683 139.912512
151 351.050365 89.986538 83.959798 140.803163
152 353.857446 89.315927 84.286781 141.347580
153 355.793245 88.996195 84.508079 142.345133
154 356.184846 89.035373 84.903880 142.527438
155 356.266535 89.242435 84.967976 143.020449
156 356.282616 89.471687 84.982073 143.488203
157 356.224212 89.288366 84.790831 143.661848
158 353.859829 86.824740 82.423584 144.521651
159 349.800850 85.845042 81.966082 145.217512
160 347.059497 85.102581 81.607848 146.180477
161 342.834850 86.291736 80.920709 146.836695
162 341.447172 89.094507 80.393502 148.614850
163 341.337947 89.881611 80.344021 149.252855
164 341.415288 90.005475 80.483214 149.483868
165 346.461425 96.691965 80.386272 149.079463
166 352.700080 99.764448 81.649750 146.343440
167 360.725696 101.375648 81.087989 144.198266
168 371.241762 102.089577 82.060856 140.972485
169 385.862571 106.215792 81.799080 133.806086
170 400.651298 108.569805 82.321063 135.563846
171 414.882492 117.975926 82.307341 135.967121
172 433.000736 122.819211 80.908188 135.144365
173 449.514019 126.911513 80.525615 137.248889
174 459.965433 128.546246 84.951849 136.870654
175 472.415121 126.573046 82.803852 136.077750
176 483.964742 125.831767 78.833552 135.341357
177 493.565850 124.073061 77.004119 135.328405
178 501.208761 123.182379 77.433884 132.793886
179 507.548240 124.303450 77.521541 131.319343
180 513.813587 125.974900 77.026086 130.134167
181 518.302077 127.707517 76.437407 130.137595
182 521.844936 129.314838 76.929430 129.254329
183 523.282533 130.580748 77.088178 127.425248
184 523.487398 130.608658 77.483803 127.486290
185 521.190672 132.072543 77.415529 125.387411
186 513.681810 135.416903 77.637498 120.266293
187 506.855476 137.167358 77.878449 118.121225
188 494.622576 138.963397 78.471317 118.301729
189 482.173173 141.296500 77.570406 118.318189
190 464.981118 140.003983 79.740522 118.456271
191 449.677096 137.972505 78.823212 119.736029
192 433.205357 135.823603 78.114189 111.989204
193 417.533322 137.091620 78.285593 110.474870
194 401.432843 137.889516 78.433398 108.920265
195 386.939254 136.804041 77.791672 110.212931
196 368.134340 135.247374 80.634072 110.896933
197 353.563387 134.002551 81.949512 111.301716
198 337.697830 133.647415 82.084512 109.923455
199 322.517820 131.989078 83.343363 108.995348
200 313.176649 130.972746 81.098920 108.655680
201 304.608475 130.877389 80.038668 109.244440
202 291.193542 130.807823 82.067314 108.901329
203 282.588575 131.185044 82.144528 108.552717
204 271.738070 132.912559 82.274097 106.764596
205 262.007357 135.020291 81.115037 103.441760
206 254.928545 139.294261 80.436535 101.593626
207 254.380078 127.322430 78.445579 104.263788
208 257.167469 118.673372 74.441305 107.257917
209 255.478152 116.781731 73.771853 108.392580
210 252.605562 117.083317 73.993257 108.481773
211 252.252962 116.089222 75.307069 108.303535
212 256.860040 113.114096 77.001826 108.662883
213 259.711356 111.207610 79.203908 110.287692
214 260.931255 110.425291 81.894505 113.323236
215 261.414524 111.593436 83.158560 114.670232
216 261.483296 113.079277 84.883845 118.171110
217 261.971068 117.894501 85.355661 124.593233
218 262.046511 118.123556 85.482734 124.978441
219 263.520468 122.223244 85.244220 124.353975
220 267.025180 128.219546 84.619222 125.523723
221 270.450620 131.897139 85.057514 126.169556
222 277.961888 138.574027 85.960093 127.267933
223 286.163002 142.946495 86.438457 127.286962
224 293.640104 146.591627 86.873222 127.719282
225 295.653052 148.549888 87.901270 128.163348
226 302.735184 150.380541 88.393567 128.949282
227 309.766101 151.824452 89.235429 130.051646
228 322.988304 149.472788 90.801919 130.816158
229 323.909973 149.114813 90.982643 129.750281
230 334.738731 145.554133 89.840669 127.544715
231 334.865667 145.914057 89.778587 127.691681
232 335.534805 147.002427 88.647763 125.812909
233 338.841171 149.360689 83.992570 122.358936
234 342.220856 153.122860 79.263785 118.343585
235 345.711923 161.551299 73.757324 115.547405
236 346.682047 162.626553 72.979421 115.666263
237 348.642921 166.159268 70.987845 113.598637
238 349.404401 168.895867 69.774745 112.247946
239 349.438312 169.269290 69.673995 112.325206
240 348.312924 169.416425 68.997484 112.282022
241 344.060435 169.446444 66.789742 111.862562
242 337.577069 169.890691 66.589326 110.475949
243 329.186028 170.450208 67.644032 106.676856
244 320.301699 171.085158 68.647617 104.445013
245 312.678827 171.181994 68.070634 104.367523
246 304.226484 171.613089 67.297973 104.965233
247 297.348558 170.719933 66.857213 103.555075
248 288.103515 170.447838 66.116447 102.185607
249 278.585943 169.635539 66.486860 97.352414
250 270.323005 169.791576 66.348859 97.137737
251 260.216107 168.753994 66.399466 97.868083
252 250.926443 167.404055 69.164101 98.715320
253 245.583342 165.927233 69.527032 99.988706
254 241.689705 165.053311 68.205553 101.320825
255 236.091808 164.127304 66.666969 101.689482
256 233.537641 163.914115 65.666503 102.026468
257 229.254449 164.549019 65.201883 101.775001
258 228.078120 164.197357 64.448706 101.937661
259 226.124785 163.871129 63.828689 101.530756
260 223.495734 163.454394 63.490915 101.294004
261 223.323031 163.607640 62.304939 101.447081
262 222.567777 163.819748 61.249712 101.446480
263 222.670288 163.868612 61.286100 101.430359
264 222.534704 164.514750 60.715596 101.494386
265 223.413807 165.350054 61.075955 100.870547
266 228.844393 165.954482 61.337507 100.846739
267 232.844035 166.507704 62.635078 100.650350
268 239.070566 167.110624 62.902998 100.842298
269 244.687046 167.621634 64.144156 101.693180
270 250.798578 167.909580 67.560342 101.521948
271 259.921287 167.588123 67.090072 102.309767
272 271.003704 169.164759 64.955763 102.569145
273 282.458705 172.951252 67.160487 100.737907
274 294.776329 175.461883 68.938315 102.352994
275 304.799417 175.621769 69.764959 103.831533
276 317.066895 174.246215 73.493591 100.368422
277 328.706840 169.644369 72.562093 102.138276
278 339.622383 167.676280 71.320725 103.339266
279 351.868315 161.093023 72.142103 104.464775
280 360.015856 158.883486 72.466377 109.980914
281 369.377334 157.072270 70.798016 110.036402
282 378.314704 155.030701 67.704654 110.629592
283 383.740575 154.446784 67.448786 111.289913
284 389.056166 154.392751 67.076770 111.345581
285 393.120735 154.347558 67.130818 111.404979
286 396.077592 154.738737 66.285413 112.268242
287 398.293674 154.649304 65.457912 112.550839
288 398.506084 154.410952 65.279962 112.246285
289 398.884815 153.763011 65.210612 111.609984
290 398.983060 153.825557 65.338714 111.715961
291 398.818878 153.186495 65.185863 110.593420
292 398.862899 153.191318 65.229346 110.463687
293 398.963274 153.152178 65.286158 110.316416
294 399.036532 153.193145 65.310560 110.331053
295 399.004215 152.794599 65.243135 109.998971
296 399.125417 152.783055 65.467265 109.976098
297 399.137768 152.781206 65.459447 109.970338
298 399.155927 152.779641 65.448697 109.959402
299 399.172340 152.780149 65.429426 109.919848
300 399.200531 152.799559 65.387655 109.883735
301 399.242620 152.833485 65.438999 109.759145
302 399.391174 152.875287 65.487282 109.830464
303 400.556431 152.774741 65.346512 109.527606
304 402.177819 152.473158 65.151823 109.363473
305 402.348294 152.550480 65.471856 109.505874
306 402.314511 152.818414 65.425635 110.022234
307 398.857742 152.893888 66.056510 110.221420
308 394.829504 153.116945 66.986541 111.300695
309 389.420898 152.898545 67.305820 111.268525
310 383.102889 153.074851 68.201144 111.816516
311 374.699851 153.076155 69.564518 111.884184
312 366.976993 153.045746 70.886919 111.528849
313 354.614564 152.786378 74.090441 113.163968
314 344.590361 152.375115 73.953653 112.281942
315 334.299558 152.211536 72.205872 111.286783
316 319.758343 154.211290 73.570108 109.807933
317 308.754282 155.128392 74.243792 110.399061
318 295.233749 153.997588 73.737075 111.727715
319 285.171245 150.835540 72.190618 111.761041
320 274.724349 149.009635 71.741021 111.210038
321 267.282736 144.701441 70.270366 110.736373
322 259.250690 142.128264 70.164361 109.287850
323 254.566548 140.153008 70.105877 110.888612
324 251.157119 138.051245 68.601368 111.211006
325 247.852841 137.026496 68.394848 111.367922
326 244.980255 136.540376 67.859338 111.689568
327 242.397588 136.842602 67.563946 112.181115
328 242.566656 136.942081 67.660177 112.629776
329 242.693378 137.064619 67.816974 113.051776
330 242.785957 137.264280 67.894797 113.449050
331 242.841717 137.279710 67.961589 113.475148
332 242.860977 137.283812 67.985658 113.490670
333 242.868203 137.280153 67.985658 113.490670
334 242.880637 137.274774 67.982656 113.491839
335 242.931386 137.265162 67.962170 113.492888
336 243.067553 137.247470 67.931198 113.494945
337 243.113903 137.237739 67.978797 113.493349
338 243.137857 137.228341 67.977983 113.493673
339 243.172636 137.217173 67.973233 113.494999
340 243.326753 137.207106 67.911807 113.507079
341 243.967721 137.397816 67.738324 113.975093
342 244.103773 137.400197 67.982679 113.991797
343 244.134042 137.390697 67.974533 113.994444
344 244.305848 137.368220 67.895115 113.985062
345 244.931372 137.328456 67.777970 113.999092
346 245.078259 137.312374 67.966709 113.993129
347 245.514784 137.314548 67.817269 113.889128
348 246.186160 137.360982 67.789238 113.855969
349 246.292977 137.424180 67.984861 113.990944
350 246.337233 137.412319 67.964838 113.991428
351 246.486138 137.396595 67.913377 113.977033
352 246.691512 137.388569 67.892793 113.965031
353 247.006768 137.369894 67.847236 113.963492
354 247.083205 137.379787 67.985658 113.990628
355 247.090431 137.376113 67.985658 113.990628
356 247.097657 137.372438 67.985658 113.990628
357 247.104883 137.368763 67.985658 113.990628
358 247.116003 137.363795 67.983411 113.991509
359 247.134317 137.356369 67.979910 113.992884
360 247.159388 137.346136 67.977069 113.993721
361 247.191569 137.332582 67.973895 113.994341
362 247.225967 137.318967 67.973480 113.994787
363 247.290229 137.298922 67.957702 113.993178
364 247.397090 137.271827 67.944670 113.990096
365 247.542013 137.240804 67.943013 113.985019
366 247.844967 137.194104 67.901950 113.949614
367 248.374089 137.176499 67.854866 113.883437
368 248.446711 137.226420 67.985658 113.990628
369 248.453937 137.222746 67.985658 113.990628
370 248.461163 137.219071 67.985658 113.990628
371 248.468389 137.215396 67.985658 113.990628
372 248.475614 137.211722 67.985658 113.990628
373 248.482840 137.208047 67.985658 113.990628
374 248.490066 137.204372 67.985658 113.990628
375 248.497292 137.200698 67.985658 113.990628
376 248.504518 137.197023 67.985658 113.990628
377 248.511744 137.193348 67.985658 113.990628
378 248.518970 137.189673 67.985658 113.990628
379 248.526808 137.185656 67.980895 113.987546
380 248.537175 137.183099 67.979764 113.986812
381 248.548746 137.180555 67.974812 113.983600
382 248.562617 137.179715 67.976168 113.984480
383 248.582085 137.179321 67.918299 113.943477
384 248.642102 137.202086 67.785739 113.898897
385 248.771936 137.241342 67.563794 113.912514
386 248.705368 137.317619 67.132724 114.029501
387 246.429261 137.463312 66.973493 114.546064
388 246.256050 137.703956 66.873521 115.000647
389 243.846076 137.440650 67.147207 115.013542
390 241.916078 137.529334 66.977632 115.393006
391 241.580804 137.548608 66.702225 115.349084
392 238.634184 137.242139 66.582292 115.206634
393 238.288706 137.217623 66.428858 115.312058
394 236.192792 136.922926 66.474892 114.891706
395 235.723676 136.969643 66.326161 114.908703
396 233.333581 136.923868 66.410693 114.815103
397 230.900806 137.125052 66.820512 114.833479
398 229.910388 137.319707 66.911596 115.023108
399 227.978990 137.460638 67.249943 115.322483
400 225.888338 137.463755 67.465934 115.297292
401 223.915956 137.546670 67.203047 115.496751
402 222.608057 137.845505 67.257771 115.578212
403 221.892866 137.967799 67.295934 116.056807
404 218.981675 137.974589 67.269976 116.636257
405 218.340466 137.820359 67.127357 116.919674
406 217.088224 137.574504 67.097533 117.020123
407 216.109551 137.470081 67.321423 117.276940
408 214.589076 137.466013 67.281878 117.316126
409 214.143316 137.583695 67.197894 117.394000
410 212.713487 137.723214 67.363146 117.292000
411 211.925192 137.723226 67.180472 117.371045
412 211.643760 137.716452 67.154867 117.390649
413 210.828728 137.557059 67.049878 117.307324
414 210.640434 137.625495 66.998788 117.417134
415 210.071913 137.573523 66.531274 117.325455
416 210.130326 137.521067 66.677235 117.367543
417 210.289836 137.567685 66.939292 117.446291
418 212.315856 137.344771 67.283702 116.969809
419 218.038838 136.723878 67.030045 116.265921
420 220.217096 137.035625 66.989651 115.970961
421 220.334258 137.037976 66.937807 115.984391
422 220.560788 137.026686 66.900923 115.970407
423 221.773719 137.104755 66.734361 115.738463
424 225.958639 136.930450 66.489850 115.575472
425 225.964181 137.133969 66.482785 115.988312
426 225.973930 137.130675 66.477543 115.984789
427 225.985212 137.129773 66.485975 115.990464
428 225.992494 137.125907 66.484301 115.989341
