5 116.758077 96.048872 32.227457 35.236122
6 117.429130 96.366383 33.305845 41.229264
7 117.915983 96.710022 34.624055 44.863787
8 118.131198 96.670546 35.344239 45.500730
9 118.428314 97.000443 36.074796 46.655254
10 118.642256 97.175439 36.539153 47.049870
11 118.871004 97.402227 37.001214 47.493765
12 118.357208 98.892637 37.614176 48.051848
13 118.549433 99.117342 37.998259 48.490981
14 118.110520 99.186324 38.047838 48.530189
15 115.370964 99.419662 38.575823 49.057186
16 115.582348 99.641711 38.998213 49.490795
17 115.582537 99.646956 38.998213 49.490795
18 115.585865 99.653905 38.997804 49.489992
19 115.652750 99.695229 38.989419 49.483619
20 117.012675 100.159580 38.923227 49.508049
21 121.122359 101.137529 39.039849 50.009618
22 121.351720 101.383375 39.498190 50.490609
23 121.351912 101.388726 39.498190 50.490609
24 121.356433 101.379626 39.496968 50.493722
25 122.233104 98.715845 39.397818 50.407614
26 122.297287 98.746350 39.492393 50.485227
27 122.420426 98.685712 39.486699 50.481080
28 123.676847 98.879129 39.472693 50.440168
29 126.004764 102.000408 39.136346 50.666067
30 126.194168 102.525818 39.446394 50.940823
31 126.199358 102.626543 39.503871 50.985934
32 124.625302 102.676146 39.900200 51.212183
33 124.776420 101.775206 39.939871 51.734985
34 127.226261 100.428615 40.161289 52.020932
35 127.653991 100.675687 40.549083 52.469176
36 132.895651 103.057015 40.954358 52.069684
37 132.917732 103.272854 40.998121 52.490237
38 132.963719 103.415460 40.992074 52.474478
39 135.204344 110.082741 40.680888 52.789397
40 135.396860 110.674500 40.940432 52.925249
41 135.205389 111.862488 40.877150 52.981261
42 131.912649 114.368308 40.967658 52.891723
43 131.928079 114.423134 40.998121 52.990144
44 131.659193 114.673500 41.061806 52.937560
45 128.261450 116.221373 41.456041 52.705180
46 128.282679 116.369470 41.498098 52.990144
47 128.282880 116.375086 41.498098 52.990144
48 124.395424 117.071092 41.329257 52.872971
49 124.480046 117.135294 41.498098 52.990144
50 124.480247 117.140910 41.498098 52.990144
51 124.480448 117.146525 41.498098 52.990144
52 124.480649 117.152141 41.498098 52.990144
53 124.480897 117.157253 41.497861 52.989924
54 121.097854 116.748365 41.673654 52.895453
55 120.339784 116.982342 41.933263 52.913311
56 120.372393 117.026374 41.998075 52.990144
57 120.373099 117.025184 41.994244 52.984460
58 120.320215 114.681349 41.767479 52.901402
59 120.030303 112.992733 41.717074 53.038667
60 118.489092 111.541621 41.824494 53.197279
61 118.576086 111.693676 41.998075 53.490051
62 118.558117 111.527172 41.999794 53.384528
63 118.394339 110.422910 41.976666 53.245104
64 116.184035 106.024583 42.234400 53.296105
65 115.124771 103.833333 42.569359 53.443261
66 115.243202 101.004568 42.777560 53.149326
67 115.164985 100.304915 43.072879 53.037648
68 116.487141 95.477769 43.239293 53.243078
69 119.126165 95.278671 43.150764 53.010744
70 120.630895 94.981341 43.311227 53.085769
71 121.513063 94.383150 43.431573 53.239461
72 121.620245 94.448553 43.485231 53.447736
73 122.424123 93.955369 43.337253 53.128877
74 125.579504 89.302295 42.980089 53.583313
75 125.697188 89.005230 42.967292 53.772869
76 126.010331 88.750966 42.964005 53.801832
77 126.449068 88.872818 42.874579 53.664132
78 126.526166 89.013403 42.986908 53.956821
79 126.538755 89.038546 42.991628 53.976445
80 126.574714 89.066698 42.986545 53.930938
81 128.499280 90.014151 42.878918 52.800252
82 131.252523 90.786048 42.813809 52.167169
83 133.280331 91.207031 42.798667 51.974880
84 133.564797 91.285569 42.957300 51.946003
85 133.585370 91.313242 42.998030 51.990330
86 133.661631 91.381591 42.988077 51.955400
87 137.675776 92.844102 42.552656 51.286263
88 138.699190 92.413455 42.960390 51.404316
89 142.484480 90.389364 42.634164 51.599221
90 143.368596 87.233731 42.832829 51.910416
91 144.884113 85.833201 42.876691 51.747443
92 145.272320 85.280895 43.090322 51.714474
93 149.149666 80.106390 43.234734 51.720361
94 149.309731 80.191508 43.496426 51.964590
95 149.380786 80.043418 43.475918 51.904361
96 149.266821 79.567544 43.555084 51.487385
97 145.809698 79.890515 43.923349 50.746681
98 145.508719 80.610461 43.851059 50.786985
99 142.674287 82.491700 43.550332 50.913710
100 142.828084 83.393004 43.933541 50.801846
101 142.719554 88.953945 43.564925 50.391087
102 143.024288 90.865184 43.719851 50.294711
103 142.599477 95.871119 43.011864 49.768352
104 142.620008 98.746483 42.606118 49.957039
105 142.630445 102.827364 42.438277 49.532785
106 142.661240 103.093117 42.498288 49.978912
107 143.913844 106.856746 42.146937 49.596219
108 144.096490 107.063639 42.498150 49.988332
109 144.102641 107.073872 42.498061 49.988668
110 145.338859 107.196518 42.475491 49.852536
111 145.350345 107.270899 42.498052 49.990702
112 145.590047 107.514822 42.527322 49.895260
113 146.221724 107.888781 42.944385 49.955444
114 148.884689 109.299861 42.833138 49.901471
115 148.968655 109.350487 42.997882 49.990342
116 148.968937 109.355964 42.998030 49.990702
117 148.977359 109.366348 42.995229 49.988835
118 149.043651 109.420372 42.973726 49.977536
119 149.250081 109.599200 42.935759 49.941127
120 149.301654 109.642114 42.992920 49.986250
121 149.423428 109.792548 42.962457 49.948742
122 149.455089 109.845619 42.990548 49.985833
123 149.522604 110.025589 42.964399 49.944139
124 149.539628 110.054169 42.998030 49.990702
125 149.539836 110.059466 42.998030 49.990702
126 149.540044 110.064764 42.998030 49.990702
127 149.540252 110.070062 42.998030 49.990702
128 149.540460 110.075359 42.998030 49.990702
129 149.540668 110.080657 42.998030 49.990702
130 149.541637 110.084293 42.997683 49.990680
131 149.549185 110.081519 42.994661 49.986472
132 149.705546 109.994756 42.979096 49.967241
133 149.864601 109.940017 42.967811 49.968879
134 150.294646 109.964800 42.925091 49.946156
135 152.441413 110.159557 42.721256 49.851453
136 152.580008 110.234479 42.998030 49.990702
137 152.580216 110.239776 42.998030 49.990702
138 152.854515 109.978849 42.939435 49.955256
139 154.925277 104.547365 42.489565 50.158460
140 155.459232 96.253551 42.058085 50.906571
141 155.681298 96.305995 42.494190 50.981396
142 155.567990 100.744539 42.015416 49.934603
143 155.874058 103.285370 42.154241 49.798248
144 156.046170 103.386894 42.498052 49.990702
145 155.802313 98.099267 42.237895 50.326113
146 155.645947 93.253123 42.272138 50.252187
147 155.759110 93.377685 42.498052 50.490609
148 155.424194 102.660501 42.315668 50.826702
149 155.515591 102.747812 42.498052 50.990516
150 155.070313 96.641362 42.101538 51.624141
151 155.263791 96.820896 42.494855 51.989125
152 155.339775 106.552009 42.104783 52.868156
153 157.729133 112.538314 42.100681 53.358112
154 158.156808 107.959083 42.273500 53.841857
155 155.712932 96.696468 41.818173 54.761595
156 156.130771 100.714569 42.055994 56.219005
157 156.352614 100.858746 42.497736 56.488113
158 157.879592 120.706488 43.286598 57.023302
159 158.038650 120.475838 43.476159 57.437640
160 155.879033 105.301054 41.977044 57.696519
161 153.072673 101.717569 41.663195 57.501670
162 151.844177 109.813352 42.253772 59.257610
163 156.118255 118.895307 43.301319 58.802995
164 155.735187 94.914619 42.374232 59.593716
165 159.296490 99.840403 42.915598 60.112304
166 163.225955 107.977732 44.212334 58.815568
167 163.350918 107.906918 44.527447 58.887841
168 162.547143 94.449283 44.526234 59.131465
169 164.925961 93.980296 45.701147 57.646526
170 171.016076 100.716072 48.251737 56.637887
171 179.645440 103.975039 48.423867 55.738809
172 180.980578 103.749028 47.893373 55.533559
173 181.825983 103.149364 47.573433 54.823653
174 183.118399 101.874872 47.432355 54.327960
175 186.793164 100.693179 46.459440 53.630922
176 188.825988 100.780602 45.865473 53.306687
177 190.345309 100.053630 45.564462 53.240762
178 191.806208 100.189731 45.551290 53.128673
179 193.032518 100.702714 45.601779 53.230626
180 194.318231 100.812885 45.526011 53.137747
181 194.814696 100.982700 45.810269 53.313327
182 195.820717 99.571629 45.444316 52.952870
183 196.045598 99.441621 45.342886 52.923720
184 196.463016 99.708476 45.333394 52.929712
185 199.760252 100.723159 44.656747 52.551443
186 200.180015 96.792539 44.515996 52.976754
187 200.421914 96.802092 44.991644 52.991698
188 202.533823 106.810014 44.065536 53.095108
189 202.893371 102.348489 43.684971 53.604372
190 200.879781 97.738553 43.059031 53.791944
191 201.253475 100.208827 43.146921 53.842829
192 201.834523 106.082004 42.932324 54.186651
193 201.840170 106.060151 42.953511 54.479436
194 201.934963 98.008065 41.987707 54.268974
195 201.997352 98.420700 41.960617 54.397526
196 202.633045 108.199484 41.698349 54.645910
197 202.783111 108.377243 41.998075 54.989772
198 201.061854 103.646285 41.306652 54.595416
199 201.057269 102.150335 41.519923 54.386583
200 202.373683 107.694448 41.755300 55.091174
201 204.410081 111.419891 41.804363 54.731528
202 204.040995 110.338443 41.849816 54.624236
203 198.280898 102.700916 40.898617 54.891280
204 198.179800 105.004294 40.807988 54.686098
205 198.271810 105.198048 40.996841 54.974348
206 197.644522 114.847696 40.717686 55.105313
207 193.771038 115.099641 40.820143 54.670715
208 189.998140 111.283409 40.699891 54.636001
209 187.278179 110.797559 40.686307 54.390714
210 187.435636 110.868567 40.996907 54.482700
211 187.478009 113.783676 40.735228 54.251493
212 181.538144 111.377314 40.557153 53.599032
213 177.816439 112.122826 41.030010 53.830122
214 178.056730 112.524683 41.465112 53.885161
215 177.905472 112.859154 41.479936 53.876625
216 173.376570 110.721027 41.265249 53.969773
217 173.493199 110.741970 41.497873 53.987692
218 172.513253 119.961083 40.875477 54.212189
219 168.784424 121.971019 40.785156 54.431751
220 168.296192 120.978435 40.956405 54.271964
221 163.354280 114.920459 40.566890 53.939182
222 159.094337 115.985150 40.744456 53.973012
223 158.777846 124.112978 40.524601 54.990152
224 154.064782 124.942811 41.007022 54.327087
225 151.659478 122.685134 41.233752 54.568059
226 149.326525 119.072588 41.253931 55.225137
227 148.934166 121.660390 41.416555 54.916014
228 144.193379 130.700024 41.519522 54.963913
229 144.432859 130.718781 41.998075 54.989772
230 139.144155 131.607616 42.153869 55.075880
231 135.283866 128.966489 42.799920 55.026757
232 135.042055 127.584632 43.062127 54.890616
233 130.146179 128.798221 43.472722 55.434948
234 128.333563 134.580381 43.091675 55.235824
235 122.508205 134.662089 43.135667 55.251702
236 116.069398 128.929298 42.681888 55.800366
237 116.063688 133.130498 42.582481 55.588714
238 115.584967 138.200693 42.655219 55.667899
239 111.911531 137.104044 42.671655 55.831905
240 108.173992 132.252091 42.610492 56.159341
241 102.617878 131.585898 42.765038 55.750854
242 99.604698 131.731537 42.702967 55.480653
243 99.750260 131.741316 42.997533 55.488615
244 99.721705 131.672051 42.938340 55.489869
245 99.472501 126.716853 42.520762 55.857792
246 98.734939 121.007474 42.547770 56.035241
247 98.302357 115.745644 42.585251 56.328713
248 97.590523 111.153211 42.384152 56.451824
249 97.710496 109.181297 42.307899 56.251141
250 97.877478 103.495081 42.169122 55.991036
251 98.027335 103.290757 42.477576 55.836733
252 97.808891 99.688167 42.137897 55.967860
253 97.987910 99.696459 42.494818 55.987362
254 97.208758 98.241174 42.480097 55.811926
255 96.571606 96.400937 42.403422 55.531821
256 94.317889 94.057192 42.370128 55.659776
257 90.485201 91.312495 42.203018 55.888422
258 88.406052 92.863061 42.072714 55.675386
259 84.757619 93.873819 42.288277 55.736245
260 81.198061 95.870276 42.042120 55.603497
261 78.118188 96.284439 42.230889 55.824672
262 77.106406 95.761409 42.413407 55.815563
263 74.698757 95.537524 42.249864 55.491267
264 67.102034 96.222987 42.482841 55.136153
265 60.345767 97.633253 42.577975 54.905079
266 54.862666 96.906018 42.577550 54.133366
267 55.073114 97.090042 42.998030 54.489865
268 55.913518 95.995996 42.898040 54.442658
269 56.718775 96.236269 42.889114 54.409116
270 56.825773 96.316300 42.977212 54.479350
271 57.231776 96.531803 42.898667 54.429121
272 62.208582 97.975678 42.618408 54.049052
273 62.415699 98.248408 42.988895 54.474543
274 63.258922 99.414228 42.659252 54.349682
275 64.024112 99.734003 42.751754 54.446528
276 68.883482 101.736131 42.320862 54.444865
277 73.436060 104.092406 42.210391 54.251259
278 73.580097 104.217483 42.498052 54.489865
279 77.900255 105.828976 42.367315 54.203434
280 82.925856 106.117178 42.053294 54.085100
281 83.531984 105.747823 42.413671 54.490317
282 86.774382 105.149042 42.343003 54.279420
283 93.333633 106.301984 42.338558 54.153681
284 109.135636 106.475274 43.107400 55.130917
285 117.431130 104.811055 43.625614 54.459296
286 127.765794 105.261529 43.309162 54.165409
287 135.603529 106.051594 43.375195 54.065848
288 143.226829 106.896747 43.146869 54.390387
289 143.633210 107.007697 43.361360 54.494673
290 144.327476 107.220460 43.205667 54.455608
291 149.730692 108.497092 43.750382 54.062428
292 158.277328 108.836146 45.710649 54.558927
293 167.808228 110.961509 45.843081 54.895109
294 167.931671 111.334043 45.934306 54.983677
295 158.845136 119.426997 45.462267 56.019349
296 146.220285 121.463046 44.447361 55.899349
297 145.952287 117.128625 49.569422 56.949773
298 155.823839 114.346590 48.740144 59.355710
299 156.810495 119.562297 50.415988 60.780814
300 155.947653 118.318155 57.161690 61.578914
301 144.762113 123.780418 55.698036 61.406002
302 144.569346 123.947033 56.195377 61.383100
303 144.767883 123.962782 56.564589 61.402977
304 160.214977 120.943692 63.528878 60.851071
305 177.803791 121.436923 63.621454 61.637501
306 177.964451 121.089180 63.761237 62.262338
307 163.517190 121.451624 62.031133 64.671323
308 169.050143 121.472071 63.304228 64.551917
309 183.199464 122.361764 62.646803 66.115126
310 183.481250 122.211752 62.863720 66.448646
311 167.312112 119.423932 62.836481 67.108172
312 156.019327 122.907134 60.713951 69.304392
313 156.177029 123.010413 60.974485 69.531198
314 166.925020 121.016178 62.074558 69.893168
315 172.714331 121.852285 61.701968 66.548342
316 172.346144 122.409023 61.692896 66.351284
317 161.359071 125.285317 62.361703 65.470882
318 156.771965 129.559079 59.237647 64.581798
319 156.858104 130.457908 58.007365 63.638164
320 157.277300 130.881285 58.328968 63.623636
321 157.519430 131.234042 58.333182 63.575006
322 157.772195 131.629937 58.285973 63.504651
323 158.034837 132.292733 58.107504 63.218356
324 156.111134 133.082392 56.597474 61.379033
325 155.252978 133.145996 54.925391 59.942353
326 155.481182 133.346847 54.786625 59.709154
327 155.719863 134.439875 52.979952 58.864546
328 156.366038 133.587905 49.592749 58.016552
329 154.103974 134.855915 46.639631 57.388472
330 149.624024 135.815864 44.477890 56.446634
331 141.618572 139.908054 42.676566 55.592585
332 141.779939 140.109932 42.995926 55.987052
333 139.872760 139.099449 42.138100 55.362410
334 135.196718 140.471147 41.220794 54.850504
335 132.916599 140.942488 40.979241 54.636751
336 132.926237 141.124826 40.998121 54.989772
337 137.618382 137.682810 40.783269 54.939082
338 142.074701 135.329634 40.603054 54.649979
339 142.260468 135.513613 40.986274 54.985156
340 132.752561 136.625910 40.408918 54.807913
341 126.662835 138.064711 39.762206 54.675180
342 129.120450 137.648897 39.898552 54.745631
343 137.790861 131.680942 40.614956 54.274076
344 148.902438 125.771941 40.146187 53.567773
345 153.793284 122.192304 39.871340 53.067907
346 148.096243 119.121431 39.681388 53.228103
347 143.312823 117.522245 39.075447 52.942663
348 143.524491 117.550413 39.497659 52.989628
349 149.759286 111.081223 38.810426 52.604058
350 149.853368 111.279881 38.998213 52.990144
351 154.012845 104.894731 38.014214 53.136041
352 155.514986 98.677237 37.788932 53.057668
353 155.929227 95.200395 37.574355 53.777006
354 152.560152 93.951546 37.728813 53.921784
355 152.695058 93.991354 37.998259 53.989958
356 157.822495 95.033793 37.572061 52.996963
357 158.035778 95.035999 37.998259 52.990144
358 158.035962 95.041614 37.998259 52.990144
359 156.052496 94.450628 37.686002 52.983464
360 160.817126 93.533055 37.630100 52.533257
361 167.999189 90.987209 37.712826 52.062840
362 168.142089 91.206469 37.998259 52.490237
363 159.365283 92.389011 38.006797 52.707694
364 148.477965 93.660744 37.806270 53.001087
365 143.673922 95.876708 37.752177 53.157770
366 141.949232 92.820167 40.060516 53.189268
367 146.836291 87.056713 38.115849 56.685569
368 151.369187 85.203993 36.188113 58.703565
369 140.383383 86.707613 35.986699 56.829602
370 121.755290 89.674061 36.275340 56.896943
371 116.145531 91.158520 35.143904 58.061754
372 129.042512 88.018017 35.076441 55.882559
373 146.319951 87.269507 35.482517 55.167140
374 146.317061 87.419151 35.459937 55.496620
375 154.751005 83.754891 32.905526 57.984751
376 144.169292 85.817513 32.862770 57.230318
377 126.743333 91.723211 35.189041 57.952588
378 123.593453 98.404876 34.773603 56.229878
379 154.666279 96.398238 37.177500 56.574978
380 158.737619 87.536276 33.697180 59.547286
381 152.185796 88.373845 34.099119 58.967508
382 142.155359 94.807154 38.342158 59.961594
383 147.173973 104.237255 37.526705 58.396354
384 148.537383 103.917068 39.333731 58.257015
385 146.232436 94.157762 39.993209 59.605905
386 156.150386 92.734609 38.335583 59.920009
387 158.725268 93.427894 36.227372 60.236959
388 146.260559 95.788073 40.036821 59.649493
389 141.069427 102.762628 42.699054 58.357819
390 145.958099 101.582060 49.884131 57.930725
391 152.734762 97.616470 55.273297 61.295400
392 172.711662 97.756905 56.813145 61.548610
393 172.738504 97.961169 57.010029 61.971066
394 152.458490 98.439884 58.228556 61.768828
395 141.942655 101.119574 56.093402 63.247434
396 142.144933 101.246681 56.497411 63.488191
397 155.257097 99.821980 63.067249 63.502271
398 155.454255 100.072004 63.511152 63.988361
399 171.815000 98.589747 63.193750 64.214426
400 173.182322 97.865289 62.737447 64.375586
401 157.465308 96.857156 64.101297 64.157483
402 136.143702 99.911599 64.616531 64.692410
403 149.009096 102.491665 65.666485 64.677233
404 171.408386 100.807405 65.619695 64.407337
405 179.837401 100.121396 63.955782 63.629147
406 165.810958 95.370107 65.249944 64.688260
407 140.336945 95.171348 65.906094 64.274120
408 123.623333 93.145645 65.040997 64.417758
409 121.269055 93.740755 65.061522 63.935363
410 138.288085 91.681094 66.126905 63.083710
411 157.670811 85.990399 64.603299 62.852420
412 160.512301 86.328280 64.023165 62.641329
413 146.919667 87.389903 64.761998 63.498187
414 127.319452 93.760007 64.748349 63.661436
415 122.394552 95.664311 60.703976 63.160419
416 131.242063 91.606495 63.587516 61.744093
417 150.438073 89.846787 64.200577 62.732369
418 156.186194 87.821848 62.908371 62.179566
419 145.343667 87.379077 63.137542 62.598965
420 125.658529 88.142531 63.559025 63.422027
421 114.964376 92.397879 60.586162 62.602477
422 115.231209 92.609452 60.933140 62.977478
423 120.676302 89.537860 62.903769 62.841379
424 138.507503 87.365488 62.926244 63.602326
425 153.995619 83.806448 60.921241 63.953506
426 151.244703 83.482167 60.902939 64.054980
427 160.294156 88.764254 58.819668 67.155836
428 168.511958 92.981337 56.571261 67.708279
429 182.755063 95.272550 55.309552 64.738639
430 180.028447 91.147914 54.069636 63.981530
431 164.010284 84.744711 52.771011 64.374695
432 161.795212 84.423848 52.995340 64.814904
433 164.120727 87.489885 50.635616 66.653530
434 169.203302 87.616157 50.620745 67.182379
435 166.001011 88.671600 50.294875 66.527098
436 152.240382 76.360764 49.012584 68.005975
437 152.952231 75.549095 47.593862 65.677988
438 152.980686 76.697279 45.795035 64.233506
439 148.526478 78.200786 43.634203 63.255994
440 147.825179 80.319966 41.574819 61.536445
441 148.187863 80.756562 41.749847 61.507199
442 154.926373 78.282539 40.760175 59.056375
443 158.684167 78.614919 40.027055 58.417136
444 159.991095 78.450534 39.590880 57.552974
445 160.547347 78.344082 38.863419 57.282711
446 160.712825 78.395478 38.662235 57.356855
447 160.368454 78.386123 37.968383 57.231434
448 160.383576 78.521151 37.998259 57.489307
449 160.821328 78.509924 37.740493 57.335340
450 163.950026 78.405418 37.209418 56.985156
451 163.983106 78.272810 37.117329 56.963411
452 162.840932 78.149012 36.939386 56.554935
453 162.870571 78.372284 36.998305 56.989400
454 162.873059 78.384969 36.994012 56.977090
455 162.922433 78.464764 36.938422 56.782595
456 163.684165 77.040947 36.487876 56.153012
457 163.718141 77.247357 36.476076 56.414300
458 165.667644 77.573159 36.281280 55.529615
459 166.142630 78.144864 36.433875 55.816773
460 168.286263 80.689401 36.157280 55.217790
461 168.684048 83.161853 36.196800 55.275303
462 169.288401 86.233188 36.077054 54.776959
463 170.262204 91.350035 35.965081 54.766575
464 170.504497 92.343078 35.968735 54.730682
465 172.290622 97.758626 35.806581 54.427756
466 173.700785 100.515115 35.898222 53.977022
467 175.896765 103.140197 36.012329 53.512004
468 176.740774 104.516707 36.417410 53.819838
469 180.217762 109.816633 36.302735 53.974851
470 180.315735 109.829908 36.498327 53.989958
471 182.637148 115.260441 36.396899 53.848878
472 185.290308 116.739445 36.385631 53.749828
473 186.722187 120.557651 36.347947 54.107045
474 190.548584 122.640176 36.539639 54.230638
475 196.520304 128.920746 37.315605 54.721661
476 197.797802 129.834601 37.447128 54.786111
477 199.766769 132.670050 37.376297 54.495804
478 201.240310 133.514852 37.548015 54.321052
479 203.851783 134.903304 37.895380 54.267044
480 206.623225 138.110987 37.712286 54.097745
481 206.766395 138.312821 37.998259 54.489865
482 207.078897 138.369102 38.000663 54.455065
483 207.327870 138.392277 38.498236 54.489865
484 210.278976 141.231201 38.441252 54.267879
485 210.307655 141.347969 38.498236 54.489865
486 210.641217 141.483583 38.535971 54.402136
487 210.877853 141.536291 38.997975 54.488391
488 210.892917 141.549205 38.998059 54.486923
489 211.669699 141.975358 38.838518 54.415366
490 212.187547 142.527703 38.885095 54.389184
491 214.278489 143.713687 38.890352 54.376496
492 214.339591 143.780075 38.996273 54.488461
493 214.343500 143.786315 38.997668 54.489935
494 214.348834 143.792239 38.997227 54.489691
495 214.349516 143.798100 38.998213 54.489865
496 214.349704 143.803875 38.998213 54.489865
497 214.309683 143.603110 38.847074 54.558451
498 212.292907 139.245226 38.304816 54.739964
499 208.991576 138.849118 38.180313 54.817409
500 209.149225 138.938840 38.497358 54.989190
501 204.710215 137.585763 38.288987 54.807197
502 202.691707 136.706708 37.967560 54.757514
503 202.707241 136.828664 37.998259 54.989772
504 200.204058 136.400647 37.917453 54.766465
505 198.193635 136.305136 37.995055 54.832316
506 196.435298 136.641369 37.923235 54.808002
507 194.677016 136.744457 37.914331 54.791909
508 194.565424 136.828269 37.960711 54.966281
509 191.067955 136.721032 37.891441 54.737960
510 191.121548 136.852766 37.998259 54.989772
511 189.155509 136.883694 38.006320 54.948982
512 189.310105 136.925555 38.424693 54.994847
513 185.306657 137.703423 38.242962 54.797564
514 185.434481 137.805355 38.498236 54.989772
515 182.430983 138.466859 38.035324 54.542403
516 182.662626 138.696371 38.498236 54.989772
517 182.662812 138.702199 38.498236 54.989772
518 182.662998 138.708026 38.498236 54.989772
519 182.626626 138.728858 38.469641 54.988038
520 182.100831 139.848100 38.311386 54.947587
521 182.179030 139.910157 38.468901 54.995951
522 177.393539 140.706632 38.439018 54.765508
523 177.423334 140.824591 38.498236 54.989772
524 177.423521 140.830419 38.498236 54.989772
525 177.423467 140.837376 38.498058 54.989727
526 177.413913 140.903483 38.491373 54.982890
527 175.204181 142.224617 38.269819 54.957422
528 175.318576 142.246620 38.498236 54.989772
529 172.846955 143.090731 38.595957 54.960624
530 173.048272 143.111132 38.998213 54.989772
531 173.048461 143.116960 38.998213 54.989772
532 173.049669 143.173107 38.975480 55.008641
533 173.047057 143.515451 38.975332 55.491203
534 171.552945 146.053265 38.660037 55.452544
535 169.202653 146.145539 38.677709 55.393790
536 169.363094 146.199364 38.998213 55.489679
537 163.788067 146.600107 39.069520 55.361773
538 159.966225 148.997871 39.085621 54.942092
539 159.898507 149.277465 39.343324 55.010698
540 157.253680 149.709519 39.275906 55.532983
541 157.365014 149.943754 39.498190 55.989586
542 152.973338 149.856708 39.161140 55.820418
543 153.142054 149.947225 39.498190 55.989586
544 152.220881 150.104689 39.194378 56.092528
545 151.652171 150.404961 39.253255 56.491783
546 146.616541 151.144171 39.258732 56.524805
547 146.736461 151.382508 39.498190 56.989400
548 144.961148 153.396348 39.045092 56.753983
549 142.881133 153.767894 39.327490 56.801061
550 142.966674 153.868103 39.498190 56.989400
551 142.966865 153.874142 39.498190 56.989400
552 142.967057 153.880181 39.498190 56.989400
553 141.401093 154.233121 39.472687 56.895190
554 139.000489 154.994770 39.594119 56.776458
555 135.724096 155.877847 39.823759 56.914411
556 135.811493 155.921381 39.998167 56.989400
557 135.811687 155.927420 39.998167 56.989400
558 135.811881 155.933460 39.998167 56.989400
559 135.812074 155.939499 39.998167 56.989400
560 134.845387 155.856318 39.949324 56.992895
561 131.938434 155.120286 39.974043 57.023035
562 131.936047 155.345076 39.998531 57.487755
563 128.879916 153.794473 40.149044 57.395888
564 129.054662 153.847275 40.498144 57.489307
565 129.057722 153.784976 40.486744 57.482167
566 129.036241 153.488934 40.498847 57.358410
567 129.036086 153.560475 40.498144 57.489307
568 129.033259 153.437496 40.476776 57.424318
569 129.022978 152.644261 40.447829 57.278999
570 129.003626 151.856283 40.464690 57.185577
571 129.120137 150.940044 40.436574 57.263126
572 129.506782 149.377894 40.426594 57.129523
573 129.573322 149.270946 40.473095 57.310505
574 130.287727 145.952730 40.345281 56.312150
575 130.425239 145.784726 40.476169 56.436230
576 131.162867 141.325389 40.639832 56.086289
577 131.514697 140.358444 41.056004 56.233464
578 132.036570 137.032813 41.488542 56.219317
579 132.024336 137.086831 41.502436 56.394307
580 131.162692 132.384339 42.167876 56.302833
581 129.819407 128.001653 42.681563 56.064580
582 129.377887 126.686591 43.210318 56.015229
583 128.424975 122.946236 43.352196 56.056527
584 125.893063 121.458825 43.652127 55.905063
585 123.671580 121.451005 43.966871 55.781263
586 123.071998 122.158096 43.919792 55.809293
587 117.788128 123.681161 43.631962 55.520897
588 117.970964 123.923242 43.998024 55.988836
589 114.480485 127.167934 43.539823 55.779351
590 114.666340 127.312841 43.953634 55.990502
591 114.625973 127.362149 43.947999 55.991426
592 111.535120 129.016872 43.363391 56.025186
593 111.586040 129.268682 43.483553 56.490829
594 107.166206 130.594865 42.940809 56.200992
595 106.092210 131.729041 42.798122 56.406357
596 106.146886 131.812710 42.973466 56.485616
597 102.694317 132.851312 42.644887 56.309568
598 102.871097 132.947260 42.998030 56.489493
599 102.129997 133.239894 42.735794 56.429772
600 101.567335 133.202808 42.881782 56.423064
601 97.157173 132.617289 42.707824 55.959272
602 97.283050 132.507730 42.995696 55.954538
603 94.809976 130.522965 42.625289 56.032294
604 93.397697 130.267168 42.965445 56.295491
605 93.409878 130.370042 42.996998 56.488011
606 89.047264 130.487578 42.891745 56.342232
607 89.099547 130.567745 42.997650 56.489240
608 84.121358 131.132033 42.694802 56.467196
609 84.273180 131.149168 42.998030 56.489493
610 84.262997 131.160623 43.004587 56.492370
611 80.504648 132.429311 43.193272 56.498680
612 80.657226 132.430703 43.498007 56.489493
613 80.566940 132.477654 43.462589 56.502083
614 76.408069 133.160048 43.300217 56.903115
615 76.507174 133.209229 43.498007 56.989400
616 76.507384 133.215269 43.498007 56.989400
617 75.538663 133.299238 43.354050 56.927506
618 75.025944 133.444978 43.395987 56.962576
619 73.647581 133.807734 43.396950 56.881619
620 73.698320 133.867664 43.498007 56.989400
621 72.767152 133.855704 43.340599 56.936910
622 70.003603 133.612038 43.195497 56.870244
623 70.155068 133.677656 43.498007 56.989400
624 70.155279 133.683695 43.498007 56.989400
625 70.155489 133.689734 43.498007 56.989400
626 69.843203 133.596845 43.408151 56.993461
627 68.044874 133.026720 43.208760 57.073336
628 68.183846 133.215154 43.490137 57.483826
629 68.157552 132.722202 43.436101 57.457612
630 68.052713 131.859391 43.434902 57.492257
631 67.993574 128.458119 43.065150 57.287320
632 68.210213 128.565205 43.498007 57.489307
633 68.472314 128.159949 43.433046 57.499556
634 73.930665 125.110682 43.038935 57.513237
635 74.306618 125.366829 43.436512 57.986636
636 80.399715 126.191647 42.749900 57.632765
637 80.594165 126.398944 42.969246 57.982947
638 85.795532 128.033505 42.526591 57.550011
639 86.031459 128.259251 42.998030 57.989214
640 86.430726 128.549949 42.887589 57.910443
641 92.890019 131.827326 42.294203 57.861181
642 101.133744 137.183634 42.127423 58.212889
643 101.399334 137.359110 42.466422 58.480543
644 107.069380 140.443514 42.143370 57.783052
645 110.383125 143.709175 42.107618 57.704437
646 112.206551 146.341351 42.059586 57.396573
647 116.671288 149.852098 41.497354 57.142457
648 121.250930 152.315513 41.077419 57.226499
649 121.461470 152.453010 41.498098 57.489307
650 121.461671 152.459102 41.498098 57.489307
651 121.461872 152.465194 41.498098 57.489307
652 121.191260 151.359802 41.161895 57.514512
653 119.824029 146.197741 40.355775 57.307729
654 119.866797 145.509293 40.370921 57.448407
655 119.152760 141.900171 40.111694 57.283136
656 115.799358 138.443947 40.179125 56.854366
657 115.951998 137.967122 40.405723 56.946002
658 114.509928 133.529871 39.985533 56.519971
659 114.024417 130.302509 39.584183 56.897505
660 113.766030 127.450300 39.647963 57.081365
661 113.812738 124.766313 39.800278 57.564603
662 113.728001 121.935944 39.723238 57.496446
663 113.866012 121.929561 39.994209 57.483922
664 112.732440 117.675665 39.510166 57.145588
665 111.132615 115.368848 39.648670 56.753015
666 107.325292 111.140280 39.760088 55.630017
667 107.451599 110.303788 39.867218 55.900289
668 106.724747 105.589105 39.564972 55.829248
669 106.705995 104.791488 39.875998 56.092272
670 105.090585 100.332460 39.605463 56.444178
671 104.977995 99.635125 39.929487 56.326156
672 102.236184 96.516091 40.012068 55.932007
673 102.475668 96.518496 40.484800 55.986106
674 101.397439 91.856396 40.313461 55.694145
675 100.992585 89.227273 40.150296 56.076525
676 98.368213 84.455735 40.108353 55.865778
677 96.031300 82.188931 40.166201 55.342941
678 95.776160 78.888568 40.008717 55.790093
679 92.242883 75.795793 39.949661 54.854089
680 91.970535 73.435879 39.734552 55.186446
681 90.447930 69.818784 39.439676 55.149444
682 90.469458 69.289351 39.424110 55.526380
683 90.029004 66.318306 39.439110 55.948656
684 89.462307 63.449509 39.344639 56.261133
685 89.447913 63.143168 39.467832 56.490328
686 89.254950 62.504328 39.489611 56.371237
687 89.049168 61.932509 39.490249 56.370194
688 88.770421 61.243840 39.494542 56.260328
689 88.342281 60.092621 39.533509 56.229776
690 88.574803 60.228465 39.998167 56.489493
691 88.574997 60.234452 39.998167 56.489493
692 88.575191 60.240438 39.998167 56.489493
693 88.575384 60.246424 39.998167 56.489493
694 88.575578 60.252411 39.998167 56.489493
695 88.593809 60.269241 39.991863 56.486688
696 89.252268 60.834487 39.906591 56.299799
697 89.858285 61.912899 39.849737 56.244696
698 90.826452 62.427279 39.822296 56.320094
699 91.272642 62.620105 39.868412 56.307332
700 91.337713 62.717172 39.998167 56.489493
701 91.851365 62.664488 39.946814 56.106940
702 92.533787 62.327467 39.960951 56.233416
703 92.557523 62.446381 39.993927 56.484943
704 92.599153 62.333048 39.976238 56.444504
705 93.048001 59.935384 39.917898 55.942611
706 93.088329 59.964805 39.998167 55.989586
707 93.095510 59.938818 39.989811 55.982958
708 93.110032 59.879943 39.986708 55.985952
709 93.468784 59.582779 39.927977 55.809582
710 97.748958 57.619594 39.587439 55.243393
711 97.954515 57.748617 39.998167 55.489679
712 97.954709 57.754498 39.998167 55.489679
713 102.269484 58.626833 39.721474 54.824381
714 106.044973 60.704152 39.896259 54.514123
715 106.530413 61.542834 39.932390 54.839646
716 111.845681 63.551157 39.828499 54.312649
717 116.912530 65.059596 39.430843 54.006908
718 116.946394 65.306849 39.498190 54.489865
719 121.984663 66.545456 38.956932 54.185862
720 125.060968 67.339697 38.843691 54.239996
721 129.635165 68.090224 38.740802 54.146441
722 132.422471 68.143456 38.887818 54.238681
723 138.104482 68.030956 38.558410 54.106176
724 138.698938 68.364628 38.985426 54.392211
725 143.530424 68.594654 38.540360 53.864662
726 143.790938 68.676894 38.989606 53.983626
727 149.136539 69.064339 38.434859 53.584143
728 151.641691 69.146194 38.159943 53.749357
729 152.629797 69.200831 38.330486 53.920396
730 157.766332 68.661899 38.186665 53.806845
731 158.125323 68.741678 38.444002 53.959131
732 163.973967 67.135697 38.206792 53.460531
733 164.987138 66.651831 38.364902 53.476364
734 168.545119 65.477081 38.136254 53.394191
735 168.726297 65.530679 38.498236 53.490051
736 168.726811 65.536197 38.498208 53.489752
737 171.852790 61.781268 37.869074 53.239318
738 176.530713 58.742302 37.649574 53.280745
739 176.706782 58.839013 37.993205 53.485227
740 177.173811 56.461940 37.618944 53.613378
741 177.712582 55.074208 37.694136 53.974987
742 178.464874 51.947240 37.746290 53.886907
743 178.746376 51.313090 37.889293 53.962061
744 179.027223 50.116092 37.894438 53.911487
745 179.491589 48.035166 37.768672 54.012759
746 182.225868 45.893686 37.743338 53.293392
747 182.407078 45.943548 37.968818 53.479043
748 186.181102 43.188642 37.456108 53.082832
749 186.204781 43.396221 37.496275 53.490439
750 189.718005 42.489707 37.084168 53.091105
751 189.965192 42.673708 37.476389 53.475966
752 194.350994 41.404376 37.024298 52.968766
753 195.066487 41.277215 37.381337 52.953024
754 199.303751 41.120266 37.018835 52.673610
755 199.729020 41.341567 37.427523 52.933923
756 202.911568 43.600902 37.088968 52.436060
757 203.465843 43.791504 37.411308 52.406631
758 208.876025 47.298001 37.170945 51.846654
759 209.039006 47.374030 37.491090 51.990786
760 209.042783 47.379311 37.498282 51.990330
761 210.632588 49.344062 37.011686 51.865928
762 212.780600 54.693362 36.613593 52.258139
763 213.261753 55.259934 36.943992 52.373100
764 216.098852 56.711059 36.471669 52.307131
765 216.112717 56.808397 36.498091 52.490274
766 216.395852 58.165383 36.300916 52.439308
767 216.975712 60.497969 36.056112 52.459518
768 217.196996 60.518892 36.498327 52.490237
769 217.197173 60.524454 36.498327 52.490237
770 217.363944 60.969793 36.410189 52.354718
771 217.753604 62.404697 36.257299 52.294551
772 217.874295 62.508102 36.498327 52.490237
773 218.063552 63.508388 36.355102 52.310213
774 218.297989 64.626515 36.334403 52.362649
775 218.171038 67.638813 36.099810 52.449682
776 218.084114 68.521868 36.367715 52.387159
777 217.619987 71.413137 36.228557 52.560607
778 216.618258 72.332856 36.268224 52.644112
779 216.704613 72.581957 36.480345 52.982623
780 216.150820 74.932249 36.282897 53.016991
781 216.025125 75.414124 36.451318 53.407623
782 216.029240 77.202449 36.310842 53.482663
783 216.123160 77.211812 36.498327 53.490051
784 215.575418 78.749181 36.422543 53.175072
785 211.851708 82.697969 36.141130 52.802109
786 212.030483 82.797602 36.498327 52.990144
787 211.650607 84.480868 36.277812 52.908554
788 211.689133 84.920865 36.424811 53.021770
789 211.369398 86.552816 36.459935 53.281283
790 211.384180 86.664899 36.496751 53.489882
791 211.375966 86.725949 36.500691 53.472902
792 211.622642 86.776116 36.993737 53.495872
793 211.625095 86.778930 36.998305 53.490030
794 211.625274 86.784608 36.998305 53.490051
795 211.625453 86.790277 36.998305 53.490051
796 211.625632 86.795945 36.998305 53.490051
797 211.606638 86.805930 37.012414 53.490617
798 211.310512 87.037887 37.736344 53.395584
799 211.441653 87.090789 37.998259 53.490051
800 211.441837 87.096457 37.998259 53.490051
801 211.442021 87.102126 37.998259 53.490051
802 211.442205 87.107794 37.998259 53.490051
803 211.442233 87.113491 37.998386 53.490069
804 210.064853 87.658206 38.298736 53.199373
805 210.164789 87.809213 38.498236 53.490051
806 210.164975 87.814882 38.498236 53.490051
807 209.893842 87.926208 38.595406 53.428981
808 204.877519 89.277682 39.188516 52.992070
809 205.032547 89.282334 39.498190 52.990144
810 203.889233 91.232350 39.355075 52.904066
811 202.368674 92.358434 39.412839 52.782003
812 202.170113 95.161126 39.282204 52.904316
813 199.138235 96.379081 39.363764 52.901637
814 199.108884 97.881323 39.401250 52.919093
815 198.249776 100.299375 39.336357 53.098835
816 198.317299 100.549426 39.498491 53.476099
817 198.050973 103.919634 39.213488 53.433409
818 198.193514 103.953623 39.498190 53.490051
819 198.193706 103.959292 39.498190 53.490051
820 198.192019 103.969739 39.498885 53.489227
821 198.021901 105.546330 39.385946 53.392676
822 197.756869 108.174469 39.325533 53.324547
823 197.819114 108.276382 39.508903 53.486732
824 196.464336 109.181281 40.140171 53.226820
825 196.643518 109.318565 40.498144 53.490051
826 196.643714 109.324234 40.498144 53.490051
827 195.726813 110.152117 40.361151 53.486298
828 195.795505 110.159662 40.498144 53.490051
829 195.409222 110.672924 40.437727 53.432386
830 193.385999 112.888663 40.319347 53.477045
831 193.475593 112.900835 40.498144 53.490051
832 193.475789 112.906503 40.498144 53.490051
833 193.475985 112.912172 40.498144 53.490051
834 193.018358 113.238679 40.498944 53.435601
835 191.023901 114.872609 40.726312 53.496582
836 188.338340 115.437673 40.915279 53.522245
837 188.376285 115.677895 41.001089 53.990375
838 183.354445 116.042254 41.390475 53.949532
839 183.408457 116.068188 41.498098 53.989958
840 178.072705 115.956983 41.347413 54.233005
841 175.434683 117.831797 41.305457 54.519127
842 174.840317 118.307347 41.426982 54.987356
843 169.688678 119.298580 41.271898 54.775906
844 169.801979 119.411340 41.498098 54.989772
845 169.784508 119.391810 41.494999 54.986423
846 166.861756 117.299749 41.293756 54.888581
847 165.695626 117.097990 41.635507 54.968002
848 163.426988 116.370234 42.012281 54.874309
849 161.083939 115.613691 42.271161 54.876787
850 161.197282 115.673060 42.496893 54.989035
851 161.146058 114.852496 42.438387 54.862581
852 160.948755 114.343449 42.502667 54.853913
853 158.642336 112.783333 42.622509 54.702691
854 158.815156 112.921356 42.995508 54.983981
855 157.966534 112.467155 42.883425 54.958183
856 158.023444 112.487468 42.997675 54.989874
857 158.061091 112.119605 42.909569 55.018628
858 158.174243 107.941120 42.571120 55.189082
859 158.417575 107.929995 42.956152 55.432463
860 158.483865 104.252319 42.728297 55.465432
861 158.619423 104.251268 42.990414 55.484989
862 158.856422 101.787551 42.681755 55.261611
863 159.523233 97.373495 42.779826 54.956240
864 159.891039 96.684549 42.961682 54.860677
865 161.963249 91.576573 42.756287 54.433289
866 162.084328 91.610636 42.998030 54.489865
867 163.235245 88.663821 42.985739 54.274334
868 164.068389 87.956352 42.916280 54.391977
869 165.811663 85.007389 42.884263 54.166792
870 166.232292 84.669467 42.906465 54.383407
871 167.823421 83.721182 42.837904 54.054871
872 167.906200 83.942185 42.997060 54.487118
873 167.906893 83.949333 42.998030 54.489865
874 168.786593 84.033361 42.799487 54.366964
875 169.417489 84.184251 42.824326 54.415296
876 169.504549 84.227310 42.998030 54.489865
877 169.540245 84.249968 42.980843 54.485933
878 169.747373 84.363894 42.931207 54.444428
879 170.744422 85.130215 42.756230 54.297003
880 171.105499 85.503474 42.872141 54.451073
881 172.155980 86.735101 42.636068 54.107678
882 172.403569 87.000488 42.961955 54.467027
883 173.869856 87.664929 42.658693 54.252359
884 174.693404 88.226800 42.760109 54.345402
885 178.687184 92.529476 42.077560 53.889117
886 180.241647 96.116267 41.698987 53.622470
887 180.891431 97.281807 41.711096 53.861655
888 182.550181 100.647957 41.211202 53.725650
889 184.185085 102.642006 41.024843 53.689763
890 184.423826 102.803564 41.496737 53.987911
891 184.428881 102.824623 41.495318 53.984316
892 184.847086 103.047064 41.367938 53.908462
893 187.716101 103.270268 41.159432 53.794380
894 187.885636 103.373779 41.498098 53.989958
895 187.979233 103.448261 41.463557 53.959970
896 188.222947 104.269769 41.309169 53.892314
897 188.749934 108.052612 40.764407 53.679979
898 188.524442 110.608290 40.704606 53.697017
899 187.006956 114.608894 40.357342 53.397955
900 187.077553 114.660610 40.498144 53.490051
901 187.077749 114.666279 40.498144 53.490051
902 187.055715 114.838581 40.482140 53.434537
903 186.598448 116.169781 40.299106 53.290898
904 183.032051 118.249984 40.034506 53.078164
905 182.667168 119.371375 40.389439 53.248609
906 182.361769 120.651316 40.397993 53.179508
907 182.411550 120.816624 40.498109 53.488183
908 182.411575 120.844308 40.499214 53.479852
909 182.758537 123.978933 40.283848 52.992274
910 183.568485 126.826178 40.141502 52.617611
911 183.779053 129.034936 40.332274 52.547453
912 183.870007 130.629375 40.368026 52.582440
913 183.931550 130.925696 40.497484 52.950651
914 183.934336 130.960159 40.496889 52.986254
915 185.193382 132.822696 40.378038 52.762854
916 185.253631 132.941956 40.498144 52.990144
917 186.026651 136.190166 40.126135 52.645573
918 186.330027 137.955965 40.389358 52.688013
919 186.055713 141.730537 39.991587 52.889974
920 186.059196 141.786238 39.998167 52.990144
921 186.062032 141.863867 39.996590 52.956574
922 186.114980 141.979949 39.989609 52.937469
923 188.776912 143.313854 39.522909 51.944403
924 189.014734 143.342327 39.998167 51.990330
925 189.015921 143.340457 39.993725 51.982658
926 189.013051 143.318404 39.984329 51.935440
927 189.017176 143.339947 39.995321 51.972482
928 189.048752 142.270873 39.902805 51.436445
929 189.123041 141.775822 39.931656 51.253063
930 189.345938 138.752957 39.554096 50.488505
931 189.535890 137.260025 39.844313 50.307112
932 189.718625 134.218946 39.548925 49.840001
933 190.166651 132.300002 39.680450 49.422255
934 190.584572 130.692223 39.702528 49.071012
935 191.121657 127.588616 39.584620 49.256719
936 191.210617 126.585418 39.839312 49.527052
937 190.304498 123.719344 39.456053 49.960368
938 190.326415 123.735868 39.496700 49.989450
939 190.448718 123.063643 39.425259 49.932580
940 191.628939 120.376806 39.140448 49.637461
941 191.821673 120.506284 39.487396 49.951637
942 191.938761 120.271329 39.430727 49.898767
943 192.386702 118.042265 39.171017 49.279206
944 192.683022 117.321646 39.371750 49.224189
945 193.026593 116.758827 39.365335 49.225213
946 194.656144 114.032462 39.287616 49.135251
947 196.456281 112.982227 39.452206 49.053645
948 197.742755 112.626290 39.353047 49.378390
949 197.815517 112.687737 39.498190 49.490795
950 197.815708 112.692981 39.498190 49.490795
951 197.815900 112.698226 39.498190 49.490795
952 198.215957 112.699992 39.375651 49.465227
953 199.008531 112.736223 39.446439 49.393903
954 200.641250 111.594458 39.302217 49.452116
955 202.124672 111.089872 39.332995 49.355278
956 202.322893 110.999190 39.437473 49.276296
957 203.231038 109.304862 39.295007 48.861048
958 203.654661 108.964476 39.361732 48.746693
959 204.616853 106.135443 39.153529 48.241887
960 204.810027 105.027483 39.270517 48.092757
961 204.590634 104.150170 39.347330 48.475058
962 204.538295 103.744375 39.430457 48.403088
963 204.526627 103.631801 39.426543 48.482859
964 204.562642 103.641000 39.498190 48.490981
965 204.564575 103.645244 39.497340 48.489577
966 204.568604 103.649262 39.496374 48.488529
967 204.569703 103.655627 39.498190 48.490981
968 204.569894 103.660766 39.498190 48.490981
969 204.570085 103.665904 39.498190 48.490981
970 204.774356 103.715559 39.419239 48.468180
971 205.270788 103.689645 39.376485 48.468305
972 208.305143 103.831502 39.074450 48.038599
973 208.519041 104.062631 39.497028 48.491362
974 208.524814 104.067280 39.496030 48.491302
975 208.614623 103.955367 39.458906 48.471008
976 208.829716 103.579400 39.408448 48.319490
977 209.143083 101.800596 39.102341 47.737257
978 209.443381 101.708082 39.444523 47.935293
979 209.844122 101.082149 39.480709 47.714635
980 210.166699 100.606182 39.463063 47.806329
981 210.921615 100.158292 39.627299 47.863596
982 211.257095 100.045373 40.000395 47.905639
983 211.864883 99.357470 40.443459 47.839437
984 212.308649 99.142171 40.478382 47.948934
985 212.342157 99.134512 40.488668 47.965787
986 212.665039 98.879164 40.493123 47.937426
987 213.322755 98.516612 40.532094 48.013795
