21 219.214034 305.025528 142.114590 126.168992
22 217.704847 294.002408 141.481325 127.735611
23 231.774102 278.476918 121.262412 128.002789
24 220.364917 290.379004 118.353894 127.834759
25 193.714010 307.996702 126.705612 119.273334
26 176.868046 304.275115 127.523197 116.115877
27 163.665133 304.252487 131.230511 108.298289
28 162.478301 297.382720 132.592694 104.788984
29 164.326297 295.425786 129.080843 106.892061
30 145.877142 298.426598 131.326695 107.459143
31 145.739684 298.422273 131.611695 107.436002
32 140.578449 298.152838 134.216432 107.117093
33 139.738249 296.429341 135.050268 111.031445
34 125.209242 283.870317 130.844649 120.282942
35 108.128274 274.383512 118.097466 124.321050
36 86.874647 264.186411 108.856554 143.205657
37 48.722878 261.404582 117.341425 148.869925
38 50.940337 253.274225 124.659949 151.168940
39 42.352544 267.752051 114.794528 153.588742
40 17.745044 280.917283 143.741196 133.699380
41 0.000000 288.651916 159.329847 121.647309
42 0.000000 282.805435 148.246749 117.633124
43 4.048816 277.225855 150.035416 114.125430
44 3.897013 267.636903 149.731967 129.741799
45 7.589541 252.986229 144.921713 132.538703
46 13.200181 187.530497 141.298530 142.780937
47 0.000000 189.584006 110.352814 142.311100
48 0.000000 161.391049 95.115052 148.470045
49 2.626678 184.225976 79.741429 171.040687
50 6.073773 230.553028 82.211182 161.124520
51 6.207163 200.587831 93.466052 155.311387
52 18.371765 166.119633 94.998905 168.491762
53 15.441868 170.088863 101.756235 162.730085
54 5.945561 185.608180 92.424115 159.549174
55 16.631171 211.473409 107.510034 149.678650
56 0.000000 143.658754 107.651902 150.789213
57 0.000000 141.688426 107.953348 154.886553
58 8.866814 93.534356 105.000768 151.925077
59 0.000000 39.177545 83.972596 161.751594
60 0.000000 0.000000 94.432808 166.993701
61 0.000000 0.000000 89.372684 144.823048
62 3.716969 17.288274 76.426415 149.788242
63 3.762637 17.400255 76.466130 149.951670
64 3.788859 17.430778 76.465171 149.950798
65 7.090079 5.034413 68.512009 144.536812
66 8.311181 5.440049 66.908471 139.962027
67 8.891053 5.359568 65.781091 137.021961
68 4.162048 0.000000 62.670971 140.301396
69 4.377193 0.590273 62.779002 139.448598
70 4.535685 0.978022 62.813838 138.707881
71 0.000000 83.519537 57.918163 145.281576
72 1.665719 64.899587 56.280835 154.850719
73 2.425570 49.518544 57.843517 144.842419
74 0.000000 44.625992 60.085191 136.334489
75 2.150918 47.642003 63.389495 120.890531
76 3.938153 22.712458 62.910565 119.439542
77 4.700580 9.104748 63.179578 113.566227
78 2.342108 3.859756 61.505684 108.958255
79 0.184064 5.881255 52.333343 105.447019
80 0.000000 8.563582 44.595405 119.469114
81 6.835735 12.899312 48.341908 127.221066
82 2.414580 6.494193 45.662153 111.517851
83 2.603334 1.091870 46.165871 103.579994
84 2.709698 1.506386 46.230741 103.264019
85 3.728744 4.375920 47.110035 100.297759
86 3.805284 7.600346 45.343881 97.598382
87 0.588096 7.637427 44.041079 98.185560
88 0.000000 0.688949 41.271779 98.953837
89 0.000000 0.392647 42.880816 99.392978
90 0.000000 0.000000 42.541058 98.155288
91 0.027978 1.193239 42.663345 98.593143
92 1.989212 12.633883 42.740428 101.511448
93 0.548203 21.219558 42.905509 108.676814
94 0.150975 26.888475 41.918549 123.306993
95 0.000000 38.476117 39.182504 129.023489
96 0.468433 47.082134 36.822913 135.313196
97 0.671523 57.073149 35.079663 135.953062
98 0.784855 56.640607 34.784885 138.207359
99 1.570071 48.835140 34.751313 142.497077
100 1.334056 55.166350 35.135934 139.560459
101 0.371630 62.759854 34.640691 130.745436
102 0.429664 65.117086 34.911789 124.290613
103 0.710567 62.733432 34.505356 122.441132
104 0.841884 56.081878 34.504186 121.745257
105 0.941750 29.038043 34.054928 120.672303
106 1.531609 24.684505 36.136953 111.447832
107 2.100967 33.471052 36.170558 101.647363
108 2.600256 41.070948 34.826357 96.537695
109 2.413533 48.725592 32.611097 91.517136
110 2.372860 55.435441 30.131531 85.157933
111 1.561705 60.252473 28.110333 79.142820
112 0.948110 64.011067 26.407616 74.710440
113 0.703403 48.355650 26.086174 72.263995
114 0.867243 31.921387 27.439989 69.424276
115 0.000000 32.891045 27.112548 67.255575
116 0.620661 34.521070 29.182226 63.588609
117 0.780875 46.152007 28.254027 56.818637
118 0.136928 57.381102 27.239992 53.473016
119 0.008805 63.245963 26.937895 51.940046
120 0.000000 70.777045 24.437025 53.538186
121 0.000000 74.056869 21.707981 61.915898
122 0.000000 110.917729 20.218108 67.863379
123 0.447022 138.482221 20.374512 62.336948
124 0.000000 149.302654 15.531664 61.904886
125 0.000000 188.037464 15.599250 61.120770
126 0.749093 201.759952 16.348827 67.972164
127 0.051100 195.296388 16.516190 63.409623
128 0.493185 203.737721 16.091467 62.047872
129 1.015662 220.347585 16.641584 59.195915
130 6.287800 232.658816 15.873417 56.229871
131 0.000000 231.152506 13.507717 53.870095
132 0.566898 236.947705 15.292562 53.551472
133 0.685351 232.478022 16.199148 57.494914
134 3.028354 251.559070 14.261957 63.583108
135 5.704212 270.541282 15.722999 65.027881
136 0.000000 265.763695 17.361977 68.164639
137 0.559957 266.121842 16.838464 72.959461
138 1.059882 273.187308 15.912252 73.546447
139 0.000000 297.999238 17.700089 77.458750
140 0.067669 295.281780 17.699001 80.575659
141 0.080750 295.630842 17.484611 82.565863
142 0.000000 296.025846 17.282761 83.281400
143 0.265554 294.315894 18.154105 90.780194
144 0.000000 280.179645 19.126461 91.669329
