5 347.581713 268.108950 48.880972 57.773861
6 347.697308 268.235422 48.960948 57.941988
7 347.719117 268.277385 48.979362 57.977828
8 347.730349 268.291508 48.977633 57.983323
9 347.746019 268.313105 48.980532 57.980900
10 347.830682 268.945862 49.090663 57.806321
11 348.049867 269.121622 49.480409 57.970800
12 348.081927 269.307068 49.494885 57.918181
13 348.099747 269.506950 49.478393 57.790809
14 348.141388 270.824125 49.515212 57.492591
15 348.357530 271.928383 50.148394 56.905816
16 348.500135 272.441697 50.554373 56.651021
17 348.704795 272.876574 51.058022 56.729970
18 348.898697 273.304102 51.581083 56.766939
19 349.047382 274.172927 52.063075 56.659261
20 349.265349 274.479871 52.477840 56.926438
21 349.181858 275.566866 52.471329 56.828529
22 349.175919 275.811499 52.489699 56.924049
23 349.143544 276.191227 52.476538 56.916357
24 349.011648 277.377962 52.445228 56.743690
25 348.995577 278.869416 52.375874 56.954868
26 348.901931 280.467672 52.270747 56.888367
27 348.888687 281.506728 52.330187 56.992420
28 348.933997 281.670824 52.422097 56.991210
29 348.971161 281.691399 52.472873 57.005352
30 348.979836 281.962103 52.473672 57.506029
31 348.965673 282.215568 52.459460 57.986174
32 348.827655 282.242073 52.463708 57.987018
33 347.335561 282.285402 52.716526 58.394145
34 347.419464 282.413496 52.980141 58.454169
35 347.146101 282.682852 53.007597 58.564013
36 347.364878 282.909699 53.486576 58.977946
37 347.177157 282.704003 53.459157 59.343700
38 346.973303 282.824867 53.512235 59.425425
39 347.029116 283.890366 53.717972 59.876522
40 346.513623 287.126648 54.190173 59.943292
41 346.117378 286.583490 54.500621 59.890829
42 345.348427 286.461624 55.378604 59.334618
43 339.833076 282.867723 56.446647 58.102447
44 337.748384 277.356566 56.385235 59.178032
45 336.861126 273.260184 56.123315 59.446769
46 335.372567 266.990916 55.815594 60.585707
47 333.857745 261.680112 55.550054 60.883297
48 331.635092 250.664078 57.020902 60.279097
49 330.655957 247.470840 58.248540 59.718877
50 329.215164 245.411612 59.179184 59.278490
51 328.707064 243.186993 59.806784 59.268009
52 328.379780 241.677936 60.227237 59.258658
53 328.618857 237.871429 60.870659 58.859146
54 328.563950 237.604812 61.141084 58.603736
55 328.761661 237.305763 61.589361 58.622250
56 328.933919 237.393605 62.026658 58.856537
57 329.081431 237.311644 62.559000 58.781038
58 329.045212 236.381008 63.124137 58.395472
59 329.016520 236.339363 63.638473 58.089322
60 328.791461 236.086913 64.229407 57.906133
61 328.929707 235.035347 64.709931 57.324204
62 328.653620 234.156375 65.345365 56.691305
63 328.010031 232.838302 65.905268 56.298413
64 327.919440 232.833144 66.149274 56.296472
65 327.950970 232.905878 66.669396 56.309415
66 327.927104 232.935259 67.214675 56.221505
67 327.988586 233.130782 67.582925 56.341504
68 327.935866 233.197607 68.105306 56.377845
69 328.069647 233.268852 68.562541 56.409025
70 328.206764 233.377867 69.109862 56.326040
71 328.303675 233.463769 69.646576 56.294330
72 328.297365 233.492475 70.245780 56.002214
73 327.958271 234.246321 70.982986 55.605977
74 327.843595 234.591419 71.204727 55.582962
75 327.698137 235.190782 71.801134 55.387270
76 327.704498 235.325119 72.126937 55.264861
77 327.745968 235.554523 72.664505 55.165918
78 327.650614 235.756722 73.191269 55.202653
79 327.621902 235.892613 73.667706 55.123045
80 327.733592 235.996832 74.099072 55.191641
81 327.819074 236.112546 74.587088 55.243911
82 327.887018 236.211148 75.099066 55.278172
83 328.002057 236.343395 75.558657 55.312692
84 328.065307 236.454431 76.056704 55.209463
85 328.142867 236.579054 76.604451 55.085876
86 328.236102 236.532211 77.100559 54.986118
87 328.329396 236.133008 77.617395 54.436767
88 328.182783 235.533535 78.185877 53.689794
89 327.704647 234.989715 78.783519 53.245438
90 327.189492 234.871062 79.279565 52.950390
91 326.864701 234.836608 79.637070 52.720942
92 326.482915 234.696510 80.084141 52.319296
93 326.541571 234.753472 80.517089 52.331677
94 326.693018 234.920101 80.942566 52.313442
95 326.667059 235.169481 80.881904 52.098681
96 327.001437 235.416369 80.603422 52.085343
97 327.920365 235.717004 80.153107 52.113225
98 328.717439 236.952246 79.276162 52.174010
99 328.910782 238.136794 78.888205 52.308703
100 329.026270 240.393809 78.276006 52.154932
101 329.264733 240.916608 78.276293 52.497191
102 329.492513 241.873971 78.185364 52.682570
103 329.851352 242.509442 78.339130 53.108472
104 330.382798 242.946150 78.196889 53.633095
105 332.262482 243.154510 77.563612 53.880258
106 335.771197 241.607618 76.645279 54.128084
107 337.047801 246.909286 76.473005 55.289364
108 339.437139 245.659820 74.858120 56.187044
109 342.755923 247.255365 73.730589 56.884229
110 347.104568 247.175128 72.413219 57.809309
111 346.613721 245.370341 72.689693 58.751733
112 345.314104 247.184878 73.466359 58.992795
113 345.591566 245.752119 72.764521 59.629434
114 345.160714 246.140938 72.860972 60.160443
115 345.523087 243.954033 72.364187 60.737958
116 344.462679 244.080851 72.089656 61.196829
117 344.637349 243.383015 71.875532 61.683363
