2 606.983230 265.234595 76.985335 68.983065
3 606.988793 265.242658 76.985335 68.983065
4 606.994355 265.250720 76.985335 68.983065
5 606.999918 265.258783 76.985335 68.983065
6 607.034769 265.270652 76.996038 68.981160
7 607.034980 265.279667 76.985335 68.983065
8 607.040543 265.287730 76.985335 68.983065
9 607.702423 265.176629 77.303744 68.889690
10 612.652967 266.081574 78.810512 68.719628
11 615.837992 266.224708 78.791771 68.809347
12 615.940290 266.319630 78.984955 68.983065
13 616.583847 266.471690 78.890911 68.943649
14 620.440231 267.268227 78.541701 68.755744
15 626.403223 267.449707 79.033357 68.726162
16 631.042758 268.182799 79.363419 68.778854
17 631.109222 268.292967 79.484859 68.983065
18 631.492363 268.460699 79.419865 68.954964
19 633.742120 269.458583 78.989645 68.765200
20 634.717161 269.857418 78.822815 68.877619
21 639.650148 271.833047 78.315104 68.750891
22 639.740792 271.957197 78.485050 68.983065
23 641.336513 272.425078 78.418710 68.842999
24 647.699709 273.953596 79.410732 68.427835
25 652.903833 274.324967 79.290404 68.253823
26 657.945280 275.846916 79.745329 68.289269
27 658.070777 275.951880 79.984764 68.483188
28 659.472575 275.870305 79.842514 68.539301
29 663.137561 275.735142 80.249779 68.838597
30 665.361309 275.525502 81.156743 68.778634
31 665.531064 275.635780 81.484478 68.983065
32 666.308196 275.644886 81.507306 68.843789
33 666.711086 275.690935 81.996551 68.935345
34 668.479327 275.604826 81.841897 68.676151
35 672.870718 275.511288 82.300402 68.403425
36 672.971331 275.558828 82.483332 68.482594
37 678.251045 275.187313 82.210575 68.046734
38 680.629615 274.676169 82.510704 68.202003
39 681.445876 274.619007 82.896034 68.385041
40 685.227927 274.527894 83.083667 68.031327
41 685.439545 274.761081 83.481864 68.482447
42 689.159909 274.739337 83.224036 68.054354
43 697.074399 275.251864 84.264943 67.715361
44 703.903223 274.376530 83.744173 67.665812
45 704.039336 274.542016 83.980089 67.982024
46 704.047361 274.550605 83.984002 67.983311
47 704.106958 274.553726 83.960386 67.980192
48 708.346732 272.863426 84.105427 67.159095
49 713.948939 272.753692 84.178960 66.839497
50 720.914604 272.965250 84.491393 66.333959
51 720.916966 273.047880 84.483907 66.483679
52 725.864483 271.364085 83.826765 66.530058
53 732.028743 268.396558 84.046279 66.316864
54 736.977623 267.280114 84.159663 66.318006
55 741.302871 264.419062 84.238045 66.398218
56 741.431906 264.469563 84.483907 66.483679
57 742.697090 264.033198 84.182457 66.393804
58 746.304900 263.745515 84.190975 66.087416
59 751.547858 263.918623 83.803262 66.012397
60 755.230885 264.365515 84.063899 66.042509
61 755.452820 264.585664 84.490120 66.481960
62 760.804634 263.613422 83.618028 66.101397
63 763.743066 263.129472 83.568919 66.313963
64 767.575327 262.969254 83.373887 66.298983
65 768.845718 262.971425 83.294634 66.434938
66 768.946482 263.003566 83.484098 66.483679
67 773.459563 261.667385 82.969581 66.361204
68 778.757856 260.092536 82.652712 66.027767
69 781.859890 258.012286 82.851865 66.385357
70 785.437902 256.899705 82.929228 66.170486
71 785.471381 257.064072 82.984193 66.483679
72 791.448507 256.591323 83.303191 65.928972
73 796.416269 256.145318 83.150528 65.727865
74 800.709307 254.091867 82.923975 65.883550
75 803.233221 252.426336 82.710340 65.877508
76 803.376143 252.487195 82.984193 65.983802
77 805.913428 251.506965 82.927692 65.567554
78 809.714972 250.165484 82.903601 65.481609
79 814.302677 250.364844 83.088733 64.975763
80 816.353117 250.327222 83.273933 64.824181
81 816.464231 250.414751 83.484098 64.984047
82 819.580108 250.164153 83.373258 64.812006
83 824.754758 249.733597 83.468912 64.547832
84 830.089288 248.520446 83.171825 64.724624
85 832.475167 247.915728 83.018976 64.913795
86 832.713760 247.958449 83.484098 64.984047
87 835.523030 247.115059 83.121064 64.877690
88 840.875339 246.915982 83.125914 64.602301
89 846.641761 246.742148 84.082483 64.627168
90 850.877505 246.827854 84.113697 64.821203
91 851.068714 246.916871 84.483907 64.984047
92 856.741307 246.375227 84.864915 64.692650
93 857.791722 245.406690 84.639986 65.082746
94 857.969775 245.614933 84.983812 65.483924
95 857.975964 245.622496 84.983885 65.483903
96 857.982068 245.630160 84.983812 65.483924
97 864.028527 245.913244 88.820078 65.361123
98 870.512057 246.869611 88.130915 65.506493
99 873.851010 247.365736 88.245749 66.074732
100 873.976101 247.577980 88.483145 66.483679
101 873.982495 247.585750 88.483145 66.483679
102 873.983048 247.579274 88.472452 66.493341
103 873.994484 247.581560 88.481348 66.483996
104 874.001776 247.589172 88.483145 66.483679
105 874.684438 247.567719 88.528008 66.490985
106 874.918389 247.571836 88.983050 66.483679
107 877.926651 248.029852 88.580695 66.680634
108 881.425165 247.831397 88.581484 67.100911
109 882.326968 247.961486 88.785626 67.517629
110 882.432109 248.202273 88.983050 67.983311
111 882.438539 248.210219 88.983050 67.983311
112 882.444968 248.218165 88.983050 67.983311
113 884.725762 248.065587 88.814433 67.933292
114 889.361320 247.274881 89.087249 67.665705
115 898.542619 247.732968 89.180486 67.332452
116 898.700319 247.816346 89.482955 67.483434
117 901.394300 247.539151 88.965416 67.502649
118 901.548800 247.715551 88.949061 68.008093
119 901.572224 247.961103 88.983050 68.483188
120 901.583262 247.968836 88.980393 68.482897
121 901.592038 247.976998 88.982286 68.483201
122 903.117418 247.926143 88.893912 68.344238
123 908.065723 247.609794 88.651822 68.243518
124 908.237766 247.737633 88.983050 68.483188
125 908.244196 247.745637 88.983050 68.483188
126 908.250625 247.753642 88.983050 68.483188
127 908.257054 247.761646 88.983050 68.483188
128 910.212048 247.382664 88.654296 68.307352
129 915.983901 247.267487 90.751153 67.819159
130 923.686092 247.478924 91.211372 67.571031
131 923.828303 247.693009 91.482574 67.983311
132 924.428778 247.652289 91.284133 68.001764
133 924.635251 247.908945 91.448965 68.481388
134 928.632663 247.448614 90.895585 68.564938
135 935.148960 247.166210 90.946766 68.795601
136 935.173485 247.268004 90.982669 68.983065
137 936.576797 247.092972 90.877612 69.030763
138 940.041648 246.904132 90.852718 69.489263
139 943.448728 246.994697 90.914292 69.396417
140 947.308029 246.670878 90.825858 69.551434
141 947.393238 246.894754 90.982500 69.982823
142 951.087972 246.752905 90.896996 70.013231
143 955.383012 246.309651 90.834945 70.443715
144 955.606078 246.333578 90.955089 70.479521
145 960.401691 245.994430 91.139506 70.321998
146 960.579835 246.083017 91.482574 70.482697
147 968.226464 246.696489 91.280996 70.164176
148 973.146441 246.666797 92.010391 70.396544
149 978.646183 247.231676 91.901422 70.409947
150 983.302381 247.522436 92.419076 70.288233
151 983.340717 247.627906 92.482383 70.482697
152 993.934578 248.402474 92.050783 70.193547
153 998.834782 248.735124 92.069586 70.624568
154 1001.530741 248.637751 91.859551 71.032765
155 1001.809738 248.839528 91.925449 71.490293
156 1001.846360 248.843784 91.981860 71.482261
157 1004.820291 249.131525 92.439690 71.328136
158 1009.081518 248.636947 92.231778 71.596615
159 1010.555428 248.650626 92.330380 72.039252
160 1014.594469 248.040344 92.539679 72.441472
161 1014.822492 248.069183 92.982288 72.482206
162 1022.835580 247.592928 92.823007 72.250407
163 1027.562037 247.163322 93.102905 72.203328
164 1034.789326 246.737380 93.693402 71.954236
165 1044.743546 245.678462 95.069837 71.728092
166 1044.956433 245.813994 95.481812 71.982329
167 1060.454750 244.509685 95.640002 71.222398
168 1066.583232 243.267814 94.074509 71.885833
169 1067.226204 243.242703 94.246657 71.974707
170 1067.543749 243.188075 94.389425 71.973506
171 1067.610329 243.200625 94.472909 71.981993
172 1071.526081 242.571594 94.072996 71.484717
173 1080.685958 240.609041 97.407618 71.061205
174 1092.708753 239.795646 95.906425 70.245530
175 1098.393743 239.103792 95.468427 70.033782
176 1098.410012 239.336525 95.479808 70.482728
177 1108.022568 237.822041 94.432472 69.908145
178 1110.185320 237.207846 93.752720 69.891293
179 1113.151163 236.308914 93.103578 69.830764
180 1122.477532 235.918374 94.305754 68.947659
181 1122.572483 235.944140 94.482003 68.983065
182 1129.875839 235.578504 93.039011 68.650850
183 1135.420690 235.213020 93.167259 68.847754
184 1140.201836 233.612792 92.028478 68.872321
185 1140.578582 233.656936 92.418366 68.984740
186 1140.621406 233.664217 92.479292 68.983115
187 1141.268067 233.656067 92.311983 68.957270
188 1147.754770 233.934003 95.676044 68.022518
189 1155.486071 234.014925 95.017181 68.205262
190 1162.918278 233.510206 94.889937 68.080671
191 1162.971126 233.719468 94.981907 68.483188
192 1165.826595 233.541961 93.973703 68.370046
193 1168.658544 233.722050 93.313585 68.387612
194 1169.526234 233.681097 93.364214 68.639277
195 1174.279297 233.580001 93.131382 69.432490
196 1174.596792 233.469632 93.474476 69.697393
197 1186.611525 233.762815 91.910829 70.190759
198 1191.898634 233.037372 88.101366 71.221001
199 1200.659690 230.263040 79.340310 72.643167
200 1200.965156 230.301054 79.034844 73.157786
201 1201.206104 230.108743 78.793896 73.490492
202 1201.315986 230.120888 78.684014 73.497340
203 1201.501701 230.110747 78.498299 73.519868
204 1201.507496 230.336540 78.477919 73.990003
205 1201.532820 230.342360 78.466888 73.989157
206 1201.547838 230.345947 78.452162 73.980063
207 1201.921537 230.550772 78.078463 74.002004
208 1202.516333 231.506356 77.483667 74.489542
209 1205.657120 234.509064 74.342880 73.694041
210 1212.118553 233.546489 67.881447 72.091598
211 1212.261819 234.031141 67.738181 72.395154
212 1214.219157 235.756478 65.780843 73.157773
213 1210.112532 242.713200 69.690395 74.339080
214 1204.411119 252.490928 72.710943 72.208007
215 1201.915188 261.053423 74.996504 69.872800
216 1200.570528 270.215525 76.059254 66.198888
217 1201.564950 274.849876 75.623221 63.426873
218 1201.755409 280.862259 75.326208 59.636843
219 1203.057429 286.395024 74.103229 55.841815
220 1206.212781 290.526182 71.335493 52.837508
221 1206.247729 291.398840 71.258646 52.619537
222 1210.415743 298.586280 68.402369 47.675205
223 1221.019993 297.206243 58.211196 48.996964
224 1226.849401 297.658089 52.761212 49.124162
225 1230.623503 298.018526 49.214912 50.391384
226 1231.494226 298.090001 48.474310 50.702970
227 1234.285667 299.296403 45.375568 50.692213
228 1237.857126 302.408184 41.784037 45.166626
229 1238.752103 298.951754 41.247897 44.079201
230 1239.996501 298.834843 40.003499 44.473960
231 1240.440412 299.119934 39.559588 44.673032
232 1240.704105 299.227405 39.295895 44.981237
233 1240.942254 299.455201 39.049637 44.968987
234 1241.334448 299.352021 38.665552 45.152264
235 1241.497270 299.773231 38.502730 45.722344
236 1241.631213 299.784096 38.368787 46.112197
237 1239.192694 302.831950 40.325153 46.317011
238 1238.766726 303.721226 40.725652 46.467534
239 1237.660757 305.088983 41.734572 46.255894
240 1237.088972 306.049076 42.369445 46.166377
241 1236.878763 306.346836 42.655348 46.438142
242 1236.134232 307.164072 43.425154 46.364619
243 1234.913899 308.226347 44.229339 46.175459
244 1235.048207 308.388345 44.491525 46.488588
245 1238.910532 305.888825 40.994013 47.396048
246 1238.908874 305.955388 40.989152 47.475502
247 1241.891005 302.603988 38.108995 48.448364
248 1243.783875 297.192463 36.216125 49.268799
249 1244.669751 294.184139 35.115518 49.883976
250 1244.841802 294.011789 35.158198 50.021875
251 1244.882319 294.298121 35.117681 50.380037
252 1245.072993 294.357724 34.927007 50.480199
253 1245.767519 289.983512 34.232481 47.485087
254 1253.403396 288.418029 26.596604 46.658511
255 1256.212875 281.833479 23.604357 44.172700
256 1256.713652 279.195171 22.827143 44.964967
257 1258.059729 276.040728 21.626821 42.946145
258 1259.735587 279.030439 19.975080 41.127120
259 1260.069686 280.050294 19.391652 40.266374
260 1261.518698 282.197360 18.193219 37.397635
261 1261.996177 282.158127 17.398980 36.202666
262 1263.240890 275.485101 16.312616 35.452770
263 1265.614152 271.380163 14.385848 40.407079
264 1267.562369 262.778358 12.437631 45.163192
265 1268.597712 256.197061 11.402288 47.489393
266 1268.364598 255.641072 11.532985 46.823809
267 1268.759184 236.663189 11.240816 48.093902
268 1268.856094 237.619723 11.143906 51.397183
269 1268.278423 238.652722 11.721577 51.410801
270 1268.484003 237.227995 11.515997 52.210206
271 1268.747753 234.203318 11.252247 52.564708
272 1268.858829 232.774672 11.141171 53.420876
273 1268.933364 231.313827 11.066636 53.682688
274 1268.771633 233.205745 11.228367 54.000706
275 1268.691623 240.490120 11.308377 53.124535
276 1268.786258 240.996737 11.213742 54.191210
277 1268.884602 238.613186 11.115398 54.390894
278 1269.063752 235.495932 10.936248 53.961934
279 1269.202649 229.798948 10.797351 54.083115
280 1269.385672 226.290831 10.614328 54.315298
281 1269.552876 222.900541 10.447124 54.175500
282 1269.647377 217.146581 10.352623 55.066460
283 1270.058557 222.287823 9.941443 56.749739
284 1270.410960 212.216556 9.472616 61.798555
285 1270.644658 208.249052 9.168544 67.563066
286 1270.768105 203.895743 9.231895 68.233625
287 1271.315914 196.585752 8.684086 81.512254
288 1271.470331 196.297129 8.529669 82.078107
289 1271.939735 187.671655 8.060265 83.867245
290 1271.947939 183.379718 8.052061 83.942742
291 1272.180764 188.895537 7.819236 85.324648
292 1272.564203 170.898705 7.435797 85.510408
293 1272.811262 167.553250 7.188738 89.078003
294 1272.995028 161.904818 7.004972 90.909141
295 1273.498646 129.827959 6.501354 98.588149
296 1273.753880 129.721224 6.246120 99.306146
297 1273.916450 134.224927 6.083550 101.606068
298 1273.988298 135.901209 6.011702 105.026520
299 1274.408343 113.050837 5.591657 119.288774
300 1274.502745 107.085869 5.497255 117.788248
