2 277.332382 285.025848 44.450504 89.074713
3 277.370636 285.439248 44.379396 89.197502
4 277.444444 285.791254 44.379396 89.197502
5 274.287351 282.433043 43.711692 88.342038
6 274.459550 282.636632 43.903881 88.329064
7 273.603166 281.160608 43.445995 87.494427
8 273.648509 281.203603 43.467704 87.445939
9 273.682997 281.270842 43.467704 87.445939
10 272.283034 276.013135 42.890096 87.185094
11 272.411687 276.063797 42.767876 87.096290
12 272.234757 272.123322 41.716464 87.505386
13 272.385093 272.418692 41.645748 87.863272
14 272.558153 272.617955 41.646288 87.904592
15 272.411457 266.996885 41.048339 86.491910
16 272.627389 267.016707 41.397767 86.416398
17 272.668971 267.071637 41.397759 86.417049
18 272.710565 267.126765 41.396699 86.415478
19 273.136947 258.655452 40.809321 85.038730
20 273.209692 258.169611 40.829840 84.835741
21 273.294445 258.248875 40.935204 84.954147
22 273.326552 258.269369 40.933679 84.954354
23 273.358547 258.290324 40.942143 84.955023
24 274.092421 253.850324 40.564606 84.590870
25 274.351985 253.873885 40.780686 84.838710
26 274.455884 253.947060 40.957140 84.948935
27 274.471556 253.965122 40.957140 84.948935
28 274.487229 253.983185 40.957140 84.948935
29 276.129168 248.239472 39.613814 84.694136
30 276.324725 248.407599 39.925514 84.833624
31 276.364432 248.505983 39.925514 84.833624
32 277.297391 244.953040 39.321070 84.421337
33 277.396487 245.021124 39.475931 84.388623
34 278.381369 244.144689 39.197914 83.135132
35 278.811354 243.776536 39.186300 82.088809
36 278.988776 243.390716 39.189380 81.252723
37 279.826676 241.442485 39.003971 80.530659
38 280.165105 241.305165 39.115051 80.193176
39 280.418321 240.971544 39.144611 79.609213
40 282.291616 238.759939 38.750549 77.923141
41 282.527695 238.370181 38.616013 77.309480
42 282.713914 237.813446 38.759004 77.229365
43 282.827171 237.268527 38.751731 77.217591
44 284.883476 232.521233 38.271002 77.511755
45 285.072914 230.348892 37.832091 77.392834
46 285.088437 227.542485 37.489025 76.267525
47 286.224671 221.905931 36.697982 75.482058
48 286.712706 218.568331 35.736576 74.362916
49 286.873407 218.429147 35.807147 74.105395
50 286.998822 218.418724 35.807147 74.105395
51 287.017199 218.110881 35.820423 73.961660
52 289.235176 209.356406 35.114268 74.856282
53 289.414007 209.511835 35.397667 73.992355
54 289.449981 209.497972 35.446067 73.638672
55 290.151055 204.277730 35.374808 72.987643
56 290.204397 204.279975 35.481490 72.836836
57 290.412958 202.620131 35.491643 72.168198
58 290.409851 202.747347 35.482788 72.397664
59 290.570314 200.668815 35.418501 71.550046
60 290.609876 200.877165 35.486849 71.960906
61 290.612904 200.895027 35.486881 71.958633
62 290.997711 196.538506 35.175738 71.569614
63 291.153899 196.742802 35.487441 71.938456
64 291.154005 196.761767 35.487594 71.938727
65 291.179995 192.006145 35.549305 70.745660
66 291.399854 192.120551 35.987519 70.943163
67 291.401615 192.140993 35.987359 70.946745
68 291.403077 192.157613 35.987434 70.945506
69 291.302523 183.424591 35.733484 70.081182
70 291.432672 183.631135 35.987058 70.471822
71 291.436034 183.642360 35.987058 70.471822
72 291.401998 182.737094 36.110531 69.648141
73 291.592991 182.911578 36.486853 69.951558
74 291.595823 182.934354 36.486853 69.951558
75 291.615098 181.630865 36.431899 69.799478
76 291.645695 181.729013 36.486675 69.964275
77 291.663462 178.978791 36.357669 69.978287
78 291.731475 178.986804 36.486879 69.972022
79 291.657869 174.270805 36.232737 69.520243
80 291.788348 174.507839 36.486879 69.972022
81 291.791757 174.518985 36.486879 69.972022
82 291.997817 172.617529 36.545337 70.576181
83 292.222139 172.826050 36.987431 70.967658
84 292.225413 172.838832 36.987431 70.967658
85 292.522763 167.400452 37.207017 71.032711
86 292.664288 167.624805 37.501218 71.460789
87 292.922915 167.589145 37.981588 71.507794
88 292.928388 167.824814 37.986802 71.988605
89 293.251908 165.314581 37.633239 73.406216
90 293.435938 165.338426 37.988925 73.550104
91 293.441637 165.540544 37.992627 74.064044
92 293.946903 160.819633 37.621044 75.239788
93 294.159743 160.660588 37.937271 75.666920
94 294.237456 160.110319 37.882774 76.318854
95 294.888900 157.613253 37.809117 76.993508
96 294.990961 157.479716 38.022970 77.207734
97 295.618931 156.145040 38.471460 77.201105
98 295.642253 156.123453 38.484511 77.491478
99 295.659283 155.950833 38.484190 77.490177
100 296.543247 151.784474 38.202343 77.914578
101 296.706887 151.720841 38.454475 77.950384
102 297.305376 149.854526 38.208201 77.485535
103 297.455918 149.819767 38.472788 77.459782
104 297.473906 149.797570 38.473676 77.458611
105 299.139737 144.306260 38.079048 75.591133
106 299.348269 144.516434 38.466472 75.934037
107 299.480866 144.009949 38.429747 75.460135
108 299.507895 144.039843 38.459955 75.336256
109 299.519900 144.131302 38.457627 75.325319
110 300.608215 141.779673 38.329377 74.691921
111 300.677109 141.931485 38.422203 74.739186
112 300.978725 141.428047 38.145936 74.548781
113 301.163673 141.606170 38.421500 74.848309
114 301.210675 141.635095 38.421432 74.847314
115 301.731433 140.970809 38.005382 73.569378
116 301.976356 141.187785 38.464117 73.889809
117 302.120090 141.336081 38.345495 73.669113
118 302.243570 141.492418 38.384980 73.785147
119 302.511783 141.305351 38.258011 73.790814
120 302.744085 141.009046 38.097960 73.607656
121 303.056413 140.804320 38.097960 73.607656
122 303.607120 139.858265 38.133217 73.222298
123 303.815600 139.922195 38.416650 73.283704
124 303.882363 139.955422 38.416650 73.283704
125 304.562560 139.680886 38.805734 72.894105
126 304.654818 139.613874 39.011695 73.055695
127 304.918053 139.748541 39.519545 73.585067
128 305.157805 139.906424 39.996237 73.994368
129 305.188140 139.783318 39.979134 73.807579
130 305.247926 139.426778 39.996069 73.615366
131 305.245034 139.319610 39.963213 73.906415
132 305.338504 139.105618 39.906639 73.831594
133 305.357976 138.619357 39.988688 73.854992
134 305.357983 138.443902 39.981140 73.902339
135 305.469454 136.232103 40.058046 73.477274
136 305.659190 136.036181 40.470551 73.188252
137 305.878802 135.224221 40.573598 72.247503
138 305.942684 133.774523 40.910524 71.923492
139 306.093479 132.000091 41.209462 71.078958
140 306.136960 131.118531 41.468312 71.118578
141 306.086399 130.137447 41.411618 71.350318
142 307.366144 127.318456 41.567357 71.711014
143 307.553911 126.650956 41.973748 71.814427
144 308.483263 124.447854 42.301697 72.767601
145 308.809537 122.857899 42.865439 72.836676
146 308.800479 121.388554 43.064672 72.929494
147 309.793117 120.123488 44.181940 73.019685
148 309.859143 119.805598 44.748444 73.385114
149 309.887825 119.566472 45.166027 73.316873
150 312.461010 117.981993 46.184240 73.763207
151 312.529598 118.226416 46.861665 73.821855
152 313.793528 117.989697 47.839099 73.515083
153 313.693136 118.494676 48.539664 73.519024
154 313.835162 119.008055 49.485324 73.571844
155 315.192045 118.977386 50.535672 72.978475
156 315.168080 119.229598 51.394940 72.509567
157 315.684599 119.699988 51.974962 72.334505
158 315.547755 119.657465 52.168798 72.221360
159 315.540084 119.746412 52.706302 72.222684
160 315.942525 117.875057 53.656134 72.636413
161 315.768893 118.515207 54.146003 72.678764
162 315.630222 119.336272 54.699884 72.629972
163 315.321186 120.425658 55.544015 72.556835
164 314.947133 120.135369 56.464916 73.008065
165 316.850595 120.467662 57.262937 73.048458
166 316.156398 119.668163 57.794838 73.427112
167 315.560433 116.688602 58.986219 73.853037
168 314.261312 112.961356 59.941526 74.518421
169 312.888845 110.484936 61.287480 75.134014
170 312.378988 109.665014 63.714960 75.873678
171 311.639431 107.941888 65.041721 75.912670
172 310.864464 106.458901 66.513234 75.494341
173 310.225508 104.819802 67.764476 75.104865
174 309.941940 104.076067 68.724224 76.535099
175 309.073554 103.978448 70.112896 76.685549
176 308.740848 104.544368 71.057817 76.703775
177 308.318810 103.820985 72.324345 77.821619
178 306.975805 104.010966 74.755157 78.085697
179 306.065215 104.655750 76.743525 78.798409
180 305.644383 105.345797 78.388356 79.541154
181 305.399673 105.851412 79.262259 80.523422
182 304.967626 105.736254 80.623928 81.630928
183 304.996509 106.956711 81.190392 81.810819
184 304.843800 109.275346 81.743670 81.283293
185 304.268783 111.865578 82.294612 80.459079
186 303.953480 113.620229 82.582435 80.137926
187 303.827935 113.801150 82.929259 80.592808
188 303.167304 114.867201 83.081878 80.865018
189 302.726812 116.354677 83.513597 80.708348
190 300.872161 117.891709 84.721442 81.514098
191 299.353654 122.538011 85.870111 80.581734
192 298.179276 124.802136 87.595346 81.397118
193 297.865159 127.216066 88.465384 81.313213
194 297.944155 127.442104 88.432092 81.867077
195 298.105799 128.851430 88.084667 81.727203
196 298.577629 129.585396 88.274019 81.902655
197 299.110165 130.792625 89.380429 81.198699
198 299.377932 130.968660 89.562897 81.280693
199 299.842170 130.482750 89.934507 81.536010
200 300.129876 130.351696 90.046623 82.038147
201 300.782371 129.522163 90.473909 82.726817
202 301.061434 129.015403 90.915545 82.796528
203 301.321508 128.107232 90.912383 83.246789
204 301.564382 127.124646 90.893273 83.830082
205 301.650564 127.304358 90.765513 83.764032
206 301.830431 127.076000 90.818864 84.045309
207 302.008030 126.369767 90.599199 84.706182
208 302.241682 125.972565 90.927991 85.144846
209 302.302121 125.744713 90.973804 85.607240
210 302.310324 125.675000 90.958665 86.019553
211 302.347416 125.550214 90.956829 86.540492
212 301.924739 124.700682 89.355875 87.731627
213 302.064983 124.525569 89.082773 88.296014
214 302.350739 124.278246 89.015019 88.734371
215 302.661068 122.613654 88.073584 90.020434
216 302.886417 122.569714 87.629450 90.282673
217 301.630934 122.066613 87.123500 90.160691
218 301.410642 122.354699 87.290846 89.983372
219 301.459603 122.427051 86.997861 89.654068
220 299.786846 123.501484 86.958577 88.499315
221 298.891116 123.092958 86.125467 88.292190
222 298.439571 122.803402 85.531390 88.441743
223 298.086625 122.654565 85.189780 88.301364
224 295.175329 120.915871 82.302846 89.179063
225 295.552934 120.824801 80.441052 89.232040
226 296.082945 120.900783 79.062958 89.144817
227 296.774209 121.064330 78.195885 89.077494
228 297.391423 121.273513 77.242624 89.030746
229 298.004778 121.546434 76.276029 88.924139
230 296.621346 120.624329 76.942989 88.041178
231 297.177908 120.842194 76.505224 87.601535
232 298.043542 120.970390 76.372971 87.108411
233 298.641292 121.251333 76.101769 86.801645
234 298.938566 121.973489 76.535198 86.003650
235 299.402325 122.116918 76.562744 86.422824
236 299.796425 122.081374 76.709988 86.476485
237 299.792039 121.978008 76.948979 86.461604
238 300.053145 121.957437 76.528061 86.340178
239 300.524059 122.009630 76.545109 86.332886
240 300.887337 122.143611 76.778471 86.321820
241 301.104807 122.159847 76.681977 86.417569
242 301.277290 122.174046 76.856332 86.427918
243 301.411259 122.179359 76.836726 86.415107
244 301.552414 122.190652 76.833058 86.424779
245 301.565683 122.168542 77.053180 86.389018
246 301.746879 122.220102 77.521511 86.410714
247 302.005275 122.148896 77.838168 86.421075
248 302.022843 122.170858 78.022799 86.426322
