5 113.696883 91.133734 33.976816 36.070723
6 113.664369 94.780238 35.181621 40.840021
7 114.577592 96.331894 37.154781 44.810956
8 114.786299 96.437020 37.506525 45.037718
9 115.400002 96.794964 38.032366 45.729017
10 115.768793 96.989566 38.503290 46.077549
11 116.034625 97.215960 38.991475 46.531780
12 116.122715 97.900757 38.867523 47.216677
13 116.188904 98.042362 38.996026 47.493253
14 116.144544 98.202296 38.973072 47.532181
15 116.157958 98.436148 38.996026 47.993182
16 116.159895 98.439500 38.996026 47.993182
17 116.161832 98.442852 38.996026 47.993182
18 116.288688 98.612102 38.987570 48.057488
19 116.301386 98.843441 38.995224 48.494704
20 116.766908 99.210890 38.926205 48.593785
21 120.024496 101.900545 38.720786 49.055884
22 120.164053 102.122544 38.996026 49.492969
23 120.165990 102.126001 38.996026 49.492969
24 120.272486 101.890699 38.980381 49.550268
25 122.050791 98.529521 38.974606 50.337796
26 122.167473 98.210883 38.957350 50.589181
27 122.195107 98.409804 38.995650 50.991138
28 124.033616 98.423466 38.877787 50.894841
29 125.050925 101.298994 38.888256 50.879861
30 125.355174 103.004070 38.949142 50.973408
31 125.383664 103.056150 38.993584 50.979465
32 125.386821 103.066356 38.996026 50.992755
33 125.384380 102.428792 38.992143 51.191534
34 127.105710 100.203367 39.357193 51.967361
35 129.595683 99.623126 39.533496 51.794876
36 133.489993 103.079338 39.967718 51.722067
37 133.506082 103.218242 39.995924 51.992613
38 133.508069 103.221873 39.995924 51.992613
39 135.587829 108.370501 39.806223 51.701462
40 135.719971 112.237999 39.825163 51.774604
41 135.554722 112.889330 40.025869 51.800113
42 129.431983 115.494679 41.229179 51.514880
43 129.567340 115.737177 41.495771 51.992613
44 129.569401 115.740808 41.495771 51.992613
45 129.571462 115.744439 41.495771 51.992613
46 129.479651 115.972401 41.467879 51.886087
47 125.841229 116.242247 41.124817 51.358614
48 125.984868 116.363112 41.467584 51.479979
49 124.235574 116.644506 41.211383 51.102811
50 124.379829 116.843039 41.495771 51.492684
51 124.381890 116.846636 41.495771 51.492684
52 124.383951 116.850232 41.495771 51.492684
53 124.386012 116.853829 41.495771 51.492684
54 120.008052 116.205979 41.572104 51.326614
55 120.099737 116.626766 41.876555 51.276599
56 120.043856 117.087647 41.756277 51.256769
57 120.168789 117.206453 41.977826 51.479618
58 120.094106 115.853235 41.820374 51.417314
59 119.439926 112.995987 41.514662 51.211884
60 119.682863 113.119950 41.935356 51.435501
61 119.714590 113.126899 41.928185 51.424646
62 119.565151 112.351809 41.826781 51.335187
63 117.809870 109.545436 41.722247 50.872057
64 117.619360 107.331534 41.882569 50.580439
65 114.395255 102.856466 42.042181 50.316871
66 114.624110 102.947970 42.495669 50.492826
67 114.484905 101.659718 42.488212 50.252739
68 116.821292 97.543859 42.091904 50.722442
69 118.365831 96.564749 42.304036 51.006782
70 120.271843 95.621959 42.271866 51.451308
71 120.411623 95.629203 42.481104 51.491798
72 120.785969 95.509986 42.387802 51.472651
73 122.623901 94.252314 42.275828 51.367033
74 124.684587 90.639852 42.188530 51.653904
75 124.887182 90.776775 42.473410 51.979144
76 125.328000 90.627383 42.419651 51.962720
77 125.484549 90.589033 42.442180 51.975492
78 125.537210 90.584838 42.480132 51.988118
79 125.552276 90.587992 42.491647 51.990548
80 125.584395 90.586095 42.484529 51.988299
81 128.312857 90.837144 42.471028 51.387902
82 130.349128 90.697897 42.379900 51.246180
83 131.311349 90.760278 42.375906 51.366913
84 132.353547 91.103281 42.322091 51.330885
85 132.491638 91.202430 42.472646 51.481793
86 133.936229 91.853371 42.361300 51.261121
87 137.252214 92.619333 42.570889 50.927959
88 137.909828 92.467759 42.962810 50.945599
89 140.596947 91.412520 43.132224 50.861500
90 141.736193 89.622724 43.375749 51.002653
91 143.532839 86.156243 43.141241 51.367792
92 144.311008 84.945343 43.497214 51.398525
93 149.561773 81.505822 43.197785 51.562576
94 149.733186 81.689979 43.485802 51.962241
95 149.837405 81.307093 43.446671 51.860825
96 149.510440 78.568855 43.246287 51.550779
97 145.722605 79.702509 43.274289 49.922710
98 143.278954 81.399646 43.182828 48.733006
99 143.436061 81.537337 43.495692 48.990792
100 142.506588 86.276085 43.423297 48.218578
101 142.518767 86.928125 43.478482 48.349978
102 142.115648 92.807499 43.108620 48.580534
103 142.296217 93.238992 43.493947 48.914346
104 142.102817 99.715630 42.623210 48.774780
105 142.280218 100.268664 42.968088 48.864443
106 142.134834 105.179408 42.875850 48.569429
107 142.444210 106.340694 42.966441 48.882467
108 142.694077 106.810309 43.032423 48.931847
109 142.927809 106.844327 43.495567 48.993040
110 142.930057 106.847765 43.495567 48.993098
111 142.989904 106.885588 43.491848 48.971735
112 144.677791 108.804465 44.012014 48.633052
113 145.023403 109.065749 44.487519 48.961088
114 146.829736 109.941776 44.732436 48.648202
115 146.963461 110.117617 44.995414 48.993040
116 146.965696 110.121039 44.995414 48.993040
117 146.967930 110.124460 44.995414 48.993040
118 146.979649 110.142527 44.992758 48.993147
119 147.060224 110.287298 44.987037 48.964873
120 147.075359 110.315649 44.994243 48.991474
121 147.235164 110.514706 44.954799 48.932942
122 147.257707 110.548177 44.995414 48.993040
123 147.259941 110.551599 44.995414 48.993040
124 147.262176 110.555020 44.995414 48.993040
125 147.265048 110.559169 44.995086 48.993715
126 147.267447 110.562253 44.995414 48.993040
127 147.269682 110.565675 44.995414 48.993040
128 147.271917 110.569097 44.995414 48.993040
129 147.274152 110.572519 44.995414 48.993040
130 147.276387 110.575940 44.995414 48.993040
131 147.278621 110.579362 44.995414 48.993040
132 147.295658 110.574043 44.987415 48.994121
133 147.395984 110.546085 44.949062 48.997070
134 147.710797 110.479314 44.884021 49.002500
135 147.934854 110.697960 44.917081 49.499816
136 148.194920 110.682243 44.900308 49.492961
137 148.823698 110.593053 44.766498 49.513411
138 149.752654 110.556606 44.852403 49.995461
139 151.983110 106.475080 44.803085 50.361233
140 153.155970 98.863272 44.417300 50.340519
141 153.197263 98.942952 44.495465 50.492826
142 153.217547 98.994639 44.466081 50.446722
143 153.092919 103.995791 44.264326 50.182347
144 153.210699 104.154557 44.495465 50.492826
145 153.834251 99.742905 43.948106 50.707418
146 154.128239 92.314956 43.686561 50.810224
147 153.935354 92.630483 44.046414 50.849394
148 153.541302 103.821846 44.403537 51.140217
149 153.589476 104.001677 44.495465 51.492684
150 152.882224 96.369185 43.920042 51.998487
151 152.922147 96.369879 43.995516 51.992613
152 153.585432 105.935806 44.391041 54.751942
153 154.096857 111.648518 44.779006 54.877674
154 154.552609 107.760427 44.930327 55.236491
155 153.254366 95.411597 44.785367 56.252329
156 152.746491 98.218454 45.129570 57.356650
157 152.848184 98.620989 45.474064 57.592657
158 154.576655 119.514956 46.166710 58.042873
159 154.744194 119.741441 46.494636 58.488170
160 151.553892 104.395479 45.425431 58.206189
161 151.118842 102.745317 45.110896 57.811697
162 149.490280 112.697034 45.270208 59.729138
163 153.449068 118.409157 45.546343 58.404902
164 152.626813 97.512342 44.441711 61.362239
165 154.138290 98.238512 45.773098 61.077467
166 157.664194 109.668463 48.312314 59.020228
167 157.730523 108.634931 48.573300 59.229373
168 155.376604 93.991563 50.504263 60.005346
169 154.525766 94.078930 54.861884 59.176609
170 157.966617 98.892377 59.139377 59.304961
171 163.704348 101.096975 61.111729 58.811842
172 163.772583 101.294818 61.734510 58.682157
173 164.105283 101.093539 62.749844 58.122601
174 164.847314 99.268503 63.819986 57.560093
175 165.038298 99.260749 64.152313 57.710275
176 165.819191 98.593928 64.794489 57.416317
177 166.404331 98.114781 65.260750 56.916125
178 168.648982 97.737490 65.667164 56.397097
179 169.935808 97.967169 66.231377 56.216583
180 170.182378 98.126530 66.542459 56.455558
181 170.420947 98.159296 67.012214 56.482386
182 170.706296 97.642122 67.609865 56.182653
183 170.985513 97.504269 68.066127 56.285316
184 171.238885 97.625626 68.503413 56.480214
185 171.627830 97.649876 69.020133 56.473676
186 172.034366 97.137357 69.425368 56.389775
187 171.995784 96.419138 69.521283 56.220557
188 174.275116 103.790320 70.378200 56.406745
189 174.292896 102.293200 70.295921 56.515502
190 174.555147 95.537657 69.564707 57.807959
191 174.780891 95.944600 69.894577 57.825235
192 174.356629 102.821722 69.248054 57.503366
193 174.486321 102.820724 69.423002 57.964071
194 174.545874 97.280935 68.959242 58.387305
195 174.566164 97.337212 68.992969 58.491690
196 176.627859 105.056799 68.333295 58.305968
197 176.720286 105.168652 68.461843 58.458891
198 174.220063 100.579607 67.929603 58.136428
199 174.129741 98.595644 67.592571 58.489127
200 175.627953 101.078416 67.862139 58.528492
201 178.717963 108.330641 67.733081 58.556142
202 178.097721 105.015587 67.074330 58.644791
203 173.126771 100.445439 66.092330 58.316195
204 172.722066 101.344288 66.366363 58.260583
205 172.707295 101.587657 66.489035 58.432887
206 172.084508 110.854779 64.864155 57.925481
207 170.993819 111.757302 65.139893 57.498907
208 165.057093 107.788434 64.671715 56.806181
209 164.068582 107.930078 65.038170 56.801422
210 163.132991 109.078477 65.407554 56.586390
211 162.702142 110.359865 65.324212 56.691103
212 156.668051 107.868689 65.164141 56.117241
213 154.271827 109.046179 65.501699 55.981957
214 151.655384 112.743536 65.693656 55.285110
215 151.808459 112.850851 65.993193 55.492106
216 150.407367 108.814620 65.233005 55.645298
217 149.389335 109.431204 65.510419 55.732194
218 146.588611 117.450102 64.686657 56.076362
219 146.107768 118.089301 65.116666 56.287175
220 143.556539 117.550451 65.415918 56.241700
221 137.862932 111.634973 65.337002 57.265647
222 136.693319 112.271432 65.474383 57.197079
223 133.019104 121.246044 64.414134 57.587875
224 131.865641 121.829303 64.838839 57.683471
225 125.352651 119.400167 65.509950 57.318733
226 124.717586 118.694235 66.163861 57.249653
227 122.757096 119.435535 66.983664 57.112146
228 117.199967 129.715692 66.996304 56.860930
229 117.201729 129.785159 66.993173 56.991903
230 116.220273 130.120999 67.226026 56.789436
231 109.110670 127.641772 67.148790 56.820543
232 108.548795 126.142199 67.555370 57.007784
233 108.307469 126.624150 68.080774 57.390177
234 101.370157 133.693948 67.311494 58.000129
235 98.868388 133.527194 67.629004 58.092136
236 89.908089 127.971095 66.928729 57.099536
237 89.715644 129.832526 66.991703 57.372615
238 89.138401 136.435771 66.744141 57.790273
239 89.158640 136.495695 66.997776 57.986108
240 83.244340 129.325253 66.259999 59.678662
241 78.435088 129.296743 66.272778 59.330552
242 75.925510 129.329308 66.606158 59.061480
243 74.913592 129.406199 67.143747 59.311855
244 74.523433 129.369775 67.562217 59.402563
245 72.603223 124.838287 67.789092 59.457927
246 72.947069 118.353409 67.274204 60.178889
247 72.216400 113.104641 67.191296 60.493746
248 71.672173 110.092320 67.418037 60.535106
249 71.949799 106.840340 67.158955 60.743632
250 72.136785 102.550425 67.132369 60.830132
251 71.579365 98.704391 67.304338 60.950345
252 71.340963 96.724055 67.454791 60.761515
253 71.260345 96.588076 67.519737 60.787443
254 70.773335 94.819954 67.904022 60.566923
255 70.042269 93.170110 67.973450 60.545305
256 69.042123 91.759259 67.697171 60.448413
257 65.861393 90.505107 67.135924 58.971979
258 62.998912 90.997450 67.110469 57.719663
259 61.612341 92.071826 67.352245 57.302289
260 57.373822 95.081358 65.904454 56.551069
261 55.874472 95.860613 66.035219 56.689148
262 54.136766 95.189490 66.161112 56.654853
263 51.188689 94.079434 64.938885 56.586376
264 45.906354 94.787747 64.413812 56.224685
265 41.061035 96.153437 62.815962 55.851103
266 37.094932 95.025765 60.932533 55.799963
267 37.164619 94.971825 60.868314 56.071745
268 37.228237 94.945871 60.964819 56.612633
269 37.441461 95.112208 60.980256 57.002971
270 37.884722 95.668612 61.081563 57.366830
271 38.091208 95.753831 61.504944 57.487426
272 39.192089 96.000191 61.892893 57.336752
273 40.576724 97.062372 62.346480 56.937909
274 41.264948 99.134720 62.551436 56.587839
275 41.527556 99.418948 63.040231 56.949679
276 44.080863 100.318146 63.227064 56.749591
277 49.570496 102.901791 63.967804 56.885413
278 49.587363 102.959810 63.993036 56.992642
279 54.914850 104.027431 64.039813 56.380093
280 57.275199 103.923344 64.077077 56.444436
281 60.472653 101.964181 63.528741 57.012200
282 63.084268 102.153925 63.637369 57.390684
283 69.042997 102.573584 63.985532 57.599506
284 84.430737 102.372996 63.431201 60.208025
285 92.455464 99.221390 64.382447 61.451547
286 103.752845 98.895515 65.247365 62.159709
287 111.334322 99.111171 66.653060 63.912675
288 117.732481 100.928421 67.282619 63.162729
289 118.062573 101.370047 67.524188 63.147720
290 118.330313 101.610412 67.993654 63.426340
291 124.569703 102.760825 67.957721 62.775692
292 136.217653 102.483561 67.056140 63.091144
293 145.762711 103.806416 67.323750 63.117538
294 145.284215 104.750418 67.834743 63.286629
295 133.294873 109.364087 68.248338 66.072224
296 123.071944 115.216021 66.550887 64.365124
297 132.214810 108.786165 67.997534 65.571720
298 151.780349 102.934533 66.944724 71.370031
299 159.254329 109.988403 68.781774 70.334638
300 143.525387 109.876260 74.655683 71.785710
301 135.375259 110.862823 73.189137 73.229463
302 126.546087 108.734635 73.863863 74.134371
303 127.699319 107.956234 73.836111 74.808156
304 151.204091 97.199627 74.474314 79.770602
305 158.557810 95.652148 77.875135 87.177162
306 162.178407 92.774354 78.195756 87.904265
307 143.943583 97.616120 79.953900 87.282158
308 156.308349 97.619548 79.837498 88.042769
309 168.209432 98.055307 80.168236 88.395200
310 168.372328 98.098431 80.493605 88.491779
311 153.755812 98.395511 81.589109 87.821912
312 134.898152 101.222109 83.091706 88.165530
313 135.118870 101.394138 83.501585 88.485171
314 145.050017 100.103744 85.181771 88.590220
315 156.320431 98.339186 85.179021 89.072158
316 154.943010 98.374564 85.998017 89.259191
317 140.483541 98.983785 87.157877 90.582283
318 139.396442 99.282505 87.662942 90.913246
319 132.722802 99.404122 88.273254 91.218510
320 132.836061 99.544758 88.490982 91.487002
321 133.185627 99.531449 88.523062 91.520559
322 133.423982 99.771060 88.990931 91.986931
323 133.399620 99.762292 88.991907 91.973117
324 132.232147 99.521140 89.251401 91.845173
325 131.621981 99.453079 89.414924 92.005637
326 131.069184 99.423804 89.443137 92.291831
327 127.262957 99.621114 89.660064 92.345721
328 125.501744 99.279793 89.964586 92.298874
329 114.205513 97.974917 90.894109 92.149081
330 108.932658 99.047305 91.480317 91.657817
331 94.145243 102.811778 92.070330 92.136231
332 94.347168 103.000733 92.517762 92.480174
333 94.276730 103.128193 93.241836 92.390843
334 89.680022 103.817376 94.544485 91.722090
335 84.343974 104.820884 95.936079 91.211454
336 84.314287 104.940536 96.040755 91.435658
337 88.538550 102.414771 96.691104 91.290499
338 89.669709 102.308995 97.057354 91.416186
339 89.896927 102.335043 97.490553 91.468617
340 85.502227 101.466953 97.997074 90.789397
341 78.045528 101.118017 98.301642 90.697452
342 78.144580 101.269182 98.489963 90.987073
343 92.023720 95.360588 98.558415 89.510069
344 101.644134 87.635410 98.911482 88.486565
345 102.432020 84.974876 99.040971 88.588540
346 100.825524 80.206218 102.124228 88.886596
347 96.961606 79.694516 101.773344 89.511528
348 91.574994 76.835016 104.527116 89.711553
349 95.900541 72.719883 104.341377 90.645945
350 96.136676 72.746079 104.483556 90.961589
351 106.351426 63.139701 103.570097 90.469279
352 103.483976 56.184391 104.102782 92.931740
353 109.278336 54.237942 104.709264 93.555365
354 113.824562 54.271659 104.598005 93.864703
355 109.982567 53.516811 104.618893 94.069421
356 108.663913 53.628978 105.821925 94.457205
357 108.765617 53.646000 105.988365 94.486009
358 110.890084 53.505299 106.562790 94.218057
359 113.188323 53.478963 106.414788 94.462595
360 118.756126 52.220246 107.515795 94.457093
361 120.389355 49.556990 110.415203 95.034592
362 123.128269 49.641008 109.921116 95.319410
363 120.489151 49.804842 109.787086 95.523247
364 94.374531 49.855888 110.191067 96.004463
365 95.756154 52.949947 110.737028 96.230832
366 96.418057 53.154345 110.798304 96.484475
367 115.826022 52.449408 109.497602 96.244604
368 120.213420 51.588680 108.592318 96.521167
369 118.526323 51.677806 108.302768 97.461491
370 103.339737 53.229550 108.536537 97.822257
371 102.761347 53.384433 108.982302 97.947578
372 103.262526 53.410101 109.025832 98.028272
373 118.172622 51.671618 108.961416 97.840488
374 119.885829 51.603782 108.653585 97.918017
375 127.643686 50.450975 107.953296 97.805243
376 122.776795 50.715250 107.525540 98.039118
377 95.692695 52.975217 109.050217 98.976589
378 96.176159 57.697641 109.018026 98.841630
379 119.723239 54.990142 108.463830 100.617142
380 144.589717 52.795971 107.939959 100.968633
381 131.340514 53.582831 108.124778 100.959131
382 109.927408 55.061933 108.496741 101.229398
383 104.610735 58.259862 109.472502 101.888895
384 103.558374 58.515927 109.056957 102.023005
385 111.438581 59.650753 109.934935 101.925059
386 139.981530 58.440757 109.009851 100.761152
387 143.610301 58.959519 108.469219 101.134532
388 116.498906 59.466298 108.766615 101.193920
389 112.576321 60.468552 109.463796 101.127923
390 109.653196 60.902262 108.752008 101.295345
391 112.154207 61.386540 108.565331 101.361855
392 136.397652 59.466690 106.701332 101.018058
393 140.890443 59.644995 106.776760 101.176540
394 119.988781 59.800133 108.521009 101.697661
395 113.791344 61.485909 109.188686 101.940273
396 115.131943 62.027175 109.418562 101.592448
397 115.696496 62.292599 109.254852 101.971620
398 116.724309 62.370125 109.151307 101.956936
399 143.034683 60.509710 108.015884 101.771852
400 158.811371 58.743585 106.911674 102.441253
401 132.815971 58.328784 108.295690 102.879247
402 111.947605 60.005672 108.938780 103.309051
403 113.974797 62.791562 108.597457 103.974758
404 147.660989 62.612846 110.777460 102.932617
405 159.272137 58.310512 108.547178 102.686136
406 144.420268 58.909649 109.316924 103.194149
407 116.605260 58.270361 112.829645 104.127099
408 108.087989 57.643520 112.344524 104.110906
409 109.905848 57.875140 112.785022 103.797195
410 110.200185 55.570473 112.883694 105.063203
411 128.406089 46.385343 110.313732 102.586751
412 129.665212 46.731594 110.081648 102.666745
413 116.501569 49.013768 109.911816 102.806431
414 96.625176 53.996514 110.290606 101.983434
415 103.034572 55.283985 110.628728 100.976217
416 101.996687 55.669564 110.331799 101.994072
417 123.047067 49.791299 108.966717 101.973332
418 141.192244 46.789246 106.952357 101.449089
419 121.928747 47.303778 107.420050 101.495184
420 99.930628 48.283845 107.343890 101.976904
421 99.982760 48.317134 107.520458 101.995574
422 100.150722 48.346317 108.097178 102.011298
423 100.150489 48.760838 108.607804 102.661422
424 104.620200 48.846093 108.171733 103.568929
425 133.267870 41.369999 106.786673 102.580094
426 132.350449 41.940299 107.288905 102.965085
427 87.381218 49.669245 111.263324 108.667679
428 88.877143 50.256764 110.994602 108.715129
429 89.980330 50.710724 110.513700 108.895608
430 118.938205 46.199773 110.008133 106.403743
431 135.269938 47.180012 109.757528 105.506768
432 117.589156 46.952816 112.001330 105.931840
433 92.938904 47.181150 116.452651 106.038778
434 92.962429 47.411634 116.488129 106.484872
435 99.972001 46.660955 115.232192 106.278311
436 124.200213 41.036202 112.367076 106.348681
437 128.687422 39.138895 112.500456 105.656837
438 127.780614 38.836185 112.773068 105.918006
439 126.688436 38.772852 112.996185 105.921084
440 121.163298 38.552571 113.343259 105.762440
441 120.693027 38.580992 113.314587 105.979342
442 126.761479 37.627594 114.090444 105.309498
443 127.625313 37.184210 114.505542 105.198791
444 128.607793 34.508817 115.061652 104.927735
445 128.804292 34.407468 115.351976 105.015136
446 128.788764 34.538276 115.351309 105.523196
447 127.139877 34.353856 115.136639 106.014885
448 127.313379 34.590837 115.472358 106.485537
449 127.522869 34.583509 115.458606 106.453864
450 130.162561 34.455528 115.756147 106.162647
451 129.704457 34.322537 115.701337 106.510456
452 129.706274 34.463337 115.890585 106.976081
453 129.586690 34.335926 115.829768 106.969734
454 129.659034 34.266781 115.923397 106.948366
455 129.456580 33.666900 115.966989 106.664411
456 129.286442 33.360077 115.953509 106.698968
457 129.652120 33.174698 116.005277 106.675911
458 130.253939 33.283200 116.430699 106.886701
459 130.297200 33.338553 116.486601 106.983479
460 130.024548 33.458872 116.408101 106.909238
461 129.804455 33.656762 116.585577 106.899391
462 129.038065 35.261393 117.262335 105.934726
463 125.933406 39.314273 117.822936 104.299033
464 120.120841 45.685289 118.312039 102.341277
465 121.295235 50.309646 117.961585 101.370847
466 119.488692 53.833263 117.099827 100.718942
467 123.249449 54.909070 117.881755 100.332870
468 123.766166 61.798182 118.003736 99.814234
469 130.422085 63.130746 118.905306 99.465551
470 131.466621 63.335910 119.454766 99.260876
471 128.121389 72.781657 119.520553 99.771306
472 134.486757 73.071909 119.743801 99.618874
473 137.485160 74.344468 119.003094 99.482646
474 133.515136 79.668020 118.224953 98.971426
475 135.701075 82.450952 117.967563 98.561627
476 141.859848 84.489761 117.631047 98.437214
477 142.462719 85.233186 117.836562 98.270803
478 143.510747 87.421766 117.587728 97.918948
479 144.175176 88.634590 117.715391 97.643534
480 144.936257 92.739843 116.935050 97.372271
481 146.420409 93.026788 116.506482 97.473969
482 147.549531 93.297623 116.660038 97.466084
483 148.087976 93.892583 116.664039 97.414056
484 148.771635 94.616285 116.794425 97.384338
485 149.188771 95.283384 116.854450 97.334392
486 149.456041 95.514339 116.907266 97.427185
487 149.569573 95.596303 116.961499 97.467963
488 149.656307 95.673021 116.969003 97.457832
489 150.108864 96.246352 116.964227 97.271726
490 150.569025 96.873491 116.934296 97.303605
491 151.093654 97.413098 116.921604 97.305033
492 151.737799 97.999711 116.827403 97.573931
493 152.090356 98.279621 116.875326 97.975565
494 152.471610 98.379322 116.853362 97.974892
495 152.592373 98.414615 116.957588 98.007346
496 152.622868 98.662393 116.978683 98.485125
497 152.654866 98.660282 116.956445 98.491306
498 152.924703 98.301868 116.645762 98.674962
499 154.854145 96.948984 115.662933 99.187945
500 149.032418 96.017889 114.192218 99.174449
501 149.881547 95.825654 114.197659 99.264648
502 149.232952 93.424071 114.557552 99.557342
503 146.981817 93.597301 114.040859 99.472070
504 148.303863 93.611124 114.315072 99.414845
505 144.877015 93.818645 113.781973 99.254181
506 143.065222 94.014430 113.508672 99.295378
507 138.751804 94.451809 113.135989 98.883097
508 141.450680 94.483258 113.152494 98.963925
509 137.735621 94.761024 112.387856 98.440329
510 138.621043 94.776825 112.423879 98.435014
511 134.557271 95.404042 112.296297 98.068839
512 134.980086 95.605734 112.391907 98.458353
513 135.361394 95.667204 112.456838 98.410694
514 131.364119 96.439985 111.692607 98.244853
515 132.333589 96.625409 112.011568 98.377896
516 128.819038 97.037344 111.915284 98.073940
517 129.918980 96.974871 112.132916 98.344567
518 130.295029 97.133876 112.539568 98.383260
519 125.890199 98.178546 112.439362 97.736809
520 126.018617 98.332072 112.457626 97.939452
521 126.068005 98.360420 112.482335 97.981158
522 125.805543 98.453853 112.380432 97.992224
523 125.492274 98.676306 112.392401 97.890913
524 124.049068 99.141691 112.213347 97.777705
525 124.258029 99.247357 112.484813 97.970312
526 124.225367 99.392456 112.462524 97.951952
527 123.489949 99.948132 112.405152 97.867170
528 118.649058 100.542919 112.034411 97.680315
529 118.912976 100.714981 112.450744 97.981051
530 118.937776 100.723260 112.483767 97.987504
531 118.862299 100.777509 112.393640 98.031057
532 118.916932 101.017673 112.469096 98.494768
533 118.885977 101.321845 112.471982 98.469442
534 118.563492 102.399738 112.579184 98.260207
535 113.579607 103.691578 112.829914 98.301882
536 113.793289 103.781891 112.923907 98.482509
537 108.598592 104.536073 112.706135 98.229931
538 108.207189 105.063914 112.851128 98.429444
539 99.610395 109.408581 112.661736 98.175885
540 99.803478 109.558638 112.979142 98.476718
541 99.713130 109.004826 112.887682 98.434000
542 99.942808 108.972113 113.036182 98.469663
543 101.100370 108.847404 113.634318 98.482269
544 97.625729 109.283523 113.547007 98.509788
545 97.864054 109.563779 114.028093 98.979654
546 93.510638 110.555180 114.490156 99.142645
547 93.375593 110.809490 114.466564 99.467030
548 89.090900 111.668793 114.314580 99.664464
549 89.191849 111.835707 114.485679 99.986157
550 89.211332 111.847493 114.472171 99.998646
551 89.234998 111.854802 114.472865 99.994855
552 88.986965 112.033056 114.367098 100.068250
553 88.774918 112.472718 114.471866 100.429938
554 82.302329 113.551062 114.234900 100.662744
555 82.505610 113.730247 114.437524 101.015026
556 82.819436 114.705117 114.473509 101.595511
557 82.903265 115.404718 114.484986 102.290307
558 84.409194 117.399562 115.574426 102.477458
559 76.473249 114.951935 114.604080 102.905283
560 76.505466 114.947660 114.837229 102.892906
561 77.530216 115.063621 115.540132 102.419322
562 71.289136 113.262808 115.957442 101.025339
563 71.321057 113.496799 115.985442 101.484658
564 71.353305 113.485450 115.977631 101.469954
565 71.397411 113.415126 115.973195 101.449743
566 70.854237 112.353708 115.969263 101.055359
567 70.884037 112.579155 115.984297 101.479663
568 70.758291 112.288834 115.989784 101.282747
569 70.449104 112.035644 115.956352 101.279741
570 70.182332 111.628205 115.864654 101.256321
571 70.642617 109.649137 115.613096 101.323533
572 70.919360 109.359108 115.903556 101.052382
573 71.954152 106.836372 115.740952 100.503659
574 71.619510 106.044444 115.790385 100.459884
575 71.867114 104.749096 115.576633 99.785078
576 71.795124 103.124728 115.641831 99.312797
577 72.134589 101.581903 115.659321 99.084882
578 71.486543 96.620140 114.872935 98.580259
579 71.557555 96.818677 114.984306 98.962003
580 70.950386 95.251486 114.560043 98.449502
581 69.629328 89.181868 113.848674 98.314094
582 69.706557 89.260914 113.980246 98.468949
583 68.394456 86.043835 113.327541 98.378126
584 68.413629 86.066765 113.479044 98.411511
585 67.257280 86.172825 113.663240 97.995535
586 64.643278 86.395511 114.122140 97.311386
587 63.904371 86.628418 114.556662 97.337884
588 58.018267 87.353432 114.263856 96.715677
589 58.037096 87.560089 114.441236 96.935283
590 57.835054 87.712590 114.474290 96.924270
591 57.637254 87.852643 114.466362 96.934834
592 54.062266 89.725229 114.166036 96.526760
593 53.382523 90.342878 114.440772 96.849080
594 50.478627 91.331423 114.454345 96.640779
595 46.256373 92.671743 114.372569 96.669183
596 46.214693 92.887669 114.449311 96.982646
597 46.216969 92.907433 114.477882 96.982345
598 46.069012 92.977667 114.447297 96.970361
599 44.347528 93.340625 114.238591 96.845764
600 41.622475 93.810793 114.035192 96.802712
601 41.854732 93.909322 114.488332 96.986221
602 40.668394 93.742382 114.381113 96.969417
603 34.595598 92.154838 114.770778 95.979446
604 34.700864 92.162478 114.973382 95.990378
605 34.609683 92.174527 114.863430 96.008070
606 31.231097 92.429474 114.780551 96.403222
607 30.874334 92.484471 114.681736 96.526909
608 25.511975 92.513168 114.525069 96.827573
609 25.749293 92.599266 114.988281 96.986221
610 25.755004 92.606040 114.988281 96.986221
611 25.696354 92.622651 114.871902 97.007021
612 25.115363 92.916511 114.530985 97.504617
613 22.968518 93.254247 114.271379 97.896189
614 21.424456 93.396813 113.929775 97.971565
615 21.116066 93.482869 113.583949 97.969425
616 18.152382 93.520994 113.425105 97.922975
617 18.088119 93.577399 113.377086 97.990397
618 16.850678 93.710451 113.080860 97.892133
619 16.527870 93.920776 113.077012 97.946966
620 16.503229 94.022318 113.255844 97.964527
621 15.539147 94.079883 113.250075 97.926078
622 14.703791 94.144017 113.176286 97.935564
623 13.843952 94.223956 113.254096 97.930877
624 13.949564 94.254761 113.468047 97.990794
625 13.556066 94.281485 113.293025 97.952849
626 13.606461 94.303023 113.443444 97.986570
627 13.037070 94.341538 113.230737 97.954405
628 12.777760 94.336470 113.249804 97.984827
629 12.443175 94.289009 113.114507 97.956532
630 12.686000 94.210320 113.234683 97.926372
631 10.557266 91.860206 111.914850 97.440983
632 10.742585 90.738531 110.902084 97.296167
633 11.506273 88.447500 109.871958 97.857376
634 11.570153 88.518695 109.988791 97.986079
635 13.119721 88.080571 109.601747 97.904633
636 16.302984 87.569582 109.236025 97.800215
637 21.784528 87.423165 108.584386 97.469703
638 22.225579 87.454056 108.930176 97.463420
639 22.461801 87.489153 108.935665 97.466791
640 28.946665 89.837610 108.622275 96.700418
641 29.484655 90.494530 109.014657 96.950694
642 43.561401 97.395369 109.110778 94.039665
643 44.142785 98.068708 109.186399 94.883754
644 44.941849 99.495493 109.296205 94.846498
645 49.650199 102.380914 109.421591 94.160645
646 53.694505 105.983023 109.391615 93.666784
647 57.123873 110.807798 108.941491 93.597497
648 58.173401 112.276236 109.249055 94.007140
649 59.749928 114.512529 109.767778 94.578316
650 59.865898 114.723257 109.988791 94.986505
651 60.940958 114.272860 109.645917 95.253415
652 62.693451 110.264158 109.371037 96.200501
653 63.195781 106.297866 109.653785 96.730157
654 64.350015 104.878009 110.129819 96.980014
655 65.038584 100.026809 112.113858 96.450752
656 63.549095 98.992016 115.543427 95.830476
657 63.343356 95.442020 118.329716 96.720891
658 66.818166 90.637107 120.017775 97.303995
659 62.275706 89.808179 119.377006 97.227661
660 61.121303 83.912288 120.292523 97.655854
661 57.849482 82.431524 120.249525 97.174836
662 58.832396 79.401433 118.918881 97.387602
663 55.334225 79.565925 118.168269 97.292671
664 65.676564 76.724820 119.786420 97.255817
665 54.319482 73.682566 118.845022 97.985554
666 53.395934 68.706259 120.005054 97.294848
667 48.339193 66.531340 118.929028 98.099296
668 56.551469 62.442040 120.361438 98.569499
669 52.239488 60.988621 120.116508 98.913951
670 55.704063 57.767597 121.436126 99.006982
671 48.553640 55.900043 120.612877 99.454590
672 43.624691 54.465043 119.281065 99.510025
673 51.088785 51.849566 119.288585 99.870086
674 55.484608 49.542468 120.100118 99.378691
675 46.968163 45.783397 121.607003 98.917220
676 54.166507 42.210609 123.203338 98.779752
677 50.749126 40.232816 124.325140 98.770957
678 49.991620 36.106059 125.993464 98.721494
679 46.991343 32.154996 125.362596 99.123927
680 47.084234 30.784288 126.085780 99.226340
681 47.089019 26.464814 126.348380 99.580054
682 46.928845 26.404907 126.246162 99.895039
683 47.612704 23.080155 126.384662 99.647584
684 43.012989 20.260247 126.141832 99.699626
685 43.305197 19.796497 126.896205 99.804850
686 41.117357 18.627640 127.133458 99.983683
687 40.949289 18.411113 127.545069 99.990902
688 40.583212 18.129646 127.902429 99.985037
689 40.478201 17.081953 127.888037 99.781990
690 39.941293 16.863695 127.585150 100.009174
691 39.145136 16.957761 127.623859 100.564417
692 37.024808 16.925859 127.285498 101.051657
693 37.140467 17.144261 127.330882 101.474910
694 37.221877 17.154691 127.475937 101.489289
695 37.237167 17.162791 127.454074 101.482184
696 37.262343 17.172415 127.486394 101.485093
697 37.364652 17.213564 127.455479 101.461029
698 37.546237 17.279783 127.432734 101.454495
699 38.056534 17.352643 127.365013 101.430001
700 39.074104 17.409843 127.251214 101.391823
701 40.329098 17.480523 127.090485 101.343216
702 41.576039 17.500633 126.940019 101.364144
703 42.462039 17.503227 126.628214 101.359232
704 43.621528 17.221978 126.463587 101.230742
705 44.097865 15.774575 125.677285 100.981662
706 43.184449 14.629529 124.680478 100.538497
707 43.086991 14.386636 123.943591 100.845072
708 41.384288 14.004879 122.976935 100.991302
709 41.735492 13.745862 120.132273 100.462668
710 43.206406 13.791326 119.112753 99.978665
711 43.505099 13.796272 117.504107 99.433594
712 44.635899 13.873850 117.557996 99.293229
713 45.178601 13.993771 117.781336 99.418190
714 45.395025 14.161725 117.807033 99.423898
715 47.894652 15.291819 116.992408 98.877020
716 48.804889 15.726995 116.497466 98.821789
717 51.185795 17.773840 115.786241 98.550548
718 52.999432 19.060674 115.705895 98.525420
719 57.153886 21.375066 115.826439 98.166591
720 57.352726 21.585597 115.943144 98.461622
721 63.457985 22.291695 115.160380 97.933199
722 68.674085 22.733811 114.649035 97.614015
723 70.595516 23.283405 114.634248 97.715129
724 77.912158 23.647930 114.155340 97.475231
725 78.147964 23.678228 114.475453 97.468539
726 82.247864 24.205319 113.987397 97.011494
727 82.364368 24.476886 113.958105 97.459148
728 86.225853 24.481166 113.297763 97.242023
729 91.897345 24.633298 112.931307 96.956597
730 92.036008 24.663996 112.957670 96.968377
731 98.171092 24.336979 112.355090 96.544332
732 103.578359 24.124057 112.068588 96.602851
733 111.764452 22.257356 110.831494 96.376604
734 113.889163 21.968688 110.551528 96.197444
735 116.115525 21.845498 109.739482 96.290403
736 120.613664 20.684632 107.693708 96.191664
737 126.955318 18.724918 106.306789 95.910008
738 133.832445 17.323614 104.766522 95.767690
739 135.367137 15.759653 104.676611 95.455156
740 136.850133 13.460359 103.947052 95.012735
741 137.648403 13.287893 103.228482 95.180679
742 139.603236 11.243754 101.676188 94.463183
743 140.302318 8.301747 100.014646 93.925092
744 142.119946 7.923546 99.429429 93.369815
745 144.319990 7.692791 98.074667 92.705914
746 145.362058 7.359080 96.705453 91.802121
747 147.351199 6.997391 94.526184 90.387300
748 148.909322 6.957594 92.873287 89.824566
749 147.684050 7.744715 91.197962 88.072711
750 156.504033 8.341153 88.500815 85.773457
751 157.909264 8.759758 87.134119 85.067064
752 159.198881 9.931555 85.262399 82.579740
753 162.828627 10.123550 84.174614 81.807705
754 164.431794 10.697864 83.547109 80.900040
755 165.905030 11.119663 83.425865 80.681790
756 167.184318 11.760523 82.701584 80.952925
757 170.635440 12.230598 81.701253 81.374041
758 172.978594 13.268293 81.060888 81.941075
759 173.070025 14.473817 79.849494 82.036434
760 173.724597 14.891945 79.552570 82.850562
761 176.649301 16.050007 79.355782 83.771694
762 178.097305 17.265862 79.067573 84.755761
763 179.637122 19.341304 78.798066 86.069021
764 179.776196 19.600489 78.966255 86.503176
765 179.848835 19.904782 78.950818 87.011541
766 179.906549 20.191832 78.971804 87.506179
767 180.352385 21.112164 78.730402 88.246235
768 181.142120 21.871279 78.708821 88.742752
769 181.313604 22.021670 78.978189 88.997441
770 181.740746 22.345211 78.832153 89.080981
771 181.964606 22.745657 78.908808 89.495357
772 182.042987 22.780281 78.972060 89.498220
773 182.164279 22.938435 78.922942 89.489280
774 182.680311 23.937002 78.728440 89.451293
775 183.460265 28.084856 78.402009 89.471513
776 183.526588 28.460919 78.407143 89.432165
777 183.162184 31.423344 78.127139 89.713641
778 182.555500 31.963413 78.373432 90.156392
779 181.456578 34.550482 78.206659 90.766233
780 180.895883 35.507863 78.164151 91.066928
781 181.056935 35.770717 78.477511 91.485148
782 180.319874 37.842761 78.133162 91.478141
783 180.012339 38.189236 78.307736 91.497941
784 180.069400 38.481264 78.440768 91.431805
785 178.013040 42.022380 78.951602 91.428027
786 177.795690 42.373694 78.942945 91.498194
787 174.997888 44.240974 79.281411 91.581624
788 175.084104 44.675789 79.454980 91.955297
789 175.041782 44.999788 79.498378 91.969823
790 175.008719 45.078676 79.497020 92.011314
791 174.763026 45.794594 79.504280 92.545850
792 174.608058 46.998883 80.045475 92.949534
793 174.839796 47.087943 80.480861 92.998461
794 174.393036 47.888272 80.599982 92.953282
795 172.852741 49.656149 80.960434 92.680510
796 172.872420 49.815783 80.991746 92.986789
797 172.876442 49.822277 80.991746 92.986789
798 172.880600 49.828936 80.991673 92.986936
799 172.885938 49.836922 80.991086 92.988177
800 172.955758 50.262004 80.990054 92.939437
801 172.979591 50.355678 80.997362 92.973956
802 172.994687 50.452562 81.008663 92.977894
803 173.240251 50.463505 81.491695 92.986789
804 173.016445 50.520886 81.537284 92.954563
805 172.914243 50.588891 82.031007 92.948319
806 172.340589 50.644642 82.609512 92.874621
807 170.372362 50.791354 82.994902 92.810825
808 167.966676 51.070220 83.382366 92.794763
809 164.678309 51.890510 83.880612 92.577743
810 164.737895 52.101528 83.991440 92.986789
811 161.367246 53.646278 84.786795 92.512683
812 161.241378 54.339718 85.213397 92.762608
813 157.063215 57.909498 86.449430 92.337535
814 157.085307 57.991471 86.493252 92.487659
815 154.652264 60.512864 87.622835 92.114594
816 154.754888 60.773859 88.018937 92.500419
817 152.924539 62.658597 89.039262 92.754914
818 152.599245 63.121614 89.662411 92.916803
819 152.326651 63.531625 90.196823 92.996741
820 150.065504 65.501802 91.050771 92.950953
821 150.290001 65.526215 91.490676 92.986789
822 150.234439 65.580004 91.541087 92.979761
823 148.423929 67.923536 92.692336 92.771446
824 148.452737 68.118900 93.108403 92.981512
825 148.423728 68.423993 93.686750 92.923645
826 146.271697 71.306690 94.458052 92.886572
827 146.288350 71.364979 94.496201 92.986231
828 146.062235 71.427642 94.704303 92.978501
829 145.328854 71.726160 95.542281 92.967459
830 140.541567 73.002305 97.173047 92.907867
831 140.697586 73.052185 97.505644 92.983131
832 140.672805 73.348451 98.320895 92.840124
833 140.762231 73.428278 98.489963 92.986789
834 140.225538 73.763965 98.665615 92.935042
835 138.311922 74.766572 99.499104 92.875486
836 133.678412 76.583674 100.198656 92.807991
837 133.433055 76.821435 100.744010 92.872639
838 130.072411 77.461518 102.136372 92.597202
839 126.802370 78.054606 103.440722 92.506510
840 123.103866 78.909266 104.553329 92.395996
841 120.591326 79.519346 105.753427 92.153893
842 114.782045 81.191290 107.000725 92.300092
843 115.030565 81.291182 107.489461 92.486697
844 115.012655 81.296197 107.500174 92.481735
845 112.886050 80.936424 108.152126 92.408362
846 112.592933 80.899744 108.559130 92.476711
847 106.632289 79.853096 109.584353 92.340441
848 106.836305 79.932527 109.990559 92.486066
849 106.147855 79.702580 109.904196 92.493609
850 104.807487 78.767451 110.047333 92.385718
851 103.949740 77.785884 110.389735 92.486287
852 102.973645 77.252482 110.440744 92.425278
853 102.786673 77.010692 110.440797 92.460431
854 102.587840 76.990012 110.453801 92.489370
855 102.485036 76.956535 110.492449 92.479830
856 102.069068 76.403372 110.468955 92.449757
857 101.446029 71.392073 110.093804 92.375419
858 101.623204 71.429249 110.505817 92.459254
859 101.372282 69.443373 110.725294 92.490468
860 101.142282 67.948305 110.860135 92.319217
861 101.227288 67.940015 110.966327 92.468688
862 102.165167 63.883553 110.604923 92.435449
863 103.289899 60.278553 110.532029 92.506307
864 104.335931 55.682672 110.495725 92.961854
865 104.354023 55.548389 110.475046 92.988656
866 105.087359 51.745452 109.927981 93.181055
867 105.322545 51.483835 109.862654 93.550541
868 106.645887 48.963838 109.398894 93.916253
869 108.255791 46.263168 109.070741 93.778294
870 109.463446 43.633400 108.981785 93.999355
871 109.472414 43.633611 108.988893 93.986647
872 109.477827 43.640175 108.988893 93.986647
873 109.483240 43.646739 108.988893 93.986647
874 109.488653 43.653304 108.988893 93.986647
875 109.605751 43.665014 108.948124 93.973855
876 109.638134 43.678933 108.988867 93.984810
877 109.774850 43.694512 108.931148 93.973425
878 110.297858 43.786261 108.772749 93.944137
879 111.084013 44.260577 108.763752 93.780633
880 111.849265 44.611626 108.680898 93.905850
881 112.653715 45.361871 108.770893 93.774398
882 112.770233 45.479315 108.988513 93.983272
883 112.909433 45.502265 108.926450 93.970121
884 114.575461 46.358633 108.861865 93.605399
885 119.376417 51.049109 109.423775 93.097795
886 120.473783 53.772401 109.112674 93.088411
887 121.661647 55.740188 109.285109 93.120182
888 122.789420 59.136545 109.178092 92.955537
889 123.255380 60.110425 109.227648 92.784209
890 124.128975 61.893530 109.131084 92.677118
891 124.326262 62.106106 109.479496 92.957982
892 124.336503 62.127288 109.488816 92.986585
893 125.511655 62.752389 109.266568 92.616958
894 127.201365 63.582907 109.258945 92.484781
895 127.510327 63.811328 109.443865 92.362067
896 128.646483 66.727813 108.945762 91.841083
897 129.726470 70.274613 108.290138 91.231586
898 129.863783 71.971301 108.294703 90.959085
899 130.028485 73.099847 108.344438 90.595385
900 129.849951 75.454416 108.289203 90.365372
901 129.953994 75.524522 108.487728 90.485556
902 129.555382 76.553612 108.490160 90.102532
903 128.281027 79.028486 108.130837 89.722848
904 128.201274 79.271522 108.426109 89.957947
905 126.564388 81.192857 108.112098 89.559191
906 125.333910 82.787617 108.045730 89.558693
907 125.356649 83.327638 108.441718 89.834647
908 125.377998 84.919527 108.005448 89.456726
909 126.111357 87.770930 107.654615 88.792472
910 126.726416 91.672045 106.854186 88.494791
911 126.814772 92.910868 106.552673 88.136151
912 127.116999 97.293094 105.884148 87.899223
913 127.174788 97.343377 105.989199 87.987500
914 127.180052 97.349523 105.989199 87.987500
915 127.185317 97.355668 105.989199 87.987500
916 127.201584 97.367050 105.981147 87.985737
917 128.044014 98.766839 105.531324 87.624670
918 129.173757 103.724883 104.988281 87.380436
919 129.425084 105.295189 104.307766 87.275445
920 129.844510 107.601512 103.750809 87.041065
921 129.968971 107.830875 103.989402 87.487571
922 129.980881 107.836823 103.985495 87.486281
923 130.114248 107.838296 103.927652 87.473159
924 130.586611 107.800956 103.795571 87.452803
925 131.131619 107.709210 103.765162 87.394169
926 131.301833 107.730575 103.954049 87.476193
927 131.352793 107.729498 103.967820 87.484300
928 132.436682 106.614100 103.423886 87.189337
929 134.118000 103.822352 102.279603 86.953759
930 134.527323 103.564358 102.352380 86.910779
931 136.672656 99.362540 101.513716 86.804241
932 137.977013 97.740081 101.468622 86.614660
933 139.572851 94.390444 100.689007 86.548081
934 140.118775 92.748080 100.711923 86.382801
935 140.794332 91.465218 100.704352 86.081130
936 141.538572 87.336021 100.097996 85.830616
937 141.037457 87.423703 100.217557 85.837079
938 141.187961 87.336530 100.324811 85.770716
939 141.318676 85.527470 99.968639 85.622685
940 141.800241 84.621251 99.633641 85.741719
941 142.745940 83.956961 99.566011 85.820524
942 144.722382 81.177693 99.195037 85.391486
943 144.868084 81.222454 99.460815 85.490301
944 144.672540 79.571276 98.862335 85.118095
945 144.794537 79.655677 98.917548 85.399939
946 145.347179 78.983919 98.715668 85.189267
947 147.637597 77.082640 98.152552 85.298174
948 147.811989 77.182929 98.489329 85.487993
949 147.817197 77.188831 98.489963 85.487855
950 147.822089 77.194801 98.489963 85.487855
951 147.826981 77.200772 98.489963 85.487855
952 147.831873 77.206743 98.489963 85.487855
953 147.836764 77.212713 98.489963 85.487855
954 148.959999 76.777594 98.036553 85.289132
955 150.500405 75.676257 97.928563 85.233269
956 151.997315 73.637705 97.245057 85.156957
957 153.563860 72.874192 96.773522 85.401819
958 154.460314 71.699372 96.542741 85.226501
959 156.133709 68.489677 96.082484 85.328111
960 156.386245 68.567235 96.429588 85.433656
961 156.482384 67.213956 96.090054 84.360841
962 155.690129 66.763659 95.945342 84.137434
963 155.717334 66.944841 95.990218 84.487997
964 155.722102 66.950742 95.990218 84.487997
965 155.726869 66.956643 95.990218 84.487997
966 155.731637 66.962544 95.990218 84.487997
967 155.736405 66.968445 95.990218 84.487997
968 155.741172 66.974345 95.990218 84.487997
969 155.745940 66.980246 95.990218 84.487997
970 155.750707 66.986147 95.990218 84.487997
971 155.755475 66.992048 95.990218 84.487997
972 155.889698 67.011177 95.949889 84.464285
973 155.925282 67.030244 95.989261 84.485092
974 156.058853 67.044483 95.941141 84.470457
975 156.193816 67.057864 95.952585 84.476900
976 157.784458 66.453673 95.571579 84.256233
977 159.188025 65.289186 95.519380 84.205694
978 160.010684 64.816887 95.660632 84.329296
979 160.384576 64.765312 95.840735 84.441612
980 160.981806 64.521253 95.674791 84.394453
981 161.855039 63.982376 95.619511 84.297658
982 162.397917 63.859463 95.763831 84.388357
983 163.025776 63.478314 95.748203 84.349446
984 163.458770 63.308724 95.781372 84.402145
985 164.067683 63.101913 95.729457 84.395456
986 164.216925 63.145631 95.981845 84.485354
987 164.404654 63.039489 95.884218 84.442422
