2 272.249211 282.481931 43.679939 99.222337
3 272.570878 281.603996 44.474750 103.309786
4 272.139713 282.632499 45.201553 106.974278
5 267.549172 272.733087 46.441122 120.501814
6 266.842432 276.731478 47.253186 133.625472
7 265.077231 270.463713 47.896083 155.286226
8 265.121341 270.554703 48.008723 155.563367
9 265.350990 270.733081 48.508534 156.121615
10 264.185025 266.685789 48.634424 162.265342
11 264.367822 266.803056 48.996846 162.471811
12 264.193414 265.009456 48.907563 163.586517
13 264.167330 264.624862 48.960053 164.359671
14 264.149636 264.445596 48.977820 164.648228
15 264.294704 250.991456 48.127641 164.523824
16 264.471797 251.175185 48.423629 164.993541
17 264.501333 251.126755 48.427170 164.992258
18 264.529362 251.080815 48.428858 164.991432
19 265.275882 240.754519 47.061562 164.089647
20 265.548611 240.683917 47.413743 164.187763
21 265.636115 240.621455 47.426393 164.223688
22 265.716574 240.545675 47.427281 164.230136
23 265.773094 240.270657 47.345082 164.026154
24 266.046396 237.381648 47.318000 164.268117
25 266.173185 237.366643 47.509542 164.411614
26 266.429577 237.359866 47.992907 164.470475
27 266.444286 237.323658 47.992907 164.470475
28 266.458995 237.287450 47.992907 164.470475
29 271.753697 218.265318 47.330427 161.016790
30 271.838492 218.506861 47.496942 161.471984
31 271.840030 218.520807 47.496942 161.471984
32 271.841568 218.534754 47.496942 161.471984
33 271.843106 218.548700 47.496942 161.471984
34 272.269304 217.960273 47.450311 161.400804
35 274.559603 211.223874 46.795495 160.299049
36 274.685338 211.320890 47.009323 160.459178
37 274.967623 211.182098 47.480933 160.476964
38 274.986916 211.174866 47.496926 160.460632
39 274.996734 211.179022 47.496988 160.461741
40 277.683320 204.259490 46.755561 159.202034
41 277.820149 204.403818 47.003996 159.458732
42 278.077723 204.420299 47.504951 159.466870
43 278.328198 204.433396 48.004603 159.475601
44 279.777397 198.830469 47.912182 158.711023
45 279.821274 198.974745 47.996585 158.972433
46 279.822991 198.988468 47.996910 158.972418
47 282.099360 192.298147 47.445264 156.944856
48 282.125780 192.316615 47.479137 156.976538
49 282.135262 192.319228 47.479110 156.976523
50 282.144762 192.321871 47.479155 156.976515
51 282.154229 192.324412 47.478872 156.976635
52 284.690617 183.270837 46.468185 152.526835
53 284.706831 183.503137 46.488120 152.975129
54 284.713079 183.511282 46.488095 152.975137
55 284.950133 181.903717 46.321727 151.131383
56 285.157877 181.774587 46.376444 150.838563
57 286.432013 176.613155 45.606107 145.511976
58 286.972322 176.313978 45.735281 144.450298
59 287.193119 174.716901 45.761618 141.253161
60 287.451799 173.832329 45.794928 139.675619
61 287.624837 173.878282 45.867323 139.121128
62 288.048039 170.711327 45.604054 137.711935
63 288.238151 170.598317 45.914219 136.836475
64 288.267429 170.220866 45.907371 135.839687
65 288.221072 168.121133 45.853730 135.149429
66 288.265693 167.909060 45.955096 134.936201
67 288.268669 167.771414 45.978300 134.643721
68 288.260230 167.781572 45.978447 134.645916
69 287.704473 161.450290 45.392949 133.898211
70 287.758693 161.498686 45.491369 133.978064
71 287.763648 161.507501 45.492166 133.977898
72 287.771134 161.382222 45.480615 133.869780
73 287.783537 161.345552 45.483405 133.889849
74 287.794544 161.298816 45.483400 133.889830
75 287.733209 156.504078 44.989482 134.199739
76 287.738476 156.654157 44.997103 134.476668
77 287.799409 155.911844 44.877193 134.394204
78 287.862031 155.950690 44.994687 134.472005
79 288.086408 151.609602 44.609241 133.358584
80 288.281796 151.680260 44.997103 133.476841
81 288.283253 151.691788 44.997103 133.476841
82 288.356494 151.155942 44.861671 133.346528
83 288.485713 150.782357 44.876058 133.359603
84 288.457879 149.968719 44.793646 133.341976
85 288.386678 145.763379 44.707485 132.991788
86 288.532944 145.767434 44.997103 132.976928
87 288.547250 144.880343 44.859178 132.759945
88 288.618738 144.972263 44.990713 132.935693
89 288.739135 143.355032 44.732009 132.728806
90 288.875465 143.468546 44.976023 132.966997
91 288.889748 143.463137 44.976249 132.967269
92 289.088618 141.625698 44.740547 132.937450
93 289.272290 141.270660 44.882094 133.037113
94 289.338545 141.439242 44.956615 133.489528
95 289.512044 139.839570 44.854004 133.674085
96 289.622775 139.032175 44.850404 134.171702
97 289.783009 138.428017 44.893570 134.616430
98 289.946802 137.686606 44.880976 135.110419
99 290.052280 137.579919 44.947879 135.528675
100 290.592331 135.173281 44.733536 136.258213
101 290.725572 135.294123 44.997103 136.476321
102 291.139494 133.059571 44.783481 136.753363
103 291.323849 133.058435 44.945328 137.016129
104 291.430066 133.109445 44.939680 137.519827
105 294.831537 121.227390 43.860698 138.807699
106 294.901211 121.319160 43.995823 138.978293
107 294.903308 121.329960 43.997168 138.975887
108 294.904732 121.341963 43.997168 138.975887
109 294.906157 121.353967 43.997168 138.975887
110 294.976518 121.113309 43.969370 138.996633
111 295.005788 121.054850 43.991220 138.987553
112 295.011730 121.054413 43.995846 138.978187
113 295.013816 121.065266 43.997168 138.975887
114 295.015241 121.077269 43.997168 138.975887
115 295.604720 118.282087 43.847893 139.180375
116 296.343388 117.023566 43.830401 139.507191
117 296.822413 115.067364 43.861057 139.890431
118 297.170183 114.275867 43.912787 139.939852
119 297.864525 112.222976 43.742584 139.955226
120 298.141821 112.006519 43.931135 139.935419
121 298.176262 112.038756 43.997168 139.975714
122 298.832029 110.485743 43.731617 139.971541
123 299.434076 109.585072 43.806318 139.950299
124 299.530926 109.609869 43.997168 139.975714
125 301.356346 106.433835 43.464512 139.856739
126 301.374099 106.505412 43.497200 139.975714
127 301.396046 106.454122 43.483945 139.963243
128 301.405768 106.469890 43.496376 139.972222
129 301.889441 104.912835 43.293598 139.784615
130 302.175158 103.968421 43.385307 139.758152
131 302.302513 103.781782 43.451643 139.899424
132 302.935607 101.355184 43.177702 139.756837
133 303.208168 100.902059 43.429517 139.860271
134 303.324369 100.536727 43.449801 139.871392
135 304.037158 96.943104 43.364598 139.461303
136 304.104868 96.962399 43.497200 139.475800
137 304.852846 94.040528 43.721442 139.063317
138 304.993520 94.245080 44.007144 139.469621
139 305.240886 94.257117 44.502449 139.475721
140 305.489816 94.265644 45.000597 139.474610
141 305.739526 94.278286 45.497071 139.475800
142 306.977633 92.683179 45.821974 139.299226
143 307.438787 92.407043 46.207154 139.281991
144 309.438594 91.389146 46.902973 138.766757
145 311.687256 89.795721 47.578096 138.094928
146 314.139380 89.489569 48.199075 137.453189
147 317.617326 88.598472 49.075228 135.930293
148 318.485678 88.693208 50.285147 134.710007
149 318.944016 88.856558 50.900200 134.202142
150 321.034343 88.927698 51.454512 133.455228
151 321.057097 88.950033 51.496685 133.476841
152 324.400037 88.142916 51.960134 132.213216
153 324.419980 88.286258 51.996653 132.477015
154 324.421663 88.297700 51.996653 132.477015
155 329.294211 87.721711 53.209030 130.052775
156 329.684878 87.880987 53.746896 130.190488
157 333.530161 87.360235 54.978042 128.765210
158 333.541150 87.477580 54.996459 128.977622
159 333.542931 87.488720 54.996459 128.977622
160 333.556776 87.485608 55.001474 128.968918
161 333.806049 87.501100 55.496427 128.977622
162 333.807846 87.512239 55.496427 128.977622
163 333.809643 87.523379 55.496427 128.977622
164 333.811440 87.534519 55.496427 128.977622
165 336.044117 81.086469 54.459581 132.306097
166 336.316679 80.901684 54.332887 132.572140
167 338.301748 77.220341 53.382769 135.063291
168 338.968954 75.986004 53.102971 136.514742
169 339.193061 76.190789 53.475020 136.996296
170 340.223516 73.977968 52.843452 137.976588
171 341.933046 71.283610 51.954982 140.091249
172 343.768810 68.470261 50.460086 142.983166
173 344.227415 66.689541 49.928577 144.383160
174 344.514332 64.634790 49.499576 146.207567
175 345.062682 62.663037 48.856221 147.953787
176 345.159873 62.660533 48.972310 147.986669
177 345.186249 62.568722 48.934720 148.073098
178 345.229989 62.669797 48.928150 148.582735
179 345.286106 62.562348 48.863329 149.249665
180 345.361353 62.377188 48.808603 149.738898
181 345.486606 62.247057 48.799437 150.181332
182 345.888953 57.774435 46.875528 152.303092
183 345.950290 57.860193 46.965803 152.482650
184 345.966503 57.855960 46.965309 152.482802
185 345.979232 57.854684 46.915689 152.455671
186 346.016112 57.870326 46.907625 152.451272
187 346.059314 57.882939 46.974518 152.477719
188 346.069581 57.884168 46.977754 152.477188
189 346.078319 57.885880 46.978028 152.477188
190 346.105173 57.490183 46.863914 152.565577
191 346.183337 57.329606 46.898620 153.033348
192 346.249833 57.191573 46.956036 153.484453
193 346.288077 56.887413 46.960399 153.476644
194 348.866491 52.146857 46.524830 153.874792
195 349.104085 52.209402 46.996974 153.973285
196 349.105607 52.222701 46.996974 153.973285
197 351.190929 52.128119 46.726933 152.282676
198 351.696075 52.969303 46.956786 151.152738
199 355.237828 52.917369 46.764112 149.564842
200 356.128766 53.221173 47.044697 149.487727
201 356.364333 53.286563 47.486258 149.355373
202 358.250136 53.364608 47.713902 147.429664
203 358.393194 53.399720 47.996910 147.474413
204 358.394748 53.412457 47.996910 147.474413
205 363.818261 40.589616 48.886244 143.453279
206 363.849830 40.746209 49.034837 143.027182
207 364.082421 40.982563 49.496814 143.475107
208 364.084024 40.994955 49.496814 143.475107
209 364.085626 41.007347 49.496814 143.475107
210 364.087229 41.019739 49.496814 143.475107
211 364.088832 41.032131 49.496814 143.475107
212 365.504932 38.595463 50.191666 142.809792
213 365.801493 38.135423 51.273244 142.428819
214 365.914139 38.174961 51.500177 142.468139
215 368.506653 38.156863 53.067135 141.335933
216 368.759107 38.235685 53.784027 141.235387
217 371.519292 36.757822 56.975259 140.001282
218 371.479315 37.322878 57.428521 139.855529
219 371.063659 37.399413 58.529112 139.406595
220 382.794103 43.278143 61.834811 131.068631
221 382.881360 43.658275 62.060024 131.218108
222 383.081070 43.890261 62.554401 131.280542
223 383.271011 44.171881 63.154109 131.041790
224 391.215269 44.956225 64.073999 128.705498
225 398.949661 51.500723 66.306337 125.007527
226 399.007959 53.148645 68.637904 124.521967
227 399.074611 53.956320 69.819974 124.534279
228 399.062015 54.726606 70.689505 124.509424
229 399.167105 55.578198 71.447654 124.519068
230 412.638099 64.494037 71.399365 125.533259
231 412.861644 67.414497 71.732885 126.283386
232 413.305023 79.638412 72.637873 127.026985
233 412.818138 99.890081 73.523400 130.740077
234 421.495097 115.430023 74.839089 136.277275
235 421.765599 115.225688 75.356895 136.783896
236 422.007805 115.069252 75.830779 137.265729
237 423.284021 118.974412 77.476449 139.418815
238 423.437312 118.680967 77.761670 139.601182
239 423.626768 118.776288 78.199375 140.082993
240 423.494928 122.608853 78.648514 139.992079
241 423.653264 122.714618 79.011531 139.970160
242 423.510805 125.669512 79.685938 139.507973
243 423.605771 126.549939 80.038246 139.765035
244 423.647953 128.093196 80.550914 139.651848
245 423.284730 130.772796 81.027056 139.651267
246 422.805212 135.134889 81.518693 139.555257
247 422.252525 133.008582 81.959292 140.455391
248 421.703832 136.180411 82.054678 140.137788
