2 178.804482 378.445950 62.531271 61.968362
3 184.945031 375.377397 63.019022 61.187194
4 190.837125 372.824137 63.601986 60.609983
5 196.262554 369.810295 64.372015 59.892935
6 203.007407 366.695891 64.264317 59.648684
7 217.616016 359.787764 64.263591 59.828186
8 222.215631 356.692156 64.007341 59.477354
9 227.448427 353.514471 63.866073 59.113304
10 234.826584 350.742485 63.286499 59.317998
11 241.676476 347.516796 63.163517 58.799526
12 256.922129 343.927547 63.234755 58.037945
13 262.549704 339.820717 62.607419 58.548002
14 268.899486 337.401544 62.519655 58.764149
15 276.352489 334.075869 62.513232 58.711869
16 283.617313 331.602446 62.336550 58.576719
17 298.860746 327.699617 62.387738 58.107727
18 303.227801 325.228503 62.063432 58.200877
19 310.193719 322.085180 61.856169 58.211505
20 319.071760 319.805723 61.165851 58.367114
21 322.924714 317.005073 60.834552 58.252044
22 334.843227 311.273812 59.872370 57.780025
23 337.001028 309.891800 59.385667 57.910006
24 340.493379 307.430254 58.882391 57.920982
25 345.559019 304.344646 58.191961 57.852964
26 348.994809 302.514110 57.806425 57.981470
27 358.631527 297.287809 57.465399 58.302665
28 359.936306 296.346181 57.072447 58.335735
29 363.820979 293.980226 56.881258 58.343651
30 368.784639 292.221700 56.464350 58.232325
31 374.030011 290.318384 55.462914 58.339994
32 383.811702 287.927074 55.644554 57.839595
33 385.321410 286.952314 55.540975 57.938135
34 390.892164 284.637478 54.832035 57.952801
35 393.148654 283.013345 54.386935 57.937668
36 400.305479 279.121320 53.448504 57.824738
37 406.856162 275.783607 51.982169 57.569700
38 408.728935 274.784914 51.451188 57.820777
39 413.953111 271.284890 50.526033 57.347728
40 418.145131 268.972039 50.188008 56.988937
41 421.288611 266.601444 49.721535 56.447703
42 434.793026 263.634263 50.052576 55.093961
43 438.131064 262.346251 49.655774 55.327026
44 444.228794 260.444855 49.000330 55.120404
45 451.169116 259.514642 48.262833 55.039050
46 451.754693 259.424074 48.269620 55.387359
47 462.713917 254.688858 48.263648 54.076522
48 463.935742 253.286914 47.845256 54.385480
49 466.833092 249.357389 46.717229 54.237465
50 472.196440 246.506938 45.095101 54.160469
51 473.687774 245.474266 45.079823 54.170238
52 484.095444 241.419900 45.646828 52.906350
53 490.029953 240.311662 44.009768 52.230032
54 492.704535 240.526251 43.468772 52.113849
55 498.486699 239.802648 42.831820 50.713828
56 498.834306 239.862667 42.849550 50.972909
57 507.160452 236.950129 42.675875 50.178894
58 507.509848 236.897884 42.844042 50.527789
59 510.612453 235.454733 42.139460 50.989944
60 517.094384 233.799633 41.868381 50.648198
61 519.915535 232.863078 41.460977 50.864888
62 531.554121 232.118521 42.021358 49.331207
63 533.043538 230.745813 42.042288 49.529049
64 538.985290 227.279883 41.867215 49.322267
65 543.936399 226.057274 40.519432 49.750407
66 547.308502 223.724412 40.067639 49.776695
67 555.974774 221.907008 39.493906 49.144723
68 559.463326 221.431513 37.995462 49.651485
69 562.505349 221.038289 36.972491 49.975522
70 564.764052 220.089329 36.148187 49.913383
71 567.408720 218.610984 35.777660 49.850397
72 575.049978 216.748608 35.445681 48.712423
73 576.614325 216.061838 34.753956 48.837031
74 578.474062 215.054213 34.385213 48.920732
75 582.601848 213.616557 33.540581 48.638295
76 583.227078 213.527143 33.825390 49.015264
77 590.184437 210.309221 34.134554 48.200642
78 591.200943 209.795858 34.191526 48.586195
79 592.251418 209.001265 34.315461 48.798598
80 597.297918 206.182350 34.607396 47.727422
81 601.484028 204.894161 34.855581 47.184265
82 606.060282 201.299683 35.106274 47.126129
83 611.415763 201.350335 35.368448 47.542668
84 613.243149 201.195727 34.967302 48.104908
85 616.440397 200.091233 34.489776 48.394878
86 619.820591 201.950722 33.800663 48.044827
87 624.606498 199.344120 33.100708 47.618807
88 624.889310 199.392648 33.427428 47.937527
89 627.675820 197.180050 32.511307 47.363686
90 628.984285 196.529193 32.507173 47.229070
91 629.883499 196.125424 32.676858 47.342759
92 632.072872 194.422011 32.065173 46.973339
93 632.307898 194.390604 32.471704 46.976392
94 632.936513 193.546093 32.133773 46.982609
95 637.129177 189.181129 31.115385 46.509026
96 637.358256 189.319851 31.457908 46.960294
97 640.035471 185.056956 30.750096 46.483909
98 640.166583 185.052001 30.991812 46.490202
99 640.421225 184.729812 30.882197 46.423918
100 643.380458 181.731499 30.565641 45.572518
101 643.596328 181.915909 30.987814 45.980851
102 645.007061 180.356550 30.516051 45.323415
103 647.316855 177.745697 30.002980 44.588343
104 647.573495 177.596819 30.410426 44.826620
105 648.194741 176.292216 30.184213 44.497672
106 648.531487 175.317003 30.374065 44.234893
107 650.905900 171.872307 29.802687 44.258888
108 651.024193 171.922899 29.977348 44.449931
109 651.023593 171.799933 29.969277 44.396959
110 650.677923 170.625462 29.756291 44.140820
111 650.266904 167.993797 29.615207 43.943531
112 649.817219 161.860507 28.771172 43.661934
113 649.894177 161.800570 28.931161 43.967121
114 649.667394 159.535090 28.701013 43.845675
115 649.624216 156.724186 28.691161 43.907051
116 649.086786 155.334199 28.872754 43.767939
117 647.769980 151.300334 28.538794 43.307448
118 647.313194 151.008129 28.775552 43.282126
119 646.753132 150.234136 28.821388 43.197920
120 644.885162 148.827294 28.837135 42.970145
121 644.862006 148.632804 28.945345 42.922300
122 644.618972 146.893435 28.682674 42.514800
123 644.455839 146.284038 28.826853 42.682686
124 644.347720 145.241067 28.684780 42.510742
125 643.888177 143.243551 27.905428 41.961440
126 644.212899 141.887658 27.091724 41.236288
127 642.598787 140.112085 26.480571 40.488020
128 641.511724 139.281846 25.997607 40.257578
129 640.021038 137.204391 25.432195 39.712405
130 639.395418 136.320159 25.175127 39.722054
131 638.741893 135.331523 25.133645 39.465561
132 633.588652 130.837681 24.763966 38.643922
133 631.720815 128.408309 24.232720 37.919537
134 629.254177 126.203179 23.810205 37.459245
135 626.563526 123.621026 23.237848 37.008709
136 624.399232 120.647145 22.783503 36.916941
137 616.520676 117.268637 22.710609 37.080138
138 614.155341 116.784723 22.380654 36.246468
139 612.305826 116.393432 21.856450 35.041296
140 609.773563 116.158739 21.425257 34.404440
141 607.376323 115.183605 21.104929 33.943774
142 602.748608 110.906774 21.178657 34.051387
143 600.390256 110.894675 20.828622 33.406408
144 598.998878 109.790706 20.312160 32.465155
145 597.949706 108.878860 20.225924 32.153957
146 596.173463 108.544572 19.752850 31.856257
147 592.438291 106.284179 19.327668 32.001695
148 591.436619 106.556379 19.417752 32.200039
149 589.951628 105.111337 19.336437 31.888871
150 588.306437 103.627893 19.090809 31.020317
151 587.674595 102.427855 19.374863 31.217782
152 585.668330 102.847255 19.251839 30.712755
153 583.471559 102.917399 19.133509 29.845071
154 583.462276 102.807479 19.366204 30.005366
155 582.293288 101.226818 18.983830 29.576420
156 580.186353 99.189783 18.532132 29.826375
157 577.422150 95.034803 19.008143 30.068825
158 576.568611 93.337916 19.220749 30.166040
159 576.724562 93.423135 19.475058 30.309456
160 576.718488 93.497852 19.499713 30.468006
161 576.535944 93.326596 19.496692 30.215517
162 575.858655 91.418067 19.614688 30.225361
163 574.575611 89.802995 19.886667 30.440325
164 574.683149 89.426303 20.001296 30.317231
165 574.851624 88.663566 20.404199 30.436139
166 574.721022 88.536618 20.483051 30.480807
167 574.680007 87.908696 20.407036 30.418513
168 574.602249 87.664859 20.430472 30.437162
169 574.493682 86.400044 20.404888 30.555363
170 575.040459 84.330104 19.958921 31.027409
171 575.153169 84.855248 19.980248 30.952742
172 575.511671 85.266312 19.912192 30.911616
173 576.264174 85.828705 19.878776 30.837409
174 576.548716 86.078820 19.960057 30.951795
175 577.003415 87.044448 19.782323 31.024003
176 577.208838 86.790466 19.874516 31.502526
177 577.740154 83.719149 19.487155 32.093488
178 577.796703 83.844852 19.470046 32.440709
179 577.814171 83.126627 19.423608 32.426156
180 577.806105 82.910233 19.428809 32.458066
181 577.843614 81.138489 19.255419 32.385965
182 577.995589 80.469850 19.397153 32.383359
183 578.266756 77.569679 19.036906 32.071778
184 578.895839 76.252922 18.891065 31.952209
185 578.924898 75.625087 18.713907 31.764023
186 577.770850 75.892004 18.628379 31.539999
187 574.506966 72.077801 18.188865 32.129382
188 571.709273 69.168361 17.645934 32.617456
189 570.079334 68.681367 17.151681 32.036898
190 567.572446 68.472296 16.809544 31.960852
191 565.651123 68.196023 16.261773 31.310849
192 563.845372 68.762659 15.891805 31.249094
193 562.556517 67.545539 15.462182 30.877383
194 559.953883 66.672537 15.083511 30.813403
195 558.003961 66.148698 15.117873 30.160684
196 555.660769 65.924121 15.176433 30.243439
197 552.216864 67.453399 15.114476 29.950177
198 551.094615 67.954496 14.850929 29.226425
199 550.253107 68.233812 14.383668 28.428039
200 548.329280 67.984205 14.146910 28.009463
