17 504.028886 309.934890 40.568546 131.329357
18 501.628700 309.838658 41.569788 130.377308
19 501.725235 309.909811 42.035314 130.455420
20 500.288335 309.911902 42.766160 129.987459
21 500.208109 309.909432 43.027849 129.944470
22 498.561047 309.676044 43.594843 129.867561
23 498.489093 309.703328 43.983608 129.963371
24 497.989578 309.612425 43.892939 130.067562
25 497.290409 309.615180 43.977269 130.444444
26 496.960045 309.570967 43.951868 130.497953
27 496.839030 309.492788 43.977582 130.473578
28 495.987868 309.226698 43.911725 130.525750
29 494.715236 309.257137 43.880695 130.943918
30 494.763748 309.284859 43.994625 130.988425
31 494.753270 309.287998 43.987225 130.987120
32 494.753777 309.295875 43.993809 130.989093
33 494.756881 309.301259 43.997285 130.988100
34 494.756839 309.297783 43.991883 131.013749
35 494.757048 309.528657 43.988937 131.516328
36 494.756650 309.754744 43.985024 132.032113
37 494.753530 309.985636 43.991163 132.495103
38 494.734817 309.987124 43.997858 132.489474
39 494.735897 309.992317 43.997285 132.487964
40 494.712851 309.981592 44.020782 132.512598
41 494.866414 310.139544 44.562837 133.145858
42 494.165831 309.928850 45.398658 134.143478
43 493.689745 309.513520 45.830299 135.418523
44 493.404573 309.129341 46.308386 136.063948
45 491.352147 306.035194 47.319276 138.077076
46 491.441039 306.240831 47.501166 138.507000
47 491.690465 306.487258 47.997038 138.987374
48 491.689806 306.491822 47.996198 138.987884
49 491.428138 306.151306 47.943217 139.086781
50 490.356990 305.260802 47.800671 139.554206
51 490.318117 305.251083 47.881998 140.038953
52 489.480835 304.620150 47.733238 140.549684
53 488.542770 304.067175 47.732936 140.853194
54 488.306319 303.748079 47.714612 140.988100
55 486.681519 302.927548 47.637140 141.062272
56 486.692617 303.016386 47.881867 141.531705
57 485.513186 302.778033 47.799751 141.913208
58 485.585911 302.777437 47.948193 141.986979
59 485.084311 302.407360 47.784499 141.940218
60 484.438720 301.964697 47.908781 141.854584
61 483.527958 301.489393 48.162792 141.328146
62 480.073620 301.327535 48.023553 147.059339
63 480.300865 301.546044 48.499577 147.481130
64 471.819112 299.362882 49.565666 144.943315
65 472.506486 297.362077 49.888618 145.330454
66 475.854802 295.240717 49.913790 145.139038
67 475.862180 295.906635 49.430954 144.620431
68 479.013371 296.779903 52.485368 144.087133
69 469.727711 295.686606 54.278065 144.843219
70 471.138106 295.313310 54.101802 145.151655
71 471.460137 295.609827 54.071552 145.676891
72 471.829408 295.832423 54.162670 145.841201
73 472.001290 295.911843 54.488882 145.983006
74 471.997907 295.885705 54.452159 145.985638
75 471.874355 295.636579 54.229586 146.125327
76 471.699468 295.273390 53.886406 146.721767
77 471.649392 294.991726 53.249485 147.064459
78 468.967601 293.129186 52.199649 147.772106
79 469.113946 293.214566 52.467751 147.984742
80 469.099329 293.143648 52.396364 147.982413
81 468.365759 292.413730 51.431228 148.040939
82 467.806216 292.191866 50.755433 148.412655
83 465.773552 291.777374 49.943421 147.968731
84 465.797317 291.785683 49.987049 147.983401
85 465.640823 291.730856 49.907990 147.904664
86 464.191002 291.284760 49.621656 147.539053
87 462.332695 290.735154 49.551528 147.656604
88 461.895847 290.793675 49.806392 147.797960
89 461.733926 290.819522 49.874318 147.915935
90 460.776844 290.699621 49.665253 147.767409
91 460.350288 290.650637 49.776745 147.846690
92 458.698500 290.115977 49.598680 147.787275
93 458.345264 289.843015 49.790127 147.856316
94 457.611498 289.712937 49.733407 147.752645
95 456.334706 289.509471 49.764905 147.510457
96 455.679994 289.431348 49.791181 147.658714
97 455.620448 289.388885 49.826851 147.957579
98 454.973585 288.996685 49.698825 147.814706
99 453.370118 288.431532 49.272528 147.777727
100 453.320589 288.425265 49.361736 147.935596
