65 0.000000 222.298102 36.735697 106.974067
66 0.000000 219.706498 41.081461 108.863369
67 0.156072 218.888636 42.178922 109.290822
68 1.046297 218.632532 43.285583 109.471376
69 4.124224 217.439769 43.529967 109.838000
70 6.022887 217.027048 43.676144 110.084521
71 7.806081 217.257713 43.251674 110.286661
72 12.335054 213.138429 42.022132 111.868873
73 13.904691 212.115178 42.135013 110.923991
74 16.909762 211.864174 41.841648 110.269628
75 18.413234 211.596036 41.272085 110.193225
76 21.795484 212.204933 40.605248 110.157617
77 24.300408 213.680273 41.052164 110.373696
78 25.736739 213.285555 41.238068 110.816596
79 28.101580 212.415020 41.773279 111.826083
80 30.237588 211.526501 42.494330 111.699966
81 32.329184 210.190123 43.715311 111.027326
82 32.598647 209.536449 45.616397 112.338353
83 33.903742 209.036091 46.255864 112.226104
84 35.941828 208.774383 46.832166 112.158560
85 38.904097 209.537184 47.094706 111.713887
86 39.258556 209.758843 47.425147 111.981308
87 44.199154 208.220239 46.220275 111.835751
88 46.336265 207.982923 45.409491 111.691454
89 51.575082 207.556691 43.161443 112.852789
90 57.242907 206.650846 42.389354 113.471952
91 60.161767 205.371751 41.598982 113.029878
92 61.684133 203.503448 41.947220 114.414780
93 63.213136 203.705117 41.900645 114.376647
94 64.715093 204.635664 43.094202 113.304220
95 66.597132 205.634269 44.959739 111.496472
96 68.350918 205.443434 45.424742 111.340450
97 70.981959 206.262463 46.773452 110.633186
98 72.700231 206.533007 47.792649 110.204050
99 76.923832 206.396780 47.580480 108.361661
100 78.842909 205.572625 47.093440 108.322434
101 82.378103 203.443642 45.735789 109.841955
102 87.549482 203.903435 43.038631 108.669049
103 89.710879 199.805079 41.817483 108.338251
104 91.894439 197.675358 40.585418 110.231978
105 93.917335 196.917645 40.954985 113.248453
106 94.633150 196.483282 40.984217 113.360265
107 97.132941 195.151556 41.713532 113.308747
108 98.647497 195.024101 42.763317 113.398723
109 99.344590 196.153231 43.248949 112.991457
110 102.312768 196.534141 43.985966 112.857028
111 103.804003 196.669882 45.686951 111.733118
112 106.757252 198.548058 47.225771 110.516260
113 107.121771 199.600725 47.946857 107.843869
114 108.645474 199.835732 47.738285 107.607330
115 113.042474 195.383377 46.869466 110.801761
116 114.692194 193.619568 45.870479 112.610288
117 118.764725 190.869960 43.010039 114.270859
118 121.412152 187.940368 41.433966 115.179487
119 125.278931 187.331991 39.872319 113.431119
120 125.827988 187.203549 39.620275 112.945454
121 130.029180 185.169101 38.487747 112.627757
122 133.133779 182.320904 36.950874 112.651417
123 136.800111 180.906629 35.224265 113.250069
124 138.090579 179.866185 34.605131 114.116590
125 140.677080 180.067554 33.828318 114.216845
126 142.104668 180.332129 33.484145 113.917943
127 143.176087 179.931683 33.840206 113.738477
128 143.415803 180.133884 34.435690 114.028865
129 144.474419 181.631863 36.544175 113.403653
130 144.781894 181.649431 37.088846 113.497765
131 148.915600 181.457358 37.815998 112.667316
132 149.506544 181.131332 38.275939 113.928494
133 150.237030 180.142388 38.528903 114.355696
134 154.831481 179.488378 38.687736 116.023422
135 157.263454 179.679248 38.252446 118.460525
136 157.727047 178.992512 38.438884 118.842874
137 161.167924 176.992256 38.027086 117.908576
138 165.253804 175.070960 37.403900 116.954090
139 167.289959 173.886698 37.029335 116.091494
140 168.911609 174.543229 37.170723 115.514038
141 171.658525 171.555289 36.706742 110.569475
142 173.216851 171.961159 36.364336 108.215579
143 175.369765 173.626724 36.032818 104.869290
144 177.658670 172.694371 35.823589 103.504146
145 180.113483 173.275242 35.444203 102.713181
146 182.528869 173.707438 35.217691 101.541499
147 185.692528 174.056906 34.795021 100.662807
148 187.284010 175.602971 34.983024 99.521982
149 189.310716 175.669847 35.233210 99.196506
150 191.217355 176.513702 35.565251 98.376016
151 193.281532 176.759280 35.837433 97.594772
152 196.082892 177.151660 35.787016 97.470422
153 199.177475 177.944546 35.360666 97.013898
154 202.251326 177.730260 34.715771 96.755855
155 204.209295 177.908668 34.276150 96.200800
156 206.786890 178.902203 34.081985 96.315439
157 208.823418 179.086108 34.450320 95.184575
158 209.132830 178.174288 34.319032 94.536262
159 211.428537 179.041352 34.853679 94.003977
160 212.235257 181.222390 34.884619 95.263565
161 213.919554 177.368916 33.647469 97.368313
162 214.796945 178.842335 34.082283 96.518566
163 217.316771 180.492683 34.746105 95.946509
164 219.557254 182.971696 35.168519 95.298560
165 222.746750 178.745901 36.437711 95.006678
166 223.277017 184.307519 38.250639 93.314265
167 224.696430 179.019051 38.675776 93.698984
168 226.026506 176.076986 38.969254 93.810611
169 228.212197 175.369776 38.789564 94.345413
170 232.607893 175.103141 38.069930 96.892858
171 233.707802 175.367811 37.868407 98.527179
172 235.833636 172.441446 36.837462 101.705861
173 236.252671 173.676772 36.740950 103.170473
174 239.255824 171.057903 37.232721 105.264895
175 239.782418 171.508363 37.414970 106.488751
176 242.545679 171.817559 37.737908 105.865932
177 244.985307 168.504293 37.710415 104.774240
178 246.137527 167.959256 38.047073 104.798882
179 248.800495 167.348935 38.882167 104.238322
180 250.312226 165.530385 38.793086 105.073866
181 251.115296 165.326151 38.853540 105.653807
182 252.223813 164.962063 38.773560 105.950117
183 256.168954 162.180943 38.813836 107.253975
184 257.257081 162.809005 39.018710 107.848614
185 260.538712 162.531851 39.727867 107.415421
186 260.697455 162.520979 39.995375 107.496355
187 261.016384 162.351429 39.995285 107.280874
188 263.141571 162.218435 40.770184 105.200871
189 264.545762 163.226386 40.986790 105.064659
190 267.997001 163.744073 41.286846 105.208988
191 272.004272 163.733514 45.289900 104.201619
192 272.941471 165.070704 48.754969 103.368507
193 273.033366 164.964629 49.817175 103.318782
194 273.122058 165.050525 50.001290 103.504782
195 273.372878 165.296994 50.490575 103.990062
196 273.379054 165.300822 50.490575 103.990062
197 273.385570 165.314326 50.527560 104.063015
198 273.654742 165.478404 51.120942 104.859400
199 274.097583 165.464675 51.399340 104.960541
200 276.877642 163.632793 50.581677 105.328546
201 277.156613 163.649395 50.961718 105.324889
202 277.473559 163.332890 50.757166 104.767812
203 277.781636 162.901456 50.803427 103.614156
204 277.962888 161.815252 50.638498 103.418312
205 278.378804 161.222758 50.316068 103.491773
206 278.445526 161.575593 50.316525 103.758781
207 278.488730 162.133620 50.305246 103.995641
208 279.353555 162.373847 50.234086 106.290780
209 279.882921 160.704738 49.994367 109.749558
210 279.040463 162.315780 50.206451 110.983770
211 280.449166 160.588001 52.282872 111.155786
212 285.788812 150.167434 54.433685 113.312650
213 284.815518 150.506386 55.881671 114.328365
214 283.115769 150.826930 58.262567 116.099673
215 283.265996 151.017705 58.565687 116.812111
216 283.403104 151.102902 59.107889 117.248131
217 283.600170 151.228870 59.488714 117.493579
218 285.354305 151.525109 59.418862 118.620164
219 286.362129 152.672655 60.012880 119.496790
220 286.445106 152.944839 60.815800 119.732948
221 288.082846 152.194944 60.929249 120.572325
222 290.537247 152.432039 61.149729 118.825152
223 294.622546 152.321490 60.923980 120.031139
224 298.553113 152.760491 60.660144 123.447428
225 300.319141 152.175294 59.878763 125.983931
226 303.069639 152.229044 59.504594 127.795685
227 303.585883 152.339020 60.106441 129.823309
228 304.783096 152.948629 60.827337 131.737572
229 305.345825 152.973477 61.146962 132.987562
230 305.787754 152.882880 61.695381 133.603334
231 306.117361 153.061770 62.033499 134.364739
232 306.583931 153.428133 62.690279 135.348084
233 307.368265 153.956856 63.267495 136.773834
234 309.487554 155.371560 63.975991 138.724690
235 309.644205 156.084953 64.488837 140.067750
236 309.701731 156.587236 64.795175 140.868148
237 309.790397 157.134215 65.451623 141.395975
238 310.167183 158.422640 65.958788 141.972678
239 310.821163 160.732039 66.786508 142.821726
240 311.089107 178.428975 67.333353 146.250877
241 310.264887 197.334691 69.780054 148.043804
242 306.293939 193.202552 72.792274 146.532542
243 308.544543 192.296451 75.400847 147.028543
244 307.416278 187.414202 77.067611 146.072505
245 302.204226 191.724371 82.344811 146.090263
246 300.065548 198.095018 84.643062 150.137317
247 294.055959 191.536924 86.581538 152.586804
248 288.928145 188.201927 89.360997 152.527711
249 279.807802 188.779689 93.464413 153.254099
250 272.483110 168.851122 95.148914 150.226581
251 271.534184 156.802808 95.564163 148.356496
252 269.043652 155.568096 96.016626 148.116095
253 267.096016 154.376089 96.659510 147.762001
254 268.173064 154.292434 96.815126 147.694127
255 271.354757 153.707005 96.842041 147.688665
256 273.203602 154.275419 96.785732 148.386988
257 273.783087 153.911192 96.813160 148.401057
258 274.102648 153.897876 96.923377 148.433488
259 274.554413 153.895550 96.831310 148.451757
260 274.957336 153.827158 96.998238 148.288893
261 274.901242 153.942971 97.104810 148.404753
262 274.417182 153.443444 97.872124 148.018688
263 274.652694 153.374885 97.961270 148.296109
264 274.929406 153.155338 97.941461 148.440746
265 275.008074 153.131276 98.107091 148.721240
266 274.806903 152.842161 98.726886 149.039247
267 272.359535 152.181434 100.910925 149.443883
268 272.195956 152.261953 101.322045 149.664395
269 269.671820 153.979478 103.094683 151.496809
270 269.441137 152.938812 103.828022 151.687797
271 269.682634 151.031988 104.107593 152.150213
272 269.767887 151.053919 104.822805 152.651362
273 270.052625 151.080787 105.198554 153.303373
274 268.917614 150.598909 106.396876 153.023745
275 268.482790 150.355527 106.974746 153.401707
276 270.232738 149.672765 106.412767 153.738753
277 269.028977 149.367872 107.081640 153.616386
278 269.099443 149.571825 107.708756 153.913746
279 269.418166 148.627801 107.807514 153.541081
280 269.048616 148.300337 107.924246 153.847590
281 268.204217 148.254130 108.306369 153.545010
282 267.176310 148.622844 109.064454 153.688123
283 264.201332 148.510862 111.396181 153.010234
284 262.920921 150.855842 113.363335 153.572872
285 261.678486 149.613385 114.177952 153.973704
286 261.542454 148.893702 115.238370 153.388730
287 260.924809 149.252340 116.243613 153.600533
288 257.582965 150.395085 118.144159 154.884206
289 251.727554 151.592707 122.178658 155.890842
290 251.365258 149.987186 123.926820 155.570983
291 250.770475 149.716895 124.834902 155.709647
292 250.942389 149.467986 125.228387 155.629213
293 250.670012 149.451398 126.019228 155.857022
294 250.156990 148.941712 127.145893 155.628952
295 249.780830 148.550673 127.982702 155.421919
296 247.797328 147.812648 129.309473 154.759712
297 244.681582 148.186627 131.095384 154.352595
298 243.974311 148.550256 132.090440 154.247779
299 244.012173 148.720223 132.806105 154.147387
300 243.164534 148.639277 133.622886 153.687692
301 241.878157 148.130944 134.556478 153.219034
302 241.889830 148.212015 135.220503 153.264233
303 241.627120 148.356095 135.808474 153.344249
304 241.540765 148.491318 136.159887 153.442081
305 241.071869 148.500822 136.808538 153.223764
306 241.094872 148.597175 137.050674 153.415490
307 240.824820 148.559670 137.754314 153.236785
308 240.221528 148.510187 138.420425 153.138719
309 238.807837 149.021455 139.046114 153.250121
310 237.768702 148.702601 139.940088 152.783938
311 237.936044 147.460850 139.934498 152.237033
312 237.545855 147.824921 140.207248 152.495368
313 237.439812 147.944109 140.617638 152.478214
314 237.528246 147.951773 141.023155 152.435049
315 237.275023 148.366067 141.587687 152.574179
316 237.125115 148.738146 142.107064 152.875136
317 236.840882 149.051467 142.603133 152.866571
318 236.088520 149.619755 143.384851 152.901918
319 236.212721 149.618296 143.481231 152.924432
320 236.201010 149.646165 143.451985 152.877412
321 236.085941 149.809335 143.545565 152.882584
322 236.115088 150.119595 144.109108 152.958648
323 235.167669 150.666569 144.932807 152.726057
324 235.242376 150.791539 144.984775 152.973247
325 235.195588 150.842933 145.073691 152.953739
326 235.485637 150.932395 145.475599 152.970788
327 235.691226 150.940019 145.405421 152.927576
328 235.975663 150.944181 145.369892 152.932596
329 236.068052 151.176149 145.464214 152.965681
330 235.963566 151.342102 145.519808 152.975684
331 236.046478 151.544705 146.052729 152.968571
332 235.700007 151.785992 146.795822 153.020844
333 235.034464 152.374781 147.286163 153.485639
334 233.147913 153.065503 148.322501 153.318485
335 230.821344 153.711302 150.251019 153.053228
336 225.504014 154.728592 153.486516 152.790679
337 222.699326 155.961883 155.659736 152.822308
338 221.290767 156.836335 157.275076 152.864550
339 220.723046 156.050685 158.424294 152.789164
340 219.094888 156.275904 159.522640 152.963529
341 218.975078 156.332865 160.323334 153.011104
342 217.733011 155.842989 161.554409 153.088230
343 217.565729 155.725120 162.451984 153.460958
344 216.955212 155.977275 162.873552 153.650363
345 214.272679 155.507654 165.216686 153.766403
346 215.025356 153.084180 165.231621 153.812783
347 215.164872 153.175028 165.468915 153.985093
348 215.200696 153.150552 165.465024 153.965442
349 215.322323 152.939477 165.420136 153.967800
350 215.367053 152.953888 165.469112 153.985284
351 215.509213 152.834354 165.399879 154.020429
352 215.898820 152.893991 165.270747 154.536607
353 216.023011 153.121349 165.466839 154.983171
354 216.167586 153.082890 165.375241 155.017561
355 216.995290 153.063701 165.014103 155.646324
356 217.344445 153.119304 165.279160 156.133003
357 217.634589 153.254646 165.288377 156.566558
358 218.910528 153.290303 164.647575 157.233559
359 224.075957 152.960378 161.069382 159.221402
360 227.837609 152.828911 156.200573 161.245938
361 229.058295 153.137545 154.024300 162.207052
362 230.196409 153.253428 153.366773 162.513297
363 232.802513 153.136301 151.321885 163.193293
364 233.843300 153.066291 150.527321 163.008148
365 234.020713 153.506859 150.685940 163.375493
366 234.391979 153.597631 150.597291 163.235924
367 234.844803 153.446188 150.011097 162.607925
368 235.143522 153.639715 150.154399 162.468046
369 233.998836 153.635685 149.987131 160.993764
370 234.107008 153.142219 149.293470 159.868921
371 234.540397 153.058009 149.117423 159.531693
372 235.479509 153.270518 149.031422 159.511055
373 236.925893 153.172301 148.730227 159.099998
374 235.366295 153.765767 149.176968 158.843793
375 235.393784 153.899278 149.568386 158.554438
376 235.076461 154.400080 150.107410 158.504035
377 234.287573 154.781820 150.539463 158.090392
