2 173.262144 536.966294 182.371489 128.332367
3 176.213650 546.261483 187.581513 124.672920
4 176.395400 546.410176 187.929691 124.921209
5 176.520809 546.252429 187.959857 124.995834
6 177.677324 542.475566 186.979809 126.528871
7 177.657415 542.694071 186.922076 126.922625
8 177.628395 541.615367 186.770266 126.926791
9 179.488326 532.141142 184.850984 126.005693
10 179.523746 532.357038 184.901279 126.422211
11 170.306548 525.431993 183.748275 126.427514
12 168.381157 525.333892 182.638367 126.441852
13 167.356861 525.454224 182.391423 126.385036
14 167.381867 525.494714 182.423951 126.422929
15 167.390608 525.516257 182.423951 126.422929
16 169.852478 515.316370 183.434729 124.835689
17 169.929222 515.434932 183.717760 124.911201
18 170.040818 515.462541 183.923326 124.923843
19 170.164481 515.393200 184.022750 124.980903
20 187.120040 501.900830 183.627450 125.582361
21 187.275282 502.091367 183.919413 125.923414
22 187.286052 502.112735 183.923326 125.923234
23 186.661432 504.092086 185.338575 126.199963
24 186.046370 514.519083 185.751703 126.270603
25 185.525925 513.478571 186.136142 126.593990
26 181.101781 498.445405 190.532688 128.444994
27 180.447410 491.361975 191.047013 128.650537
28 179.677646 489.530548 190.751734 129.204300
29 178.116283 484.428169 190.478873 129.849100
30 181.573348 474.930944 188.964138 130.224300
31 181.582158 475.036529 188.934301 130.429553
32 181.922658 475.156338 189.086869 130.435825
33 181.192328 486.251298 189.457964 128.913541
34 180.685848 486.695333 190.149413 129.082924
35 177.626946 499.142865 190.507303 127.512254
36 177.459154 499.381708 191.095885 128.010889
37 172.658712 497.720233 189.936672 128.607100
38 168.648752 485.798070 190.376801 129.712174
39 167.787515 480.687518 190.147460 129.479647
40 169.184432 472.438238 189.145822 129.909090
41 169.304955 471.928992 189.137726 130.060352
42 170.242646 471.229128 189.181876 130.781199
43 173.678293 471.933102 189.545433 130.826808
44 178.746420 486.714434 189.055133 128.976500
45 178.774343 486.954929 189.706474 128.865812
46 188.144425 502.118997 188.889663 127.223374
47 188.413274 503.950299 189.790354 126.430482
48 202.018915 510.997482 191.769979 124.356297
49 202.207524 510.896257 192.066879 124.602775
50 202.863718 510.625882 193.303494 125.558549
51 203.596277 510.180935 193.950803 126.559797
52 211.930597 491.394299 190.949546 136.042956
53 210.838751 488.558745 191.011084 137.735096
54 192.482464 475.109876 205.054478 140.414595
55 179.384548 475.248664 211.575255 140.393611
56 184.902693 469.124112 215.590041 144.807899
57 205.723033 472.192322 207.586014 143.322222
58 209.710888 476.013063 202.099437 141.316139
59 209.897507 482.756590 196.772021 136.032693
60 208.567338 484.276238 193.923613 135.321089
61 206.535506 483.929095 189.477038 134.979755
62 203.663968 483.568513 186.630914 134.568475
63 200.847909 482.882744 184.523566 134.448709
64 202.340418 478.387394 183.202093 133.215044
65 206.661773 472.623240 180.297759 132.145675
66 206.734956 471.303665 179.578940 133.080449
67 206.791248 471.515771 179.533150 133.447839
68 203.405219 481.968305 175.771731 132.155459
69 208.643762 487.690065 172.058221 131.588508
70 209.006738 487.868985 171.757308 131.260551
71 209.165163 487.776099 171.811814 131.325162
72 209.231658 487.845854 171.928326 131.419883
73 209.239896 487.868249 171.928326 131.419883
74 209.248217 487.889227 171.924537 131.418002
75 208.275618 464.851541 170.989424 131.212195
76 207.698553 464.333139 170.187723 131.470629
77 207.595903 464.049189 170.183293 131.451229
78 206.442925 463.371979 169.714424 131.457023
79 206.040958 463.499369 169.584215 131.356063
80 193.998891 470.744484 166.559407 131.975623
81 187.050557 469.387528 164.949704 132.066788
82 168.520471 458.670663 160.517585 133.467578
83 165.919579 456.100115 158.531144 133.217309
84 160.953309 440.610043 157.476402 131.245115
85 157.832978 423.664442 154.898479 130.999672
86 157.861565 423.639901 154.922336 130.924648
87 158.002364 423.703607 154.803858 130.962852
88 152.547668 428.076482 152.468118 133.425261
89 142.243823 413.315297 156.095540 137.768593
90 141.068080 415.233214 158.572568 136.187008
91 133.334852 425.402310 161.630406 136.985682
92 122.765799 434.274595 162.782449 136.118240
93 122.492590 434.661476 163.050692 136.313880
94 107.232702 439.673087 162.679947 136.943564
95 101.484045 443.548067 161.099225 138.248262
96 86.100011 456.094755 161.476258 136.520597
97 82.391306 456.590381 161.456351 136.974954
98 82.387217 456.584501 161.432702 136.916532
99 82.394952 456.607833 161.432702 136.916532
100 83.788522 465.599748 165.608903 134.857827
101 80.426807 478.230885 165.465807 136.670197
102 78.298139 487.156763 167.725944 136.847619
103 78.383945 487.230399 167.972379 136.928043
104 78.436505 487.270356 168.053585 136.871261
105 87.827280 475.119242 172.129936 137.247464
106 90.088389 473.727389 173.622534 137.681983
107 91.514415 472.745865 175.725138 138.255936
108 105.519036 462.273118 178.443697 139.009791
109 112.140732 458.482222 181.445598 137.894396
110 120.455027 445.639427 181.933258 143.933372
111 122.607551 444.651500 183.020185 144.366428
112 123.337062 444.155355 184.004567 144.864945
113 136.161506 440.530747 185.888022 143.090813
114 137.434221 436.963719 186.615751 143.368006
115 148.958616 424.294074 186.115145 143.792501
116 149.285586 424.396855 186.514238 143.912185
117 159.621562 435.201926 184.367620 140.868361
118 159.658148 435.248805 184.423117 140.914095
119 160.542791 435.022875 184.220472 140.824116
120 180.360953 424.141880 181.545399 138.474582
121 201.087015 422.900809 178.259837 136.054242
122 211.603478 415.399767 177.095008 133.714821
123 225.171830 408.787994 174.519401 133.678768
124 237.119666 415.613441 174.356836 132.721795
125 237.134159 425.721981 174.002674 131.921028
126 237.354822 425.743737 174.427284 131.919578
127 237.506973 426.615720 174.004013 131.463805
128 237.730544 426.622807 174.429232 131.422824
129 237.482214 427.817721 174.201125 130.658273
130 228.497792 438.303565 170.083157 127.866847
131 219.278678 449.595001 166.709304 127.453461
132 211.439034 455.225450 164.103481 128.467161
133 194.380839 460.856092 163.337257 127.416162
134 182.198089 459.447887 160.926944 127.067249
135 169.882283 464.408609 156.670842 126.723127
136 162.413314 464.513066 156.023564 126.832102
137 157.395984 464.220288 156.288087 126.885624
138 157.476829 464.260417 156.434785 126.922625
139 157.579069 464.587211 156.497291 126.786901
140 157.834148 465.373279 156.643832 126.593866
141 157.965929 465.535427 157.140856 126.953122
142 165.867106 462.766940 167.327836 128.911069
143 166.147552 458.237626 169.178417 132.429607
144 171.049239 450.937289 173.287707 133.709763
145 173.077009 451.570268 174.577963 133.339365
146 182.139432 458.757465 179.133306 132.948966
147 182.249443 459.128929 179.529974 132.762133
148 182.455574 459.229997 179.924993 132.918969
149 182.122761 459.084744 179.690675 133.012976
150 178.862178 457.467177 179.187312 133.926526
151 178.668227 453.299974 180.154678 136.496903
152 188.376192 442.733309 185.606480 137.754251
153 198.642246 444.435238 188.915882 137.910290
154 200.000711 447.223415 190.968927 136.972281
155 202.095975 452.161960 193.031748 136.222514
156 202.283763 452.280038 193.423565 136.421185
157 202.290933 452.301110 193.419367 136.416837
158 202.267898 452.312400 193.404004 136.433623
159 194.851886 452.411894 192.679747 136.731499
160 192.757730 459.513954 188.338537 140.657929
161 193.346611 476.981491 189.797940 140.947927
162 181.964481 488.536632 191.967504 141.378823
163 177.040764 489.982403 192.047699 140.443233
164 166.978154 488.544902 192.673467 139.473098
165 162.160348 476.955009 193.015341 141.100036
166 165.148102 463.350214 193.621249 139.613005
167 165.850203 452.013041 193.135953 138.623767
168 166.234912 449.326147 193.382977 139.212634
169 166.281733 449.407050 193.411026 139.441477
170 166.295172 449.417573 193.419367 139.415009
171 167.772396 460.485763 192.053459 138.165321
172 170.568123 465.688273 191.798835 137.136247
173 171.091917 466.825413 191.825043 137.083930
174 171.939219 467.570761 192.004330 137.265008
175 172.865776 468.860233 192.409879 137.101705
176 174.017186 469.057210 193.017509 137.256275
177 182.126723 463.383609 193.929701 135.276523
178 183.328757 459.380665 193.269116 136.142877
179 183.436338 459.509440 193.426056 136.438108
180 183.445555 459.520020 193.422938 136.418217
181 183.369158 459.514172 193.428013 136.430805
182 180.752714 459.276245 193.724294 136.589353
183 173.579147 459.682964 193.813572 136.949653
184 170.180698 459.495846 193.815977 136.824239
185 159.633760 454.558869 192.258669 137.048074
186 158.844032 451.122667 190.971686 138.709912
187 158.826959 451.245984 190.898150 138.915188
188 157.448539 450.506680 190.282285 139.056895
189 156.909452 450.491864 190.079949 139.484355
190 153.667581 450.546869 189.377594 139.346934
191 144.358141 451.537982 187.910674 138.941322
192 143.465149 454.988753 187.319179 137.800803
193 141.028677 468.348223 187.724045 137.095399
194 140.576430 468.880146 187.640791 137.379386
195 140.726398 471.503767 187.454526 136.941012
196 141.876154 477.486587 187.671724 135.871089
197 142.045474 477.606826 187.869333 135.920676
198 144.012347 480.763691 187.471576 134.718826
199 147.891739 484.348627 187.028441 134.222895
200 149.669109 496.315067 189.579999 135.526045
201 151.266154 508.658715 193.101360 137.022170
202 150.228667 522.870499 195.409920 138.100891
203 145.263006 537.693913 196.414654 138.010279
204 141.630571 543.117242 196.498941 137.557806
205 134.735003 549.162194 196.780027 136.586152
206 133.079398 549.616524 196.560103 136.645838
207 131.896887 549.427782 196.776111 136.693010
208 127.649454 537.047809 196.676885 136.531235
209 128.404824 535.573336 197.550809 137.020695
210 139.573419 521.698132 197.285807 136.567179
211 139.747436 521.884009 197.546993 136.891754
212 140.380277 522.061194 198.301350 136.744298
213 141.067923 523.607281 198.870809 135.673836
214 143.754497 526.561637 199.780969 134.087649
215 145.245505 527.053192 200.487461 134.100486
216 147.084329 527.462355 200.984377 134.070625
217 154.115531 529.908118 200.860029 132.962758
218 158.930230 533.719267 201.002760 130.910307
219 164.904955 538.559671 201.626483 128.889903
220 165.117537 538.620618 201.929079 128.903974
221 165.120585 538.651304 201.915825 128.921406
222 164.873411 538.696413 201.845780 128.920754
223 161.549105 538.645417 200.822311 128.699096
224 150.008992 532.294470 198.095612 129.255767
225 144.051743 522.288438 196.580501 129.918390
