2 806.079047 459.866478 73.458209 55.637237
3 816.493898 458.653649 73.082226 53.172977
4 824.311649 456.896517 72.761496 52.651794
5 825.537058 458.219507 72.383217 52.997892
6 832.176545 461.041311 71.453562 52.085428
7 834.032458 461.595317 70.930060 52.116585
8 838.286080 459.067706 69.185734 51.893007
9 839.131475 456.200255 68.747101 51.804021
10 839.257128 456.298150 68.976350 51.981190
11 840.015221 456.486968 68.794591 51.565580
12 840.962099 456.773087 69.375521 51.727574
13 844.300766 456.044251 69.243154 51.935405
14 844.486067 455.305249 69.432623 52.090687
15 846.368213 456.576251 69.533309 50.843864
16 853.290062 457.620815 68.174591 50.036048
17 853.451976 457.852699 68.476522 50.481733
18 856.377629 457.895049 68.463995 49.843278
19 861.955681 455.507263 68.503178 47.975380
20 865.201123 455.357206 68.292148 47.739956
21 869.699272 455.081279 68.340201 46.778664
22 874.626111 454.232896 67.580285 46.388074
23 878.994381 448.990384 66.370239 45.177408
24 879.093644 449.147445 66.463854 45.478664
25 883.211775 457.283089 65.843708 43.548916
26 885.349270 461.086226 65.905231 44.105678
27 885.395893 461.283306 65.977378 44.483903
28 888.395494 453.808572 64.801877 43.284099
29 889.274053 452.938974 65.087603 43.201517
30 890.428686 454.065318 65.266678 43.370951
31 893.711704 458.050253 65.207708 42.540645
32 893.844120 458.701868 65.525292 43.020502
33 894.087859 458.965226 65.976148 43.466401
34 894.103534 458.993929 65.978779 43.478131
35 894.121867 459.000960 65.967276 43.482551
36 895.500598 456.042672 65.344161 42.612818
37 895.577761 456.236185 65.477550 42.984446
38 895.596539 455.553605 65.423136 42.692354
39 895.634215 455.707350 65.477550 42.984446
40 895.660828 455.746232 65.384592 42.933686
41 895.102112 455.621152 65.077648 42.677107
42 893.727366 451.379941 62.937152 41.754716
43 892.078713 447.478325 60.827159 40.790768
44 890.952345 448.461657 60.661319 40.384794
45 886.656478 454.056737 60.830417 38.176909
46 886.328527 461.433705 59.732505 37.021905
47 886.236654 461.618962 59.736683 37.502707
48 883.091395 461.194426 59.450884 37.491056
49 883.089124 461.286902 59.077328 37.255148
50 881.938585 460.645109 58.582529 37.508333
51 880.854501 458.339871 58.981286 37.809396
52 880.354129 458.132068 58.903483 37.895133
53 878.977282 468.254496 56.606217 37.762206
54 879.029596 468.268887 56.993137 37.944417
55 876.330616 463.175260 57.058966 38.235838
56 873.104095 453.152293 57.475595 38.186843
57 873.107513 453.306975 57.485298 38.483593
58 867.545203 458.719803 58.477522 38.191797
59 867.641798 460.149667 58.487500 38.439622
60 867.640056 460.177465 58.481257 38.481956
61 867.039679 459.876042 58.406465 38.381600
62 865.044471 460.239369 57.508621 38.065962
63 861.679541 471.506566 56.544104 37.389087
64 861.744618 472.221606 56.535352 37.439142
65 857.311076 464.113059 56.023830 36.967240
66 855.433485 463.934663 55.904875 37.073368
67 855.476765 464.148400 55.981826 37.486063
68 849.133450 457.703497 54.972281 37.381700
69 844.781177 456.685801 54.781532 38.784431
70 836.880392 454.570122 55.268715 39.225469
71 831.413847 462.445035 58.525694 37.809879
72 830.437323 463.949798 58.220190 37.419082
73 826.934426 467.782488 56.228364 36.397210
74 824.569286 465.298189 56.095123 35.192145
75 817.715391 461.138463 55.330486 34.697684
76 811.100338 458.665270 55.088920 34.756084
77 811.305238 458.787165 55.480977 34.987339
78 803.942030 457.181512 55.328856 34.791708
79 801.171975 458.908424 55.409926 35.830475
80 801.277010 460.417101 54.791263 36.171112
81 796.667853 461.271395 55.991588 36.133683
82 796.443292 461.210223 56.122574 36.290406
83 796.640939 461.334877 56.440460 36.480404
84 796.888511 461.427648 55.692001 36.198381
85 794.292581 463.420511 55.393511 36.058812
86 795.578312 463.359830 55.167686 36.285552
87 798.555379 460.190362 53.497606 36.209607
88 798.555959 460.335493 53.481663 36.486797
89 798.499792 458.913050 53.472211 36.209993
90 798.394482 457.656447 52.442851 36.604135
91 796.696355 460.495094 50.089040 37.187730
92 797.112607 461.063489 50.212758 37.334831
93 791.767711 453.946415 54.285044 36.181521
94 791.924124 454.000785 54.497827 36.455524
95 796.006424 456.297450 54.016680 35.625042
96 795.528635 456.462626 54.528215 35.902041
97 791.992572 456.155200 54.205104 35.659577
98 792.170420 456.297403 54.340904 35.969290
99 787.053966 463.264158 54.245025 35.409801
100 787.204162 463.604721 54.308799 35.181170
101 787.424766 463.955621 54.393947 35.392802
102 787.500430 464.229033 54.444363 35.329331
103 788.567959 467.179408 54.559681 34.721413
104 788.850151 467.330526 54.943444 34.976209
105 791.401660 463.860933 51.875621 34.883469
106 791.476215 463.226000 51.819947 34.918354
107 790.290093 463.285016 52.458472 34.646756
108 789.934178 464.360639 52.831918 34.383182
109 791.003357 464.661871 52.560003 34.330452
110 791.901173 464.352794 52.722118 34.304330
111 793.536018 464.547927 52.301434 34.343911
112 795.746254 464.998786 51.466418 34.198207
113 796.678640 464.489997 51.106283 34.171616
114 798.138807 463.199236 50.772969 34.059115
115 801.091858 459.608491 49.087488 33.670719
116 801.455384 461.475827 49.495784 33.552829
117 801.456921 461.699351 49.483034 33.987701
118 802.552647 461.106310 49.244141 33.965338
119 804.985216 458.127267 47.676568 33.812033
120 805.376535 456.072107 47.560911 33.868617
121 805.759860 456.183000 47.698899 33.882850
122 807.488240 460.551900 46.952737 33.272046
123 808.306138 464.591198 45.953085 32.522999
124 808.601463 462.254517 46.064345 32.676894
125 808.854536 462.410048 46.494918 32.982463
126 810.718295 464.705849 47.355174 32.908697
127 810.958022 463.955396 47.450148 32.950551
128 812.384243 459.242823 47.989122 31.898468
129 813.715320 456.701155 47.180461 31.816806
130 814.005464 456.834494 47.445942 32.014523
131 814.623050 456.967617 47.448336 32.402653
132 817.071949 449.519875 47.199044 32.049361
133 818.060294 445.315764 46.291162 31.759786
134 818.159312 445.574718 46.496000 32.010826
135 816.432660 450.959981 45.860114 31.640223
136 816.230051 450.898371 45.914896 31.950450
137 812.748684 450.127040 45.665622 31.946756
138 811.353074 449.999698 45.950073 31.889203
139 810.206125 449.840336 45.882843 31.945122
140 805.866354 454.255788 45.162801 30.903540
141 806.150858 457.626424 44.397092 29.604906
142 806.200335 459.363187 44.216540 29.134898
143 805.987359 458.360082 44.060358 28.502998
144 806.105765 456.038152 43.190632 27.657888
145 803.398534 456.923170 42.869671 26.799621
146 802.932083 461.810254 41.621176 25.328883
147 800.747506 463.793776 40.511836 24.320839
148 800.768515 464.009370 40.521228 24.127184
149 799.732610 465.592261 40.478628 23.588182
150 797.118831 462.146232 40.009389 22.886256
151 794.852650 463.827969 39.692782 22.116501
152 794.641555 464.654643 39.124577 22.296229
153 793.299741 459.829513 39.935148 23.982919
154 792.323494 457.427171 39.696135 23.495058
155 790.750163 460.429177 39.197073 22.528747
156 789.486396 458.062723 39.197744 22.353374
157 788.539384 457.443311 39.335523 21.859250
158 788.469550 457.438961 39.163758 21.873515
159 788.143822 456.171902 38.404381 21.471248
160 786.879671 452.458472 37.016692 21.417173
161 786.773713 456.867775 35.486428 20.194346
162 786.779461 462.094214 33.526155 20.135090
163 787.909940 465.088893 32.956634 19.872884
164 788.688436 467.572810 32.433025 19.839640
165 789.955933 464.154326 32.959546 19.647105
166 790.703105 457.942998 33.537221 20.382244
167 791.344036 460.811316 32.983662 20.432086
168 791.347381 460.838871 32.985810 20.490462
169 789.838536 453.268116 35.192641 20.748875
170 789.726257 453.308524 35.399460 20.978207
171 788.769661 461.083288 34.896776 20.910517
172 788.470244 455.501781 35.829842 20.946475
173 788.983007 450.766369 36.217361 20.671055
174 789.361789 454.583854 36.106756 19.911990
175 789.441513 460.337075 34.927256 19.741422
176 789.477481 460.466328 34.988004 19.992765
177 789.484748 460.488259 34.992770 19.985825
178 790.004618 467.825652 34.777246 19.931704
179 789.495142 463.005626 35.229742 20.315206
180 788.342903 456.049377 37.762950 21.725395
181 787.936338 453.813536 37.422862 21.846457
182 787.820347 456.975356 36.593993 21.222256
183 788.039395 457.170492 36.534575 21.394840
184 787.463268 453.033269 35.887305 21.280410
185 787.358509 449.170385 35.414111 21.177031
186 787.586470 450.067178 35.402906 21.427611
187 787.540078 456.445183 34.636444 21.008136
188 786.379102 465.059638 34.069618 21.441449
189 787.892213 472.795304 33.730515 21.376168
190 786.234915 461.724318 36.036216 22.198426
191 785.058866 455.221986 38.694050 23.215631
192 786.003605 450.009776 38.819177 23.837785
193 786.053252 449.855584 39.231640 23.634883
194 786.834012 451.960770 39.268560 22.897337
195 787.523414 455.868218 38.838625 21.951992
196 787.035955 453.433301 38.920641 21.597073
197 786.973401 451.402440 38.503049 21.588374
198 787.382580 453.461773 38.542677 21.608697
199 786.151148 450.256048 38.514918 21.450058
200 786.746447 452.401084 37.394058 21.144547
201 786.793020 452.608618 37.370728 21.463932
202 786.273767 458.238245 36.314235 21.079650
203 786.360853 458.017411 36.432841 21.354455
204 786.753955 455.582456 35.900806 21.298169
205 787.977260 456.790983 35.541937 21.369760
206 788.572504 455.940892 35.505193 21.151198
207 788.892563 456.128609 35.876165 21.448035
208 790.463715 458.687764 34.866044 20.981276
209 790.221278 455.009475 35.388649 20.880519
210 790.744731 454.233986 35.067873 20.858439
211 790.901842 451.450417 35.026417 20.630591
212 791.173641 444.129146 35.528198 22.224649
213 791.702399 441.031427 35.177914 21.861559
214 792.586327 444.709931 34.198421 21.171785
215 793.409782 452.638966 33.123704 21.603342
216 795.248349 449.623420 34.506128 21.645224
217 795.582131 439.344597 37.005565 22.771697
218 796.525524 443.327046 36.153971 22.743158
219 796.979591 444.338726 36.228569 22.235286
220 800.237940 447.327913 35.217564 22.122586
221 800.628144 447.664945 35.233453 22.177559
222 802.411942 453.443769 34.139394 22.159838
223 802.591846 453.613809 34.488175 22.491861
224 802.939235 452.793556 34.675779 22.210285
225 804.843681 456.643744 34.753789 21.716063
226 805.113045 457.727264 34.677619 21.560054
227 805.651320 456.967384 34.550480 21.255833
228 805.896114 457.102140 34.938750 21.464515
229 806.689491 460.903102 34.012753 21.546977
230 806.420629 462.236429 34.479586 21.878245
231 803.799126 458.097482 35.447492 22.047199
232 802.089764 454.410384 36.199988 23.043395
233 803.136941 458.391112 35.678340 22.262163
234 802.784365 465.025479 34.727170 21.804980
235 802.152952 462.748575 34.510252 21.930913
236 802.326552 462.675063 34.954518 21.980022
237 802.009856 461.222166 34.501868 22.117630
238 802.209667 461.453233 34.964243 22.462487
239 802.432475 462.887681 34.824290 22.384920
240 803.010937 462.481680 34.887359 22.452201
241 806.710402 462.928019 34.074678 22.639908
242 809.360786 461.922908 34.754579 22.348091
243 810.585776 462.027677 34.757329 22.379898
244 812.834013 461.798714 34.743909 22.562448
245 816.016869 460.035528 35.906728 23.597045
246 817.316477 458.373664 37.242875 24.903409
247 822.489041 461.220100 36.368154 25.040809
248 823.450508 461.846533 36.990304 24.395007
249 828.160496 459.561483 37.051357 24.056945
250 829.901666 456.463283 36.569229 24.881168
251 832.562003 453.009011 36.956657 25.533201
252 834.366423 455.783866 36.636996 25.073870
253 834.698756 457.388287 36.526482 24.273178
254 833.445413 462.854375 35.782679 23.210322
255 832.319873 462.493930 35.784194 22.621231
256 828.594254 462.124770 36.192741 22.021482
257 825.964420 460.594099 36.198353 22.299834
258 823.270845 460.687268 35.723409 22.314269
259 819.944955 460.961398 35.170309 22.379374
260 819.514585 461.253799 35.152731 22.234717
261 816.054045 461.935687 34.260217 22.169020
262 812.725153 463.561557 33.444640 21.672201
263 809.580120 463.213933 32.955867 21.219207
264 806.883793 464.347370 32.823095 20.586454
265 805.936767 462.194298 31.648900 21.355261
266 803.456612 462.171507 32.094432 20.988307
267 802.315592 461.958364 31.415257 21.059999
268 800.973279 466.907189 33.538416 20.294935
269 800.365407 468.519595 33.827143 20.234884
270 799.587896 467.247016 34.505745 20.248543
271 797.352591 467.434615 35.612771 20.005328
272 790.082459 482.986359 37.353081 20.211824
273 782.426355 482.830320 41.108568 18.915591
274 779.824053 485.771863 43.669242 18.619620
275 771.062606 479.245236 44.829898 18.800758
276 775.965722 488.605754 48.561826 19.588954
277 778.954027 477.810717 49.880791 19.276494
278 769.211333 483.576054 53.113542 18.951687
279 759.015344 474.957703 53.126329 18.974834
280 755.049630 485.967736 60.005088 18.268264
281 725.896881 493.411260 67.759087 18.206375
282 746.037226 488.488470 71.774910 18.570562
283 717.649701 497.176350 75.015998 19.118391
284 753.062922 487.111379 77.038908 19.649895
285 757.365412 501.109438 83.054950 19.661983
286 815.465893 504.796053 91.949938 19.956964
287 810.352945 502.366373 86.229842 21.158456
288 825.072459 508.020800 81.405045 21.681300
289 833.266843 496.774564 77.268129 23.514360
290 839.772352 507.294325 74.300321 24.540079
291 847.147177 518.364248 71.394154 25.546227
292 846.538771 518.209728 70.209258 26.347829
293 855.910602 522.659888 66.834878 28.198107
294 856.341519 523.093303 65.883459 28.886453
295 868.603661 525.249831 64.166107 30.431998
296 866.666559 523.463542 63.174835 31.502097
297 866.828409 523.712435 63.478235 31.988425
298 885.678215 533.075181 64.411712 33.087744
299 904.827671 537.359233 66.223203 36.081955
300 882.741738 545.919249 68.466310 38.042919
301 911.212335 546.472390 68.712972 41.764774
302 932.074814 570.456338 69.907260 42.270303
303 963.360564 577.876049 71.172991 43.186626
304 950.484656 590.584179 74.662088 44.432720
305 926.490691 567.049622 75.735363 46.769957
306 924.540300 565.502042 75.907882 47.073875
307 899.180848 561.719677 76.109442 49.472862
308 897.105135 547.534733 81.065132 49.749041
309 875.774600 533.760428 84.226743 50.615935
310 876.229767 533.376560 85.005384 50.696114
311 895.263753 533.928531 87.098485 52.199602
312 879.977415 537.016186 87.120811 52.378703
313 879.294256 535.458249 87.308061 52.397902
314 885.804549 538.750707 87.545320 52.944345
315 886.281754 533.704833 87.881358 53.760567
316 886.367646 534.108193 88.129494 53.887682
317 888.797906 534.027417 89.848584 53.560255
318 878.967656 539.224828 92.421934 54.147085
319 900.143048 538.563400 95.997504 55.374226
320 908.095903 532.805004 96.904655 57.817404
