56 492.604036 89.528933 253.538635 268.070001
57 493.591382 89.645976 253.258887 269.262308
58 494.438610 89.590938 253.001522 270.343948
59 495.828661 89.941702 252.755789 271.362945
60 501.778948 89.838745 251.103832 272.587578
61 503.392141 90.493635 251.474096 274.098885
62 504.685816 91.400524 250.953000 275.669636
63 509.662909 91.519473 249.899055 276.958507
64 511.536246 92.380748 249.500048 278.314340
65 513.076663 93.976851 248.857999 284.877613
66 513.477668 93.505920 248.765765 289.658033
67 513.851652 94.385561 248.468577 291.913930
68 513.567561 95.254630 248.187306 293.331713
69 513.721870 95.415691 248.265548 293.914369
70 513.870639 95.555728 248.246612 294.450725
71 514.014610 95.935299 247.958482 297.059380
72 513.954482 96.253378 247.878457 297.801365
73 514.008891 96.372873 247.910717 297.897036
74 514.023543 96.473890 247.903693 297.975815
75 514.065335 96.506161 247.910717 297.897036
76 514.103614 96.577820 247.910717 297.897036
77 514.141893 96.649480 247.910717 297.897036
78 514.180173 96.721140 247.910717 297.897036
79 514.218452 96.792800 247.910717 297.897036
80 514.256731 96.864459 247.910717 297.897036
81 513.750940 96.953213 247.916937 297.764246
82 513.691694 97.002727 247.870534 297.870393
83 511.052394 96.109666 247.835435 297.623001
84 508.492219 95.397580 247.984071 297.351950
85 508.479702 95.438155 247.856319 297.437383
86 508.386694 95.354798 247.857384 297.392542
87 505.957038 92.741648 246.847859 297.607714
88 504.828267 89.661961 244.898391 299.930792
89 503.552137 87.145549 243.864659 301.272311
90 502.947396 86.833212 243.156719 302.137460
91 500.826331 83.115270 241.337477 307.752243
92 500.697974 83.037472 241.180822 308.081922
93 491.934479 83.106983 239.757641 309.507973
94 491.841540 83.167764 239.602959 310.102217
95 491.991423 83.301080 239.913254 310.281896
96 486.856814 74.761313 242.667583 305.221009
97 487.342028 72.196069 242.916932 305.172190
98 493.030962 74.341006 244.400758 301.458063
99 480.377064 75.103363 251.515650 297.296342
100 480.666090 75.210952 251.974898 297.333684
101 480.672069 75.322680 252.164996 296.927173
102 483.905821 86.224441 255.175138 289.817440
103 498.517380 126.117929 255.654544 269.871117
104 514.681393 152.190331 255.886328 248.861009
105 512.857674 158.841024 253.649426 240.134628
106 511.695894 155.536506 251.508352 238.790028
107 512.093328 143.275307 246.610343 237.604362
108 511.016711 125.655606 238.412302 240.659959
109 513.779866 100.447322 228.247597 245.099513
110 515.375563 97.176878 225.820577 245.146972
111 515.584592 97.454394 225.547106 245.126942
112 516.478720 93.211228 223.427849 244.348411
113 516.984772 91.698727 222.512462 243.123799
114 517.222820 91.903315 222.919717 243.415867
115 517.257241 91.961869 222.919717 243.415867
116 517.288790 91.987402 222.927586 243.416587
117 516.964374 91.659473 223.603237 242.967578
118 512.771552 86.165058 233.689952 252.361149
119 512.319280 86.159257 234.469004 252.055237
120 509.226095 87.761390 238.763923 250.490188
121 503.854917 197.268072 244.089590 249.248522
122 502.401338 255.708240 234.283497 252.816670
123 507.541917 239.192388 234.289502 262.562080
124 508.388778 237.682271 235.420388 262.868046
125 512.721718 236.267930 236.466277 263.185679
126 514.621060 235.256464 237.524353 263.398239
127 516.885686 232.984328 239.307816 262.984409
128 517.017638 233.127865 239.459458 263.011512
129 517.187674 233.412014 239.472774 263.464191
130 517.149850 232.879687 239.534558 263.191839
131 517.344290 233.056296 239.941990 263.399244
132 517.159829 232.749938 239.995777 263.082150
133 516.892581 232.703260 239.973896 263.169034
134 515.238984 232.680738 240.190750 262.881831
135 512.411682 230.427396 241.595176 262.113490
136 511.645414 219.391059 242.789495 260.181043
137 507.034943 215.170592 244.953673 258.580476
138 506.090280 213.049943 245.238604 258.279916
139 506.296051 211.800363 245.824605 257.765270
140 505.813919 209.047862 246.351296 257.039392
141 503.541249 201.727124 246.671468 257.082185
142 503.653563 200.017813 246.989011 257.736718
143 504.618330 207.528396 247.670644 264.977121
144 494.598763 167.317710 248.718403 269.834541
145 499.401793 130.816739 251.647841 282.442712
146 494.735979 102.100822 263.700076 298.091253
147 494.673611 101.582755 264.027254 298.201294
148 494.682999 96.823854 265.068981 299.036521
149 494.879114 97.020062 265.422369 299.451786
150 494.911118 97.064448 265.404417 299.396518
151 494.915296 96.903727 265.420761 299.429608
152 494.649189 96.002129 265.957673 300.452675
153 494.542030 95.891529 265.963990 300.347081
154 494.306598 94.822947 265.985299 300.657088
155 493.937225 93.066836 266.299530 301.694546
156 493.777753 92.718786 266.520167 301.928271
157 492.968678 89.632554 267.002635 302.419184
158 492.786101 88.161005 267.589339 302.798728
159 492.853313 88.078467 267.944717 302.863291
160 492.398296 86.775690 267.947618 302.904035
161 492.181324 84.965393 267.860093 303.309032
162 492.036995 84.224482 267.995016 303.173309
163 491.795493 83.590159 267.971311 303.219793
164 491.609881 83.166274 267.941867 303.239924
165 491.521059 82.890286 267.920143 303.287696
166 491.528017 82.923094 267.901600 303.375830
167 491.567824 82.996250 267.905881 303.388696
168 491.606807 83.069355 267.903849 303.394065
169 491.495513 81.789422 267.836004 303.692970
170 491.570636 81.963521 267.903517 303.894963
171 491.612002 82.036623 267.903517 303.894963
172 491.623376 82.034985 267.892156 303.881366
173 491.006209 81.680040 267.502760 303.984402
174 488.829356 80.962350 266.422403 304.338159
175 488.801527 80.907279 266.322308 304.449820
176 484.848877 79.465677 266.462169 304.106458
177 483.961135 79.571991 265.710356 304.535486
178 484.026734 79.548310 265.788078 305.056691
179 484.125871 79.790651 265.904237 305.394445
180 484.166929 79.864114 265.904237 305.394445
181 484.207022 79.933178 265.902563 305.398116
182 484.248917 80.004806 265.904237 305.394445
183 484.289975 80.078269 265.904237 305.394445
184 484.331033 80.151732 265.904237 305.394445
185 484.381007 80.223928 265.895929 305.405123
186 484.426219 80.292052 265.904237 305.394445
187 484.653196 80.363782 265.771944 305.472016
188 489.350287 78.586395 263.891383 305.884142
189 489.397822 78.665044 263.904957 305.894272
190 489.438571 78.738627 263.904957 305.894272
191 489.685608 78.625589 263.746203 305.891996
192 489.805734 78.700311 263.904957 305.894272
193 489.846483 78.773894 263.904957 305.894272
194 491.374526 78.505343 263.213357 305.964106
195 491.511087 78.544009 263.405137 305.894272
196 491.551759 78.617593 263.405137 305.894272
197 491.592431 78.691177 263.405137 305.894272
198 491.633103 78.764760 263.405137 305.894272
199 491.673774 78.838344 263.405137 305.894272
200 491.714446 78.911927 263.405137 305.894272
201 491.755118 78.985511 263.405137 305.894272
202 491.795790 79.059094 263.405137 305.894272
203 491.836462 79.132678 263.405137 305.894272
204 494.137465 78.083219 262.194255 307.247476
205 494.287158 78.229789 262.402192 307.398109
206 494.491147 78.299767 262.263404 307.501378
207 495.596797 78.579890 261.862072 308.381939
208 495.692096 78.659927 261.892834 308.394350
209 495.738958 78.733641 261.905677 308.393408
210 495.779398 78.807825 261.905677 308.393408
211 495.819839 78.882010 261.905677 308.393408
212 495.860279 78.956195 261.905677 308.393408
213 495.900719 79.030379 261.905677 308.393408
214 495.941159 79.104564 261.905677 308.393408
215 495.981600 79.178749 261.905677 308.393408
216 496.022040 79.252933 261.905677 308.393408
217 496.062480 79.327118 261.905677 308.393408
218 496.102920 79.401303 261.905677 308.393408
219 496.143361 79.475488 261.905677 308.393408
220 496.183801 79.549672 261.905677 308.393408
221 496.245180 79.621753 261.900830 308.393747
222 496.640925 79.707081 261.780096 308.398630
223 496.744155 79.778655 261.905677 308.393408
224 497.215184 79.271998 262.087827 308.027869
225 497.512620 79.521038 262.383667 308.396615
226 497.564715 79.589868 262.409039 308.381831
