4 129.665938 577.799230 38.289448 90.035058
5 130.877113 578.512702 38.359029 90.500898
6 135.744036 579.866393 38.623957 90.069750
7 135.895192 580.069716 38.997832 90.481310
8 138.502163 580.382764 39.539453 89.620548
9 143.229717 580.795088 40.386715 88.711840
10 142.895875 580.796421 40.581657 88.924663
11 145.569243 580.219283 41.118627 88.618749
12 150.120086 579.834514 40.988615 88.246636
13 151.491769 579.061195 40.674579 88.383646
14 154.224704 579.489577 40.988319 87.529710
15 160.284072 580.506854 40.575809 87.688661
16 160.164703 580.568835 40.979183 87.880799
17 161.758551 580.810503 40.676063 87.905230
18 167.456213 581.993539 40.734597 87.332516
19 167.025272 582.178151 41.062248 87.267109
20 172.186698 583.888921 41.661923 85.428361
21 175.161995 584.093576 41.949912 84.904267
22 175.306392 584.183530 41.967071 84.879614
23 182.596758 585.196298 41.675628 83.705415
24 185.644094 584.147252 41.553148 83.892634
25 185.577964 584.164129 41.943600 83.966062
26 191.774766 583.252999 41.261498 84.323791
27 192.785044 582.813205 41.198206 84.666465
28 192.923318 582.840091 41.411804 85.059832
29 199.848391 581.739416 40.334148 87.018932
30 202.372815 580.179291 39.477707 88.585038
31 201.966401 580.475774 39.214319 88.979485
32 206.583190 582.593443 38.796233 89.459414
33 209.035376 583.184378 38.592512 89.736405
34 209.225120 583.253545 38.937366 90.015209
35 214.147168 584.869567 38.770207 89.346388
36 216.949596 584.798912 38.928288 88.981488
37 216.890050 584.789699 38.960696 88.962790
38 222.381773 585.114735 39.022777 87.933512
39 223.777796 584.541058 39.433173 87.753085
40 223.483471 584.602736 39.465765 87.946537
41 229.953396 584.805152 39.371330 86.420110
42 230.457321 584.483552 39.278656 86.522038
43 231.794043 584.044406 39.317718 86.965136
44 236.231785 587.289868 38.992785 85.930633
45 240.578850 588.121591 38.787476 85.914351
46 240.499454 588.173286 38.966106 85.979106
47 244.116569 588.863547 38.900722 85.830826
48 251.097674 590.057470 39.068090 85.495630
49 249.483089 590.151639 39.553840 85.500065
50 251.075330 590.689302 40.016729 85.828997
51 255.302744 590.029106 40.232918 85.493707
52 255.120276 589.945772 40.547480 85.389319
53 257.383410 590.017005 40.906538 85.321584
54 263.015520 588.496532 40.914362 85.178883
55 260.690273 588.128823 40.953316 85.307339
56 266.035043 587.626672 40.618673 84.481861
57 271.109393 587.418817 40.030085 84.738054
58 270.990215 587.315711 40.208033 85.030994
59 274.552196 588.084389 39.577277 85.490864
60 278.571133 588.906893 39.373898 85.703350
61 278.423325 589.038942 39.421823 86.009280
62 279.204768 589.348328 39.314418 86.517798
63 284.169752 589.933335 39.271111 86.751883
64 284.131239 590.020061 39.432648 87.004260
65 285.641871 590.400335 39.335837 87.436113
66 293.789377 590.491446 39.570044 85.919619
67 293.573954 590.406583 39.928017 85.952386
68 294.092663 590.270573 39.914171 85.864887
69 301.057712 590.010406 39.896225 85.668479
70 301.047044 590.111305 40.003435 85.990744
71 301.546752 589.722018 40.331515 86.666536
72 306.118212 590.424012 39.600637 87.816662
73 306.277525 590.385293 39.939074 88.072304
74 312.249720 591.463332 39.587542 89.066106
75 312.586609 592.052793 40.026892 89.578146
76 312.822657 592.275410 40.487104 89.969942
77 319.253334 594.556738 40.982782 88.713604
78 320.746694 594.784512 41.101003 89.062355
79 320.920691 594.996161 41.481686 89.473434
80 326.267948 593.564715 41.089684 89.353315
81 328.183657 593.565942 41.348616 89.381170
82 328.309927 593.626743 41.468542 89.466051
83 335.969768 591.774763 41.295355 88.053538
84 337.697100 591.157318 40.998563 88.485905
85 337.810955 591.136614 40.746247 88.335994
86 343.921122 590.672329 40.327829 88.418157
87 344.924388 592.997060 39.601788 88.838445
88 345.004988 592.939858 39.873823 89.074772
89 347.984325 593.394633 39.683186 89.777840
90 350.592706 593.369483 39.659920 90.414468
91 351.951933 593.688912 39.984764 90.558443
92 357.882948 594.878972 39.854259 90.384417
93 360.182083 594.718345 39.888237 90.774164
94 360.079162 594.756233 39.952690 91.003606
95 366.818191 593.013527 40.058964 90.745247
96 367.640376 592.382364 40.218185 90.945404
97 367.487841 592.264845 40.339269 90.764832
98 373.027544 593.811412 39.971547 89.686258
99 378.240936 596.177925 39.635399 89.307973
100 378.422211 596.279999 39.985600 89.469076
101 380.025644 596.997219 39.970997 89.308624
102 386.581816 599.216362 40.645227 88.601817
103 386.739804 599.413564 40.986866 88.974940
104 386.781982 599.502552 41.027349 88.949693
105 393.324255 599.753469 42.906105 88.394632
106 392.726541 599.855182 43.136626 88.419854
107 393.096614 599.908020 43.615656 88.438080
108 401.641100 598.314074 43.817037 88.493822
109 400.307439 597.912401 43.890104 88.565279
110 402.656853 596.988374 43.781852 89.223248
111 410.976630 595.172125 42.614891 89.769330
112 411.032712 594.917873 42.467156 89.892360
113 415.501826 594.915826 41.259499 90.070948
114 420.945003 595.742290 40.672047 90.770445
115 421.030848 595.709166 40.902026 91.070742
116 420.873036 595.728425 40.644501 91.644295
117 424.729629 597.193807 40.674902 91.301640
118 424.896819 597.278842 40.927687 91.480235
119 426.651250 597.240124 40.828094 91.455972
120 432.798915 598.086023 40.457977 90.813106
121 432.830792 598.174454 40.476992 90.979519
122 434.770698 597.953041 40.293915 90.993960
123 441.970222 597.245076 40.171537 89.347083
124 442.141568 597.319281 40.472110 89.475299
125 446.535720 596.962016 40.274750 88.644020
126 451.260870 597.963508 40.417646 88.875180
127 451.301007 598.031944 40.485420 88.969249
128 456.498944 600.198846 40.509895 89.120190
129 456.742944 600.394811 40.985240 89.469076
130 456.749273 600.416333 40.985240 89.469076
131 461.375563 600.721379 41.076678 89.329032
132 463.834919 600.674441 41.620472 89.344199
133 464.000452 600.737357 41.970097 89.477266
134 468.922106 601.529498 41.819980 88.512046
135 471.440423 601.735374 41.946578 88.606680
136 472.993356 602.222093 41.960683 88.843487
137 479.583037 601.314337 41.537621 87.230666
138 486.020892 602.815603 41.672948 86.987643
139 484.872771 602.526970 41.863443 87.026928
140 492.593744 599.820548 40.946816 87.921931
141 495.919658 600.775384 40.482321 87.926437
142 497.221067 600.854064 40.424618 87.801366
143 500.420039 602.808423 40.043791 88.043590
144 501.945483 603.599568 40.320743 88.589093
145 502.090094 603.808884 40.480798 88.987769
146 507.542987 604.718422 40.556082 88.528619
147 508.982500 605.183942 41.200979 88.969784
148 509.130945 605.205077 41.485059 88.969249
149 516.234619 606.679098 41.730990 87.620749
150 518.176341 606.296454 41.934169 88.214798
151 518.018137 606.252493 41.921886 88.538474
152 525.267881 604.784893 42.108864 87.281877
153 533.449028 603.575896 42.674535 86.068855
154 532.590647 603.198720 42.884224 86.564802
155 532.758971 603.508586 43.036044 86.981991
156 538.708729 605.179779 43.266888 87.446476
157 538.824169 605.212466 43.484339 87.469767
158 538.826745 605.211932 43.475547 87.483740
159 543.753796 604.904559 43.386448 87.619462
160 543.809085 605.097618 43.484043 87.969439
161 546.302528 605.989511 43.725167 87.483611
162 554.863204 607.018023 43.952650 85.087637
163 554.842949 607.140961 43.921041 85.517767
164 557.273002 606.195421 43.666875 86.030321
165 567.906467 604.432457 43.195007 86.550255
166 567.750598 604.636770 43.437835 87.027977
167 569.915971 602.295682 43.191286 88.341370
168 577.311817 598.950198 42.954495 90.994996
169 577.325008 598.865582 42.992563 91.073328
170 579.191158 597.819481 42.440762 92.752831
171 582.814762 599.559184 42.483506 92.457814
172 582.892729 599.583814 42.437244 92.502232
173 584.350101 600.589788 42.381773 92.832364
174 590.540417 602.450709 42.120112 91.605558
175 590.729271 602.654159 42.484699 91.968213
176 592.504966 603.059263 42.374899 91.760594
177 604.041571 605.129146 42.366734 88.738672
178 604.114531 605.267037 42.482616 88.972716
179 611.507636 603.787676 41.509378 89.309640
180 614.229161 601.821949 41.124577 89.867726
181 614.447100 601.887828 41.464307 89.968028
182 622.494220 601.270791 41.054065 91.147037
183 623.266563 601.465567 41.079830 91.774371
184 623.496568 601.590178 41.465128 91.971209
185 629.700392 603.273132 41.498290 91.839650
186 631.387176 604.060059 41.837406 91.788933
187 631.467396 604.171822 41.984879 91.968213
188 635.429016 605.679964 42.619486 90.683973
189 636.883710 606.106792 43.040007 90.667911
190 637.124146 606.283897 43.487872 90.962487
191 646.610029 608.622195 43.759550 86.412062
192 650.527208 607.412979 43.512861 87.432371
193 650.854674 606.902280 43.539267 87.984757
194 657.979196 603.934734 42.466372 90.071933
195 661.609440 601.569200 41.310828 90.868473
196 662.644901 600.236160 40.433973 91.310510
197 670.357149 600.601747 39.371990 93.205887
198 673.185427 601.258259 38.691516 93.917336
199 673.483205 601.208023 38.832467 94.054464
200 678.377162 602.255170 38.851141 93.605280
201 680.630507 603.308550 38.974893 93.492558
202 680.642060 603.318602 38.985960 93.467694
203 686.417337 605.587749 39.196269 91.208636
204 690.399332 605.525414 39.227087 90.878888
205 690.690363 605.546913 39.380392 90.936148
206 698.492826 605.163788 38.923029 90.752643
207 705.481155 603.433974 38.153012 91.312150
208 706.009236 603.416789 38.076312 91.673519
209 711.559549 603.113974 37.637892 92.583204
210 716.147493 604.092544 37.518296 93.280204
211 716.387334 604.208805 37.986233 93.467672
212 717.701537 604.629990 37.745109 93.510727
213 724.702976 606.603460 37.933366 93.068069
214 724.735258 606.825810 37.986169 93.467650
215 726.497301 606.744096 37.974148 93.309375
216 732.368842 607.363942 38.104818 91.489338
217 732.624241 607.399692 38.507209 91.447137
218 735.622234 607.215637 38.705838 91.304819
219 748.585638 607.259715 38.903398 90.015264
220 748.610057 607.418244 38.911432 90.572947
221 749.472650 606.576611 38.675381 91.815660
222 756.278360 606.374946 38.237731 92.208562
223 756.460940 606.507790 38.476624 92.473902
224 759.396726 606.138022 37.869707 93.131310
225 766.456071 607.848964 37.877211 92.949629
226 766.529604 607.874730 37.985607 92.970151
227 767.171471 608.100147 37.895432 92.945375
228 773.472957 610.752166 38.773986 91.921642
229 773.584963 610.797575 38.985960 91.968213
230 773.980367 610.503205 39.039600 92.013323
231 783.483998 610.569955 40.041154 90.681750
232 783.718386 610.743924 40.494544 90.964857
233 790.848381 612.507315 40.282108 90.766954
234 794.233947 611.141132 39.762328 92.063894
235 794.361921 611.359282 39.982611 92.478281
236 805.630319 611.156366 39.999453 91.189969
237 805.513887 611.290273 39.970991 91.485794
238 805.393689 611.277672 39.973867 91.480209
239 807.474893 613.933074 39.782085 90.984827
240 813.392242 617.243083 40.013485 89.419492
241 813.221234 617.515538 40.496564 89.323313
242 817.436729 618.785964 40.599283 88.733992
243 817.933674 618.831188 40.968935 88.925563
244 818.212917 618.780767 40.969724 88.929488
245 830.670639 617.558812 40.804536 86.927834
246 830.952789 617.601499 40.966459 86.873280
247 831.121706 617.663175 40.985855 86.893923
248 839.628160 618.439875 40.593764 85.975142
249 841.190601 618.253411 40.668020 85.636468
250 842.324650 618.381333 40.895591 85.845966
251 856.566057 618.409588 40.365138 86.703349
252 855.533963 617.834177 40.353297 87.162538
253 854.959647 617.495662 40.382255 87.613913
254 859.307883 617.988522 39.404219 88.860785
255 862.122795 618.708385 39.089893 89.200127
256 862.414522 618.854536 39.471881 89.506790
257 873.541121 619.645196 39.162890 90.078441
258 875.521882 619.914937 39.299834 90.365330
259 876.251535 620.006886 39.456785 90.450969
260 884.887059 621.644800 39.628124 89.794557
261 887.032003 621.015476 39.829805 90.263994
262 887.120484 621.000398 39.940628 90.559194
263 889.755337 619.973189 39.851944 91.128441
264 900.545086 618.207481 39.454086 90.935302
265 899.167008 618.146237 39.276224 91.112685
266 899.355811 618.342726 39.498094 91.510860
267 906.205125 622.370819 39.235655 91.545284
268 905.612147 622.626266 39.443389 91.969243
269 906.309551 622.850970 39.545522 91.851258
270 930.732389 624.772376 40.924305 90.061551
271 914.486883 625.600608 41.168401 89.622490
272 922.221845 626.401812 41.774090 88.986490
273 934.666841 627.802125 41.964964 88.364564
274 927.192547 627.093939 41.421282 88.415444
275 929.857524 627.229581 41.303640 88.441072
276 934.416529 626.067454 40.986257 87.913727
277 935.076395 625.864246 40.949879 87.949751
278 938.055782 624.661383 40.675514 88.185844
279 953.417393 625.056790 41.018651 89.269206
280 942.126804 624.740805 41.369346 90.042257
281 953.908313 624.762754 40.749124 91.407394
282 954.040285 624.817626 40.986272 91.481221
283 954.051251 624.832918 40.985318 91.477456
284 966.698779 626.014420 41.277227 91.841161
285 965.260946 625.586187 41.304774 92.090002
286 964.876323 625.660377 41.439209 92.494156
287 978.586502 626.285990 41.531591 92.993156
288 976.290035 625.511337 41.599994 93.296709
289 975.446617 625.174429 41.784710 93.653455
290 981.563606 622.328024 40.962423 95.399024
291 982.321285 622.022806 40.877988 95.436939
292 983.065823 621.696376 40.883513 95.445896
293 990.175715 623.479640 40.435140 95.452171
294 990.306866 623.633889 40.409757 95.564614
295 990.345740 623.863767 40.477446 95.964835
296 997.512008 626.739805 40.409597 93.260195
297 998.823493 627.484770 40.587813 92.515230
298 999.055399 627.751736 40.997034 92.248264
299 1012.487942 630.278561 42.086306 88.466406
300 1014.986729 629.695113 42.269325 88.682102
301 1016.061382 629.816580 42.439669 89.087729
302 1019.785645 628.217840 41.998478 90.151771
303 1021.978981 628.156379 41.459157 90.735343
304 1022.295522 628.282615 41.434800 91.077125
305 1031.186629 627.450295 40.651033 92.333624
306 1032.229608 626.717941 40.763046 92.523478
307 1032.825088 625.808189 40.932010 92.741078
308 1045.830378 626.012887 40.787590 93.962793
309 1044.960528 625.718163 40.725437 94.281837
310 1044.969514 625.764586 40.885245 94.235414
311 1045.842705 627.022903 41.013093 92.977097
312 1059.231210 629.823149 42.330597 90.176851
313 1055.143784 629.921978 42.207337 90.078022
314 1056.412669 631.036046 42.704782 88.963954
315 1064.140504 630.698388 42.923590 89.301612
316 1064.431685 630.598379 42.961746 89.401621
317 1068.062991 630.773778 42.455080 89.226222
318 1075.342663 629.160221 41.593632 90.166383
319 1075.462414 628.793468 41.756502 91.206532
320 1077.667418 626.955219 40.850139 93.044781
321 1083.417405 630.740506 40.513905 89.259494
322 1083.652922 630.866495 40.966526 89.133505
323 1086.216243 632.460650 40.652155 87.539350
324 1092.837933 635.170335 41.073564 84.829665
325 1092.941444 635.869878 41.496452 84.130122
326 1095.302412 637.725865 41.590011 82.274135
327 1109.351149 639.634151 42.890207 80.365849
328 1106.801185 640.371907 42.949519 79.628093
329 1112.393088 640.734244 42.794821 79.265756
330 1118.295806 639.637800 42.205628 79.915114
331 1117.844164 639.436842 42.303493 80.104225
332 1119.668733 639.021020 42.224262 80.978980
333 1126.448133 636.054245 41.531664 82.137178
334 1126.307533 635.860381 41.866531 82.602230
335 1126.606456 635.846169 41.630060 83.315959
336 1133.581579 636.228276 40.824598 83.771724
337 1133.591831 636.264380 40.708514 83.735620
338 1140.812175 636.348325 40.167911 83.651675
339 1143.769574 637.621058 40.237652 82.378942
340 1143.985796 637.659128 40.459930 82.340872
341 1151.490250 638.046441 40.265895 81.953559
342 1153.167158 638.327022 40.442557 81.672978
343 1153.894189 638.453931 40.422283 81.546069
344 1163.041814 638.054028 40.298177 81.945972
345 1165.627086 636.556359 40.101310 83.443641
346 1165.698552 637.074609 40.448178 82.925391
347 1172.397691 638.330911 39.723600 81.669089
348 1175.331548 637.541427 39.463987 82.458573
349 1175.447461 637.446763 39.248154 82.553237
350 1183.767037 640.302174 39.196416 79.697826
351 1184.451602 640.422103 39.402822 79.577897
352 1184.973979 640.572669 39.412270 79.427331
353 1191.589134 641.896674 39.923603 78.103326
354 1195.394159 642.727075 40.368580 77.272925
355 1195.068096 642.398891 40.524449 77.601109
356 1201.793076 643.230719 40.939238 76.769281
357 1204.472801 644.149225 40.961875 75.850775
358 1205.769614 643.952837 40.844696 76.047163
359 1217.089418 644.111615 41.424660 75.888385
360 1216.934781 643.900438 41.371389 76.099562
361 1216.872620 643.910810 41.370878 76.089190
362 1224.854053 643.206745 40.445088 76.793255
363 1228.612834 642.808911 39.291069 77.191089
364 1228.702056 642.723977 39.362525 77.276023
365 1235.131161 644.377491 38.469972 75.622509
366 1241.247845 645.314939 37.720425 74.685061
367 1241.410572 645.457743 37.964492 74.542257
368 1242.619395 644.491157 37.380605 75.508843
369 1246.165678 642.573502 33.834322 76.702081
370 1248.657247 642.332830 31.342753 77.156900
371 1247.639030 640.788627 30.932853 77.516848
372 1246.007133 641.758478 31.324606 73.787621
373 1244.419532 646.427702 31.810614 71.557997
374 1246.227735 649.492648 32.642847 66.688814
375 1248.251119 652.778125 31.748881 64.442811
376 1249.406600 653.810399 30.593400 63.047819
377 1249.518821 653.384058 30.481179 62.428766
378 1249.311689 655.119689 30.688311 60.548019
379 1249.375370 653.474090 30.624630 59.160871
380 1247.991388 655.777946 31.700160 58.453806
381 1247.694053 654.093290 32.215907 57.228240
382 1246.409943 654.712492 33.402829 56.190921
383 1245.154511 652.908727 34.336026 55.285082
384 1244.686634 654.480989 35.313366 54.282005
385 1243.177308 654.091068 36.253366 53.950130
386 1241.659798 652.853061 37.833570 52.969996
387 1241.621384 651.613085 38.378616 51.905284
388 1239.806422 653.843258 40.193578 51.157175
389 1239.391908 651.344090 40.608092 50.690116
390 1236.551347 650.301679 42.862295 50.814864
391 1234.896715 651.984310 45.103285 50.255279
392 1232.261908 653.872321 47.738092 50.396322
393 1229.732662 652.615122 50.177200 49.799818
394 1226.989165 654.968664 53.010835 49.604120
395 1223.997484 651.416692 56.002516 49.241741
396 1220.251187 657.438888 59.748813 48.793148
397 1215.278544 647.474484 63.084741 48.749430
398 1214.345803 657.573152 65.654197 47.166860
399 1211.582881 647.906266 68.417119 47.110602
400 1209.062208 659.401296 70.937792 46.620754
401 1205.649110 648.285910 74.350890 46.552184
402 1200.645738 650.971158 79.354262 46.373854
403 1195.418396 648.370043 84.581604 45.860138
404 1186.721362 648.653127 91.918430 45.935813
405 1182.357544 647.134714 97.642456 45.761217
406 1176.536174 656.089144 103.463826 45.734318
407 1174.315996 653.731310 105.684004 44.877026
408 1170.629020 657.979157 109.370980 44.812415
409 1168.626109 652.360516 111.373891 44.455110
410 1163.750406 659.340230 116.249594 43.776956
411 1157.867739 654.578827 120.797461 43.651303
412 1155.026972 657.533027 124.973028 43.516002
413 1150.648239 657.594190 129.351761 43.102601
414 1140.315945 655.281707 136.376736 42.702286
415 1138.057174 662.246835 141.942826 43.119387
416 1125.804978 658.198649 147.371551 42.546338
417 1117.155503 660.451322 155.497072 42.112675
418 1108.467928 661.216247 159.806838 41.693272
419 1096.957957 662.637767 168.143265 40.593641
420 1063.961871 665.770535 176.269452 39.508240
421 1061.625336 666.067095 180.442061 38.281870
422 1037.079707 670.638284 189.520085 35.973652
423 979.912888 672.066476 200.200100 33.147554
424 860.949231 672.958560 216.298599 31.295729
425 768.860331 672.640517 227.714310 31.233663
426 763.332530 672.753530 226.963931 31.036106
427 761.058713 672.765867 226.503559 31.194741
428 760.839057 672.695513 226.300031 31.249956
429 761.799431 672.846373 226.265211 31.150629
430 760.871080 672.862120 226.168677 31.344943
431 761.888836 672.717532 225.608916 31.323173
432 760.342806 672.373831 225.578746 31.384106
433 759.735301 672.239706 225.460377 31.522161
434 759.110651 671.944008 224.917689 31.957442
435 758.810190 671.938110 224.886693 31.977348
436 758.572058 671.929326 224.924641 31.975462
437 758.021422 671.881808 225.006148 31.957758
438 757.547769 671.853362 225.462172 31.968301
439 756.150587 671.716081 225.325667 31.979431
440 755.085744 671.596998 225.327430 31.968619
441 755.583577 671.364622 224.989549 31.969780
442 755.541263 671.035637 224.515153 31.971356
443 754.995203 670.618096 224.351270 31.976929
444 757.258536 670.653230 224.144498 31.934232
445 757.555337 670.692746 224.557347 31.909000
446 759.273787 670.847391 225.068300 31.848189
447 759.426293 671.087957 225.727236 31.872324
448 759.210412 671.123812 225.967606 31.974156
449 758.578875 671.044805 225.928875 31.974025
450 758.278060 670.834185 225.723496 31.983122
451 757.049838 670.982939 226.751199 31.812898
452 755.515375 670.482945 226.868973 31.985025
453 754.984995 670.312222 227.667161 31.852084
454 753.153564 670.272686 228.623644 31.866570
455 753.866744 669.853011 229.397483 31.889516
456 751.897137 669.664317 229.483508 31.967477
457 751.244444 669.204803 229.413394 31.985574
458 750.391329 668.821453 229.633838 31.945354
459 751.026250 667.688190 232.671108 31.661169
460 751.523638 665.345693 234.696644 31.763673
461 750.969258 664.173620 238.679663 31.575185
462 745.595582 661.350112 245.612014 31.388800
463 735.703403 657.192266 254.570608 30.603611
464 720.185666 653.387674 264.197707 30.236964
465 711.679827 652.594856 269.047632 29.953863
466 702.738663 652.654884 276.012586 29.336992
467 694.608798 653.220234 284.983347 28.903077
468 689.603948 653.325682 288.232035 28.730929
469 681.891038 653.623327 293.276138 28.614515
470 669.783547 653.397820 302.297266 28.504666
471 659.793080 652.568909 311.221812 28.624631
472 631.437129 651.566413 328.270274 28.423751
473 577.412294 649.177937 368.104070 28.139162
474 546.314946 646.641203 396.426375 29.039651
475 536.456804 645.831244 408.797642 30.064646
476 525.213823 644.539491 419.871376 31.155756
477 521.025488 644.433928 422.681196 31.720081
478 517.144877 644.181349 427.284919 32.313589
