2 347.010355 349.372123 44.938897 61.932856
3 347.058732 348.416310 44.992239 63.925603
4 347.109231 347.706841 44.983847 65.470679
5 347.144776 347.448810 44.999363 65.974305
6 347.172754 347.034527 44.965728 66.608261
7 347.427181 346.479722 44.725758 68.012432
8 347.629184 345.469678 45.084309 70.038248
9 347.859493 345.427507 45.503042 70.675834
10 348.396863 344.030273 45.929919 72.179060
11 348.444632 344.122068 45.999835 72.551680
12 348.817002 343.278817 45.791910 73.654958
13 349.297117 342.866220 45.809216 74.431667
14 349.516211 342.614155 45.915710 74.656304
15 349.733310 341.748139 45.824116 75.712223
16 350.063492 340.691155 45.870700 76.537100
17 350.357018 340.437544 45.961288 77.060736
18 351.062560 340.133126 45.659572 77.496423
19 351.340602 340.040768 45.941788 77.492897
20 352.778989 337.825124 45.898551 77.403869
21 352.914501 337.824963 45.977304 77.483644
22 352.968573 337.803241 45.980123 77.506449
23 353.351850 337.755152 46.037096 77.991516
24 353.823586 337.527371 46.398452 78.046547
25 355.506997 336.686417 45.903947 78.629514
26 355.850099 336.526986 45.911920 79.114299
27 356.134202 336.541155 45.950777 79.530232
28 357.095011 336.015430 45.780802 80.048923
29 358.191439 335.810726 45.666710 80.531726
30 360.019069 335.297589 45.311452 81.108313
31 360.283800 335.400458 45.386677 81.490113
32 360.552450 335.292153 45.395655 81.505639
33 361.052603 335.338141 45.286294 81.902151
34 361.328211 335.326687 45.393453 81.969236
35 362.561307 335.227840 44.947698 81.584470
36 362.691318 335.417056 44.948197 81.945963
37 362.855993 335.425029 44.926553 81.903926
38 362.999758 335.507259 44.936380 81.912504
39 363.472532 335.607676 44.863739 81.725666
40 364.683796 334.503839 44.655229 80.341972
41 364.960247 334.542571 44.941588 80.432518
42 365.463212 334.380393 44.791569 80.184887
43 365.840209 334.213816 44.991711 80.031276
44 367.228817 333.798662 44.659649 79.477156
45 368.438091 333.290290 44.635647 79.249394
46 368.620287 333.415581 44.999067 79.498541
47 368.620773 333.416300 44.999067 79.498541
48 368.626321 333.412473 44.997854 79.486891
49 368.776662 333.203225 44.945158 79.194173
50 369.437707 333.007570 44.792882 79.255664
51 369.563957 333.120185 44.989115 79.488878
52 369.589111 333.117156 44.988679 79.486959
53 369.673208 333.051635 45.014626 79.339101
54 370.704865 332.774997 45.570638 79.052122
55 372.232050 330.357802 46.154252 77.288771
56 373.492667 327.929993 45.829462 75.162438
57 373.894960 327.781333 45.840751 75.433358
58 374.476968 327.583782 45.897597 75.337703
59 374.646706 327.563515 45.941858 75.459880
60 376.057180 326.903419 45.706742 75.547277
61 376.253775 327.082372 45.970788 75.995448
62 376.392430 326.769892 45.964256 75.857817
63 376.620591 326.557981 45.918665 75.981764
64 376.856912 326.384795 45.952457 76.014746
65 377.753326 325.703364 46.010182 76.479029
66 378.374882 324.860231 46.387264 76.345227
67 378.631764 324.693933 46.446514 76.381756
68 379.548772 323.139682 46.394874 76.237577
69 379.712433 323.131872 46.467248 76.508985
70 380.807806 321.803782 46.420772 76.677193
71 380.978619 321.743055 46.522441 76.830873
72 381.694973 320.825552 46.862858 76.449106
73 382.055615 320.287125 46.939267 75.983467
74 382.111909 320.271637 46.994000 75.971686
75 382.761277 319.195307 47.005072 75.536140
76 383.102520 319.308397 47.472653 75.917602
77 383.613213 318.690821 47.489330 75.615929
78 383.643090 318.866567 47.503377 75.986196
79 384.173660 318.637933 48.032362 75.878576
80 385.551629 317.242403 48.522541 75.109306
81 385.796688 317.407379 49.008498 75.464287
82 386.078673 317.293252 49.517710 75.368347
83 386.382498 316.484573 50.081482 74.721906
84 386.633038 316.096033 50.545943 74.387033
85 387.218201 314.209969 50.972595 73.098233
86 387.206091 313.340010 51.069863 72.696164
87 387.580936 312.742979 51.372463 72.267550
88 387.707580 312.578621 51.463317 72.151963
89 387.729898 312.640804 51.494453 72.494268
90 387.749068 312.632617 51.491791 72.504297
91 387.766562 312.828941 51.495609 72.987305
92 387.940993 312.265087 51.421105 72.989439
93 388.006378 312.244686 51.490668 72.993609
94 388.455090 311.685867 51.401570 73.055159
95 389.222225 307.766784 51.262962 73.679359
96 389.375207 307.678240 51.497382 73.895921
97 389.470192 306.904249 51.497451 73.909929
98 389.614939 304.523475 51.469918 74.038342
99 389.784886 303.150233 51.486798 74.450568
100 390.260182 300.447015 51.463712 74.071580
101 390.668357 297.860100 51.349209 74.707292
102 390.820373 297.449481 51.474154 74.942783
103 390.988396 296.606601 51.389967 74.988284
104 391.043435 296.612448 51.498932 74.998623
105 391.043991 296.613126 51.498932 74.998623
106 391.048638 296.609937 51.496550 74.995966
107 391.058298 296.607198 51.495391 74.993956
108 391.060625 296.610209 51.498932 74.998623
109 391.088916 296.603151 51.493274 74.984150
110 391.214210 296.463151 51.507696 74.747411
111 391.480687 296.578044 51.996184 74.964359
112 391.549493 296.543444 52.001825 74.903920
113 391.874401 296.559655 52.480436 74.926457
114 391.923208 296.573652 52.493263 74.962413
115 392.032518 296.559040 52.472325 74.808837
116 392.401534 296.556556 52.407827 74.769062
117 392.486919 296.640168 52.490217 74.922810
118 392.500552 296.673602 52.495739 74.987200
119 392.543270 296.653233 52.491501 74.984676
120 392.843286 296.561146 52.504216 74.820206
121 393.455211 296.468123 52.837767 74.907711
122 393.602979 296.365019 52.972026 75.014395
123 393.793347 296.445637 52.967742 75.517281
124 393.984414 296.469113 52.904337 76.012050
125 394.451049 296.824795 52.955207 76.220254
126 396.028047 297.317476 52.656192 75.613846
127 397.215569 298.571287 53.120926 73.978213
128 398.362075 298.828914 52.684606 72.909064
129 400.672902 298.508897 51.045213 71.701895
130 401.805011 298.685010 50.628564 71.376100
131 402.664720 298.728972 50.003631 70.031134
132 404.678034 297.803416 49.039736 68.639500
133 406.098516 295.387082 48.256580 67.920786
134 407.695405 292.132284 47.620100 66.536300
135 409.380283 287.738213 46.778334 64.433984
136 409.576140 287.410454 46.842740 63.641317
137 409.794666 287.000186 46.719522 63.472488
138 409.942509 286.981846 46.995493 63.462484
139 409.974653 286.743810 46.960437 63.328120
140 410.012036 286.495613 46.936128 62.979507
141 410.061709 286.209387 46.832641 62.196765
142 410.137378 286.250501 47.002654 62.214485
143 410.397200 286.209917 47.487361 62.255767
144 410.400604 286.055358 47.489597 62.284556
145 410.545917 284.772438 47.407738 62.028098
146 410.589321 284.904597 47.495937 62.525252
147 410.602702 284.835898 47.483953 63.150516
148 410.710031 283.411679 47.492403 63.788624
149 410.717707 283.470648 47.498179 64.015158
150 410.774271 282.182158 47.428755 65.428044
151 410.940961 280.435819 47.283706 64.886028
152 411.046496 280.480178 47.500745 64.977926
153 411.293862 280.053220 47.907147 64.722067
154 411.256211 279.180219 47.972543 64.207919
155 411.205532 278.056815 47.948575 63.403989
156 411.231265 278.104812 47.999004 63.498834
157 411.235372 278.090794 47.995841 63.466033
158 411.233350 278.027129 48.003630 63.383368
159 411.512474 277.659287 48.439579 63.037640
160 411.587143 277.212898 48.461693 63.522467
161 411.605709 277.343288 48.492960 63.982022
162 411.609256 277.339813 48.497757 64.001941
163 411.610744 277.571610 48.497493 64.502833
164 411.602050 277.507758 48.461270 65.125465
165 411.588726 277.460501 48.498046 65.370612
166 411.589079 277.522318 48.500069 65.489802
167 411.752476 277.034316 49.007743 65.078810
168 411.840197 276.341930 49.490275 64.892781
169 411.595845 275.451902 49.524581 63.804198
170 411.827361 275.127113 49.823947 61.203323
171 411.889121 275.183384 49.930198 60.812883
172 411.898082 275.094953 49.987726 60.540026
173 411.890078 275.112029 49.891865 60.111611
174 411.940035 274.737368 49.778237 59.894375
175 412.065853 274.708988 49.972928 59.911735
176 412.072983 274.338833 49.954169 59.605276
177 412.289800 273.729427 49.749327 59.557165
178 412.447232 273.685954 49.960928 59.784376
179 412.591986 273.666387 49.954829 59.791998
180 413.444235 272.813708 49.995208 59.127514
181 413.917693 271.945444 49.881563 58.076013
182 414.196843 271.364384 49.904470 57.622558
183 414.437627 271.015829 49.941621 57.052827
184 414.491767 270.899453 50.099227 56.901769
185 415.215054 270.367857 51.047886 54.809722
186 415.442368 270.454105 51.503232 54.965602
187 415.702587 270.407672 52.007158 54.841246
188 415.947899 270.473073 52.504939 54.969455
189 416.198280 269.951979 52.959787 54.805830
190 416.324875 269.964786 52.992600 54.846947
191 416.332974 270.024990 52.999204 55.003289
192 416.345306 270.257210 52.996876 55.481483
193 416.630032 270.192585 52.971970 55.373548
194 416.862671 269.963252 53.078165 54.988384
195 417.106275 269.956065 53.513503 54.990876
196 417.490830 269.731590 53.997451 54.829877
197 417.740585 269.318884 54.097595 54.450163
198 418.051460 268.916989 54.883910 53.709984
199 418.274598 268.838504 55.501185 53.370911
200 418.566274 268.867076 56.035998 53.401296
201 418.798299 268.916420 56.498828 53.499018
202 418.809500 268.915927 56.492629 53.494061
203 418.813422 268.918876 56.498982 53.499015
204 418.813956 268.919360 56.498828 53.499018
205 419.192957 268.352698 56.312718 53.228486
206 419.312335 268.465276 56.483364 53.466856
207 419.532915 268.284545 56.370280 53.378546
208 419.950763 267.885705 56.360571 53.010734
209 420.474872 267.510141 56.190178 52.987748
210 420.984077 266.966711 56.204529 52.614291
211 421.233171 267.025572 56.471356 52.889171
212 421.294226 267.001604 56.490549 52.924094
213 421.346662 267.097079 56.416442 52.845538
214 421.403549 267.352912 56.345287 52.220840
215 422.139553 267.187871 56.048208 50.863588
216 422.596436 267.651049 56.090640 50.020616
217 422.985750 268.052927 56.217774 50.134649
218 423.527715 268.403931 55.947076 49.530983
219 423.898527 268.514726 55.486616 49.507968
220 424.339434 268.202237 54.747756 49.204278
221 424.703925 268.021295 54.423688 48.507369
222 424.974395 267.968045 54.000388 48.098281
223 425.424727 268.023473 54.050908 48.041994
224 425.710926 268.081915 54.095575 48.062350
225 425.757560 265.023990 53.561576 47.688994
226 426.057957 264.639361 53.381568 46.815818
227 426.168592 264.139705 52.917803 45.719898
228 426.371858 263.517339 52.408763 44.683302
229 426.424664 263.414765 52.313409 44.456574
230 426.438554 262.246573 52.142002 43.869149
231 426.592437 262.309623 52.450130 43.922740
232 426.596178 262.353357 52.443749 43.959757
233 426.613389 262.367881 52.468988 43.988163
234 426.597825 262.363494 52.447421 43.984449
235 426.599274 262.005133 52.186658 43.908112
236 426.971407 260.658317 51.899375 43.989684
237 427.016182 260.617047 51.902402 43.984392
238 427.095611 260.343464 51.712359 43.981264
239 427.363089 259.940244 51.582029 44.059292
240 428.047291 258.266811 51.175191 44.680803
241 428.290672 257.642007 51.222153 45.185197
242 428.428417 257.050319 51.214656 45.632387
243 428.476986 256.485274 51.378604 46.181975
244 428.347612 255.556135 51.390858 46.775159
245 428.705193 253.844314 51.447507 47.190445
246 428.743443 253.215514 51.706123 47.577326
247 428.868477 251.048347 52.417542 48.096822
248 428.867018 250.958003 52.723373 48.490400
249 428.947276 250.937638 53.094594 48.488559
250 428.477851 249.997293 54.407245 48.449568
251 428.213302 249.927475 55.153615 48.423513
252 428.011393 249.905053 55.929984 48.417147
253 427.600444 249.390923 56.676590 48.609486
254 427.046741 248.988407 57.522432 49.279182
255 426.858032 246.794349 58.538971 50.511178
256 426.472408 245.525699 59.263559 51.741516
257 425.838921 243.227920 59.853266 52.971107
258 427.243833 239.697047 60.268825 54.059569
259 426.944953 237.353775 60.650163 54.462599
260 426.634737 235.257985 61.366488 54.272237
261 426.652988 235.214704 61.511449 54.473300
262 426.872126 235.013924 61.972863 54.512508
263 426.886637 235.177158 61.995681 55.015864
264 427.928660 234.483340 62.201951 55.400697
265 432.167794 234.176189 63.049331 55.386306
266 435.367619 233.982479 63.508357 55.315238
267 436.964021 233.714898 63.984558 55.494710
268 438.431285 233.319872 63.954568 55.525602
269 438.453774 233.556542 63.998834 55.999055
270 438.478335 232.796066 64.227951 56.049195
271 439.678539 232.714712 64.641936 56.570670
272 440.283174 232.342855 65.257942 56.810731
273 441.096822 232.079522 65.804770 56.896141
274 441.647154 231.455081 66.425658 56.805646
275 442.026228 231.463788 66.666238 56.894010
276 442.188969 231.511016 67.014166 56.977805
277 442.490755 231.510448 67.591603 56.920896
278 442.715112 231.540693 68.058225 56.962535
279 442.936267 231.559504 68.499360 56.998807
280 442.946488 231.562705 68.510534 56.995896
281 443.191250 231.564749 68.998569 56.998954
282 443.191996 231.565264 68.998569 56.998954
283 443.193952 231.566374 68.999451 56.998554
284 443.194256 231.567089 68.998569 56.998954
285 443.195001 231.567604 68.998569 56.998954
286 443.195746 231.568119 68.998569 56.998954
287 443.207471 231.551120 68.946120 56.969768
288 443.260686 231.540089 68.908474 56.960916
289 443.344217 231.572751 68.928251 56.960103
290 443.515157 231.653247 68.792466 56.906396
291 443.653454 231.718543 68.931383 56.952425
292 444.004610 231.835755 69.084298 56.859201
293 445.860078 232.919393 69.621147 56.791450
294 447.009410 233.489933 69.590795 56.703396
295 451.312794 236.211866 68.946134 55.987795
296 453.987589 237.227252 68.456397 55.597112
297 456.760826 238.300142 67.315856 55.492269
298 458.513565 238.897463 66.170688 55.201618
299 461.529913 241.180997 64.760062 55.466935
300 466.752052 246.699734 63.877636 55.017923
