2 442.341588 219.510507 23.140681 60.434052
3 442.751170 219.198922 22.929409 60.559016
4 442.819425 219.303595 22.665006 61.169589
5 442.990653 219.330803 22.753908 61.571481
6 443.157395 219.249054 22.721462 61.927187
7 443.355171 218.916379 22.712889 61.904207
8 443.504362 218.851732 22.851042 62.038764
9 443.318157 218.669817 22.606606 62.739417
10 443.208082 218.052908 22.494801 63.379339
11 443.220267 218.094341 22.469484 63.475822
12 443.570455 218.012177 22.111697 63.316684
13 443.781790 218.072033 22.400610 63.470778
14 443.833971 218.081118 22.470673 63.468773
15 443.855832 218.092859 22.447204 63.459284
16 443.889823 218.101160 22.456191 63.470544
17 443.948010 218.097733 22.412558 63.444498
18 444.013657 218.094299 22.455868 63.472104
19 444.218098 218.056733 22.269583 63.396473
20 444.330448 218.094935 22.489456 63.490005
21 444.332703 218.085910 22.491029 63.491858
22 444.333858 218.075447 22.491976 63.493090
23 444.339315 218.079916 22.470606 63.472388
24 444.386176 218.109422 22.410405 63.463129
25 444.770037 218.239406 21.980267 63.600484
26 444.889108 218.447721 21.926120 64.008051
27 445.257413 218.612653 21.881236 64.542745
28 445.317845 218.813643 21.984501 64.997331
29 445.345970 218.756906 21.962650 65.005027
30 445.575320 218.679678 21.871027 65.557612
31 445.867925 218.785907 21.893812 65.984013
32 446.232394 218.610540 21.882799 66.051679
33 446.290497 218.806574 21.990233 66.495504
34 446.366172 218.584479 21.936955 66.596179
35 446.559449 218.222624 21.910612 67.063995
36 446.818629 218.154154 21.913050 67.569504
37 446.967791 218.023237 21.947894 68.051423
38 447.173651 218.003890 21.955664 68.475320
39 447.201072 217.988424 21.985435 68.491674
40 447.211985 217.968517 21.987761 68.489871
41 447.297436 217.863927 21.962843 68.483293
42 447.321163 217.851004 21.993435 68.489241
43 447.327365 217.836743 21.994053 68.494274
44 447.404435 217.723165 22.016098 68.505641
45 447.705894 217.823448 22.510580 68.994028
46 447.949438 217.802981 22.990543 68.994861
47 447.951316 217.787274 22.991791 68.992778
48 447.952286 217.774049 22.991836 68.992640
49 448.000134 217.685206 23.001623 69.027489
50 448.304030 217.786229 23.481460 69.529554
51 449.362722 215.970083 23.277722 70.073914
52 449.470382 216.166990 23.491619 70.492329
53 449.471093 216.154690 23.491619 70.492329
54 449.471804 216.142390 23.491619 70.492329
55 449.511577 216.130237 23.499050 70.508512
56 449.650582 216.247283 23.481084 71.103550
57 450.432954 215.496424 23.425809 71.960567
58 450.466570 215.499660 23.491619 71.992165
59 450.515224 215.445797 23.502051 72.021856
60 450.760646 215.668275 23.991441 72.492111
61 450.778965 215.627872 24.002499 72.510703
62 451.031958 215.837227 24.491035 72.996202
63 451.043854 215.792729 24.497986 73.003951
64 451.263474 215.590789 24.514241 73.677190
65 451.510739 215.702243 24.983543 74.011023
66 451.543298 215.794311 24.968264 74.539524
67 451.578660 215.945817 24.980780 74.998695
68 451.679979 215.616597 24.979409 75.058933
69 452.046588 214.554008 25.014552 75.539245
70 452.508507 214.132902 25.439329 76.108222
71 453.251934 212.740559 25.394276 76.735641
72 453.329318 212.820744 25.486728 76.998425
73 453.344560 212.789812 25.491158 76.992690
74 453.430518 212.680127 25.487436 77.018222
75 453.677335 212.626885 25.510984 77.519808
76 453.954890 212.777208 26.004271 78.014576
77 454.315550 212.689779 26.504347 78.471447
78 454.559379 212.686089 26.990371 78.491458
79 454.560196 212.672392 26.990371 78.491458
80 454.631492 212.452956 26.964690 78.498076
81 454.832381 212.065478 26.969279 78.494022
82 454.923518 211.971467 26.990641 78.526240
83 455.721551 211.487246 26.981221 79.036363
84 455.761138 211.647834 26.993196 79.498878
85 456.064396 211.293708 26.981063 79.486148
86 456.759006 210.543706 26.965933 79.530251
87 456.817999 210.682042 26.994336 79.992199
88 456.971852 210.434539 27.012257 80.016899
89 457.640254 209.866576 27.461100 80.549882
90 458.109651 209.605863 27.523742 81.024433
91 458.751967 208.355857 27.858068 81.725242
92 458.818788 208.474468 27.990014 81.991077
93 458.819635 208.460161 27.990014 81.991077
94 458.835346 208.432696 27.988571 82.002890
95 458.921530 208.526134 28.022049 82.565645
96 459.410779 208.258570 28.502106 83.078549
97 459.655432 208.450184 28.989658 83.490914
98 459.665677 208.420597 28.988466 83.495485
99 459.683642 208.383237 28.987644 83.499459
100 460.042541 208.022649 28.946760 83.789701
101 461.327221 206.097521 28.846513 85.329920
102 461.421927 206.150696 28.985397 85.507069
103 461.650018 206.149067 28.943222 86.201558
104 462.041937 205.751966 28.916343 86.801218
105 462.710833 205.295688 28.879025 87.423556
106 462.905537 205.225614 28.942357 87.597023
107 463.675803 204.753651 28.882440 88.433389
108 464.123098 204.539706 28.851245 88.711127
109 464.747580 204.227712 28.865082 89.271169
110 465.422012 203.922554 28.776458 89.829449
111 465.744053 203.797188 28.814402 90.123420
112 466.373320 203.465307 28.634834 90.898667
113 466.767614 203.312850 28.853771 91.123776
114 467.297152 203.134835 28.743687 91.737364
115 468.012001 202.581314 28.813108 92.338283
116 468.159124 202.503188 28.898773 92.608817
117 468.372755 202.481511 28.885127 93.059583
118 468.617035 202.516106 28.853845 93.616525
119 468.753686 202.534254 28.933219 94.062070
120 468.815952 202.670036 28.963261 94.502010
121 469.044698 202.479929 28.890191 95.121398
122 469.245044 202.403325 28.956525 95.605730
123 469.825349 201.738903 28.922082 96.182794
124 469.898212 201.768586 28.962957 96.514104
125 470.385081 200.773114 28.931644 97.258084
126 470.745919 200.244231 28.985298 97.632761
127 470.783709 200.337017 28.987391 98.016589
128 470.896191 200.253649 29.001711 98.578245
129 471.271869 200.199540 29.497284 99.079737
130 471.508154 199.779593 29.488500 99.604024
131 471.600200 199.769093 29.485109 100.041003
132 471.728095 199.549365 29.507747 100.584846
133 472.441116 198.463898 30.061662 101.193191
134 472.655769 198.594071 30.489123 101.488955
135 472.666461 198.559539 30.490299 101.502517
136 472.746679 198.595487 30.513406 102.100645
137 473.160970 198.423429 31.000757 102.584374
138 473.522053 198.201026 31.480274 103.062282
139 473.789801 197.682295 31.507787 103.665405
140 474.032551 197.266749 31.974982 104.169066
141 474.091702 196.679133 31.967513 104.725747
142 474.198624 196.551575 31.993025 105.177215
143 474.424787 196.264160 32.032176 106.050899
144 474.769797 196.290234 32.504220 106.646281
145 475.164965 196.181909 32.994066 107.233398
146 475.273275 196.050513 33.016765 107.756249
147 475.556787 195.974295 33.489122 108.156874
148 475.730509 195.638030 33.521389 109.170002
149 476.110599 195.517858 33.972061 109.722984
150 476.119534 195.631190 33.987875 109.988030
151 476.120563 195.611997 33.987875 109.988030
152 476.121592 195.592805 33.987875 109.988030
153 476.123679 195.575040 33.987714 109.989520
154 476.125587 195.556178 33.987756 109.989158
155 476.172323 195.507253 34.012725 110.086803
156 476.506294 195.611927 34.509421 110.592799
157 476.816142 195.722389 34.969841 111.047186
158 477.067931 195.697346 34.916215 111.680556
159 477.260296 195.723415 34.978549 112.108948
160 477.561427 195.588820 34.942350 112.753528
161 477.718419 195.300932 34.993802 113.389183
162 477.756966 195.070635 35.000541 113.787448
163 478.261277 194.289923 35.562147 115.085411
164 478.558941 193.817723 36.060596 116.518854
165 478.909287 193.723115 36.485542 117.400187
166 479.691901 192.463415 36.366975 118.919288
167 479.865904 192.212886 36.455340 119.272931
168 480.135767 191.980060 36.432510 119.883535
169 480.684706 191.557573 36.464879 120.486191
170 480.708323 191.524187 36.481875 120.509802
171 480.711981 191.741591 36.486983 120.986833
172 480.713091 191.718247 36.487100 120.990266
173 480.705144 191.456137 36.492673 121.331598
174 480.663316 191.320698 36.513784 121.816972
175 480.676449 190.542415 37.138623 123.059816
176 479.888774 187.350874 37.725027 126.362407
177 479.894525 187.010364 37.966448 127.038838
178 479.803881 186.646711 38.137524 128.507992
179 479.759902 186.050426 38.695194 130.184924
180 479.886162 186.160235 39.003433 130.527977
181 479.961583 186.110473 39.562199 131.275505
182 479.949290 185.774637 40.002625 131.889443
183 480.188474 185.784326 40.485352 132.000661
184 480.189802 186.003669 40.485557 132.485582
185 480.191027 185.980551 40.485557 132.485582
186 480.192253 185.957433 40.485557 132.485582
187 480.193478 185.934315 40.485557 132.485582
188 480.194703 185.911197 40.485557 132.485582
189 480.195929 185.888079 40.485557 132.485582
190 480.199153 185.863186 40.489811 132.499084
191 480.232058 185.817509 40.496182 132.597741
192 480.277303 185.959202 40.505291 133.116654
193 480.525506 186.116329 40.989329 133.509326
194 480.571938 186.306709 41.002008 134.108860
195 480.914677 186.296374 41.516658 134.901168
196 481.257660 186.233337 41.998500 135.245847
197 481.362156 186.237439 42.016432 135.767485
198 481.788406 185.956445 42.543421 136.688984
199 482.289915 185.615784 43.051691 137.852500
200 482.767391 185.346592 43.529054 138.593232
201 483.083046 185.219065 43.991371 139.355846
202 483.186034 185.093887 44.011628 139.785126
203 483.458280 185.068257 44.488512 140.177861
204 483.656547 184.940622 44.523579 141.138234
205 484.430015 183.822667 44.955484 143.197344
206 484.603599 183.763995 45.001410 143.854803
207 484.853358 183.789559 45.478794 144.012318
208 485.121404 183.656080 45.475668 145.043128
209 486.187864 181.729544 45.522436 147.584357
210 486.490541 181.813894 45.972569 148.135159
211 486.535779 181.939113 45.994742 148.558263
212 487.168933 181.619443 45.985085 149.759554
213 487.420017 181.476216 46.056420 150.433996
214 487.819399 181.308272 46.523783 150.723940
215 488.337022 181.233175 46.968696 151.255522
216 489.125552 180.705991 47.011806 152.194704
217 489.630418 180.637453 47.437045 152.723701
218 490.295946 180.287184 47.502467 153.515734
219 490.747689 180.221919 48.031929 154.202021
220 491.136497 180.203011 48.522040 154.703303
221 491.426448 180.294383 49.003502 155.084087
222 492.916984 179.479910 49.381643 156.967452
223 493.333311 179.237636 49.479899 157.443371
224 494.264549 178.696633 49.487389 158.681517
225 495.209993 178.394891 49.446024 159.897326
226 496.405276 177.755928 49.380727 161.011589
227 497.415978 177.640393 49.538386 162.271370
228 497.825832 177.633303 49.977894 162.703292
229 498.353910 177.537656 49.998870 163.541110
230 499.003780 177.452943 50.065417 164.589567
231 500.008157 177.284383 50.506913 165.711117
232 500.880459 177.233470 51.007767 166.645414
233 501.361822 177.272419 51.482108 167.294662
234 501.622106 177.281984 51.577144 167.907378
235 502.496455 177.014461 52.021976 168.787019
236 503.370969 176.938014 52.584780 169.787393
237 504.391846 176.593692 52.958864 170.919166
238 505.179155 176.348600 53.135761 171.868938
239 506.133787 176.050981 53.463035 173.022477
240 506.718321 175.965097 53.527360 174.439786
241 507.204138 175.960306 54.058175 175.062836
242 507.623783 176.065780 54.535546 175.933705
243 508.082414 176.017001 55.040142 176.493855
244 508.843416 175.848653 55.568728 178.011360
245 509.134178 176.046491 55.981612 178.758964
246 509.649602 175.973418 56.104112 180.193375
247 510.451546 175.862567 56.639526 181.472443
248 510.702915 175.842965 57.014457 181.791703
249 511.173676 175.802192 57.532257 182.692461
250 512.652967 175.553417 57.989712 184.466625
251 513.676290 175.158498 57.963789 185.701811
252 514.670729 174.885579 57.840601 187.020097
253 516.219210 174.537949 57.697446 188.753039
254 517.207839 174.086684 57.726532 190.021175
255 518.373209 173.799266 57.751893 191.401517
256 518.774755 173.678161 57.886423 191.742595
257 521.612844 173.391562 57.400945 193.481488
258 524.181709 172.563228 56.847366 194.402289
259 525.477634 172.453471 56.649094 194.994831
260 525.787548 172.365881 56.945225 195.046473
261 525.951435 172.612370 56.949367 195.696064
262 528.324797 172.536398 56.537956 197.354844
263 528.866018 172.339559 56.934451 197.625573
264 529.249577 172.422965 57.154438 198.163628
265 520.986680 186.779445 58.935888 197.753450
266 516.825286 228.256532 63.632923 201.787634
267 484.580327 306.293809 71.495062 173.706191
268 476.422796 328.385709 75.339313 151.614291
269 469.830017 339.127382 80.008312 139.933727
270 464.212946 344.100598 85.878507 134.253346
271 454.385459 345.925762 93.190637 131.708875
272 438.039868 344.332670 104.053399 130.022642
273 421.437195 340.256014 117.844896 128.899677
274 409.475723 337.908542 127.189595 129.835376
275 404.052867 337.593959 135.886758 130.961974
276 398.146012 336.735585 143.793798 134.393491
277 392.633829 335.899338 150.692919 136.942419
278 391.234673 335.211619 153.378895 137.619343
279 390.273789 335.073607 155.220283 138.339645
280 389.640787 334.886685 156.946364 138.806052
281 389.266464 334.821504 157.748238 139.136359
282 389.248264 334.733824 158.616148 139.643102
283 389.338103 334.594609 159.938593 140.171880
284 389.243440 334.481515 160.758484 140.635030
285 389.622109 334.186524 161.819920 141.069715
286 389.741790 334.078824 162.674379 141.598942
287 389.665496 334.037463 163.681185 142.154584
288 389.734300 334.025424 164.349810 142.582185
289 389.757342 334.015592 164.881170 143.096001
290 389.779763 333.992531 165.467741 143.586333
