74 469.788729 467.431849 56.754442 226.104659
75 468.965569 475.790834 56.735713 225.017953
76 466.951168 488.554179 56.760324 223.930485
77 466.845999 489.625350 56.766513 222.755069
78 465.905870 491.503444 56.764890 221.721410
79 465.637242 497.444448 56.740431 220.590630
80 465.555745 498.880162 56.756027 219.738516
81 465.831647 502.815275 56.739534 217.184725
82 465.267319 508.409272 56.741499 211.590728
83 466.691781 517.096144 56.718799 202.903856
84 466.847888 517.562460 56.766784 201.902118
85 467.252443 517.795962 56.763819 200.901217
86 467.645888 520.337899 56.749813 199.662101
87 467.792562 520.780391 56.765917 198.915415
88 467.953387 520.837458 56.772552 197.950102
89 468.145840 521.147178 56.765075 196.914336
90 468.665772 523.321448 56.738626 195.837935
91 468.817131 523.393247 56.773566 194.967266
92 469.011831 522.870450 56.774955 194.002169
93 469.205903 523.050095 56.774093 193.479909
94 469.353424 522.919552 56.776626 192.493698
95 469.370425 522.561982 56.774699 191.506710
96 469.561913 522.686276 56.775599 191.002203
97 469.925224 523.334090 56.764893 190.480713
98 469.998344 524.295865 56.757133 189.441080
99 469.444960 523.353369 56.769766 188.525623
100 469.241036 522.756377 56.768744 188.015171
101 468.987313 523.305601 56.759960 187.472089
102 468.981828 523.168191 56.772375 186.511087
103 469.314081 525.403023 56.743790 185.971699
104 467.116779 534.043888 56.788539 185.197331
105 466.996885 534.230745 56.779763 184.522237
106 467.001770 534.583776 56.775343 184.015399
107 466.486135 536.186686 56.757304 183.450599
108 465.758883 538.209965 56.757470 181.790035
109 465.538412 539.651782 56.766782 180.348218
110 461.957759 545.944712 56.766787 174.055288
111 456.788533 561.883003 56.797617 158.116997
112 448.366874 581.636424 56.819393 138.363576
113 444.012747 588.163499 56.754358 131.836501
114 444.402456 589.279702 56.764961 130.720298
115 443.900311 592.723768 56.737303 127.276232
116 442.361469 605.385248 56.719948 114.614752
117 441.971224 612.110583 56.742885 107.889417
118 442.221927 614.412152 56.771495 105.587848
119 441.880052 615.341721 56.766953 104.658279
120 442.289024 626.485843 56.669946 93.514157
121 442.685701 626.843152 56.776455 93.156848
122 442.824694 626.922853 56.778363 93.018031
123 443.326153 627.222801 56.771715 92.777199
124 443.541812 627.223842 56.779774 92.521969
125 443.750145 627.395026 56.778939 92.524639
126 444.527652 628.364360 56.760702 91.635640
127 445.221905 629.319376 56.765964 90.680624
128 447.761707 630.578019 56.729774 89.421981
129 448.361832 630.978668 56.758095 88.981778
130 450.594953 631.747067 56.766303 88.252933
131 450.698616 631.811445 56.783891 88.047092
132 450.789556 631.926238 56.779254 88.040390
133 448.039975 630.406541 56.774316 88.089718
134 443.839779 627.845546 56.782059 88.137050
135 439.719743 628.692808 56.770891 88.024755
136 437.426454 629.700337 56.772068 88.005685
137 435.320604 630.112429 56.772805 88.032423
138 435.034048 623.445322 56.745171 88.163032
139 437.022303 610.349092 56.751732 88.290124
140 439.335219 605.032791 56.701550 88.097981
141 441.944065 605.213655 56.725450 88.009399
142 446.777606 605.508616 56.755597 88.092972
143 452.038854 605.011001 56.753999 88.107328
144 460.955461 613.788928 56.689314 87.985674
145 461.463066 614.532061 56.780282 87.551014
146 465.332614 618.635088 56.722838 87.488261
147 465.453572 618.753280 56.784394 87.067901
148 465.659847 619.356471 56.766771 87.062382
149 465.259927 619.688468 56.772680 87.049764
150 462.818314 635.371695 56.688928 84.628305
151 463.748469 646.365533 56.686023 73.634467
152 466.951181 652.397927 56.703244 67.602073
153 467.268740 652.996767 56.769856 67.003233
154 467.688616 654.555212 56.758900 65.444788
155 467.345064 654.871500 56.758386 65.128500
156 466.785185 655.809000 56.748889 64.191000
157 466.933561 656.191731 56.760590 63.808269
158 467.908310 658.014653 56.720465 61.985347
159 468.127627 658.338391 56.758688 61.661609
160 468.402748 659.010102 56.750319 60.989898
161 469.599100 659.268806 56.760552 60.659225
162 471.652460 659.711132 56.757475 60.288868
163 474.444314 659.342593 56.766015 60.194845
164 475.557715 659.155870 56.774751 60.186034
165 476.040919 659.292907 56.777463 60.184644
166 475.554666 659.254215 56.783690 60.193861
167 474.442927 659.929419 56.759359 60.070581
168 473.655630 662.473305 56.733584 57.526695
169 470.192270 667.265051 56.686053 52.734949
170 467.579381 666.086544 56.766630 52.749872
171 464.126831 662.159907 56.755459 52.816745
172 457.463694 656.172931 56.741191 52.845053
173 455.214664 656.657342 56.619139 52.579314
174 455.712990 656.016515 56.691404 52.665563
175 459.345685 657.903248 56.657489 52.617394
176 457.841912 657.260297 56.734528 52.709815
177 465.102999 657.489928 56.686006 52.696936
178 465.183559 658.627224 56.734403 52.665551
