2 1163.095980 0.000000 43.829931 122.615728
3 1162.866879 0.000000 43.830393 121.036525
4 1164.530144 0.000000 43.811540 120.363018
5 1167.376017 0.000000 43.822597 114.386364
6 1167.310485 0.000000 43.821357 106.924005
7 1167.849241 0.000000 43.818033 93.763081
8 1167.350424 0.000000 43.825028 81.168896
9 1166.617320 0.000000 43.814546 75.157574
10 1166.353849 0.000000 43.814481 71.409045
11 1171.114336 0.161332 43.821810 71.210219
12 1171.240139 0.725792 43.830202 71.151707
13 1171.334685 0.614685 43.825939 71.141602
14 1171.433650 0.421105 43.823262 71.135288
15 1171.535549 0.000000 43.827947 67.503525
16 1171.404311 0.000000 43.824911 64.394107
17 1171.541496 0.067137 43.827542 64.171114
18 1171.971052 0.273365 43.828259 64.173482
19 1172.296830 0.189571 43.830433 64.174574
20 1174.546223 0.000000 43.845203 62.946470
21 1175.749807 0.000000 43.833918 61.821615
22 1177.412911 0.000000 43.855450 58.486447
23 1180.314478 0.000000 43.862741 54.358766
24 1180.667157 0.000000 43.841685 49.826025
25 1178.768822 0.000000 43.861050 41.446217
26 1175.901788 0.000000 43.835097 37.658711
27 1172.559834 0.000000 43.841987 33.563327
28 1168.630114 0.000000 43.861864 29.043571
29 1166.932224 0.000000 43.822689 27.347710
30 1165.529612 0.000000 43.827303 26.225386
31 1164.335807 0.000000 43.826316 25.775954
32 1163.470815 0.000000 43.830634 25.593258
33 1161.087999 0.000000 43.822374 25.290923
34 1156.631968 0.000000 43.807871 22.896793
35 1153.090362 0.000000 43.801207 21.517263
36 1148.470010 0.000000 43.797561 20.544500
37 1146.455134 0.150862 43.815824 20.887381
38 1143.435533 0.209045 43.816380 20.884623
39 1141.979700 0.180142 43.817102 20.887047
40 1140.588688 0.203897 43.820045 20.885065
41 1139.533892 0.382149 43.808458 20.879426
42 1137.320414 0.253003 43.824170 20.893384
43 1136.329891 0.235848 43.823520 20.889758
44 1134.891310 0.249459 43.820043 20.891664
45 1132.832544 0.183298 43.824982 20.895320
46 1131.458855 0.162406 43.824881 20.891402
47 1129.567068 0.000000 43.819873 20.867349
48 1128.966134 0.048751 43.817045 20.886635
49 1129.241357 0.113568 43.808487 20.888303
50 1130.163090 0.155330 43.800617 20.891473
51 1130.785980 0.244653 43.801706 20.891024
52 1131.311338 0.416814 43.788087 20.893341
53 1131.901643 0.579644 43.817339 20.905494
54 1130.022399 0.172877 43.761775 20.937664
55 1128.055440 0.000000 43.794881 20.589194
56 1125.078179 0.000000 43.847446 20.136894
57 1119.737931 0.000000 43.831258 20.293857
58 1111.870883 1.224878 43.838243 20.428111
59 1099.603362 2.029051 43.860892 20.412147
60 1100.187117 2.396814 43.801209 20.393757
61 1099.527891 2.547605 43.810014 20.396467
62 1097.691097 2.539200 43.799644 20.396707
63 1095.784706 1.850409 43.801005 20.407407
64 1094.766412 0.193101 43.800745 20.423233
65 1092.841550 0.000000 43.795149 18.731911
66 1091.181184 0.000000 43.789535 16.314977
67 1089.218302 0.000000 43.790326 14.730904
68 1086.752605 0.000000 43.791845 12.769155
69 1086.288986 0.000000 43.799774 12.163926
70 1085.977969 0.000000 43.808686 11.783845
71 1085.557604 0.000000 43.796891 11.633377
72 1085.671785 0.000000 43.794237 11.531907
73 1092.059104 0.000000 43.868041 11.722033
74 1099.866406 0.000000 43.918034 11.593884
75 1099.984925 0.274447 43.822032 11.939623
76 1099.969828 0.383565 43.815834 11.939459
77 1099.024786 0.573230 43.800623 11.935745
78 1098.345508 0.778060 43.789136 11.932840
79 1098.117932 0.825279 43.802885 11.936179
80 1097.724701 0.810017 43.818535 11.936996
81 1097.379494 0.818021 43.800997 11.932995
82 1096.816154 0.789180 43.818740 11.936609
83 1095.573477 0.765112 43.821231 11.937609
84 1094.151199 0.723176 43.821229 11.938491
85 1091.561590 0.709872 43.808556 11.936537
86 1088.798642 1.050814 43.743453 11.917399
87 1088.910475 1.060885 43.723108 11.929729
88 1086.445120 0.948841 43.793121 11.946293
89 1084.187538 0.000000 43.816202 11.913363
90 1085.864814 0.000000 43.885459 10.370254
91 1083.063127 0.000000 43.818973 10.191259
92 1079.887604 0.000000 43.857192 10.289608
93 1086.360051 0.000000 43.933692 9.371052
94 1086.296823 0.021353 43.780234 9.467924
95 1086.469799 0.080174 43.821285 9.454175
96 1086.559518 0.168196 43.823375 9.455358
97 1086.516906 0.288611 43.823228 9.455563
98 1085.673315 0.358572 43.829598 9.457143
99 1085.240610 0.400138 43.827582 9.455147
100 1083.079721 0.420211 43.829791 9.460000
101 1082.466601 0.497501 43.823085 9.456429
102 1082.094850 0.654062 43.822987 9.456034
103 1081.771412 0.850793 43.815425 9.455493
104 1080.311539 1.240411 43.805107 9.459437
105 1079.637674 1.638121 43.809433 9.455910
106 1078.788396 2.122531 43.803745 9.459095
107 1077.757345 2.798984 43.788293 9.458993
108 1075.973721 3.537371 43.780937 9.454826
109 1074.009738 4.199094 43.741189 9.455648
110 1071.562613 4.687385 43.797652 9.460368
111 1068.607397 5.374915 43.791528 9.458851
112 1063.892291 5.830036 43.835630 9.470635
113 1063.631874 5.578209 43.956244 9.464585
114 1058.118748 5.977373 43.904403 9.468185
115 1061.669815 5.761413 43.945360 9.460261
116 1054.792275 5.945841 43.857087 9.463504
117 1067.224637 5.412137 43.952772 9.457888
118 1057.180133 6.528812 43.764215 9.454908
119 1054.763662 7.406538 43.881278 9.439556
120 1054.573480 7.752510 43.939955 9.445688
121 1054.465626 9.070401 43.919683 9.444279
122 1045.988667 10.026603 43.910028 9.459789
123 1055.727437 9.571733 44.045226 9.454707
124 1044.133291 10.485636 44.347720 9.474278
125 1050.469351 10.125576 44.463416 9.444478
126 1039.938677 11.018906 44.313072 9.457886
127 1051.530998 10.283176 44.470548 9.455273
128 1040.373922 11.550927 44.330048 9.467251
129 1045.416387 11.767250 44.444923 9.461860
130 1035.077913 12.945239 44.341949 9.460372
131 1044.801902 12.335466 44.452760 9.456034
132 1031.549800 13.223020 44.427441 9.481154
133 1043.741858 12.448631 44.524124 9.458911
134 1028.844420 12.552229 44.940580 9.493264
135 1037.657781 11.480728 44.925821 9.466072
136 1026.507009 11.336093 44.852339 9.466811
137 1034.280110 10.193841 44.879992 9.467654
138 1031.970870 9.972140 44.790972 9.449387
139 1032.107465 9.770038 44.764242 9.446746
140 1031.707321 9.640695 44.801929 9.450403
141 1032.441393 9.631510 44.761871 9.446031
142 1032.508085 9.567927 44.733781 9.448326
143 1032.561988 9.617875 44.787211 9.450420
144 1032.495732 9.667277 44.791494 9.449847
145 1032.671611 9.595983 44.802680 9.453779
146 1031.046220 9.850063 44.680989 9.436035
147 1028.710743 10.306476 44.683100 9.430622
148 1024.509406 10.738221 44.717458 9.419593
149 1018.671044 10.895694 44.720971 9.416109
150 1014.724093 11.016608 44.700329 9.415734
151 1016.387199 10.684266 44.686248 9.435513
152 1015.576006 11.003912 44.724971 9.436582
153 1013.489905 11.088322 44.668960 9.423741
154 1015.352660 11.625572 44.713190 9.441973
155 1015.847385 12.860393 44.667756 9.431460
156 1015.836192 13.317100 44.774988 9.442897
157 1015.352539 14.500228 44.724162 9.442552
158 1014.508720 16.382858 44.599456 9.421009
159 1013.246731 17.546787 44.663039 9.433318
160 1012.846581 18.564183 44.740974 9.448583
161 1012.032806 19.361840 44.698181 9.444335
162 1011.874015 19.631513 44.732125 9.447518
163 1011.799927 19.995067 44.764517 9.452596
164 1010.937263 20.213814 44.694722 9.444468
165 1010.837380 20.499014 44.752640 9.451036
166 1008.853146 20.608940 44.702672 9.453687
167 1008.807614 20.663384 44.683881 9.450395
168 1008.249286 21.093543 44.685450 9.446534
169 1006.880944 21.447514 44.722932 9.454007
170 1005.948489 22.575260 44.629149 9.438950
171 1003.730520 23.506721 44.676300 9.444861
172 1002.543103 24.041848 44.784775 9.457619
173 998.519051 24.142228 44.766736 9.460356
174 987.842871 24.232192 44.874694 9.484664
175 987.579372 24.371922 44.818404 9.464105
176 986.846991 24.830380 44.805424 9.455928
177 986.512991 25.061320 44.795910 9.454583
178 985.230222 25.310603 44.783196 9.453466
179 984.128238 25.638562 44.749025 9.449425
180 982.942065 25.713731 44.751070 9.450118
181 980.271973 25.476112 44.690834 9.441119
182 977.913116 25.169111 44.710287 9.441522
183 973.866242 24.822776 44.720012 9.432454
184 967.923533 23.929568 44.792941 9.452489
185 959.722142 22.642666 44.906765 9.480227
186 959.647379 21.166334 44.744626 9.494515
187 960.210565 20.134448 44.721147 9.489346
188 959.677746 19.261024 44.748634 9.490517
189 959.416976 18.439831 44.748662 9.481265
190 959.964911 17.729506 44.757859 9.477515
191 961.332355 16.766185 44.800581 9.492185
192 964.317149 15.894191 44.815385 9.494540
193 962.375136 15.199254 44.843625 9.482462
194 965.052181 14.136876 44.892276 9.506718
195 963.627609 13.739111 44.840261 9.976152
196 963.755885 12.922258 44.816475 9.976398
197 963.717861 12.283507 44.783868 9.960295
198 963.651983 11.576871 44.798899 9.966219
199 963.132795 11.105344 44.764603 9.950030
200 962.789194 10.451699 44.809952 9.962350
201 962.528305 9.884826 44.773901 9.948348
202 962.204075 9.308613 44.756170 9.941104
203 964.561381 8.432375 44.760893 9.970519
204 963.945128 8.121466 44.734017 9.941343
205 963.597257 7.616540 44.761751 9.943120
206 963.216611 7.155558 44.751284 9.944466
207 962.561828 6.503750 44.750336 9.942744
208 962.320118 5.865584 44.747076 9.945729
209 964.715581 4.995407 44.734408 9.976584
210 963.991439 4.473063 44.726792 9.951902
211 964.474588 3.942558 44.741311 9.953350
212 964.427997 3.284588 44.735247 9.971533
213 964.352649 2.625812 44.739716 9.971059
214 966.763351 1.798976 44.741143 9.984799
215 966.633894 0.863359 44.736026 9.976119
216 966.560225 0.212846 44.747759 9.956174
217 966.328691 0.000000 44.749274 9.565716
218 965.886164 0.000000 44.734054 9.617317
219 965.621364 0.000000 44.734509 9.472072
220 965.315349 0.000000 44.739098 9.019810
221 967.005880 0.000000 44.733479 9.155171
222 967.075682 0.000000 44.741371 9.112404
223 967.096936 0.000000 44.742920 9.176350
224 966.936035 0.000000 44.738326 9.130461
225 966.588324 0.000000 44.740388 9.206532
226 966.395539 0.000000 44.741843 9.150161
227 966.142894 0.000000 44.739611 9.169938
228 965.865550 0.000000 44.730013 9.128607
229 965.585792 0.000000 44.732200 9.197102
230 965.497314 0.000000 44.738070 9.242982
231 965.289698 0.000000 44.734766 9.219497
232 966.618674 0.000000 44.744431 9.276391
233 966.450736 0.000000 44.751604 9.273302
234 966.279644 0.000000 44.752192 9.275117
235 965.928467 0.000000 44.737800 9.259785
236 965.574482 0.000000 44.736380 9.262699
237 965.135458 0.000000 44.733779 9.240995
238 966.192242 0.000000 44.745154 9.288167
239 965.475076 0.000000 44.727644 9.232522
240 964.682053 0.000000 44.723413 9.236567
241 965.431749 0.000000 44.723715 9.235892
242 964.467250 0.000000 44.718656 9.241516
243 965.559654 0.000000 44.740575 9.294706
244 964.165311 0.000000 44.731125 9.204631
245 965.886688 0.000000 44.746089 9.170903
246 964.399481 0.000000 44.725707 9.179438
247 964.958031 0.000000 44.715042 9.129961
248 965.267755 0.000000 44.713768 9.133175
249 965.605969 0.000000 44.706970 9.136515
250 963.927526 0.000000 44.723282 9.236349
251 965.983609 0.000000 44.731946 9.174273
252 964.260354 0.000000 44.726616 9.208880
253 965.584857 0.000000 44.743242 9.218862
254 964.239012 0.000000 44.729865 9.100737
255 966.451905 0.000000 44.748377 9.194388
256 966.058673 0.000000 44.740748 9.134859
257 965.274103 0.000000 44.735538 9.111827
258 967.270948 0.000000 44.724048 9.036829
259 966.884084 0.000000 44.737107 9.217784
260 966.517595 0.000000 44.743197 9.157114
261 966.126738 0.000000 44.744014 9.179032
262 965.578052 0.000000 44.736210 9.120807
263 964.897075 0.000000 44.737281 9.117937
264 966.945995 0.000000 44.726449 9.090844
265 966.619328 0.000000 44.733354 9.218905
266 966.139777 0.000000 44.746147 9.178493
267 965.433768 0.000000 44.728754 9.146936
268 964.876950 0.000000 44.741416 9.271261
269 966.378164 0.000000 44.734255 9.129382
270 965.856129 0.000000 44.759968 9.307782
271 965.118834 0.000000 44.739178 9.200425
272 966.082865 0.000000 44.733077 9.154869
273 965.547083 0.000000 44.750533 9.318773
274 964.997268 0.000000 44.750623 9.233227
275 966.076179 0.000000 44.743203 9.165488
276 965.558483 0.000000 44.747692 9.256919
277 964.890926 0.000000 44.740650 9.151141
278 966.114273 0.000000 44.747722 9.249592
279 965.490194 0.000000 44.748660 9.238980
280 964.903398 0.000000 44.747866 9.167074
281 966.236848 0.000000 44.745424 9.150750
282 965.582390 0.000000 44.748825 9.156286
283 964.927639 0.000000 44.749177 9.128099
284 966.264330 0.000000 44.747819 9.156105
285 965.643968 0.000000 44.749207 9.172387
286 965.037956 0.000000 44.750612 9.163739
287 966.294122 0.000000 44.745250 9.155085
288 965.674471 0.000000 44.750299 9.165169
289 964.896269 0.000000 44.747746 9.197596
290 966.022075 0.000000 44.745375 9.108809
291 965.512041 0.000000 44.746973 9.194777
292 964.796478 0.000000 44.744765 9.080644
293 965.352852 0.000000 44.740866 9.107484
294 966.000722 0.000000 44.740051 9.096265
295 965.327455 0.000000 44.746980 9.208081
296 965.987038 0.000000 44.739521 9.067977
297 965.222833 0.000000 44.746686 9.138592
298 965.762210 0.000000 44.742321 9.074862
299 965.056968 0.000000 44.745581 9.083338
300 965.917624 0.000000 44.742291 9.051909
301 965.222519 0.000000 44.745660 9.091388
302 966.482985 0.000000 44.741980 9.168741
303 966.307399 0.000000 44.767849 9.290313
304 965.718025 0.000000 44.745179 9.157380
305 965.036322 0.000000 44.743714 9.211440
306 965.814081 0.000000 44.745943 9.218591
307 965.147772 0.000000 44.743392 9.174415
308 965.921418 0.000000 44.746827 9.255499
309 965.237812 0.000000 44.742879 9.187592
310 966.105263 0.000000 44.744903 9.246205
311 965.324783 0.000000 44.742220 9.178513
312 966.031050 0.000000 44.740626 9.260018
313 964.972254 0.000000 44.735970 9.193774
314 965.573945 0.000000 44.747265 9.166041
315 964.655399 0.000000 44.743716 9.136059
316 965.087142 0.000000 44.744671 9.218112
317 966.118659 0.000000 44.736770 9.188377
318 965.510817 0.000000 44.744881 9.134030
319 964.862372 0.000000 44.742594 9.195748
320 965.906840 0.000000 44.741008 9.187656
321 965.614583 0.000000 44.743330 9.108237
322 965.151682 0.000000 44.736474 9.059921
323 966.630731 0.000000 44.728344 9.112960
324 966.499628 0.000000 44.742806 9.199957
325 966.497951 0.000000 44.738070 9.152951
326 966.863513 0.000000 44.727144 9.226603
327 967.158846 0.000000 44.728545 9.134518
328 967.872112 0.000000 44.712705 9.173460
329 966.803777 0.000000 44.722499 9.099468
330 966.553504 0.000000 44.737890 9.238910
331 966.223490 0.000000 44.737105 9.178534
332 965.177374 0.000000 44.743134 9.114085
333 966.122070 0.000000 44.728080 9.214486
334 965.285182 0.000000 44.743212 9.137368
335 966.183246 0.000000 44.744774 9.217584
336 965.547021 0.000000 44.757215 9.202770
337 965.217640 0.000000 44.755644 9.133125
338 966.594576 0.000000 44.733835 9.134967
339 965.942094 0.000000 44.742577 9.201463
340 965.108107 0.000000 44.740856 9.229309
341 966.486784 0.000000 44.735845 9.128588
342 966.340954 0.000000 44.744066 9.215997
343 965.450931 0.000000 44.740671 9.154611
344 964.607591 0.000000 44.737326 9.177286
345 966.129016 0.000000 44.739504 9.202080
346 965.444881 0.000000 44.736470 9.202259
347 964.688560 0.000000 44.735212 9.204196
348 966.098936 0.000000 44.736463 9.131031
349 965.297858 0.000000 44.732221 9.235621
350 966.828899 0.000000 44.739203 9.117329
351 966.260932 0.000000 44.732157 9.264964
352 965.509793 0.000000 44.738246 9.198643
353 964.594229 0.000000 44.745342 9.236775
354 965.748811 0.000000 44.743849 9.176894
355 964.818401 0.000000 44.740465 9.242512
356 966.018602 0.000000 44.746134 9.192698
357 965.390328 0.000000 44.746804 9.275726
358 964.701273 0.000000 44.738375 9.237571
359 965.876981 0.000000 44.730717 9.204260
360 965.155479 0.000000 44.736963 9.267050
361 966.436764 0.000000 44.733710 9.180769
362 965.461189 0.000000 44.730292 9.211345
363 965.132954 0.000000 44.742536 9.290776
364 966.597338 0.000000 44.739995 9.218055
365 965.583355 0.000000 44.729775 9.201807
366 965.019687 0.000000 44.742158 9.280295
367 966.013771 0.000000 44.743540 9.255887
368 965.506770 0.000000 44.741188 9.252708
369 965.064284 0.000000 44.748132 9.269606
370 966.053275 0.000000 44.748302 9.305771
371 965.573875 0.000000 44.744604 9.251047
372 965.136650 0.000000 44.745364 9.274460
373 966.109988 0.000000 44.752443 9.318338
374 965.448875 0.000000 44.735028 9.185696
375 964.567812 0.000000 44.730693 9.212922
376 965.502785 0.000000 44.741989 9.214827
377 964.591967 0.000000 44.732215 9.225995
378 965.515461 0.000000 44.739043 9.200502
379 964.636996 0.000000 44.727792 9.183312
380 965.592189 0.000000 44.739922 9.233753
381 964.802717 0.000000 44.729970 9.174645
382 965.847621 0.000000 44.742420 9.237804
383 965.045163 0.000000 44.728597 9.196749
384 966.200276 0.000000 44.742388 9.231774
385 965.408756 0.000000 44.727764 9.169086
386 964.582787 0.000000 44.726855 9.227670
387 965.833281 0.000000 44.743308 9.230414
388 964.983633 0.000000 44.726123 9.201640
389 966.382967 0.000000 44.727417 9.157226
390 965.217025 0.000000 44.728503 9.133306
391 966.637030 0.000000 44.731009 9.218622
392 965.489793 0.000000 44.727189 9.111618
393 964.799627 0.000000 44.728436 9.225031
394 966.343219 0.000000 44.728297 9.143757
395 965.711614 0.000000 44.728820 9.221465
396 965.217013 0.000000 44.730723 9.150407
397 967.107571 0.000000 44.729942 9.184348
398 966.386411 0.000000 44.731447 9.251245
399 965.637658 0.000000 44.731389 9.212827
400 965.416963 0.000000 44.747718 9.285135
401 965.199118 0.000000 44.747784 9.248686
402 966.501727 0.000000 44.748398 9.273434
403 965.806364 0.000000 44.732316 9.212592
404 965.351773 0.000000 44.734066 9.216011
405 966.641767 0.000000 44.746748 9.250042
406 965.642222 0.000000 44.730320 9.162186
407 965.204519 0.000000 44.739362 9.269531
408 966.445597 0.000000 44.747312 9.222892
