17 505.022045 305.745066 38.360930 139.454264
18 504.935430 304.221286 37.542657 142.227623
19 503.668210 303.171909 37.486727 144.055060
20 503.740886 302.315813 36.905640 146.681909
21 503.448146 301.792195 36.669155 148.204226
22 502.511595 300.881064 36.561533 149.165482
23 501.906120 300.076430 36.509922 150.347968
24 501.764784 299.625626 36.637539 151.120759
25 501.691559 299.208518 36.561659 152.103883
26 501.357933 298.266036 36.439543 154.598683
27 501.192416 298.118380 36.247321 155.518159
28 500.687197 297.500329 36.079039 157.150121
29 500.903234 297.493132 36.034367 158.118314
30 500.827128 296.535519 36.142387 160.661089
31 500.873888 295.796284 36.068936 162.607227
32 500.932800 295.757018 36.230901 163.432187
33 500.756701 295.058994 36.007261 164.382555
34 500.694724 294.395639 35.945038 165.261046
35 500.398338 294.104600 35.724144 165.788290
36 500.300107 293.906160 35.770216 166.147046
37 500.262251 293.875182 35.868919 166.549129
38 500.108096 293.913730 35.800976 167.155433
39 500.210609 294.070646 35.875707 167.459410
40 500.387998 294.056629 35.716875 167.265597
41 500.617041 294.111971 35.672005 167.307744
42 500.736928 294.253880 35.839088 167.238824
43 500.897943 294.494018 35.695529 167.321953
44 500.853990 294.457701 35.893381 167.309342
45 500.693617 294.503079 36.052008 167.470895
46 500.419336 294.287462 36.434578 167.559679
47 499.191533 293.901897 36.199357 167.944733
48 498.403200 293.473488 36.438724 168.054442
49 497.741353 293.543559 36.266577 168.756645
50 497.412186 293.661272 35.686739 169.172840
51 496.903889 293.554949 35.715636 169.291943
52 496.015992 293.614993 35.818875 168.639306
53 495.708743 293.872492 35.536919 167.778179
54 495.072003 293.781537 35.726725 167.143534
55 494.451914 294.004809 35.801510 166.003048
56 493.816750 294.268933 35.696334 165.115959
57 493.062903 293.998495 35.828038 164.816196
58 492.261870 293.291609 35.564157 164.020741
59 492.122253 292.940949 35.472483 164.409120
60 491.279083 292.560445 34.864615 163.158618
61 490.123769 291.229914 35.388425 156.715546
62 487.858529 288.841286 33.726794 154.708078
63 487.090639 279.279473 32.859453 168.455841
64 486.614574 283.467532 33.880216 162.531113
65 487.126586 287.306898 33.424402 158.217101
66 482.412119 289.125604 35.399791 153.966306
67 482.872751 292.255544 32.608011 152.706428
68 482.119765 288.705492 32.758244 158.622105
69 482.607511 289.799347 33.088766 158.089452
70 483.628518 290.100788 33.368382 157.523599
71 483.791837 290.254366 33.829150 154.747033
72 483.426379 290.139926 33.928550 155.353178
73 482.267875 289.609882 34.106993 156.820497
74 481.894971 289.433726 34.508199 157.591893
75 480.928258 288.770304 35.323190 159.252118
76 479.562019 287.592380 35.811682 161.210801
77 478.310399 286.654454 36.355725 163.206547
78 477.356487 285.811675 36.798546 164.632364
79 476.519510 284.826903 36.913682 166.583146
80 475.098025 283.252971 37.457586 169.214983
81 474.287901 281.923394 37.244593 171.315571
82 473.967940 281.306188 37.302092 172.057085
83 473.248033 280.783226 36.852854 172.969837
84 472.849561 280.566923 36.896810 172.917565
85 471.899445 280.167976 37.209927 172.391648
86 470.887210 279.374010 37.925189 173.141338
87 470.171784 279.424355 38.308722 173.245361
88 469.446998 279.205344 38.548249 173.490866
89 468.381076 277.856395 39.237252 174.719889
90 468.104755 277.909474 39.624170 175.193237
91 466.351895 276.939679 40.162466 175.403135
92 466.245429 276.987919 40.434869 175.289758
93 465.459511 276.570687 40.812924 175.430985
94 464.694655 276.380785 41.097492 175.597091
95 464.041922 275.960803 41.505798 176.197992
96 463.684862 275.727853 41.922389 176.755086
97 463.223035 275.687080 42.101648 176.638193
98 461.148885 276.580397 42.794692 173.412123
99 460.450954 276.844558 43.208138 173.131672
100 460.157505 276.676684 43.300738 173.539860
