2 780.400039 316.269955 198.907890 332.434941
3 782.725224 326.253899 197.947407 326.618300
4 783.678182 335.807295 197.431280 316.571608
5 785.804930 343.406451 196.813160 309.268497
6 786.184331 346.787553 196.719673 306.000764
7 788.811832 352.352537 197.158115 300.884851
8 790.427396 357.900961 197.885431 294.899558
9 791.499581 357.883184 198.071877 294.250245
10 792.691267 357.548789 198.486635 294.113049
11 793.399738 356.963041 198.251595 294.646256
12 794.276265 355.408345 198.236820 295.789099
13 795.277462 355.819950 198.475447 295.274987
14 797.246653 358.031609 198.261401 293.405075
15 798.665329 359.938861 198.350724 292.001705
16 798.963497 361.156690 198.446900 291.799474
17 799.018462 362.299360 198.454245 291.289198
18 799.146128 365.787265 198.469475 289.377403
19 799.263360 366.122029 198.355040 289.286832
20 799.348713 366.865357 198.440199 289.053344
21 801.156370 370.263139 198.011140 288.526415
22 804.243924 371.861317 197.914520 288.565415
23 805.451258 371.596867 197.857360 289.018879
24 806.062908 371.133636 197.774125 289.890817
25 806.254993 370.568167 197.795302 290.408155
26 806.317434 370.181876 197.804648 290.782749
27 806.308913 370.245237 197.890518 290.979325
28 806.230153 370.032061 197.854678 291.130684
29 806.367789 369.890560 197.832246 291.638762
30 806.509240 369.664233 197.899336 292.143483
31 806.841340 369.093679 197.901961 292.733871
32 807.395313 368.769098 197.987868 292.943891
33 807.693816 367.999585 197.944541 293.246901
34 808.131046 367.695195 197.993476 293.426833
35 808.569754 367.177318 197.928954 293.605300
36 809.261821 366.916625 198.094688 293.846113
37 809.732248 366.518198 198.413355 294.077315
38 810.419224 365.553325 198.569626 294.654851
39 810.968255 364.516867 198.872885 295.415502
40 811.757252 363.851362 198.835555 295.593970
41 812.566052 362.266142 198.795074 296.788119
42 813.713687 361.653613 198.808198 297.011018
43 814.588915 360.465058 198.809488 297.928570
44 815.275425 360.471088 198.958884 297.557835
45 815.883080 360.535721 198.954823 297.608550
46 816.196689 360.464346 198.887602 297.733439
47 816.657634 359.869704 198.826825 297.985577
48 817.074109 359.663953 198.816472 297.712096
49 818.503888 358.759226 198.847036 297.792765
50 818.908340 358.966887 198.841542 297.457898
51 819.936977 357.015686 198.631170 298.066457
52 820.723663 358.329668 198.654693 296.381216
53 820.893271 358.595463 198.417154 295.251213
54 819.913331 359.659231 197.421391 293.214191
55 819.504813 359.339329 196.241215 292.354957
56 821.618468 357.404905 194.740783 290.856079
57 824.134696 358.374112 192.717150 288.392596
58 831.057145 362.719687 189.632978 284.068414
59 845.773099 367.967645 185.240605 283.355042
60 851.795634 372.814462 175.028996 281.539693
61 859.840914 367.912735 165.422143 287.167138
62 864.495766 361.004273 157.732591 290.315349
63 868.093142 352.832687 154.826329 292.904769
64 882.055869 350.045324 153.173306 292.697716
65 893.477820 340.085024 151.218088 291.728358
66 896.820475 344.698174 141.426869 288.723752
67 900.453592 344.872252 139.299332 289.006711
68 906.566093 351.266660 138.436671 284.954627
69 911.758685 359.210114 141.077987 281.692500
70 910.925265 365.053787 146.292144 277.600890
71 909.442204 368.480758 149.110277 275.932384
72 908.511527 370.100918 151.285301 275.166019
73 907.304613 371.256759 154.012464 274.639128
74 906.383129 372.065847 156.323948 274.559757
75 906.238393 372.633713 156.930370 274.658681
76 906.211423 373.280808 157.104622 274.514569
77 906.484912 374.801885 157.549289 273.744586
78 910.033391 379.714812 156.944799 270.045005
79 920.820903 390.945960 151.295676 261.619666
80 922.567346 393.789606 145.810406 257.757444
81 922.823664 394.798072 145.346598 258.073433
82 925.666219 398.085988 144.294914 258.997290
83 930.679973 406.355427 143.383758 254.799416
84 944.616644 410.598457 137.738006 251.647668
85 958.381138 414.508087 128.108118 250.315940
86 970.248850 410.726248 117.534395 254.841339
87 975.969087 408.728191 108.522440 257.241174
88 979.627143 407.277894 101.303921 260.284433
89 983.593146 398.029325 93.952456 272.892318
90 980.969313 397.955671 89.132820 273.549605
91 977.502148 408.488858 88.250215 266.338447
92 975.938792 417.392928 88.482825 258.547261
93 973.609740 430.283369 88.215605 248.007340
94 970.195584 441.250044 87.645085 239.949044
95 967.944984 453.387468 88.183402 230.379501
96 968.054246 454.403998 88.572474 229.150524
97 967.934595 457.483697 89.576544 224.567333
98 967.466149 459.585784 90.880666 222.072390
99 965.720862 462.191806 93.053331 219.063775
100 963.242064 465.402113 97.457956 214.949039
101 960.777175 471.003605 102.179191 209.422349
102 959.002918 475.372293 105.719616 204.570174
103 957.333351 477.546881 109.239731 202.908594
104 955.856286 478.270237 115.868773 201.295127
105 955.323943 479.051335 120.931562 200.187655
106 957.908336 481.753434 128.136071 196.189400
107 966.208804 486.437304 137.371899 189.885345
108 986.879346 484.035384 141.333323 190.620196
109 998.678494 477.688459 144.472621 195.771321
110 1016.692609 463.118070 139.257524 207.728549
111 1024.546609 453.309795 126.693571 221.154367
112 1033.770509 449.190207 112.721275 228.145691
113 1043.321744 451.856752 100.343888 228.742670
114 1052.120440 460.550063 95.244399 224.843127
115 1051.126577 462.636862 93.653646 223.460058
116 1049.063550 466.037971 91.900783 220.920462
117 1047.287883 466.897131 91.772969 220.145792
118 1044.887234 469.431773 92.229211 218.389399
119 1042.599106 470.323846 92.760071 217.342659
120 1042.307825 470.463209 92.980266 217.210685
121 1042.240308 472.071731 92.621047 215.750906
122 1042.640654 471.970108 92.295712 215.898558
123 1043.763893 471.587335 91.356735 215.457948
124 1048.372589 471.005868 90.988601 214.339960
125 1055.349581 471.601858 90.440814 210.311467
126 1059.572921 471.705539 91.974750 209.014361
127 1059.637672 471.831908 92.322920 209.282074
128 1059.558458 471.910193 91.962573 208.923063
129 1057.754695 472.238679 89.711388 208.297295
130 1054.898703 469.690613 86.969061 210.918305
131 1052.981336 463.048839 85.382316 215.236265
132 1053.845145 455.227484 85.380851 221.400912
133 1048.747376 445.280803 85.702763 232.559516
134 1042.184954 429.042149 84.361558 241.430744
135 1032.161536 418.599822 80.316880 258.954935
136 1034.752807 420.949110 79.721636 261.826489
137 1038.240221 421.932111 79.582142 264.539442
138 1049.404190 425.131590 78.674492 263.457678
139 1053.280571 421.053330 77.803393 264.095640
140 1054.640747 412.313800 77.661935 267.392376
141 1056.145885 410.521715 77.484735 268.759225
142 1057.161835 409.184387 77.502236 268.273753
143 1060.728583 409.386774 78.028676 263.836120
144 1066.593559 405.885296 78.892580 254.888015
145 1065.925720 383.858357 81.036244 254.907759
146 1047.022556 330.185563 86.877650 267.249606
147 1035.437864 316.117284 92.430792 279.286660
148 1033.762167 293.075861 98.136348 291.363109
149 1033.913106 275.628984 103.301896 299.715465
150 1039.479143 272.069818 107.854438 299.914012
151 1090.176512 232.981842 109.984296 304.996047
152 1099.895732 226.031719 111.259228 285.867167
153 1099.838917 227.504248 112.020088 271.844422
154 1099.359826 230.682184 111.933872 256.849453
155 1097.769761 229.856675 112.261966 253.252520
156 1097.767966 229.990520 112.536344 253.342326
157 1094.513267 229.548747 113.227201 252.166266
158 1093.531980 229.666622 113.651485 251.806356
159 1089.787716 229.372783 114.093650 250.629650
160 1086.677276 228.805252 114.563514 250.244350
161 1082.760530 228.535746 114.829410 249.372557
162 1081.456477 228.483995 114.818388 249.044008
163 1076.731671 228.323681 114.784702 248.142721
164 1076.821904 228.498648 114.983966 248.449071
165 1072.825437 227.686241 114.798926 247.647459
166 1070.860867 227.797305 114.733677 247.302930
167 1067.829603 227.111615 114.663525 246.403030
168 1066.302368 227.280955 114.474976 245.451493
169 1064.843114 226.952415 114.266556 245.016797
170 1064.404728 226.940890 114.278911 245.226270
171 1062.093153 226.081649 114.105405 244.966623
172 1060.104686 225.732021 114.054465 244.852450
173 1056.910758 224.835026 113.861331 244.829085
174 1056.846662 224.912820 113.924919 244.920652
175 1051.305853 223.538069 113.393224 243.665390
176 1048.001054 223.408325 113.144143 243.119721
177 1038.867732 224.238218 113.116802 241.051534
178 1031.752214 223.877389 113.169959 239.825076
179 1023.603175 223.575214 113.302393 238.075985
180 1017.998251 223.012465 113.259898 237.465335
181 1007.333499 222.657130 113.386075 236.026576
182 998.977181 222.595639 113.546441 235.414671
183 989.303623 222.378553 114.095787 234.606950
184 981.758393 220.880690 114.154417 234.000476
185 978.768090 220.073859 114.139752 234.338109
186 975.177790 218.754257 114.004825 234.322723
187 971.633321 217.475436 113.971116 234.305291
188 970.130445 216.951998 113.686623 234.396948
189 968.029819 215.921692 113.619544 234.322220
190 965.695905 214.875593 113.653584 234.290710
191 965.781372 214.908294 113.940645 234.473074
192 964.411821 214.188386 113.807867 234.487789
193 963.279680 213.506238 113.829985 234.492251
194 961.932262 212.596434 113.832073 234.450543
195 960.546292 211.749494 113.834486 234.447624
196 960.558691 211.713679 113.964563 234.470692
197 960.347687 211.545677 113.972255 234.491379
198 960.159402 211.387404 113.994298 234.521983
199 960.001116 211.467404 113.964737 235.036799
200 959.942932 211.605934 113.958986 235.502807
201 959.957101 211.845179 113.985780 235.965711
202 959.961080 211.862672 113.991400 235.965846
203 959.962249 211.880098 113.991400 235.965846
204 959.970778 211.636468 113.957524 235.922881
205 959.998403 211.640863 113.985187 235.941640
206 961.149173 209.478057 113.769538 236.006066
207 967.825686 203.034657 112.950026 235.959563
208 973.778702 200.311195 112.795295 235.137070
209 979.624105 198.675814 112.372262 235.201205
210 984.739866 197.248453 111.985708 235.257240
211 984.793913 197.353741 112.005811 235.497271
212 985.165661 197.298363 112.520615 235.534149
213 985.440317 197.509468 113.003626 235.988645
214 985.685387 197.515494 113.491438 235.965846
215 985.760242 197.453325 113.496396 235.988747
216 985.775466 197.439427 113.490756 235.969807
217 986.205939 197.060093 113.379424 235.912651
218 988.000264 194.979111 113.161116 235.748307
219 988.166589 195.105306 113.491438 235.965846
220 988.210416 195.032188 113.486670 235.972283
221 988.468593 194.156570 113.418137 236.136469
222 989.789898 190.183950 113.261142 237.147785
223 989.906209 190.360409 113.491438 237.465629
224 989.908628 190.374185 113.491471 237.466580
225 990.089934 190.076505 113.470331 237.460374
226 991.617445 187.130739 113.340619 237.722964
227 991.750938 187.189759 113.488770 237.972071
228 991.753435 187.204076 113.491438 237.965557
229 991.804385 187.106085 113.493197 237.983522
230 992.446750 185.799189 113.444299 238.089837
231 993.166576 185.037830 113.390161 238.377881
232 993.267373 185.034532 113.492948 238.482884
233 993.610119 184.646539 113.445879 238.439100
234 996.602178 181.415326 113.215194 238.694596
235 996.741464 181.568381 113.491438 238.965412
236 996.842161 181.473250 113.492266 239.005185
237 997.041665 181.533948 113.492607 239.509696
238 999.061591 180.420961 113.232821 239.962006
239 999.236161 180.385564 113.489869 239.985889
240 1000.028233 179.905490 113.331359 239.992630
241 1000.551713 179.700584 113.425898 240.046909
242 1002.890239 178.974557 113.252775 240.614175
243 1003.043439 179.143566 113.488867 240.976695
244 1004.106260 178.771750 113.329800 241.077190
245 1005.954049 178.366632 113.239039 241.504169
246 1006.750017 178.388316 113.393603 242.007858
247 1009.467875 177.775569 113.331510 242.561713
248 1011.645943 177.360386 113.319247 243.038307
249 1012.121093 177.478316 113.482698 243.548035
250 1013.255023 177.412136 113.400001 244.047109
251 1015.611595 176.887961 113.165456 244.564088
252 1015.790725 177.101104 113.489961 244.962990
253 1017.639220 176.981826 113.427786 244.927195
254 1019.160689 177.099200 113.399400 244.852578
255 1019.213982 177.171731 113.491054 244.963656
256 1021.682131 177.599480 113.512383 244.608391
257 1022.334336 177.803872 113.998222 244.971717
258 1022.663784 177.837710 113.971592 244.958737
259 1025.634848 178.488414 113.876050 244.511286
260 1025.722617 178.731685 114.001299 244.969614
261 1026.576207 178.881472 114.441171 244.914916
262 1027.175733 179.094438 114.470244 244.917989
263 1029.626942 179.943722 114.267926 244.632924
264 1029.739833 180.127622 114.491363 244.964544
265 1029.741592 180.145047 114.493235 244.967382
266 1029.758820 180.173867 114.508954 244.979754
267 1030.026053 180.207542 115.008187 244.975140
268 1030.273005 180.226526 115.491012 244.962628
269 1030.278629 180.251883 115.491006 244.962581
270 1030.285824 180.279565 115.490913 244.961868
271 1030.295919 180.311645 115.491001 244.960723
272 1030.439593 180.482537 115.518924 244.951599
273 1030.695768 180.529436 115.992063 244.959800
274 1031.532121 181.053940 115.993606 244.937125
275 1031.907769 181.348713 116.014520 244.975151
276 1032.205733 181.435637 116.500550 244.963749
277 1032.470633 181.486427 116.990359 244.960466
278 1032.481925 181.519558 116.990337 244.960747
279 1033.585015 182.234294 116.819642 244.900675
280 1033.683534 182.304296 116.990376 244.961156
281 1034.381380 182.752922 116.856977 244.945922
282 1037.377250 183.867731 116.391226 244.777997
283 1037.428438 183.979095 116.491212 244.964544
284 1037.429632 183.997185 116.491212 244.964544
285 1038.408017 184.420658 116.413845 244.881458
286 1040.597550 185.532944 116.311625 244.625926
287 1040.701203 185.716815 116.489656 244.963586
288 1041.595183 185.917749 116.366926 244.942861
289 1041.881604 185.983434 116.458214 244.970642
290 1043.503914 186.753796 116.362043 244.772390
291 1043.569692 186.867963 116.491212 244.964544
292 1043.597157 186.900739 116.491251 244.960233
293 1044.958095 187.584937 116.321319 244.799435
294 1046.971751 188.424944 116.189111 244.723814
295 1047.808852 188.827728 116.403013 244.895033
296 1049.995168 189.892151 116.182501 244.718895
297 1050.271026 190.103756 116.492751 244.954976
298 1050.447055 190.248572 116.474052 244.939660
299 1051.822108 191.038877 116.331246 244.775556
300 1053.866793 192.021656 116.175618 244.763359
301 1054.559246 192.335787 116.393230 244.930337
302 1056.794839 193.477396 116.142315 244.713638
303 1057.548535 193.813502 116.368571 244.900699
304 1059.542849 194.895186 116.195128 244.691675
305 1061.042126 195.632212 116.322096 244.788266
306 1063.955779 196.641160 116.081380 244.665319
307 1064.544367 196.872672 116.406490 244.956973
308 1065.515155 197.245140 116.387075 244.889962
309 1067.186245 198.091953 116.319935 244.770602
310 1068.280815 198.702691 116.432572 244.858688
311 1070.973070 199.723602 116.140459 244.572140
312 1073.623767 200.704150 116.142920 244.661920
313 1073.828877 200.874733 116.486851 244.960560
314 1075.876465 201.549947 116.145409 244.742366
315 1076.324574 201.684944 116.422206 244.973282
316 1076.437799 201.703817 116.472769 244.956868
317 1078.027428 201.982281 116.254946 244.796374
318 1078.859548 202.215943 116.328446 244.933012
319 1079.133551 202.289122 116.447209 244.953632
320 1079.670270 202.437005 116.386492 244.939228
321 1079.937859 202.507650 116.450009 244.964555
322 1080.485650 202.575280 116.376498 244.977733
323 1080.734032 202.590362 116.442604 244.970794
324 1082.309912 202.689698 116.179462 244.937814
325 1082.839315 202.733490 116.417389 244.995292
326 1084.643571 202.885275 116.168891 244.900617
327 1085.149923 202.954687 116.414262 244.984813
328 1087.432574 203.306213 116.075364 244.763499
329 1087.780693 203.430398 116.452448 244.959929
330 1089.983278 203.638955 115.942218 244.907182
331 1091.267893 203.603060 115.707001 244.966974
332 1093.038374 203.457385 115.603162 244.940197
333 1094.924905 203.603352 115.656594 244.871037
334 1096.642267 203.586617 115.637611 244.946307
335 1099.840554 203.610333 115.306412 244.865511
336 1100.821478 203.720837 115.360479 244.973002
337 1105.207998 204.273741 114.865479 244.633333
338 1107.401141 204.773402 114.691700 244.682107
339 1107.971668 204.945013 114.942866 244.996729
340 1112.429224 205.903002 114.462270 244.636323
341 1112.444944 206.085202 114.491363 244.964544
342 1114.088929 206.195725 114.234376 244.845055
343 1118.253640 206.811960 114.059537 244.767787
344 1118.470726 206.928428 114.491363 244.964544
345 1119.804808 207.119221 114.323343 244.857450
346 1124.718594 208.405968 113.994915 244.552373
347 1124.718005 208.630144 113.991400 244.964544
348 1125.304462 208.594623 113.884106 244.977733
349 1126.696737 208.519925 113.769907 244.915197
350 1128.355771 208.491636 113.758530 244.858700
351 1128.488737 208.557391 113.989889 244.962955
352 1129.222067 208.534207 113.864699 244.952522
353 1129.332591 208.552315 113.991852 244.962008
354 1129.936114 208.619466 113.935753 244.926891
355 1131.602510 209.053553 113.896935 244.681815
356 1131.650912 209.213007 113.991400 244.964544
357 1131.652081 209.231098 113.991400 244.964544
358 1131.653250 209.249188 113.991400 244.964544
359 1131.654418 209.267279 113.991400 244.964544
360 1131.655587 209.285369 113.991400 244.964544
361 1131.656756 209.303459 113.991400 244.964544
362 1131.657925 209.321550 113.991400 244.964544
363 1131.659093 209.339640 113.991400 244.964544
364 1131.660262 209.357730 113.991400 244.964544
365 1131.661431 209.375821 113.991400 244.964544
366 1131.662599 209.393911 113.991400 244.964544
367 1131.663768 209.412002 113.991400 244.964544
368 1131.664937 209.430092 113.991400 244.964544
369 1131.666106 209.448182 113.991400 244.964544
370 1131.667274 209.466273 113.991400 244.964544
371 1131.668443 209.484363 113.991400 244.964544
372 1131.669612 209.502453 113.991400 244.964544
373 1131.670781 209.520544 113.991400 244.964544
374 1131.671949 209.538634 113.991400 244.964544
375 1131.673118 209.556724 113.991400 244.964544
376 1131.674287 209.574815 113.991400 244.964544
377 1131.675455 209.592905 113.991400 244.964544
378 1131.676624 209.610996 113.991400 244.964544
379 1131.677793 209.629086 113.991400 244.964544
380 1131.678962 209.647176 113.991400 244.964544
381 1131.717030 209.644413 113.986617 244.962172
382 1135.486797 208.036585 113.656840 244.656581
383 1137.852911 207.461688 113.806252 244.798173
384 1144.711250 205.746649 113.808492 244.133321
385 1151.846329 205.551734 113.751268 244.068163
386 1158.975218 205.432280 113.934502 244.108758
387 1169.394104 206.463209 114.716745 243.310524
388 1184.857304 210.102862 115.944226 241.665081
389 1202.248856 210.514231 116.327437 241.084171
390 1219.670764 211.090127 116.549535 240.358607
391 1238.491533 213.293986 117.174120 238.778009
392 1255.096361 216.205830 117.771082 237.580304
393 1265.518361 216.687412 117.178117 237.070176
394 1275.243821 217.380030 116.663401 236.978444
395 1281.890828 218.924902 115.980171 236.635022
396 1287.249449 219.853384 114.936567 237.046843
397 1292.583674 220.557748 113.936204 237.682772
398 1297.674913 221.612492 113.505731 237.917461
399 1302.278266 222.778715 113.539211 237.727358
400 1305.436405 224.153953 113.844869 237.712242
401 1311.285725 225.716355 113.248046 238.149395
402 1313.904148 226.732454 113.414727 238.260403
403 1318.214774 228.394828 113.145675 238.420392
404 1321.674690 229.723621 113.172784 238.419550
405 1323.309967 230.617232 113.502814 238.414967
406 1327.826901 232.318892 113.355042 238.269137
407 1327.904354 232.440544 113.498371 238.473741
408 1329.673064 233.594968 113.375403 238.407393
409 1329.846911 233.775729 113.489127 238.456932
410 1329.849231 233.797615 113.491438 238.465484
411 1329.850394 233.815226 113.491438 238.465484
412 1329.682651 234.265153 113.488110 238.279907
413 1326.847119 236.229860 113.273509 237.641644
414 1321.734899 239.135944 112.969154 236.660249
415 1317.691852 241.855221 112.509227 235.763711
416 1314.821709 242.723942 112.636093 235.707165
417 1312.142777 243.244072 112.722300 236.016644
418 1311.888090 243.424921 112.866306 236.593533
419 1311.782857 243.620831 112.942012 237.016906
420 1311.687442 243.846489 112.943483 237.510204
421 1311.584006 244.087881 112.948688 237.995699
422 1310.548574 244.088692 112.767227 238.012120
423 1308.705056 244.524089 112.690315 238.408348
424 1305.901491 244.794648 112.660955 238.388788
425 1305.261298 244.851528 112.783834 238.478187
426 1305.052104 244.872203 112.896206 238.494598
427 1304.749007 244.930687 112.902909 238.474696
428 1303.487661 245.095379 112.791156 238.459389
429 1299.316973 246.060824 112.776549 237.861078
430 1295.887060 246.140227 112.741708 237.877207
431 1289.689591 245.948399 112.806949 237.684948
432 1286.617668 245.943116 112.661316 237.969858
433 1286.543111 245.881289 112.907306 238.034205
434 1286.388266 246.031451 112.934721 238.520459
435 1286.417802 246.271574 112.991476 238.965412
436 1286.418960 246.289222 112.991476 238.965412
437 1286.420119 246.306869 112.991476 238.965412
438 1286.421277 246.324516 112.991476 238.965412
439 1286.422436 246.342164 112.991476 238.965412
440 1286.423594 246.359811 112.991476 238.965412
441 1286.424753 246.377458 112.991476 238.965412
442 1286.425911 246.395106 112.991476 238.965412
443 1286.427070 246.412753 112.991476 238.965412
444 1286.428228 246.430400 112.991476 238.965412
445 1286.429387 246.448048 112.991476 238.965412
446 1286.430545 246.465695 112.991476 238.965412
447 1286.434656 246.480026 113.000905 238.979532
448 1287.815273 246.295894 113.316037 239.184246
449 1288.023685 246.411905 113.506835 239.534261
450 1290.469090 246.185489 113.779437 240.136929
451 1290.832660 246.307357 113.950788 240.516525
452 1293.997811 245.750990 113.538505 241.070835
453 1294.225428 245.965929 113.991400 241.465050
454 1294.254777 245.968860 114.000674 241.485755
455 1294.696488 245.920408 114.483932 241.526785
456 1295.095639 246.054580 114.373748 241.997311
457 1296.189698 245.726034 114.228873 242.046458
458 1296.322117 245.953164 114.491363 242.464905
459 1296.543538 245.911414 114.426762 242.479163
460 1298.832592 245.224647 114.057757 242.427880
461 1300.772901 244.731755 114.051992 242.409020
462 1303.068473 244.081100 114.054738 242.505631
463 1304.578926 243.973185 114.251110 243.028134
464 1307.678757 243.119729 113.984563 243.459501
465 1309.643078 242.457369 113.649730 243.465608
