21 230.316867 316.518683 137.048283 117.926696
22 232.711639 310.195118 137.864116 118.570376
23 233.228592 302.952512 136.941991 120.507746
24 233.252337 303.198634 136.914847 120.908498
25 224.935351 304.581191 139.613283 119.086752
26 206.994236 300.700179 143.919369 117.990643
27 200.163757 297.174354 145.093428 116.123255
28 189.946272 296.842031 146.230077 115.434588
29 174.442287 294.235453 145.988384 115.369203
30 164.919108 296.880340 145.864502 116.868188
31 158.485447 296.434111 146.289027 116.818632
32 143.884937 290.959692 148.800281 116.659146
33 140.439166 290.763931 147.975989 117.776122
34 126.555120 286.343822 146.833087 118.540673
35 123.748662 283.684163 146.818951 118.803230
36 121.115089 282.753599 147.192292 118.373136
37 117.896657 273.920445 147.817788 118.231386
38 117.815278 273.971288 147.870268 118.434188
39 117.835027 274.038470 148.307799 118.989211
40 115.161609 269.500136 149.986663 119.867060
41 111.114394 263.370552 152.475986 120.938616
42 101.556559 254.877645 156.378113 123.660699
43 89.124029 249.846077 154.623517 125.324504
44 87.772686 241.578416 153.425353 126.435072
45 78.508855 237.513561 153.605115 125.293367
46 72.740937 230.661546 153.920068 124.383855
47 44.979933 182.297119 156.114545 127.105189
48 50.548900 183.688457 155.071200 130.265966
49 58.652504 208.407826 151.167700 132.450513
50 47.589785 214.139842 155.900565 129.866859
51 45.052344 178.476617 152.258600 132.403025
52 28.756566 155.177416 152.455802 137.522327
53 74.742396 162.669821 148.749572 138.945656
54 103.467370 179.631414 151.403778 135.835722
55 130.681053 203.493372 149.695641 140.705194
56 108.524560 187.589408 149.332126 147.239339
57 93.478724 164.222757 149.575065 147.739373
58 78.306863 142.708189 149.710772 147.696809
59 36.852236 132.063455 153.392154 144.730390
60 50.891813 75.859690 156.855763 147.890729
61 71.574374 49.596018 153.294679 153.506048
62 37.548615 86.610763 153.287901 156.263680
63 27.375046 83.404647 151.638466 159.359631
64 26.275778 80.783105 151.813228 160.446009
65 38.943154 53.672455 148.134319 162.250850
66 43.813198 54.562948 146.466583 159.042201
67 40.171557 49.260877 145.237718 156.560895
68 0.000000 86.300190 132.075502 174.101166
69 7.593461 59.905621 124.270495 190.716756
70 6.047443 10.738861 118.531996 199.509913
71 61.177449 111.271419 131.038840 196.081696
72 112.896022 215.013798 131.237935 199.765299
73 75.211353 211.301650 135.394134 200.212574
74 42.095146 220.196454 138.406358 204.939572
75 12.409863 205.269927 139.351604 208.756653
76 0.780174 131.400519 132.198433 225.223922
77 14.764332 54.874679 129.336038 230.460420
78 1.452396 38.524770 127.104016 229.200699
79 0.000000 42.420690 119.877061 227.705488
80 11.570907 44.686290 116.084782 222.584735
81 37.250781 125.691823 121.484616 215.708163
82 20.187700 126.924420 124.407182 208.152631
83 32.942815 128.103028 125.540536 202.423356
84 63.375514 140.942632 141.227333 188.137389
85 43.505272 133.113781 151.055200 188.463363
86 94.778330 129.176034 159.637525 183.958108
87 4.651470 121.053793 164.342369 188.376084
88 20.809493 119.438421 162.189033 187.785648
89 14.334682 116.145222 156.058679 189.679381
90 6.347584 112.053119 151.429088 194.782561
91 3.814351 117.695634 143.544963 197.103885
92 2.553105 134.063098 135.682931 197.801992
93 7.121125 130.319963 129.982627 197.393288
94 8.553242 118.893354 124.579145 196.036694
95 14.840995 89.987406 122.450483 196.652700
96 15.538859 106.806218 119.488442 203.261093
97 10.090796 115.758038 115.523087 204.568429
98 11.259215 130.847983 113.572977 206.793019
99 0.000000 139.468536 112.069843 205.231399
100 15.548946 159.537528 110.156415 205.260953
101 21.036731 195.011847 107.035194 195.330408
102 16.385513 223.682758 106.939626 183.151420
103 13.160870 226.296966 107.827672 179.645038
104 6.637707 217.126696 110.623463 176.553108
105 10.255066 222.301275 110.305694 172.398047
106 38.591822 253.778207 112.883908 170.977964
107 91.857986 257.536577 124.021470 166.461800
108 93.069296 264.775140 134.841959 161.510237
109 89.879957 268.806152 140.989394 160.960811
110 90.131867 268.191666 144.124413 160.517741
111 85.586144 271.166157 147.611637 159.508804
112 81.135043 274.774037 151.929472 159.166267
113 75.694304 275.904869 151.969551 158.858586
114 69.463629 276.579899 151.877699 158.911885
115 69.746219 276.146415 152.457301 159.326302
116 63.315548 278.520953 156.872935 157.097741
117 59.887458 281.380989 163.747239 155.898393
118 53.920800 286.739061 164.821192 155.952102
119 57.447636 294.168485 167.210557 156.631773
120 65.414256 315.642988 171.174030 157.509453
121 55.661481 321.449752 180.068082 163.491741
122 74.619944 332.568285 201.615652 162.781073
123 105.099451 332.485023 228.817096 165.254118
124 101.825284 331.720145 232.363676 167.085378
125 92.189742 331.639596 238.612489 169.314707
126 82.806423 331.980379 247.460500 170.898649
127 69.910784 331.951513 250.272118 174.021344
128 59.168398 333.208118 253.730427 176.698166
129 50.898647 333.534849 255.365748 178.450831
130 50.114814 334.443520 257.915183 180.123228
131 36.033219 337.263735 258.874590 185.127790
132 30.888660 338.861325 259.087142 186.951165
133 14.465265 342.619774 256.748076 188.615208
134 13.111801 344.221330 255.531628 189.589733
135 11.516519 346.249154 253.944482 190.241193
136 10.857426 346.495974 253.171417 190.572307
137 10.586918 346.886608 252.966613 190.944653
138 10.695178 347.496566 252.734158 190.616880
139 13.265505 349.033198 251.370446 190.151072
140 14.984413 349.619447 250.644638 189.625635
141 24.094007 350.102888 250.228120 188.530538
142 26.683163 349.475375 248.897490 187.501907
143 26.835377 348.528202 247.394559 186.042745
144 24.243391 348.018425 246.575607 184.912615
