31 519.502598 406.997568 88.762708 282.070469
32 520.356441 398.970639 88.380822 289.261323
33 521.324825 391.843339 88.012547 296.817345
34 521.627375 381.526060 88.081236 308.066860
35 522.045605 377.495289 88.214449 314.115676
36 522.673766 372.848101 88.094331 321.846080
37 523.113432 371.542435 88.392267 325.313964
38 523.342686 371.279710 88.412557 326.567414
39 523.668338 370.651042 88.361516 327.886313
40 524.045345 370.035291 88.345666 328.868003
41 525.095772 368.409110 87.914491 330.968194
42 525.294960 368.342182 87.836140 331.628334
43 525.453668 368.943627 87.886683 332.203539
44 525.586222 369.356395 87.789206 332.736031
45 525.630809 370.042895 87.770067 332.705800
46 525.797707 371.096921 87.916060 332.258498
47 525.988570 372.342145 87.902141 331.595180
48 526.121490 373.534942 87.985381 331.177643
49 526.146604 374.281807 87.908863 331.093725
50 526.235057 376.815709 87.414022 330.432290
51 526.172912 377.125292 87.133436 330.283969
52 526.063505 377.941096 87.169652 330.018769
53 525.753522 381.090405 86.928805 330.244192
54 525.339656 386.627810 86.299885 329.475761
55 525.732609 387.944275 86.194154 328.640298
56 528.650456 390.936581 84.828188 327.806916
57 532.347551 393.473786 82.873217 326.040119
58 541.581437 399.121988 80.066473 319.798096
59 550.426396 396.466622 77.018011 320.774994
60 559.012286 393.249309 73.731131 321.621611
61 566.144758 388.834621 70.197431 323.459873
62 575.496556 386.294901 67.157957 323.334498
63 584.147815 387.945364 64.381842 321.977454
64 593.857785 389.156334 61.462301 320.725620
65 603.980812 393.560111 59.190782 317.682965
66 614.516269 392.286353 56.678457 319.032932
67 623.876198 391.903892 54.517266 315.312629
68 632.018457 398.777688 52.600776 307.074474
69 640.014143 406.547364 50.269914 295.876639
70 644.927287 409.053995 47.828019 283.549339
71 649.540519 404.953846 46.204825 272.919684
72 652.037310 399.929043 45.414187 263.819664
73 652.784958 394.711849 44.995562 253.727053
74 655.136835 398.366809 44.545496 240.932556
75 657.692792 412.065574 47.203705 228.750032
76 648.497114 418.905330 49.701014 210.679974
77 648.648848 419.064850 49.986553 210.971094
78 648.615441 419.092352 50.048714 210.965037
79 649.765612 416.373210 51.223660 211.055035
80 649.935797 416.616982 51.528592 211.776100
81 651.045417 415.151633 53.087173 216.083934
82 651.331356 415.438042 53.548090 216.504831
83 652.047779 417.441223 55.046363 215.990159
84 652.657583 419.152203 56.699626 214.134089
85 652.942307 419.810696 57.297316 213.740283
86 652.690495 420.381259 57.705206 212.820667
87 652.833589 420.504219 58.000979 212.913506
88 653.072154 420.667375 58.527075 212.682422
89 653.290501 421.043221 59.047548 212.600570
90 653.516321 421.286244 59.494692 212.895570
91 653.519722 421.365374 59.490691 212.923724
92 653.525670 421.426060 59.489951 212.929696
93 653.533361 421.460715 59.483998 212.970820
94 653.544029 421.474807 59.483998 212.970820
95 653.554697 421.488899 59.483998 212.970820
96 653.565365 421.502992 59.483998 212.970820
97 653.576033 421.517084 59.483998 212.970820
98 653.586700 421.531176 59.483998 212.970820
99 653.597368 421.545269 59.483998 212.970820
100 653.608036 421.559361 59.483998 212.970820
101 653.618704 421.573453 59.483998 212.970820
102 652.680079 423.999451 60.579729 208.615301
103 652.063418 425.320468 61.284015 207.362892
104 650.686561 427.254101 61.672539 206.709905
105 649.036658 430.789340 63.154512 204.712781
106 649.185128 430.644699 64.019702 202.902446
107 642.643307 426.044426 64.965494 202.888431
108 642.118115 424.227684 64.740527 203.238055
109 642.575800 424.435907 64.988758 203.215693
110 642.584334 424.577585 64.982519 203.472121
111 642.598086 424.608757 64.988231 203.467105
112 642.606884 424.624730 64.982519 203.472121
113 642.625540 424.670914 64.993098 203.465115
114 642.657961 424.740659 65.000133 203.468910
115 642.910831 424.755729 65.482385 203.472121
116 642.930133 424.792210 65.490480 203.461642
117 643.530796 424.419294 65.379928 203.884992
118 645.294621 424.467489 65.406651 203.790344
119 645.610406 424.361698 65.430204 204.149356
120 645.677112 424.510945 65.463176 204.516889
