2 789.801334 312.564450 196.116844 332.576381
3 793.096076 317.477428 195.236026 328.258722
4 794.857493 327.656769 194.712379 318.939949
5 795.353701 331.462526 194.493251 315.587662
6 795.613793 333.982891 194.415157 313.956184
7 798.218513 336.502214 194.354966 311.681629
8 802.214693 340.060852 194.113328 308.902527
9 804.103581 340.281861 194.029737 308.357232
10 805.023428 340.012772 194.137924 308.238434
11 806.290193 340.423494 193.921309 307.929030
12 806.183369 340.118310 193.693277 307.809486
13 807.440906 340.262855 193.572121 307.774825
14 810.975770 341.158428 193.345462 307.370460
15 812.326669 341.654620 192.940838 306.944795
16 813.111197 342.072891 192.402756 306.505600
17 812.003911 343.206564 191.975964 306.155570
18 811.177837 344.388446 191.535809 305.591879
19 811.061107 345.569141 191.657657 305.367485
20 811.205555 346.698918 191.798868 304.918368
21 812.653154 347.549067 191.773700 304.679184
22 817.611156 348.886803 191.403854 304.429893
23 820.519093 349.964487 190.921624 303.911633
24 822.162765 350.034009 190.008839 303.731131
25 823.550309 350.120375 188.582648 303.789433
26 824.628033 350.771514 186.801000 303.593188
27 826.606288 352.030624 184.612610 303.488963
28 827.988590 353.359810 183.258797 302.893391
29 830.196075 355.295161 181.791430 302.001083
30 829.037318 355.506164 181.623286 301.241795
31 830.950114 354.739832 181.434478 301.007169
32 831.921622 354.489118 181.277767 300.370355
33 831.327553 355.473257 181.291450 299.390595
34 834.989238 354.855226 181.133019 299.452215
35 835.241022 351.753491 180.102465 301.069740
36 837.736010 352.199323 178.913918 301.658617
37 842.454752 352.083041 177.113509 303.138589
38 847.640557 351.429320 174.302489 304.779673
39 850.522107 348.603842 170.958165 305.282959
40 861.758573 352.983211 165.891572 304.361982
41 873.974203 348.665560 155.797431 310.282525
42 877.612779 350.028629 148.404652 309.949032
43 884.728335 343.478850 139.202315 313.324358
44 887.465776 348.780978 133.596119 310.793452
45 889.594320 350.258677 129.620882 309.009878
46 891.733249 350.856885 126.373065 308.387519
47 893.155748 351.350334 123.984322 307.139918
48 894.495304 351.023162 121.912558 306.394195
49 897.070362 353.078956 120.310873 303.899966
50 897.536133 356.109870 119.449594 300.759917
51 897.104277 359.425907 119.222856 297.815545
52 896.747242 360.008882 118.890531 297.313925
53 896.028827 360.374800 118.513304 296.788208
54 895.568458 360.404688 118.772566 296.540512
55 895.447625 360.700371 118.869087 296.460001
56 895.625900 364.224826 118.761881 290.841841
57 896.586983 369.658514 118.232015 284.554186
58 897.480632 381.785675 117.955584 270.575071
59 897.917695 397.058083 116.947620 256.537454
60 898.159006 396.894362 116.477745 256.810640
61 903.479793 392.934986 112.916582 257.863614
62 906.732495 384.045138 109.749241 262.295506
63 917.166472 360.577595 104.025246 272.446990
64 914.239847 337.682989 102.666046 283.927097
65 912.360248 337.945067 102.870275 283.166438
66 915.702170 347.877438 102.856871 276.923953
67 926.225792 359.336888 104.406494 271.061693
68 926.945527 366.800190 106.765722 261.870941
69 928.368140 372.572557 110.360041 257.871544
70 927.455852 384.364293 115.935943 251.339973
71 925.791549 400.907787 122.505840 234.362423
72 926.185761 407.166860 126.818741 228.787471
73 925.042939 408.711942 129.466492 227.699184
74 921.766723 409.641506 130.563138 226.619325
75 920.946768 409.807900 131.344255 226.655812
76 922.048498 411.619601 133.594179 225.249034
77 922.181181 413.102911 134.389236 223.978109
78 928.204415 418.724933 134.068284 220.385103
79 938.461512 424.957827 125.802124 221.889123
80 942.849944 429.196418 121.232498 222.243928
81 948.962649 432.148800 117.348651 220.813006
82 961.137089 438.419458 112.974712 214.995537
83 960.470683 439.758765 109.443026 213.841411
84 962.144642 438.999571 105.541285 215.931187
85 966.143641 437.092230 100.239714 217.851790
86 972.483615 432.829135 93.205758 220.795239
87 976.953351 430.518333 86.716850 229.030412
88 980.111749 419.372360 83.796786 245.162442
89 983.978542 383.047078 82.172642 277.098043
90 982.375830 398.905226 82.489390 274.463759
91 976.717159 407.726828 84.367016 269.364316
92 974.867514 413.622207 85.956188 265.992076
93 972.433082 421.491373 86.461643 262.908954
94 973.406946 416.522287 86.735587 262.719173
95 971.602051 422.767770 88.792170 256.788207
96 973.730487 424.756003 91.313985 252.352608
97 974.448394 427.711061 94.426283 245.602482
98 974.065495 433.333440 98.143466 236.243786
99 972.333902 436.539850 100.645933 231.619285
100 971.145030 436.495027 102.423679 230.933198
101 974.138515 429.332644 104.714231 230.147036
102 977.036026 413.641214 107.615047 233.603270
103 980.305049 394.930960 109.568096 245.554812
104 986.626015 371.275054 112.538471 266.173494
105 992.502776 370.131142 121.984099 273.006754
106 1002.359345 382.593669 136.128874 268.587438
107 1002.370615 384.069853 139.454552 268.060107
108 998.237092 395.010380 142.993320 266.951084
109 998.453314 401.565220 143.511462 265.385397
110 1003.155958 410.911930 143.332100 263.742877
111 1011.976413 413.578535 140.212473 262.803211
112 1015.831627 413.670245 136.253657 263.557753
113 1021.714622 411.368885 130.264120 269.626859
114 1039.265426 416.180502 123.302162 269.807319
115 1042.639226 416.679071 121.783204 268.768827
116 1043.415364 419.916230 120.661303 265.115072
117 1041.698998 429.306785 118.239456 254.012064
118 1041.492313 432.591522 115.270304 250.793210
119 1041.141515 436.495371 113.095142 246.709360
120 1041.038280 439.205983 110.751345 243.266860
121 1042.010412 447.192711 109.316955 233.288116
122 1042.811424 453.555922 108.365533 225.174185
123 1044.073898 458.315599 107.043593 219.571597
124 1045.983250 459.167009 105.645419 218.357536
125 1046.603479 459.379896 105.647172 218.595354
126 1048.147861 459.606071 105.751173 219.019967
127 1049.336448 459.372810 107.047292 215.231814
128 1049.205761 456.904669 108.803485 211.533217
129 1042.715729 447.924058 108.955769 210.572010
130 1038.303353 458.778283 107.742183 222.501916
131 1039.217833 458.401353 106.593264 222.457587
132 1040.085176 458.313960 106.030957 222.286725
133 1043.889037 453.283416 106.107350 222.562342
134 1043.622108 440.061945 106.028143 225.394636
135 1033.917492 416.639794 107.648009 231.475838
136 1026.544701 402.216021 105.051505 259.349937
137 1038.502279 414.945023 103.247560 276.400702
138 1041.290319 417.810694 102.606525 274.864918
139 1043.615977 420.694623 101.685708 274.359770
140 1046.085821 418.960460 103.925700 274.840698
141 1046.287003 416.485196 105.855504 277.214003
142 1047.369206 418.074081 107.277124 276.514940
143 1049.106647 423.497047 111.700628 269.203061
144 1049.806679 424.532835 113.125153 265.811266
145 1050.295990 423.445357 113.852772 266.351762
146 1054.077961 420.080897 117.500345 264.205165
147 1078.944158 413.878921 124.353206 263.161313
148 1073.387903 349.953306 133.709126 259.598717
149 1095.878817 229.974664 134.377716 262.924559
150 1097.413061 230.134269 131.613154 261.726743
151 1098.727924 229.428872 128.808909 257.508081
152 1099.055111 229.868582 128.155071 256.914916
153 1099.153986 229.916038 126.601843 254.637597
154 1096.786082 229.299829 124.994987 253.158905
155 1094.028137 228.986357 122.923177 252.050815
156 1093.168385 229.264516 122.112969 251.832868
157 1090.105068 229.165206 120.662873 250.918569
158 1090.110411 229.266973 120.848447 250.859429
159 1086.574459 229.547379 119.745493 249.919186
160 1084.234949 229.288762 119.242332 249.449158
161 1081.504082 229.254233 118.688826 248.783070
162 1078.562319 229.309744 118.311314 248.188179
163 1077.639737 229.338155 118.177197 248.217581
164 1075.251556 229.110777 117.921330 247.814038
165 1071.881737 228.636237 117.402599 246.954136
166 1070.750850 228.575558 117.159829 246.533490
167 1066.588004 228.299750 116.742418 245.989105
168 1066.531015 228.342347 116.914987 245.913724
169 1064.285436 228.592570 116.628578 245.589654
170 1064.207043 228.798047 116.893201 245.917842
171 1062.054452 228.828816 116.482470 245.735637
172 1060.773394 229.017255 116.134354 246.028528
173 1055.518227 230.268352 115.364632 248.256829
174 1054.983796 230.053249 115.143760 248.501446
175 1048.077989 228.489149 114.586542 246.507093
176 1047.099920 228.329890 114.652058 246.535657
177 1037.090614 227.369268 115.159513 242.925349
178 1030.001286 228.254356 115.749257 242.544370
179 1021.945411 227.432688 116.365869 240.782371
180 1014.840391 226.159329 116.607087 239.227750
181 1003.897291 226.984917 117.519973 236.881542
182 995.290849 227.739895 118.136278 234.854938
183 987.296792 229.208765 118.531982 232.608127
184 979.106325 229.431022 118.745403 231.615645
185 974.649584 226.689547 118.138910 232.209836
186 974.019110 226.375372 117.874634 232.638747
187 967.594126 222.589564 116.590073 233.789887
188 967.735863 222.647277 116.940745 234.015275
189 966.591971 222.302001 116.478777 234.508040
190 962.942437 219.177325 115.839292 234.283565
191 962.967599 219.250152 115.951347 234.504752
192 962.892594 219.430452 115.920294 235.009727
193 960.443795 217.206309 115.474221 235.105013
194 960.393992 217.359636 115.446991 235.504997
195 959.130830 216.140274 115.124341 235.784735
196 958.837741 215.677452 115.345829 235.936959
197 956.899308 213.259780 115.100681 235.611050
198 957.043953 213.415172 115.454822 235.996568
199 956.929285 213.217141 115.431333 235.960996
200 956.706761 212.542323 115.413345 235.825449
201 956.616003 212.186655 115.421717 235.895805
202 956.644973 211.945118 115.448709 235.923196
203 956.666295 211.912253 115.484926 235.933774
204 956.832508 210.493210 115.395342 235.525333
205 957.920048 207.346108 115.071943 235.669815
206 960.910414 205.450519 114.506023 236.285126
207 967.470132 201.572853 113.317733 236.706587
208 974.348594 199.612142 112.616258 236.927334
209 979.132022 198.827883 112.479963 236.750722
210 986.852629 198.729847 111.917446 236.418155
211 986.901175 198.772811 111.992529 236.471976
212 986.911576 198.788345 111.992149 236.472247
213 986.920313 198.792613 111.989944 236.482588
214 986.950949 198.760383 111.979807 236.494271
215 987.407993 198.319760 111.836445 236.544365
216 988.301416 196.940672 111.809646 237.044831
217 988.699184 196.595387 111.901867 237.392244
218 989.635598 194.909322 111.733270 237.595684
219 990.201876 193.366114 111.828060 237.978755
220 990.287456 193.380186 111.993938 237.971015
221 990.325003 193.133249 111.979038 237.973512
222 990.761170 189.258443 111.820290 237.961755
223 990.927844 189.099788 111.960490 237.976429
224 991.491772 187.607743 111.815376 238.083924
225 991.874584 187.371648 111.900382 238.487411
226 992.863175 185.682873 111.740186 238.664845
227 993.205285 185.542884 111.919518 238.989105
228 993.256330 185.537676 111.987786 238.971406
229 993.415439 185.047488 111.946525 239.112448
230 993.913589 183.852630 111.845123 239.801403
231 996.018978 182.205045 111.600925 240.079960
232 996.217842 182.420489 111.993880 240.472672
233 996.221234 182.436768 111.993495 240.473073
234 996.731280 181.598107 111.843473 240.637994
235 998.961368 179.660118 111.628809 241.268747
236 999.146291 179.781192 111.993880 241.472558
237 999.527069 178.928823 111.918289 241.743141
238 1000.592172 177.910531 112.068990 242.287240
239 1000.811030 178.020310 112.493268 242.471994
240 1001.026076 177.585611 112.561058 242.649745
241 1001.722107 176.868494 113.036931 243.262159
242 1002.000353 176.932738 113.490523 243.488447
243 1004.016639 175.680476 113.114301 243.732533
244 1004.239353 175.803203 113.489046 243.971820
245 1007.203815 175.472750 113.171285 243.954380
246 1007.378499 175.496654 113.492077 243.970587
247 1011.680741 175.580250 113.190330 244.042618
248 1011.834894 175.814456 113.493798 244.472217
249 1011.847580 175.829746 113.492190 244.470643
250 1013.183960 175.883772 113.280263 244.529974
251 1016.669173 176.199745 112.925473 244.984766
252 1016.707853 176.212047 112.993496 244.971833
253 1017.466334 176.345467 112.910760 244.929449
254 1017.687533 176.444809 112.976771 244.948293
255 1020.527720 176.865882 112.458356 244.839716
256 1020.786218 177.012719 112.476751 244.964988
257 1025.547643 177.667798 111.932364 244.653111
258 1025.580788 177.846769 111.993880 244.972161
259 1025.583176 177.866214 111.993880 244.972161
260 1025.947798 177.985826 111.923539 244.920547
261 1030.926585 179.158253 111.345619 244.317706
262 1031.003105 179.254915 111.493907 244.472217
263 1031.005482 179.274320 111.493907 244.472217
264 1031.007859 179.293726 111.493907 244.472217
265 1031.010235 179.313132 111.493907 244.472217
266 1031.012612 179.332538 111.493907 244.472217
267 1031.014988 179.351944 111.493907 244.472217
268 1031.017365 179.371350 111.493907 244.472217
269 1031.019741 179.390756 111.493907 244.472217
270 1031.022118 179.410161 111.493907 244.472217
271 1031.024495 179.429567 111.493907 244.472217
272 1031.179531 179.519356 111.463830 244.455744
273 1032.005429 179.903638 111.322655 244.427262
274 1032.450653 180.139673 111.398514 244.468335
275 1034.145686 181.091499 111.269844 244.323313
276 1034.260094 181.185357 111.493907 244.472217
277 1034.262471 181.204763 111.493907 244.472217
278 1034.264847 181.224169 111.493907 244.472217
279 1034.346140 181.293124 111.474793 244.471938
280 1035.650726 181.808338 111.248928 244.327778
281 1035.775592 181.899963 111.493907 244.472217
282 1037.428342 182.452217 111.202959 244.344928
283 1039.353534 182.986295 111.271784 244.208102
284 1039.466972 183.137758 111.493907 244.472217
285 1040.625095 183.543439 111.342715 244.298690
286 1042.886150 184.196260 111.159889 244.228901
287 1043.055536 184.337325 111.493907 244.472217
288 1043.096321 184.372481 111.491536 244.463858
289 1043.386141 184.517818 111.446242 244.441030
290 1044.936418 185.088405 111.292993 244.248709
291 1045.039252 185.219565 111.493907 244.472217
292 1045.055069 185.245920 111.490249 244.468836
293 1047.090113 185.991684 111.188636 244.215948
294 1047.674069 186.374496 111.410934 244.422155
295 1052.091557 188.175848 110.848482 243.896349
296 1052.166649 188.233177 110.993934 243.972274
297 1052.169015 188.252543 110.993934 243.972274
298 1054.090536 189.321172 110.814818 243.819172
299 1054.182461 189.417090 110.993934 243.972274
300 1055.129110 189.980733 110.878761 243.885897
301 1057.171421 190.783216 110.766996 243.752260
302 1058.720740 191.777104 110.839774 243.784628
303 1059.170837 192.199221 110.950882 243.897555
304 1063.040518 194.202442 110.672873 243.363017
305 1063.203415 194.276426 110.993934 243.472331
306 1065.354807 194.964266 110.676186 243.218143
307 1065.562243 195.132004 110.982872 243.458421
308 1067.814173 196.049928 110.719006 243.168042
309 1068.571954 196.490402 110.865545 243.409051
310 1070.867621 197.516076 110.710802 243.296924
311 1072.970839 198.311405 110.685163 243.251931
312 1075.702721 199.394182 110.755352 243.113006
313 1075.827919 199.595528 110.993601 243.471158
314 1078.002485 200.370840 110.796986 243.252013
315 1078.147743 200.521365 110.990145 243.461556
316 1079.276664 200.939981 110.902500 243.267966
317 1080.528955 201.462255 110.978257 243.250236
318 1080.539160 201.592629 110.993934 243.472331
319 1080.583810 201.632066 110.996904 243.463600
320 1080.983797 201.787496 110.984301 243.409748
321 1083.256877 202.292661 110.942202 243.158231
322 1083.285110 202.469038 110.993934 243.472331
323 1083.547711 202.585722 111.011734 243.427501
324 1083.792859 202.626779 111.493647 243.472064
325 1084.421316 202.794105 111.433870 243.395594
326 1089.391043 203.606444 111.327748 243.066643
327 1089.476499 203.828614 111.493907 243.472331
328 1089.501403 203.848185 111.492892 243.468697
329 1091.254029 204.213455 111.537095 243.405034
330 1092.294339 204.348891 111.915186 243.517776
331 1093.484916 204.732274 112.115858 243.985294
332 1094.692643 204.769412 112.463114 244.004677
333 1097.519053 204.824344 112.461167 244.428707
334 1098.369879 204.933451 112.527680 244.498916
335 1100.253925 204.999970 112.864685 244.477977
336 1106.763700 205.677065 112.385717 244.265381
337 1106.820166 205.799889 112.493852 244.472217
338 1108.343682 205.859529 112.428219 244.501702
339 1109.752928 206.151716 112.449113 245.016332
340 1113.727769 206.718565 112.410044 245.349527
341 1113.783851 206.794551 112.492007 245.470266
342 1115.919576 206.866674 112.511539 245.398307
343 1116.800122 207.004698 112.919731 245.479291
344 1121.478891 207.572403 112.493116 245.320413
345 1121.481657 207.667734 112.493852 245.472104
346 1124.765813 208.284617 112.147826 245.213908
347 1125.011595 208.451298 112.489518 245.469294
348 1126.805762 208.624921 112.290584 245.415129
349 1127.112194 208.704442 112.461408 245.473778
350 1130.535910 208.846604 112.001302 245.401433
351 1130.784583 208.901425 112.493852 245.472104
352 1130.786981 208.920910 112.493852 245.472104
353 1130.803707 208.934659 112.491669 245.469903
354 1130.836728 208.956568 112.499126 245.470734
355 1130.907433 208.998793 112.492087 245.462153
356 1130.937858 209.029657 112.493885 245.467246
357 1130.940240 209.051571 112.493852 245.472104
358 1130.942637 209.071056 112.493852 245.472104
359 1130.945035 209.090541 112.493852 245.472104
360 1130.947433 209.110026 112.493852 245.472104
361 1130.949831 209.129512 112.493852 245.472104
362 1130.952229 209.148997 112.493852 245.472104
363 1130.954627 209.168482 112.493852 245.472104
364 1130.957025 209.187967 112.493852 245.472104
365 1130.959423 209.207453 112.493852 245.472104
366 1130.961821 209.226938 112.493852 245.472104
367 1130.964218 209.246423 112.493852 245.472104
368 1130.966616 209.265908 112.493852 245.472104
369 1130.969014 209.285393 112.493852 245.472104
370 1130.971412 209.304879 112.493852 245.472104
371 1130.973810 209.324364 112.493852 245.472104
372 1130.976208 209.343849 112.493852 245.472104
373 1130.978606 209.363334 112.493852 245.472104
374 1130.981004 209.382820 112.493852 245.472104
375 1130.983402 209.402305 112.493852 245.472104
376 1130.985800 209.421790 112.493852 245.472104
377 1130.988197 209.441275 112.493852 245.472104
378 1130.990595 209.460760 112.493852 245.472104
379 1130.992993 209.480246 112.493852 245.472104
380 1130.995391 209.499731 112.493852 245.472104
381 1132.975167 208.851474 112.369301 245.319746
382 1137.042936 207.369497 112.174031 245.212012
383 1137.977806 207.405991 112.533356 245.457330
384 1147.965280 207.125841 112.362860 244.751262
385 1150.318984 207.659250 112.646803 244.562175
386 1162.232501 208.816805 112.606533 243.858993
387 1170.886410 210.464072 113.090889 242.315196
388 1183.278835 213.291230 112.798364 239.221284
389 1200.409312 214.045648 112.205059 237.555988
390 1218.662246 215.742387 111.692854 235.816381
391 1238.118029 219.057338 111.407132 233.703190
392 1254.550308 220.797118 111.742028 232.920866
393 1268.344937 222.862294 111.879105 232.830101
394 1277.219236 223.678646 112.194952 232.401299
395 1284.220367 224.787563 112.609826 232.450033
396 1291.190787 224.883289 112.936618 233.357172
397 1294.430648 224.893955 112.573993 234.417454
398 1297.890331 225.372315 112.559246 234.822898
399 1304.975449 227.620390 112.006308 235.078204
400 1307.972326 227.994093 112.091880 235.772540
401 1313.588799 229.434256 112.077064 235.943486
402 1314.213590 229.596856 112.357022 236.056537
403 1321.767563 232.563976 111.751878 236.368102
404 1322.336686 232.795508 111.871869 236.553217
405 1326.422643 234.308360 111.604210 236.919073
406 1326.648512 234.364430 111.983369 236.989637
407 1332.412297 236.201035 111.036202 237.048346
408 1332.643526 236.432219 111.493907 237.473013
409 1332.645902 236.451070 111.493907 237.473013
410 1332.648279 236.469920 111.493907 237.473013
411 1332.637731 236.622030 111.487660 237.458098
412 1332.040797 237.560953 111.579980 237.426615
413 1325.106654 242.309952 112.047360 236.193335
414 1324.770536 242.970229 112.523196 236.342672
415 1316.757848 246.851045 112.998777 235.404352
416 1316.756670 246.905180 112.992963 235.473296
417 1312.396819 248.213744 112.901222 235.115838
418 1312.439262 248.412260 112.990996 235.474026
419 1312.443085 248.430558 112.993825 235.473240
420 1312.445494 248.449250 112.993825 235.473240
421 1312.420730 248.476981 112.985834 235.472735
422 1312.055694 248.630443 112.969648 235.453779
423 1308.335841 249.689106 112.795284 235.269918
424 1308.141764 249.866336 112.947341 235.493330
425 1304.415543 249.940776 112.836623 236.067809
426 1304.496552 250.162206 112.993825 236.473126
427 1304.498961 250.180977 112.993825 236.473126
428 1304.361226 250.236320 113.009015 236.477107
429 1299.814130 250.415108 113.482411 236.522363
430 1293.549054 250.343951 113.911580 237.747959
431 1291.254379 250.632383 113.697136 238.010997
432 1284.581092 249.927684 113.927550 238.988929
433 1284.616632 249.938610 113.993770 238.972842
434 1284.619062 249.957579 113.993770 238.972842
435 1284.621492 249.976549 113.993770 238.972842
436 1284.623922 249.995518 113.993770 238.972842
437 1284.626352 250.014487 113.993770 238.972842
438 1284.628781 250.033457 113.993770 238.972842
439 1284.631211 250.052426 113.993770 238.972842
440 1284.633641 250.071395 113.993770 238.972842
441 1284.636071 250.090365 113.993770 238.972842
442 1284.638501 250.109334 113.993770 238.972842
443 1284.640931 250.128303 113.993770 238.972842
444 1284.643361 250.147273 113.993770 238.972842
445 1284.651438 250.139836 113.989797 238.991020
446 1284.673163 250.073464 113.981039 239.026052
447 1286.022185 249.069742 113.480916 240.008224
448 1287.751298 247.737459 113.009084 240.930896
449 1288.015600 247.767609 113.489923 240.970593
450 1291.743267 246.073153 112.544537 241.374184
451 1291.970336 246.141496 112.993820 241.472570
452 1293.652235 245.925843 112.787929 241.565271
453 1293.775184 246.141650 112.991072 241.969801
454 1294.655257 245.989358 112.838067 241.993676
455 1295.579750 246.007787 112.919882 242.007235
456 1295.647958 246.241033 112.988081 242.471392
457 1296.642727 245.798910 112.853558 242.558048
458 1296.744145 246.006040 112.988539 242.971808
459 1298.283019 245.380896 112.726524 243.004774
460 1302.198947 244.209751 112.346970 243.411397
461 1302.274787 244.259545 112.493852 243.472331
462 1303.002502 243.999627 112.365991 243.523861
463 1310.306192 242.155854 111.616459 243.630967
464 1310.497290 242.345874 111.993880 243.972274
465 1310.499677 242.365240 111.993880 243.972274
