2 178.809561 378.459537 62.576036 61.963669
3 184.934182 375.395949 63.051577 61.182718
4 190.816273 372.843643 63.632489 60.606640
5 196.236045 369.831347 64.406616 59.885229
6 202.974882 366.716991 64.300667 59.646126
7 217.570169 359.820256 64.320742 59.826455
8 222.152099 356.720010 64.032644 59.471821
9 227.381489 353.542288 63.892265 59.109042
10 234.755331 350.771840 63.321140 59.318454
11 241.597598 347.544288 63.196418 58.794521
12 257.445227 344.109102 63.445722 57.875559
13 262.537927 339.929686 62.698865 58.163566
14 269.221464 338.050415 62.307390 58.571587
15 275.717341 334.908969 62.124169 58.679918
16 285.542514 331.308940 62.278345 58.603530
17 299.350209 327.180504 62.345010 58.209556
18 302.643314 324.637618 62.095344 58.248814
19 312.556646 321.910007 61.871862 58.571634
20 317.102673 319.899432 61.225792 58.848268
21 323.493868 316.708564 60.746361 58.490991
22 335.228803 310.257190 59.798783 58.200151
23 335.596091 310.065518 59.834716 58.425041
24 340.484676 307.315556 59.345057 58.348366
25 345.380895 304.166198 58.673041 58.432971
26 347.430052 303.095192 58.387331 58.505041
27 358.572962 297.952249 58.209761 58.428045
28 358.985876 297.667509 58.308593 58.402504
29 364.516952 294.033629 57.355773 58.532001
30 368.183415 292.145589 57.030708 58.710856
31 373.942040 290.592294 56.369887 58.854218
32 383.685063 287.898941 56.498119 58.440427
33 384.278367 287.423025 56.226029 58.417643
34 390.596233 283.534097 54.847908 58.547014
35 392.815973 282.040090 54.451926 58.807840
36 399.951419 279.578549 53.681941 58.414164
37 405.958537 275.552946 52.287003 58.034048
38 408.751028 274.177986 51.854455 58.234080
39 414.650146 269.942197 50.992875 57.905714
40 416.236009 269.021493 50.550805 57.645172
41 422.831964 264.986548 49.957890 57.240086
42 434.393861 263.248233 50.382166 55.505369
43 437.538309 262.191361 49.729971 55.694207
44 444.892910 260.571304 49.438844 55.411810
45 449.279019 259.330083 48.468036 55.361522
46 452.493576 258.202901 47.825189 55.223647
47 462.425991 254.090784 48.012090 53.633493
48 463.589469 253.188608 47.986326 53.933647
49 468.199291 249.340277 46.405813 53.961392
50 472.537631 247.274730 44.962472 53.536597
51 473.633356 246.225233 44.650510 53.741983
52 484.645262 242.077116 45.162909 52.622487
53 489.121605 240.127428 43.856339 52.844876
54 493.497679 236.439311 42.600952 52.566685
55 498.413746 235.470566 41.866986 51.181832
56 502.811924 240.113312 40.597422 51.497137
57 507.133115 237.400996 40.639672 51.080751
58 510.679473 236.500762 40.324298 51.460330
59 512.361258 235.810920 40.086824 51.412508
60 517.288431 233.482695 40.309177 50.441333
61 521.522547 232.464139 40.240631 50.054127
62 533.572455 232.435152 40.474867 49.207843
63 536.361953 230.371607 39.802504 49.504775
64 541.740707 227.502943 39.552643 49.345024
65 547.239445 226.167480 38.495289 49.640613
66 549.658663 224.602009 37.894155 49.879229
67 558.290007 222.153048 37.229007 48.766890
68 561.193836 222.022233 36.197305 49.119928
69 562.480842 221.881515 36.041348 49.417709
70 565.972479 220.541509 35.462224 49.423766
71 568.881039 219.241526 34.588596 49.301125
72 575.867123 216.958247 34.183206 48.171421
73 577.663617 216.524211 33.798465 48.322866
74 579.794809 215.171494 33.410452 48.396317
75 582.858974 214.209615 32.748993 48.509369
76 583.839931 213.975366 32.737528 49.014297
77 590.936791 210.889005 33.270486 48.076458
78 592.563761 210.153390 33.089622 48.589148
79 594.159986 208.767303 33.242304 48.736522
80 598.314311 205.957283 33.604874 47.757275
81 601.791131 204.862005 33.831564 47.254536
82 608.084729 200.430771 34.499240 46.572855
83 610.991806 200.565743 34.267450 46.989260
84 613.918393 200.372185 34.074914 46.895465
85 617.190867 201.028631 33.943580 46.805505
86 620.335195 201.496847 33.232419 47.018227
87 624.940926 199.782721 32.701636 46.775649
88 625.468402 199.542626 32.793665 46.928261
89 627.827469 197.205972 32.024895 46.453235
90 630.432093 196.526060 31.569430 46.164732
91 630.839845 196.302351 31.841747 46.368860
92 632.949371 194.485721 31.225259 46.113674
93 633.149648 194.526852 31.429727 46.429583
94 634.096695 193.101222 31.128913 46.439297
95 635.642488 191.479566 31.001686 46.359699
96 637.428703 187.580822 30.749597 46.352721
97 638.801264 185.868253 30.618911 46.317089
98 639.233392 185.625261 30.892707 46.461082
99 641.027111 183.890285 30.584902 46.308623
100 642.140563 182.681376 30.766306 46.097881
101 643.465082 181.544621 30.683694 46.105941
102 645.173127 179.651477 30.523940 45.664101
103 647.097281 177.718204 30.207386 45.170729
104 647.481410 177.128105 30.323293 45.092923
105 647.922676 176.442457 30.282913 45.076985
106 649.408020 174.606361 30.128791 44.900229
107 650.097298 172.788046 30.246985 44.699118
108 651.632593 171.291003 30.093105 44.647959
109 651.810968 171.393363 30.476781 44.949424
110 651.231105 170.404570 30.139080 44.594712
111 649.115729 166.918765 29.409916 43.486397
112 649.225285 162.689100 29.009105 43.281095
113 649.478707 162.378830 29.391136 43.436196
114 649.396578 160.421395 29.225498 43.335876
115 649.414970 157.869602 29.195249 43.462377
116 648.745396 154.661127 29.220341 43.165692
117 647.019449 151.209466 28.752797 42.821086
118 647.038578 151.121936 28.920114 42.934748
119 646.560159 150.523316 28.827911 42.745625
120 644.656611 148.806657 28.800246 42.497533
121 644.728483 148.756365 28.969630 42.482638
122 644.545408 147.733331 28.788083 42.214330
123 644.198312 146.467457 28.748197 42.109551
124 644.603318 144.793777 28.521810 41.910397
125 643.887357 143.317330 28.074650 41.268017
126 644.016533 142.509034 27.612308 41.006914
127 642.027875 139.706366 26.696138 40.503890
128 641.727251 138.935252 26.496188 40.780874
129 639.833037 137.546301 25.703460 39.790549
130 639.670685 136.520693 25.561833 39.730995
131 638.538137 135.567540 25.308197 39.122786
132 634.518177 131.141250 24.572047 38.682686
133 631.967734 129.095265 24.263293 37.840032
134 629.607062 125.975582 23.768307 37.313993
135 626.928974 123.460867 23.249337 37.011881
136 623.856675 121.483533 22.758164 37.013639
137 617.625012 118.336885 22.514831 37.435466
138 614.838416 117.002166 22.279272 36.157511
139 612.421543 116.541913 21.698447 35.114542
140 609.964576 116.267441 21.428444 34.415333
141 607.493595 114.013644 21.093508 34.348318
142 603.179687 111.485201 21.134154 34.253080
143 600.834624 111.059074 20.875027 33.546252
144 598.745153 109.914484 20.353269 33.196293
145 597.345629 108.624364 20.168284 33.092729
146 595.341654 107.598301 19.785134 32.784155
147 592.916380 106.367876 19.428657 32.591262
148 591.046104 106.465555 19.344013 32.336880
149 589.591237 104.944225 19.341880 31.888212
150 588.564189 104.015746 19.198319 31.356331
151 587.874964 102.635166 19.378661 31.216264
152 584.836575 102.611642 19.266836 30.390280
153 583.530353 102.680339 18.972827 29.713102
154 582.734424 102.507384 18.699809 29.744697
155 581.939141 101.133342 18.624943 29.170761
156 580.027837 99.180835 18.584047 29.196572
157 577.379721 95.519352 18.884554 29.593935
158 576.898621 94.618182 18.914607 29.706825
159 576.711572 94.433277 18.995587 29.709592
160 576.482144 94.338535 19.020551 29.829497
161 576.560702 93.804458 19.484328 29.667357
162 576.067209 92.531772 19.504680 29.777156
163 574.445799 89.884759 19.883701 30.336608
164 574.554699 89.555040 20.002697 30.317029
165 574.721184 88.780545 20.406487 30.438495
166 574.585905 88.651253 20.483694 30.480048
167 574.544852 88.010350 20.407883 30.418360
168 574.464687 87.764330 20.431282 30.436040
169 574.352925 86.483377 20.408364 30.556742
170 574.898546 84.405191 19.964776 31.030933
171 576.114057 85.424344 20.057266 30.320321
172 576.324527 85.284522 20.417753 30.509248
173 576.445009 85.275776 20.424705 31.005011
174 576.527516 85.747164 20.473557 31.440381
175 576.860296 86.359089 20.328113 31.448016
176 577.046253 86.638619 20.449523 31.397053
177 577.473297 85.036996 20.194709 31.558579
178 577.878155 82.703972 20.155091 31.916692
179 578.122545 82.646230 20.448299 31.901031
180 578.141163 82.620701 20.420863 31.994444
181 578.219053 81.992308 20.357601 32.029199
182 577.649009 79.690870 19.783697 32.275184
183 578.409716 78.517658 19.472097 32.144723
184 578.660390 77.388883 19.157230 32.252390
185 578.111552 75.895892 18.939563 31.993905
186 577.988826 75.919783 18.920758 31.869693
187 574.542582 72.894119 18.282572 31.906570
188 571.742007 70.337860 17.625644 32.536440
189 569.945386 68.031484 17.156594 32.186065
190 567.620394 68.521993 16.835130 32.203298
191 565.720963 68.093936 16.177051 31.621074
192 563.952072 68.788431 15.976318 31.676587
193 562.474740 68.324106 15.488013 31.377209
194 559.814392 67.255743 14.982886 31.193481
195 557.954848 66.562740 14.559488 29.924378
196 556.120467 66.298039 14.600573 29.443464
197 553.130628 67.658791 14.647596 29.044809
198 551.649501 68.008533 14.442264 28.685791
199 550.309254 68.892801 13.889232 27.975539
200 548.891295 68.819089 13.640095 27.087130
