2 278.758598 278.146341 42.274349 91.571468
3 280.099319 276.774014 40.897471 92.806155
4 280.826329 276.082317 39.941929 93.169179
5 278.868214 269.299214 37.552942 94.851082
6 279.017535 269.413437 37.808760 95.287253
7 277.515472 267.757091 36.951191 96.589495
8 277.534206 267.850253 36.934848 97.023709
9 277.551343 267.907193 36.882510 97.592109
10 275.978141 259.637888 35.654631 100.886795
11 276.090858 259.524484 35.827956 101.107360
12 275.387973 256.379088 35.501434 102.888896
13 275.520173 256.045316 35.852042 103.199193
14 275.516020 255.936342 35.915304 103.611053
15 274.024665 248.325266 35.785305 106.221169
16 273.887378 248.334332 36.128396 106.943835
17 274.033170 248.401033 36.512973 107.209990
18 274.124862 248.477985 37.038211 107.934716
19 272.089292 236.060443 38.468043 118.594377
20 271.869896 234.135573 38.718566 125.235227
21 271.438602 234.076629 39.258769 133.950391
22 271.065010 231.909526 40.090685 142.975982
23 270.456586 228.381468 41.024751 156.449365
24 272.108065 223.518100 41.454395 163.304757
25 272.175143 222.560955 41.829870 165.459308
26 272.244228 222.530565 42.037998 165.715466
27 272.474263 222.673085 42.491940 165.976301
28 272.477326 222.685188 42.491940 165.976301
29 275.234998 217.843366 43.698697 165.442480
30 275.387462 217.867501 43.992308 165.481549
31 275.393104 217.872134 43.992300 165.481518
32 276.152659 217.437359 44.151851 165.738360
33 276.327374 217.544029 44.489976 165.988594
34 276.729600 216.233472 44.423044 166.295810
35 276.960379 214.627966 44.511395 166.153916
36 277.234321 214.513032 44.938702 166.504986
37 277.798960 211.695272 44.830122 166.492714
38 277.929301 211.465165 44.985823 166.541983
39 277.985607 211.398541 44.987368 166.998304
40 282.044951 205.690927 45.108378 165.710196
41 282.210483 205.657770 45.495826 165.706390
42 282.178998 205.619123 45.497318 165.684655
43 282.139526 205.578948 45.500002 165.657520
44 283.190507 198.663150 45.736681 164.289849
45 283.327598 198.680122 45.979632 164.522889
46 283.337240 198.912557 45.990009 164.980142
47 284.992431 192.964608 45.913683 163.507735
48 285.034543 193.210991 45.991277 163.976587
49 285.037858 193.222948 45.991277 163.976587
50 285.041173 193.234905 45.991277 163.976587
51 285.044489 193.246862 45.991277 163.976587
52 286.698317 183.562460 45.354577 163.232134
53 286.769993 183.696643 45.491371 163.476658
54 286.773273 183.708563 45.491371 163.476658
55 287.226466 182.026647 45.424914 163.010097
56 287.397991 182.102450 45.408299 163.495541
57 288.657347 180.189795 45.473106 162.225829
58 288.676262 180.315993 45.482018 162.397835
59 288.860308 180.118013 45.425172 162.285247
60 288.906272 180.093019 45.433148 162.328144
61 288.940685 180.171462 45.483691 162.411480
62 289.024312 179.145245 45.391953 160.972494
63 289.104722 179.032702 45.453267 160.948955
64 289.149209 178.940481 45.458189 160.951458
65 289.245055 177.434035 45.236859 160.458121
66 289.405382 176.590871 45.373156 159.813451
67 289.504277 176.372179 45.426537 159.695999
68 289.576820 176.134089 45.416600 159.686890
69 289.579512 171.202242 45.201347 158.973976
70 289.762344 171.013641 45.442377 158.865228
71 289.788606 171.020442 45.467115 158.935336
72 289.772186 168.607445 45.223707 157.912874
73 289.899799 167.754391 45.404440 157.269734
74 289.948390 167.073189 45.395659 156.799525
75 289.935744 162.912664 45.118880 154.921626
76 290.074791 162.016227 45.173498 154.887095
77 290.216680 160.853774 45.202373 154.731900
78 290.362276 160.802503 45.424309 154.998758
79 290.363466 158.830746 45.202067 154.276283
80 290.512159 158.933727 45.489460 154.483225
81 290.517294 158.931587 45.489113 154.484183
82 290.517659 156.264600 45.068463 154.139033
83 290.732393 156.445319 45.491371 154.477943
84 290.735672 156.456583 45.491371 154.477943
85 290.767655 156.007166 45.441826 154.410917
86 290.476295 153.572122 45.001966 154.237244
87 290.788205 150.360413 44.950156 154.769283
88 290.814202 150.441787 44.984608 154.995654
89 290.877336 147.663283 44.631868 154.905189
90 291.063342 147.674990 44.984031 154.998714
91 291.073508 147.636986 44.983420 155.000421
92 291.108002 147.532658 44.945588 155.564390
93 291.144920 145.992990 44.689520 156.830839
94 291.314865 145.869735 44.960151 157.083158
95 291.561747 144.849294 44.831849 157.837823
96 291.636487 144.370107 44.887238 158.328890
97 291.745709 143.958521 44.938223 158.733508
98 291.775574 144.092009 44.991466 158.977300
99 291.778818 144.103602 44.991466 158.977300
100 292.013104 143.792668 44.959906 159.257308
101 292.046071 143.622600 44.961001 159.621963
102 292.666025 137.726253 44.590600 163.969200
103 292.975208 137.414592 44.938685 164.160633
104 293.094368 137.169008 44.934325 164.689095
105 295.099902 130.209542 44.289569 169.604441
106 295.402866 128.933754 44.402500 171.532240
107 295.629548 127.685466 44.351966 173.320531
108 295.684920 124.589617 44.139164 176.165568
109 295.905599 124.144102 44.400906 177.077501
110 297.370587 119.345238 44.013496 182.319609
111 297.375103 116.731931 44.203832 183.725124
112 297.618871 114.856193 44.294409 184.856946
113 297.707575 113.489976 44.310977 185.755737
114 297.808047 111.734522 44.313515 186.617277
115 298.440541 107.395070 43.971401 187.945597
116 298.435484 104.567792 43.673710 188.918569
117 298.792246 101.644180 43.662437 190.767738
118 298.979077 100.710324 43.824153 192.199278
119 299.170059 98.757199 43.701606 193.442108
120 299.370216 97.944928 43.804587 194.711949
121 299.543475 97.068556 43.695010 196.451134
122 300.122239 94.567355 43.509445 198.775552
123 300.675159 92.046042 43.071439 201.558099
124 301.052921 91.119616 42.812851 202.556505
125 301.457422 90.446534 42.582038 203.219528
126 301.856790 89.349198 42.563589 203.179537
127 302.226580 88.936206 42.692360 203.396045
128 302.423251 88.672786 42.913090 203.545791
129 302.800975 88.389023 42.733555 203.966071
130 303.082599 87.775890 42.796287 204.025126
131 303.444461 87.126688 42.470687 204.179737
132 303.963826 85.590490 41.627346 204.483940
133 304.336349 85.106059 41.541466 204.231819
134 304.808121 84.646674 41.382667 203.903912
135 304.988249 84.268217 41.411032 203.936275
136 305.064724 84.116522 41.453211 203.918095
137 305.895241 82.178098 41.399624 203.615911
138 306.018966 81.942756 41.448785 203.734284
139 306.555913 79.881533 41.332708 203.547021
140 306.658812 80.033034 41.479881 203.986333
141 306.686507 79.962281 41.479804 203.998463
142 307.918584 77.894764 41.814051 203.370019
143 308.239866 77.143494 42.062359 199.284964
144 309.659902 74.013467 42.611341 196.638614
145 310.507341 71.916575 43.929372 199.387698
146 310.841727 71.549392 44.113139 198.767630
147 312.242146 71.192054 44.583973 199.540288
148 312.516767 71.357699 44.950169 199.932737
149 312.554666 71.359974 44.972142 199.840031
150 316.943733 69.460293 44.820112 199.087973
151 317.048099 69.846766 44.941629 199.118837
152 317.390178 69.556413 44.785524 199.129853
153 317.683315 69.959361 44.807226 199.343655
154 317.841867 70.071570 44.909721 199.402683
155 321.506845 65.760961 44.501601 197.532047
156 322.295143 66.823597 44.540832 195.634869
157 325.199908 68.367297 43.563660 191.893513
158 325.547839 68.490404 43.807587 191.535672
159 325.759671 68.784467 43.829099 191.596262
160 329.434571 64.662108 42.786408 186.478958
161 329.656895 65.159388 42.779582 184.766494
162 329.987325 65.730712 42.599184 182.558124
163 330.277446 66.534415 42.742564 181.089783
164 330.544757 67.606342 42.649277 178.530427
165 336.840369 63.051190 42.602218 176.222432
166 337.038282 63.190243 42.991846 176.474802
167 337.548635 63.503367 42.836940 175.801390
168 337.629187 63.602941 42.991846 175.974873
169 337.632287 63.615773 42.991846 175.974873
170 341.035283 62.729525 42.830436 173.435865
171 341.117774 62.769188 42.993724 173.421968
172 341.118622 62.815798 42.993724 173.421968
173 341.119470 62.862409 42.993724 173.421984
174 343.776859 58.390272 43.051810 169.720779
175 343.999965 58.530142 43.491751 169.975730
176 344.003100 58.542537 43.491751 169.975730
177 344.550971 58.803363 43.203300 169.028833
178 344.841283 59.396447 43.374120 169.187098
179 345.005069 59.820126 43.400283 169.197371
180 345.247317 59.973388 43.235663 169.243489
181 345.392010 60.157339 43.476744 169.450350
182 346.229821 60.036738 42.648171 168.910624
183 346.811947 60.639375 42.256371 167.961213
184 347.284051 61.066218 41.776977 167.380632
185 347.588112 61.021032 40.736246 166.735993
186 347.725817 60.957412 40.003616 166.093137
187 347.978779 61.441364 39.802365 165.376083
188 348.070137 61.671549 39.853254 165.047485
189 348.173772 61.946435 39.813931 164.974321
190 348.297282 61.904538 39.960514 164.615398
191 348.318301 62.378160 39.959558 164.556177
192 348.533323 62.980725 39.898781 163.377397
193 348.573498 63.062733 39.976656 163.412198
194 349.802701 61.444699 39.752485 162.869467
195 349.968800 61.294801 39.972998 162.886561
196 350.442746 60.732189 39.874943 162.672524
197 355.602591 54.631087 39.859562 162.416165
198 354.899508 53.711209 39.574591 164.264396
199 355.121015 52.412358 39.703054 165.190411
200 355.214909 52.562750 39.994440 165.447189
201 355.216026 52.600022 39.992367 165.469262
202 355.988256 52.470737 40.184113 165.237524
203 355.355731 52.298715 40.496197 164.978677
204 355.161895 52.412869 40.476320 164.818301
205 352.936879 38.401317 41.112241 169.319972
206 351.295252 38.147797 41.897380 170.200355
207 350.644832 37.425116 42.071026 170.254651
208 350.651577 37.408718 42.510862 170.332732
209 350.556646 37.564709 43.034744 170.045724
210 350.449769 38.202123 43.525345 169.809464
211 350.036248 39.241257 44.028620 169.160154
212 348.258916 38.077585 44.466862 169.352432
213 347.144783 38.729551 44.395139 169.378667
214 344.000395 42.239337 44.368057 168.250907
215 339.889387 46.846502 44.029803 168.258163
216 339.047029 54.851589 44.108812 167.898490
217 335.055871 61.077574 44.019959 167.889586
218 335.358272 61.319354 44.468235 168.053032
219 335.494926 62.128657 44.414839 168.688840
220 329.225657 63.392569 43.798513 168.658261
221 331.001338 66.631207 43.607205 169.056805
222 331.510831 67.888862 43.892307 169.585972
223 332.204762 69.377017 43.872040 170.142945
224 332.041096 69.955308 43.947623 170.159976
225 332.288053 69.598662 43.890598 170.663439
226 332.642774 68.973208 43.883093 171.219748
227 333.116128 68.465337 43.870683 171.717700
228 333.748274 69.026884 43.820687 171.962716
229 334.390253 68.339713 43.779007 172.264436
230 332.659004 67.064056 43.797088 172.991635
231 333.059305 74.209792 44.111796 171.004746
232 333.883930 84.478483 44.620167 168.618019
233 334.083616 94.839095 45.295715 168.417198
234 332.232668 95.322807 46.331121 168.508147
235 331.526304 86.953074 46.893904 169.368783
236 331.176113 87.415366 47.262069 169.006020
237 330.226232 85.811092 47.802071 168.850556
238 329.766777 85.145298 48.068795 169.519099
239 329.677516 87.087141 48.626456 169.885289
240 327.280111 72.696363 48.975920 171.008326
241 327.873160 79.895870 49.238688 169.876462
242 324.447776 69.530561 49.823870 172.076460
243 325.864236 81.996782 50.480540 171.945301
244 324.194181 57.186761 50.584938 178.022459
245 323.549004 66.043589 51.623738 176.601875
246 324.224176 73.890328 52.155758 177.362051
247 321.351155 69.782667 52.493228 179.947130
248 321.597850 83.969715 52.628439 179.678075
