2 870.084594 396.088807 90.876575 275.069044
3 870.304349 395.846544 90.993049 275.632498
4 870.363302 395.842939 90.985919 276.028138
5 870.573183 395.144547 90.956530 277.050231
6 871.413638 392.761108 90.867997 279.040880
7 872.252992 391.668730 91.053563 280.031398
8 872.992391 390.698600 91.481557 280.814466
9 873.186414 390.347789 91.501798 281.113370
10 873.857619 389.438944 91.962724 282.056382
11 873.928219 389.436413 91.986949 282.561238
12 873.977719 389.504116 91.981900 283.002915
13 873.980360 389.736261 91.992485 283.475005
14 873.982064 389.720776 91.994911 283.472017
15 873.981560 389.710218 91.996863 283.467448
16 874.004725 389.653468 92.003470 283.474207
17 874.270231 389.194588 92.516721 283.808069
18 874.572093 388.885940 92.960231 284.229648
19 874.636461 388.751288 92.945459 284.636149
20 874.748303 388.104627 92.905122 285.649310
21 874.819006 387.933878 92.920009 286.134357
22 874.911369 387.231319 92.833362 287.011168
23 874.991487 387.313378 92.955051 287.564254
24 875.025243 387.099502 92.927424 288.178047
25 875.045509 386.764259 92.906594 288.730439
26 875.076034 386.812718 92.965667 288.996445
27 875.104176 386.211415 92.910798 289.259695
28 875.137345 386.016509 92.923122 289.649847
29 875.160626 386.106901 92.961845 290.014547
30 875.171677 386.326370 92.985047 290.483835
31 875.128720 386.083022 92.865335 290.659396
32 875.186571 386.012160 92.943042 291.149416
33 875.205325 386.058851 92.968625 291.574503
34 875.185048 386.012160 92.889508 292.151336
35 875.217691 385.618815 92.876413 292.818463
36 875.250722 385.446602 92.917490 293.177059
37 875.332589 383.899752 92.927628 294.615737
38 875.438234 383.132971 92.893051 295.682389
39 875.598990 381.851333 92.902084 297.104690
40 875.651216 381.722386 92.976492 297.752750
41 875.670247 381.638591 92.973796 298.125770
42 875.681420 381.630321 92.992031 298.631874
43 875.680597 381.753861 92.991610 299.011477
44 875.681865 381.856795 92.985933 299.583945
45 875.617502 381.588004 93.061410 300.378370
46 875.670613 380.206065 93.730634 302.114214
47 875.006784 373.256047 95.113015 309.775961
48 874.889499 372.607580 95.865852 310.581773
49 874.888055 372.490115 96.047507 311.231609
50 875.011242 371.817143 96.602203 312.204530
51 874.978490 369.364357 97.277117 314.164102
52 875.080099 368.757585 97.436739 315.064919
53 875.102427 368.765048 97.471887 315.583285
54 875.107445 368.800319 97.475583 316.076711
55 875.071214 368.621430 97.467488 316.742572
56 875.032866 368.338467 97.454090 317.273731
57 874.967984 368.030585 97.488828 317.717934
58 874.880108 367.283875 97.533841 318.686494
59 874.586951 367.200354 98.121302 318.903896
60 874.710540 367.165855 98.518952 318.991527
61 874.721091 366.754965 98.996091 319.210354
62 874.106547 365.920547 99.032087 320.145383
63 874.288100 365.720909 99.500100 320.803865
64 874.403273 365.228759 99.980655 321.450592
65 874.346875 364.871432 100.087967 321.809519
66 874.332119 364.697222 100.774647 322.200234
67 874.424457 364.735046 101.053858 322.558882
68 874.684616 364.984807 101.944714 322.837726
69 874.710766 365.135991 102.096356 322.935189
70 874.921880 365.413625 102.627737 322.786623
71 875.796200 365.428780 103.449248 323.042524
72 876.691999 365.721920 104.045584 323.513220
73 876.951751 365.388888 104.419989 324.382098
74 876.671881 360.418671 103.523661 328.594825
75 876.912996 360.621870 103.954852 328.942629
76 876.861679 360.779448 103.804661 328.528389
77 877.202677 361.233363 103.510055 328.446200
78 879.293280 357.094207 106.059219 331.352151
79 881.458051 356.402149 107.085129 332.369204
80 882.607825 357.439179 107.895804 331.783568
81 879.565383 356.594575 107.998795 332.858024
82 873.438050 356.892199 108.884521 332.642587
83 871.263359 355.552666 108.820332 334.562414
84 867.560398 350.209872 109.129538 339.556117
85 863.213342 348.179075 109.671183 345.038299
86 859.471261 355.978991 109.323510 340.522838
87 876.423299 353.209705 107.808643 341.879804
88 919.499821 366.487055 105.968758 343.657381
89 920.961699 366.868178 105.722823 343.584228
90 922.451566 367.665972 105.614692 343.122839
91 924.294030 368.578979 106.109672 343.121571
92 926.539457 369.540791 106.617964 342.290106
93 929.733370 370.236977 106.885314 340.553493
94 930.961995 370.148442 107.187984 340.697350
95 931.353497 370.073962 107.404026 341.048471
96 931.897722 369.309155 107.633696 342.076828
97 932.847186 367.868793 108.227360 343.278825
98 934.202311 366.071693 108.883535 343.514430
99 934.633809 365.727227 109.202558 344.291009
100 934.908370 365.508077 109.595995 344.683950
101 935.425736 365.206382 110.178568 345.141099
102 935.578754 365.365849 110.490974 345.469538
103 935.575569 365.361096 110.490974 345.469538
104 935.572383 365.356343 110.490974 345.469538
105 935.570099 365.269842 110.506997 345.582720
106 935.807280 365.427518 110.996946 346.012060
107 935.791923 365.577145 111.006510 346.549931
108 935.997000 365.683576 111.507300 347.068171
109 935.951664 365.209645 112.125295 348.047907
110 935.619408 364.735435 112.597922 349.005297
111 935.585142 364.674026 112.991778 349.614108
112 935.241656 364.548807 112.888420 350.068259
113 935.234878 364.633863 112.946505 350.486646
114 935.230745 364.471103 112.961835 350.533928
115 935.136938 364.456950 112.939883 351.040319
116 934.957830 364.449273 112.909957 351.527773
117 934.703140 364.301723 112.933654 352.144550
118 934.587953 364.274972 112.951430 352.542240
119 934.315641 364.027564 112.921294 353.263157
120 934.181794 364.026593 112.832199 353.531808
