5 329.252204 116.005841 75.110938 131.939419
6 329.227847 116.536493 74.797235 131.175233
7 328.251307 118.219068 74.344665 130.254302
8 327.822888 119.128152 73.719373 129.770827
9 327.908084 119.412762 73.940656 129.846888
10 328.708567 120.098426 73.938535 129.838513
11 332.740610 121.558229 73.449536 129.590000
12 336.899232 123.310836 73.410983 128.259347
13 342.503184 124.605195 74.252583 127.714798
14 349.582926 125.304101 75.152448 128.179254
15 356.427049 124.722819 78.309707 127.701569
16 366.418666 126.832923 80.093449 133.179138
17 378.786479 124.883646 79.134624 135.082163
18 392.059154 125.085665 78.762167 134.549411
19 405.803449 127.341954 78.600546 134.918182
20 418.446375 127.173921 77.672474 135.863255
21 430.965785 125.822490 78.247674 134.102176
22 442.634534 126.733431 79.191611 131.738230
23 450.314373 126.928171 78.345510 131.537908
24 460.821906 126.808823 77.946430 134.600123
25 469.256017 124.710928 78.026448 133.978065
26 476.394527 125.680817 77.168000 130.961820
27 483.663765 126.097414 75.885035 129.678052
28 490.549453 128.243431 74.590315 128.426847
29 496.118502 129.128255 73.301829 127.369907
30 502.406712 130.492771 72.382338 125.967497
31 507.773161 131.704704 71.588965 124.744778
32 512.985835 132.555719 71.572041 124.305004
33 516.202645 133.842073 70.870963 124.614981
34 519.519717 134.132132 71.134453 125.134456
35 522.131149 134.491165 71.258653 125.714370
36 523.372556 134.114744 71.528693 126.091492
37 525.223563 133.766981 72.064449 126.611924
38 525.897399 133.825501 72.357012 126.926761
39 528.206260 133.729595 72.053070 127.077515
40 528.434056 133.924411 72.468731 127.447241
41 528.524046 133.928624 72.428328 127.421560
42 528.625991 133.961916 72.427675 127.407680
43 528.651997 133.994524 72.484823 127.453290
44 528.649432 134.005228 72.484599 127.454494
45 528.603520 134.023494 72.444479 127.469553
46 525.230012 133.517945 71.716362 127.623040
47 524.799079 133.650925 71.933636 127.954022
48 521.075802 133.164515 71.220959 128.051147
49 517.797870 132.780642 71.224842 127.959775
50 513.997752 133.020383 71.125922 127.231555
51 509.658364 132.264583 71.222589 126.931411
52 503.674188 133.041983 71.279911 126.313238
53 497.270540 132.896980 71.076384 126.538870
54 491.028108 131.868574 71.486717 126.716345
55 483.121590 130.477610 71.494548 126.025108
56 474.199241 129.130826 72.912684 126.931710
57 464.941373 128.064009 73.760038 127.478229
58 453.440936 126.680357 75.468030 129.733800
59 445.317499 124.815836 74.852724 128.812957
60 436.558168 123.702843 75.500211 127.269526
61 427.874164 122.504286 76.152241 128.339299
62 417.745645 122.534055 75.468408 128.694317
63 409.186253 122.387106 75.044603 128.489961
64 401.776501 122.550616 74.422804 127.419894
65 395.159335 123.382230 73.229055 127.149251
66 388.722953 123.391459 72.425373 126.667510
67 382.225725 123.196165 71.589142 126.579925
68 377.116418 123.477086 71.293541 126.762678
69 371.406232 122.385773 71.921206 126.914764
70 368.559504 122.573798 71.975779 126.706419
71 363.358279 121.028655 72.475124 126.981378
72 361.899793 120.990398 72.692576 126.873294
73 358.939008 120.038672 73.034586 127.119167
74 358.063491 119.633196 73.552130 127.243000
75 356.017012 118.293029 74.114513 127.747479
76 356.191129 118.286574 74.466525 128.041785
77 356.125614 117.731417 74.500540 128.774297
78 356.106711 116.239765 75.016047 129.276902
79 356.298960 115.965071 75.436814 129.513530
80 356.104738 114.709323 75.415052 129.795183
81 356.152314 114.657058 75.476084 129.935817
82 356.384455 114.151929 75.533899 129.888842
83 357.272849 113.248467 75.930732 129.719091
84 357.524700 113.154647 75.988407 129.887868
85 358.451758 112.868175 75.922092 129.860414
86 359.576719 112.777442 75.755404 129.911703
87 360.019100 112.788011 75.719114 129.994192
88 360.197674 112.801416 75.827768 129.995760
89 360.305049 112.862357 75.874408 129.990224
90 360.284019 113.082495 75.858089 130.034081
91 360.069421 113.456685 75.865718 130.448849
92 358.321950 113.987465 75.563639 130.384712
93 357.070813 114.258860 75.834287 130.266237
94 352.284590 114.890329 75.966475 130.474207
95 351.292137 114.096574 76.260403 131.005198
96 346.304549 112.368853 76.389129 131.877936
97 344.620588 111.663182 76.787177 132.259625
98 340.333823 110.722998 77.282474 133.307244
99 339.630285 110.442254 77.522332 133.537074
100 332.991289 108.945996 78.890601 135.418157
101 332.936681 108.866101 79.074636 135.715369
102 326.859895 108.073379 79.779250 138.200544
103 326.960489 108.250600 79.990524 138.468914
104 325.681463 108.905991 80.561077 138.542683
105 317.960904 114.381980 81.690949 138.087299
106 316.456268 114.699862 82.059937 137.656539
107 312.690312 115.649449 82.713253 137.381664
108 310.028556 116.687176 83.283870 136.664963
109 306.508305 117.483785 84.317440 136.162244
110 303.438922 123.332011 85.603783 136.176934
111 301.449709 124.667314 87.693659 136.513519
112 301.292258 124.885612 88.271161 137.105712
113 298.479207 125.276941 89.774476 136.619520
114 298.341944 125.492691 90.119708 136.830693
115 296.762117 126.101003 91.102811 136.364450
116 294.263202 127.360363 92.295277 135.673001
117 293.153257 128.135824 92.825076 135.627282
118 292.348578 128.463043 93.304204 135.715186
119 290.692629 128.803041 94.147283 135.416280
120 289.195382 128.922261 95.101602 135.013133
121 286.176013 129.438516 96.796957 134.472064
122 283.217459 129.581227 97.820273 133.773547
123 273.637630 131.325186 98.480576 133.102962
124 265.124929 132.681398 97.545765 133.972748
125 262.210577 132.219362 97.418057 133.965515
126 260.644105 129.991152 95.538300 134.235355
127 260.785902 130.139694 95.477545 134.329793
128 259.988753 128.785322 93.057622 133.301440
129 261.264944 127.896685 90.448086 133.272143
130 262.317797 127.335612 87.383185 133.033796
131 264.289958 126.956803 84.885721 130.759960
132 266.813950 125.484955 81.224600 129.784237
133 269.462286 124.343972 78.215609 127.396444
134 271.981152 124.104971 76.568228 126.775206
135 274.883321 123.722431 75.334567 126.738212
136 278.317098 123.548559 74.451497 126.995652
137 282.130236 123.437180 73.924505 126.799388
138 286.903594 122.905863 73.416811 127.062060
139 292.266214 121.152088 73.996970 126.783875
140 298.612999 119.224380 74.237076 127.097977
141 305.054655 115.582691 74.196629 127.271240
142 311.075616 112.414059 74.429594 127.584933
143 317.368540 109.566789 75.069175 128.137396
144 323.142924 105.968044 75.179514 128.519577
145 328.641069 101.713642 76.057849 129.597238
146 333.600029 99.840468 77.585951 129.968708
147 338.797531 98.127183 78.492908 130.295550
148 343.514640 96.904559 79.312287 132.235773
149 349.199277 95.654785 79.193248 133.890303
150 352.246933 95.480061 79.288106 136.027343
151 356.102931 92.989100 79.821700 136.899707
152 356.446716 92.921299 79.974316 137.133090
153 360.324929 92.303464 79.721428 137.547449
154 360.458707 92.479768 79.978775 137.970546
155 360.472131 92.296715 79.952808 138.043838
156 360.260497 91.773979 79.895111 138.472962
157 357.366878 89.444778 79.585308 138.909936
158 355.328553 88.579907 79.645405 139.551552
159 350.672630 87.440555 79.647659 140.884713
160 348.349876 87.670593 79.394859 142.142058
161 344.434175 89.315523 78.846460 141.741761
162 342.493765 91.901471 78.682979 142.081747
163 341.547949 96.028621 79.467588 144.003038
164 344.846509 98.518585 79.129008 143.703551
165 347.624018 100.519008 79.734047 143.066423
166 354.928316 100.948896 80.343418 141.668198
167 362.637085 100.964865 81.768376 140.501931
168 373.853227 101.973066 82.833391 140.838087
169 385.216288 104.592975 83.594201 139.367658
170 400.759384 111.925292 82.843776 140.596928
171 414.672977 116.642104 83.342836 140.038365
172 432.431875 122.347362 83.032450 139.543932
173 448.299225 127.345365 82.336607 141.787992
174 461.707977 126.409481 82.584890 140.624772
175 473.909252 125.480365 81.657563 139.285922
176 484.654348 123.770590 80.749092 136.320708
177 493.525307 121.675769 78.392321 134.672113
178 502.425170 119.990005 76.868333 131.451283
179 510.613339 122.496750 74.969697 128.441614
180 516.810553 126.152382 73.435092 127.353731
181 521.692891 130.140948 72.573392 125.932575
182 524.887477 132.747722 72.133065 126.757315
183 525.391207 132.797788 72.444279 126.927015
184 525.414570 132.808531 72.491423 126.933446
185 524.178625 132.828291 72.819561 125.892170
186 516.960518 135.263800 73.115956 122.896046
187 507.508174 138.236225 75.672477 119.609264
188 495.172762 139.785578 76.485288 119.882355
189 482.697137 141.512200 76.410036 120.606497
190 466.264588 139.037024 77.370328 123.966830
191 449.302740 135.038092 78.165310 122.211271
192 433.487339 134.526939 78.353060 122.185635
193 415.412736 133.039212 81.864836 118.484791
194 399.460884 133.696253 81.355332 118.855734
195 383.879510 133.417041 80.494504 119.786251
196 365.174564 133.052762 82.312349 116.417141
197 349.668483 132.944725 83.620872 119.473184
198 335.943673 130.842532 84.207938 118.592179
199 321.738735 129.395169 86.026233 120.706133
200 311.587375 126.928086 86.032295 120.037696
201 300.988303 126.352929 86.156153 121.800398
202 290.970295 125.960653 86.412562 123.026779
203 283.453551 126.990421 86.468855 124.913451
204 272.360062 127.185908 87.898006 126.327354
205 265.917654 128.472693 88.731044 128.561879
206 256.481145 127.716604 89.208984 129.991869
207 252.660674 126.408577 89.329604 129.647593
208 245.390308 126.482059 89.219536 129.942989
209 243.600104 127.781118 89.591341 130.050775
210 252.108064 127.524297 90.016891 133.448221
211 256.463052 117.587772 91.526395 134.074269
212 257.766867 114.491697 92.402801 134.362194
213 257.873190 114.507323 92.513060 134.452675
214 258.103636 114.517639 92.980244 134.451995
215 258.100489 114.528295 92.980244 134.451995
216 258.097343 114.538951 92.980244 134.451995
217 258.094197 114.549607 92.980244 134.451995
218 258.949932 117.658515 92.756315 134.739331
219 260.200150 121.577923 92.534187 135.358583
220 263.651741 126.980871 91.526174 135.895926
221 265.936495 128.441239 91.585508 135.847175
222 273.414816 136.475650 91.232068 134.444382
223 282.837859 139.213703 91.952694 134.099512
224 292.023995 141.930493 93.347463 132.851696
225 298.442109 143.497441 93.908303 132.486995
226 301.260806 144.659744 94.556976 132.233812
227 308.677306 145.617602 94.979316 131.530602
228 310.042842 145.933459 94.812564 131.862383
229 338.236900 144.367789 94.649246 131.990408
230 341.386649 143.984840 96.432358 131.012615
231 339.854196 143.855043 97.772810 130.563063
232 339.404539 143.960592 98.077735 130.813709
233 339.512999 144.086126 98.407331 130.953145
234 336.565037 151.218003 97.398486 130.984402
235 339.392841 153.239508 95.899098 128.810141
236 341.179219 156.839987 94.546962 125.513063
237 342.511866 158.119567 92.911950 124.488921
238 342.953900 160.725899 89.809480 123.545456
239 343.793737 161.549303 85.179470 122.854641
240 341.341268 162.419988 78.929518 123.690592
241 338.369509 164.250989 73.829039 122.527126
242 332.709625 165.210657 71.398896 116.653455
243 326.679759 166.131911 69.004981 112.613354
244 319.878090 167.060915 68.050803 108.231541
245 313.215224 167.651711 66.009008 107.814849
246 304.756884 167.544288 64.394884 108.434348
247 297.508791 167.322030 64.481529 105.369353
248 288.178639 166.890338 63.913726 102.675833
249 279.227425 167.285075 64.886606 99.173845
250 271.353812 167.341244 64.887204 98.815379
251 262.796214 166.869339 63.805869 97.940423
252 255.290498 166.468080 64.158360 97.299376
253 248.191372 164.917153 64.492782 100.152817
254 244.086519 164.137435 62.563839 100.287854
255 239.368500 164.246355 60.629488 100.562174
256 235.007500 164.688155 59.590150 99.855310
257 232.341537 165.037971 58.744366 99.946098
258 229.984306 164.676443 58.613765 100.210600
259 227.681260 165.575552 58.398125 100.233524
260 225.802395 164.547627 58.291463 100.775159
261 225.456821 164.479956 58.210018 100.970314
262 224.352734 165.301300 58.203317 100.874258
263 224.008843 165.970320 58.073254 101.093875
264 224.320747 166.142117 58.281538 101.513329
265 225.619442 166.409363 58.432026 101.558908
266 230.550383 167.053045 58.189409 101.515873
267 235.426278 166.686761 58.891969 102.055349
268 242.019096 166.520646 59.190176 100.919860
269 248.102278 166.493224 59.803190 101.731087
270 254.070204 167.185770 63.101194 101.328186
271 262.887198 167.674729 63.444738 101.816350
272 273.104938 171.315192 62.830143 103.428135
273 285.002186 171.569154 64.253384 102.685701
274 297.226850 173.476872 66.853237 104.975394
275 308.148496 174.138701 67.518355 111.108599
276 318.814821 169.957820 68.688919 111.535638
277 330.876339 167.503264 68.321184 109.237544
278 341.178791 165.295032 68.797746 107.255214
279 352.981772 162.131572 69.458624 105.876806
280 361.620488 158.556243 68.266214 107.623315
281 371.277113 155.977483 68.290488 109.101469
282 379.074669 154.043011 67.383384 109.948792
283 386.081262 153.113630 65.690870 112.523879
284 391.324967 153.199375 64.764338 112.634902
285 396.688894 153.710689 64.370131 112.820738
286 398.043880 154.103711 63.773368 113.163491
287 398.678497 154.192067 63.701239 113.423576
288 399.656323 154.191945 63.746921 113.125293
289 399.836079 154.266164 63.953857 113.414413
290 399.883012 154.144024 63.915860 113.426130
291 399.991662 153.317231 63.688303 113.384841
292 399.653703 153.011891 63.949893 112.642783
293 399.713147 153.022041 63.813535 112.669538
294 399.814869 152.970534 63.853271 112.709616
295 399.892942 152.950291 63.899637 112.811740
296 399.962850 152.897235 63.844897 112.861511
297 399.798867 152.763019 63.966650 112.800753
298 399.846633 152.636239 63.859033 112.875704
299 399.936373 152.507966 63.910559 112.895576
300 400.043103 152.384160 63.867923 112.920453
301 400.106315 152.400079 63.985925 112.846871
302 400.139576 152.427277 64.007010 112.909574
303 400.484644 152.400448 64.462244 112.906352
304 402.071672 152.288739 64.343464 112.382581
305 402.333249 152.186039 64.392302 112.365434
306 402.243507 152.209977 64.185505 112.638949
307 398.964320 151.890138 63.869065 113.255533
308 395.665060 151.912892 63.860052 113.143088
309 391.699374 151.781446 63.714053 112.852491
310 385.080814 152.273836 64.066299 113.968680
311 375.252913 151.602860 67.971186 112.087766
312 366.107151 152.016140 70.118894 115.683589
313 355.858369 150.143868 71.539122 113.380814
314 345.506423 151.296565 72.508217 116.874684
315 330.888938 151.087018 72.463853 117.042819
316 320.991936 151.041501 72.398632 117.610594
317 306.693119 150.139728 75.882336 115.777175
318 295.488545 148.387376 73.429632 117.794435
319 285.170979 146.935552 72.965886 117.338933
320 275.860945 144.954461 71.822126 116.931598
321 267.649989 143.173899 71.196209 114.393867
322 259.601480 141.244151 70.179838 112.609860
323 254.656332 138.934709 69.346708 113.267920
324 250.779955 137.644517 68.139181 113.942878
325 246.787213 136.733116 67.746192 112.710312
326 244.434006 136.130534 67.204065 113.170355
327 242.977276 136.990936 66.605292 113.701498
328 242.807435 137.175243 66.431672 113.967836
329 242.707736 137.186248 66.120794 114.005219
330 242.931329 137.337497 66.342672 114.349097
331 243.098590 137.369609 66.298085 114.393807
332 243.294242 137.377684 66.346814 114.413703
333 243.512003 137.334312 66.274186 114.379169
334 244.076234 137.240319 66.085257 114.267899
335 244.522449 137.276127 66.161810 114.326526
336 244.954690 137.252292 66.211480 114.406736
337 245.428664 137.147186 66.177370 114.359520
338 245.760815 137.237720 66.123673 114.551983
339 246.105504 137.417021 66.259622 114.941725
340 246.523586 137.405941 66.196374 114.956153
341 246.769086 137.407235 66.236153 114.967745
342 247.018522 137.404954 66.223609 114.982118
343 247.435417 137.434124 66.090612 114.896508
344 247.722109 137.517368 66.143980 114.967910
345 247.987238 137.454701 66.275546 114.863655
346 248.286701 137.443235 66.141792 114.668378
347 248.587827 137.567486 66.196377 114.768520
348 248.898714 137.690201 66.125388 114.636808
349 249.322054 137.854238 66.037292 114.467134
350 249.670254 137.865703 66.118396 114.260949
351 250.021085 137.982941 66.102117 114.232694
352 250.401479 138.149385 66.084568 114.255325
353 250.428697 138.169346 66.164981 113.607112
354 250.615892 138.323700 66.204098 113.738265
355 250.782035 138.411216 66.240764 113.710726
356 250.942906 138.515262 66.238807 113.770500
357 251.114243 138.572859 66.260059 113.749697
358 251.307780 138.655670 66.207745 113.749539
359 251.253264 138.720850 66.282931 113.770989
360 251.163800 138.775397 66.288646 113.802827
361 251.154987 138.794401 66.299329 113.770386
362 251.269554 138.858855 66.173124 113.721990
363 251.470095 138.943098 66.206219 113.730475
364 251.646120 138.745121 66.066072 113.509933
365 251.931501 138.978125 66.183664 113.795701
366 252.174315 138.904351 66.119040 113.527144
367 252.006428 138.796488 66.252750 113.526007
368 252.237790 138.888426 66.149982 113.643897
369 252.032317 138.768990 66.254469 113.514201
370 252.291479 138.859635 66.074063 113.463597
371 252.246201 138.750560 66.364241 113.140490
372 252.062860 138.796165 66.373761 113.220200
373 252.230203 138.872007 66.203286 113.239710
374 252.082081 138.880796 66.369667 113.263756
375 252.235311 138.917223 66.217911 113.379976
376 252.032366 138.873046 66.344879 113.340933
377 252.192727 138.909424 66.153464 113.303443
378 251.708546 138.913445 66.328609 113.088215
379 251.807477 139.062424 66.246266 113.195558
380 251.849831 139.130216 66.339023 113.118999
381 251.833387 139.281533 66.347543 113.291688
382 251.507920 139.336617 66.317235 113.317856
383 250.782119 139.434444 66.290887 113.307632
384 250.335298 139.567478 66.345152 113.198789
385 248.733552 139.903492 66.524077 112.735422
386 248.283828 139.556021 66.650657 112.996810
387 247.781772 139.168788 66.475601 113.187781
388 245.597160 139.341497 66.047398 113.461807
389 244.119364 138.866122 65.994453 113.453597
390 242.172572 138.161023 65.383412 113.608767
391 241.538765 138.002400 64.840144 114.155229
392 239.304681 138.429851 64.235585 114.548827
393 238.201771 137.318118 63.863068 115.090420
394 236.946263 137.423316 63.515112 115.361559
395 235.539765 137.475519 63.552182 115.415703
396 234.630847 137.540022 63.637088 115.369809
397 232.532405 137.888516 63.789133 115.278815
398 230.945446 137.855644 63.949850 115.417404
399 229.537217 137.597132 63.893405 115.526772
400 227.551980 138.159657 64.011789 115.741140
401 225.232952 137.975931 64.260900 116.661915
402 223.097909 138.177767 64.322200 117.280702
403 222.810546 138.031316 64.432165 117.401878
404 220.956587 137.690661 64.452550 117.568764
405 219.339102 137.867686 64.465292 117.647629
406 217.178218 137.233055 64.380734 117.832989
407 216.876314 137.454780 64.261653 117.942771
408 215.508373 137.673363 64.276016 117.746574
409 213.696116 138.157837 64.422975 117.501054
410 213.099563 138.090229 64.519595 117.693374
411 212.811544 137.993948 64.814483 117.822473
412 211.665381 137.756179 64.886523 117.713979
413 211.269889 138.036070 65.029125 117.626484
414 211.046148 137.864656 65.454156 117.745111
415 209.610449 137.847528 65.317916 117.705635
416 209.749887 137.841463 65.329278 117.770229
417 209.892176 137.848496 65.387190 117.663525
418 214.093115 137.037354 64.438321 115.831737
419 220.139262 137.926136 64.005647 114.358484
420 221.875881 138.735603 64.209728 113.672242
421 223.120903 139.107793 64.381439 113.569533
422 223.278025 139.240645 64.435548 113.915324
423 224.348078 138.969818 64.169149 113.810231
424 227.522053 139.467017 63.915042 112.529849
425 227.594591 139.636900 63.955499 112.932189
426 227.643810 139.635577 63.955862 112.943876
427 227.657734 139.644494 63.988730 112.948601
428 227.690093 139.627147 63.994724 112.932264
