5 254.499286 107.229938 109.779582 218.810350
6 252.835051 106.856322 113.313619 221.083555
7 251.940663 106.685350 115.138665 222.905858
8 251.456497 106.321501 116.383723 224.129721
9 250.564021 106.091308 117.505766 225.682559
10 250.264382 105.892291 118.520457 226.790695
11 247.864764 105.836811 120.019870 227.898127
12 247.868081 105.834779 120.710581 228.346770
13 247.869557 105.773029 121.114385 228.706921
14 247.937919 105.846801 121.608386 229.092554
15 248.026313 106.065133 122.083864 229.488652
16 248.143806 105.999227 122.625914 229.606862
17 248.164316 106.009528 123.454862 230.375102
18 248.049667 105.841372 123.917791 230.974826
19 247.948681 105.421953 124.646403 231.883751
20 250.482534 105.183367 125.646234 232.971663
21 250.914487 104.255049 127.013418 234.149006
22 251.663649 103.369893 128.318269 234.883324
23 252.889160 100.787043 129.256232 234.582667
24 253.344169 99.293018 130.179014 234.391095
25 253.704579 97.856373 130.901944 233.526622
26 253.768118 96.828293 131.255828 233.343029
27 253.520632 94.487652 131.713087 233.483688
28 252.349176 93.231525 131.759100 234.616644
29 244.501117 90.995729 130.059860 236.133801
30 244.480218 91.203695 130.522364 236.299818
31 239.669911 90.307659 130.292551 236.616347
32 239.242196 90.401698 130.467250 236.719700
33 231.112165 90.789296 130.116108 237.786100
34 231.174324 90.926796 130.546278 237.905147
35 225.633130 91.296538 131.000475 238.472663
36 222.833963 91.338535 131.813477 239.041618
37 222.483896 91.634808 132.374797 240.233979
38 221.981255 91.649779 132.964519 241.500841
39 221.809264 91.734575 133.270249 242.481865
40 221.822714 91.598593 133.656668 242.691072
41 221.915174 91.615309 134.154718 243.163054
42 222.050886 91.630319 134.586210 243.558903
43 222.286614 91.754660 134.993131 243.904397
44 223.346197 91.581539 134.954147 243.889679
45 225.388634 91.769465 134.709163 243.831632
46 225.733731 91.927961 134.844636 243.637238
47 229.336151 91.885208 134.189705 243.286646
48 230.077188 91.921337 134.274137 243.116907
49 236.458904 91.477298 132.868057 243.062545
50 236.781496 91.590865 132.823466 243.113784
51 241.764411 91.295952 131.591311 242.320428
52 244.277449 90.652116 131.118138 241.765291
53 246.680248 89.720776 130.777630 241.492275
54 248.730179 88.429154 130.414709 241.697861
55 250.452127 86.875199 130.338010 243.492467
56 251.002863 86.269586 130.319802 244.482324
57 251.882700 85.604215 130.288801 244.757668
58 252.048965 85.601243 130.408570 244.851632
59 252.497446 85.020727 130.332627 244.401820
60 252.847359 84.882182 130.295129 244.104351
61 254.549016 84.890821 129.924379 243.261535
62 255.470732 85.109247 129.523932 242.967067
63 257.135308 85.283773 129.060541 242.560813
64 257.887154 85.525591 128.958239 242.745639
65 259.715927 85.665320 127.792612 243.201489
66 263.717290 85.445532 125.829626 243.939174
67 264.602642 85.667164 125.468387 243.751236
68 268.661272 86.729266 124.619104 243.929214
69 269.436561 85.712580 125.046217 247.176343
70 270.750220 83.875351 125.414634 248.270050
71 270.969296 83.336677 125.848574 250.303681
72 271.067570 84.137906 126.250281 255.810932
73 271.131790 84.669904 126.564886 275.765686
74 268.019160 78.287791 127.107661 341.131424
75 265.555199 79.713342 128.660129 343.021413
76 254.229957 80.615951 130.746350 343.969678
77 254.352403 80.608524 130.918426 343.778836
78 250.847208 80.541837 130.200746 345.081840
79 244.335620 83.167479 129.469504 344.280821
80 244.355227 83.270251 129.382773 344.263828
81 243.008852 84.567470 128.497649 343.790615
82 240.084797 86.387511 127.029661 344.072272
83 240.217432 86.912963 126.989399 344.168272
84 239.870138 88.258189 125.685049 344.227738
85 239.293154 89.618430 123.982404 346.016906
86 239.330576 89.869941 123.720580 346.302574
87 239.401751 89.723296 123.285032 345.884805
88 239.207385 89.154262 122.312737 345.158953
89 235.670969 85.778057 120.542257 342.931574
90 235.705805 84.709058 120.420846 341.952298
91 235.479335 84.907598 120.162647 341.034642
92 232.636218 84.823619 119.653947 339.601254
93 232.108809 84.978683 119.620628 338.225108
94 227.270047 83.608146 119.730761 332.650944
95 227.370323 83.777656 119.917946 332.746418
96 227.407339 83.882583 119.925276 332.785908
97 227.440690 83.967764 119.925276 332.785908
98 234.769449 92.661268 117.638317 331.035331
99 237.614118 94.339530 117.851321 332.025635
100 243.659517 95.442355 117.889036 333.111394
101 244.143076 95.694034 118.092131 333.279686
102 247.786262 94.708030 119.165739 333.209016
103 248.491240 93.552156 119.578903 333.988398
104 248.776427 93.228743 119.933235 333.896367
105 248.820321 93.179873 119.928045 333.808629
106 248.852287 93.253628 119.925276 333.785265
107 248.889014 93.329429 119.928526 333.780375
108 248.923830 93.398629 119.925848 333.793148
109 248.956895 93.480124 119.925276 333.785265
