5 134.817420 35.941205 20.145521 23.233085
6 134.014325 25.734180 20.480175 23.086835
7 132.442984 19.826326 20.378776 21.705795
8 131.113079 19.606371 20.648639 20.486594
9 130.711825 20.756206 20.876326 20.013124
10 128.747329 28.327657 20.476701 20.632137
11 127.557378 37.686421 20.057451 21.399167
12 126.509447 52.727778 20.258933 21.695284
13 126.284751 71.010338 20.187643 22.352990
14 128.837814 56.338602 20.957792 22.740675
15 129.087835 48.071867 21.686320 23.688073
16 123.782328 67.871436 21.859105 24.180803
17 125.272078 51.476919 21.668457 24.706890
18 125.072456 31.595676 21.575193 25.427324
19 125.685856 18.046036 21.346082 25.838685
20 126.126164 7.077654 20.566713 25.804226
21 127.065946 4.545829 20.830171 23.360349
22 127.601493 5.741263 20.870066 21.044654
23 128.156086 9.172663 20.577489 21.142576
24 129.131901 17.497162 20.815352 21.633588
25 129.427860 30.947840 20.654677 22.316074
26 129.075663 47.208526 20.791867 22.713540
27 130.225203 58.314395 22.119732 23.562603
28 122.184592 43.812948 24.158625 24.704787
29 115.519173 30.465275 24.738453 26.470679
30 125.333436 18.680749 25.028858 27.265141
31 124.859328 16.879091 25.339245 27.785981
32 127.308563 17.173523 25.185202 28.895791
33 128.413854 40.248759 24.936363 29.406175
34 130.435768 33.118094 23.401614 27.487079
35 131.037656 27.747491 21.487627 25.278817
36 131.139795 27.746854 20.924725 23.186232
37 131.487614 29.423002 20.627994 21.651625
38 132.090505 36.513639 19.533971 22.129905
39 132.423217 46.442951 19.361432 22.529680
40 133.094331 58.986151 18.982270 23.238731
41 133.169279 75.884178 18.632027 23.888516
42 133.702278 94.040113 18.852444 24.285802
43 133.686125 115.727906 18.720072 25.239975
44 134.241759 115.930896 18.193183 25.412551
45 134.987035 94.274001 18.376840 26.137122
46 136.311032 77.997246 18.203070 26.662869
47 136.194724 64.291082 17.879490 26.935360
48 137.406806 57.455505 16.917430 24.883126
49 138.597836 52.848910 16.118141 23.033313
50 138.672614 50.920856 15.939525 21.063580
51 139.070771 52.341402 15.566064 19.936980
52 140.073758 55.505590 14.714135 19.041692
53 141.327586 63.348447 14.055559 19.463647
54 142.090384 70.728430 13.789374 19.620465
55 141.783882 81.749874 13.748225 20.128922
56 142.393366 95.086290 13.769908 20.701188
57 142.616431 110.169295 13.896210 21.162755
58 140.402256 116.654026 15.362355 20.482563
59 138.308208 119.152920 19.161688 20.276493
60 143.211050 118.560114 21.581127 20.307476
61 145.521521 118.278842 24.374887 20.551661
62 147.239813 115.288421 26.039221 20.808201
63 150.110709 113.633581 29.605081 21.035097
64 151.187996 109.994758 33.701208 21.525451
65 151.586146 105.658867 36.182541 21.813723
66 152.841495 101.545961 37.792334 21.168911
67 153.343268 94.998128 38.395816 21.284483
68 153.418403 87.214917 38.691421 21.021652
69 153.757452 79.003860 39.082448 21.473192
70 155.617366 73.874943 40.348505 21.152256
71 160.889880 70.945122 39.884559 22.891624
72 165.453510 72.366983 40.887608 24.310780
73 167.851295 72.921838 41.338240 25.384074
74 170.157383 73.500975 42.029598 25.814898
75 178.456728 77.009922 42.344247 27.112339
76 179.054022 77.065324 41.941207 28.935417
77 177.184351 80.478374 40.460404 29.713126
78 178.676628 87.721382 38.599546 30.043859
79 178.034956 94.576292 37.367841 30.525402
80 167.369302 102.934435 39.632654 29.997559
81 163.750437 111.613537 43.780905 27.412807
82 164.528403 117.335824 44.874173 25.510820
83 162.832334 115.793183 47.044554 24.729954
84 165.441925 113.482853 47.658127 23.356355
85 168.836470 110.442816 46.578671 23.439166
86 169.745716 107.403062 46.475940 23.707660
87 173.090175 104.026431 44.895738 24.601836
88 174.550385 103.137470 44.527013 25.184683
89 176.588443 101.702136 43.491676 25.746179
90 178.736176 102.322515 42.963618 25.421545
91 181.175073 104.363818 41.586823 23.818737
92 162.042552 107.797807 43.186659 25.393759
93 148.747382 106.099489 42.655636 27.145545
94 141.491845 107.128893 43.436421 29.416287
95 139.957210 104.440387 42.238983 33.216615
96 133.696739 98.546983 42.774130 36.929566
97 126.377489 93.034295 43.804075 41.677578
98 125.637757 89.411172 44.959896 42.938303
99 115.420565 80.733915 47.521098 43.623297
100 107.527546 70.287136 50.754461 44.918205
101 103.548802 55.622495 49.367535 44.517978
102 103.878095 52.918674 49.253037 47.897389
103 103.704263 48.175492 49.828678 52.489824
104 103.557404 43.964617 51.571832 55.212464
105 103.888476 42.892735 52.291390 56.311686
106 104.094461 42.604778 52.587797 56.858346
107 105.223899 41.262659 53.301929 57.716286
108 105.346221 41.375222 53.527393 58.013314
109 106.142209 40.883496 54.442382 58.662625
110 106.615716 40.804914 54.851023 58.989934
111 107.086926 40.582252 55.018148 58.999291
112 110.453098 39.398081 54.743545 59.071625
113 113.686646 46.919372 56.899794 62.661176
114 110.863916 37.987950 56.212036 60.104592
115 111.010393 38.186638 56.490409 60.490691
116 111.017683 38.192276 56.490409 60.490691
117 110.992132 38.211309 56.519786 60.479033
118 111.234756 38.222777 56.990324 60.490691
119 111.228486 38.240350 56.995154 60.483868
120 110.466240 38.415109 57.242242 60.289890
121 108.895886 38.716153 57.925288 60.101499
122 108.469640 39.011441 58.206058 60.448788
123 106.935083 39.286167 59.016177 60.317515
124 106.473986 39.417841 59.748713 60.439305
125 106.348343 39.493965 59.864419 60.510864
126 105.436906 39.920696 59.895295 61.230169
127 105.491730 40.056465 59.987228 61.491328
128 105.504339 40.045323 59.958941 61.523367
129 105.608744 40.243217 59.760644 62.290847
130 106.789994 40.137622 58.062344 67.086971
131 108.580006 39.472883 56.453842 73.480218
132 113.238740 29.150518 53.349177 83.779663
133 114.135509 25.379014 53.432746 84.696961
134 115.093798 25.132214 54.474811 84.883363
135 117.579533 25.235947 55.720423 84.499363
136 119.728057 25.819201 56.552424 84.351832
137 122.414286 26.133256 58.420746 83.002299
138 125.927194 25.666787 59.684086 81.790309
139 128.905087 26.116801 61.226775 80.865499
140 133.050042 26.258549 62.251049 80.438966
141 139.403966 26.123656 63.045156 80.567443
142 143.561526 27.166522 63.968376 80.443014
143 147.816318 27.891315 64.475607 79.824651
144 151.340406 27.969430 64.849788 79.550835
145 154.445966 26.767548 65.546649 79.735394
146 156.976561 25.862094 66.097954 79.621666
147 158.663604 23.970015 66.517437 79.644615
148 159.227251 22.917063 66.973160 79.682541
