2 552.722421 130.883841 70.885279 108.031411
3 552.648473 131.048555 71.697920 108.211355
4 576.069284 119.032595 88.657677 106.072544
5 600.868003 101.030334 86.206205 105.406080
6 586.505464 106.211431 87.630304 109.370050
7 587.164949 76.538121 93.957676 117.745301
8 584.325630 78.654136 99.511322 117.052889
9 604.019813 66.875723 101.185112 109.513972
10 591.449702 66.051726 104.747377 113.150356
11 591.653023 66.067150 105.733790 113.862070
12 570.751641 62.076797 144.853953 119.363303
13 570.569236 60.671077 144.666635 119.498769
14 548.935936 74.786851 163.491705 113.265549
15 559.404994 59.440235 137.564574 168.541546
16 574.113302 57.727553 150.718137 184.797147
17 585.377929 48.435595 138.260037 171.904096
18 586.022006 64.994318 134.046580 172.498920
19 560.831039 108.604846 136.486755 180.316982
20 565.488466 133.902192 137.487103 168.204873
21 582.488342 124.367959 148.294089 154.990244
22 604.155043 144.760127 139.717517 154.445921
23 619.053405 152.906294 137.016661 153.706191
24 613.409465 158.801241 132.607636 148.392390
25 609.156952 163.615383 126.399943 144.558485
26 608.466216 156.063556 125.220663 135.516415
27 612.779034 155.826386 121.829675 131.865815
28 611.997559 157.436766 120.904657 130.214296
29 609.743962 166.734852 124.866550 130.410915
30 636.759223 149.873103 141.006029 149.328391
31 679.815999 138.533173 135.298471 143.182575
32 710.663872 133.328830 122.616480 145.933062
33 711.816446 135.794349 121.857485 145.049119
34 696.612264 147.409289 116.315858 133.365014
35 696.102618 141.818225 114.792374 132.353721
36 696.080423 141.840333 114.822380 132.458787
37 686.074977 153.236374 117.033576 127.105689
38 685.978541 153.903586 117.325472 127.073061
39 679.450692 147.004932 114.337647 127.020703
40 682.703289 140.155517 118.857078 131.705134
41 704.548061 155.898214 114.940323 129.206561
42 721.890956 155.739633 111.703731 128.637341
43 717.996204 159.228604 111.386864 125.395600
44 735.574283 173.822262 110.452157 121.623426
45 756.519455 171.663373 105.842602 123.867029
46 757.996337 179.514490 104.536159 119.879058
47 744.287472 182.361163 111.141599 122.028763
48 744.738804 182.742696 110.923826 122.478820
49 742.136124 218.092091 110.123111 127.666514
50 769.227888 238.522323 133.443733 121.168762
51 794.935320 223.742694 124.445053 122.072370
52 748.164499 239.421150 141.345446 120.162762
53 737.171785 241.556363 138.509094 119.170097
54 726.514622 244.106406 134.974502 115.059828
55 767.910813 241.345893 139.964151 107.410156
56 769.610746 252.276306 133.936851 106.447571
57 742.346157 273.550920 133.162101 104.384582
58 742.269401 273.761092 133.286581 104.391476
59 742.543123 274.258906 133.089280 104.232147
60 765.309990 263.987206 123.906725 111.610652
61 768.663149 265.675954 123.776272 111.109443
62 763.333564 263.123050 124.120715 110.936059
63 763.520457 263.155068 124.482398 110.973202
64 769.348300 260.313036 119.439647 140.020887
65 766.914972 269.574457 122.300337 128.850473
66 752.820437 272.759224 116.465820 134.849907
67 725.814119 240.074984 121.615729 137.145875
68 728.651869 239.129447 123.024196 135.445393
69 747.069997 282.199881 122.412796 139.338565
70 726.456549 279.548386 138.967702 150.602843
71 765.719582 291.522080 126.048817 161.021281
72 761.913440 313.201733 117.566249 168.400725
73 758.876239 329.815126 113.155250 164.357579
74 760.286589 365.315296 112.572214 156.057942
75 790.431333 380.024578 114.759057 144.917750
76 817.084357 396.897551 111.964703 140.945120
77 829.831921 379.711188 108.803687 171.285755
78 829.190600 369.405302 107.753701 171.963311
79 831.290629 362.644574 108.683765 183.797812
80 820.284707 380.638841 120.118748 162.562579
81 856.868924 418.013510 112.319867 161.232142
82 882.035231 446.962534 110.550882 159.494549
83 886.567718 442.508451 108.776128 160.765199
84 899.812324 434.694823 106.661135 161.978743
85 916.737283 430.104375 104.615088 164.676684
86 937.555756 408.102695 102.166432 164.833934
87 946.409673 387.472317 101.607210 170.672323
88 950.716798 389.299252 99.233131 170.468471
89 960.582274 390.760422 97.755033 170.775244
90 959.504538 363.882142 96.845642 170.248282
91 949.757920 420.589524 97.459576 172.605965
92 959.621636 436.357895 96.597421 167.413231
93 963.278447 439.367468 96.389226 166.000724
94 958.765044 505.654398 93.426369 166.551320
95 967.730717 515.126610 94.619796 158.743082
96 965.067487 539.988331 93.726381 155.024158
97 959.648335 543.757997 94.897601 153.917670
98 956.661517 546.052076 94.503975 153.838896
99 957.634481 534.588407 97.313769 158.518688
100 948.134813 557.939483 95.723369 146.897239
101 958.383100 570.642181 97.668672 144.828427
102 949.123903 571.077477 97.057530 145.264646
103 956.919637 573.350827 96.448657 146.649173
104 956.219655 565.774799 95.955691 154.225201
105 945.807343 563.673864 93.348148 156.326136
106 958.007089 564.984250 98.498450 148.697455
107 966.502617 569.328080 96.533975 144.111236
108 966.541699 569.602369 96.897272 144.309862
109 919.706574 568.741630 96.140611 141.696407
110 959.740715 563.992906 93.526037 146.973107
111 981.394185 563.542947 107.262434 139.886199
112 971.517930 577.224992 98.062384 133.320288
113 978.520191 575.522596 100.203710 131.235662
114 978.035524 573.283039 103.157992 131.674537
115 955.006804 569.807348 103.295110 131.900884
116 954.292794 568.025260 103.206534 131.504762
117 916.112447 567.322057 105.448593 131.570745
118 915.241732 563.126284 106.835502 131.327340
119 947.366143 556.327706 103.512145 137.562030
120 935.196534 553.931909 114.492596 138.481248
121 917.085228 552.031616 113.385895 144.393161
122 895.533611 561.115941 112.063593 138.599095
123 895.459132 559.952450 112.551563 138.651750
124 878.976140 557.171047 110.977339 137.500930
125 899.968094 534.082407 110.129489 154.564926
126 908.262187 536.853009 110.227843 152.479795
127 892.927783 540.179051 107.802396 153.752402
128 891.103268 540.058722 107.472950 154.045477
129 880.314446 526.671424 104.150108 159.635106
130 867.765930 538.819501 105.781099 153.834648
131 827.052816 539.903692 105.579756 151.462048
132 832.960472 549.259737 103.144768 154.246770
133 827.258989 548.259151 103.253350 156.502638
134 832.132141 552.249432 105.461935 158.167076
135 837.330822 548.244139 104.473178 164.473611
136 831.701633 560.914421 110.502709 153.094089
137 834.349652 560.093187 113.583196 153.705172
138 834.728232 560.049999 114.417241 153.976810
139 836.159727 558.523608 115.060425 154.643529
140 836.516364 558.607357 115.545701 154.942661
141 827.527017 555.702962 116.726433 154.398744
142 835.098095 555.733374 121.566926 152.918291
143 836.136633 555.372139 121.636481 152.792732
144 853.779981 560.697772 124.046828 150.733758
145 864.298355 567.352389 132.979836 144.579250
146 849.898085 566.720125 138.243226 146.381874
147 861.796903 564.150874 138.795723 147.574772
148 866.155176 560.104812 138.167393 151.836288
149 883.833083 559.312923 136.210933 153.623992
150 884.993462 556.328434 134.547794 155.767075
151 896.073377 549.918864 131.724991 158.648750
152 894.574704 548.970667 131.170065 159.973188
153 895.808832 546.350383 130.637323 162.328896
154 897.127908 547.991451 128.640547 162.226242
155 908.765399 545.491845 128.507104 163.702405
156 898.952852 549.113538 128.538033 162.012850
157 896.684179 539.251446 122.959418 170.032030
158 898.351994 537.351555 121.923385 170.981487
159 903.204508 544.501513 121.731102 163.722492
160 904.578514 544.793369 122.439570 163.679453
161 909.462952 547.112077 117.489173 162.804787
162 908.667928 556.968859 118.173455 153.147570
163 908.324591 557.938159 117.946661 151.119986
164 911.262650 556.581251 116.365056 150.134107
165 911.728149 557.650369 116.393363 149.309823
166 913.730343 561.086715 115.383720 138.736324
167 900.926918 561.241605 113.245953 135.015887
168 901.013984 570.086002 111.159466 129.773230
169 900.920312 570.467619 111.135479 129.604641
170 885.447951 577.670953 110.196844 123.389412
171 876.297647 575.720875 107.152630 123.323662
172 873.149504 572.121703 104.570619 123.913775
173 871.850462 572.059775 103.047292 124.809631
174 866.752958 567.835626 99.166798 129.018390
175 868.690536 567.506450 97.736017 129.675050
176 859.754385 566.675888 98.901516 131.327950
177 818.216765 569.276843 101.919472 133.845064
178 819.628030 569.503892 102.639776 133.034542
179 821.802950 565.382373 102.996390 134.924896
180 826.388861 565.342986 102.850732 135.125450
181 826.330396 565.634757 102.926142 135.408736
182 826.365051 565.680447 102.985438 135.467287
183 826.368614 565.707064 102.988758 135.473768
184 820.474153 559.038169 101.666519 136.975338
185 805.143503 554.553940 99.312745 138.105818
186 786.030752 560.516354 99.811972 134.062292
187 785.900586 559.805815 101.501274 134.501866
188 785.592273 560.181098 102.243946 135.022048
189 797.619340 557.859781 104.370937 137.072513
190 794.838021 563.524627 106.577840 137.170909
191 790.746007 562.015840 104.801914 138.594800
192 800.697762 553.459158 108.948164 140.620330
193 797.566288 552.555055 111.571995 141.857342
194 802.573297 550.782509 112.911433 142.674901
195 799.365135 549.468951 113.896946 143.420930
196 798.034834 548.033000 115.910669 144.423315
197 787.223461 542.006021 117.996018 145.872092
198 785.957745 540.741053 121.629821 146.721475
199 783.726624 540.160244 124.134345 147.317292
200 790.020094 547.649589 130.500186 147.915720
201 789.602712 547.535610 133.257353 149.229137
202 793.784452 551.930064 138.619796 149.837174
203 790.745812 551.203217 143.185459 153.324172
204 796.510050 551.075624 146.863562 159.365888
205 781.757186 542.724740 163.449096 165.076323
206 822.779744 553.093415 174.788416 161.720710
207 831.141357 553.553236 171.000034 161.160071
208 831.781428 553.739449 171.523347 161.485307
209 829.971954 553.008162 176.050696 160.826516
210 828.880922 552.834859 175.699891 162.144752
211 835.304221 547.240354 172.803587 165.795396
212 842.337212 543.633098 169.470817 167.322957
213 842.554074 541.631615 168.960290 169.316193
214 844.682617 538.295511 177.599849 170.456624
215 858.155488 536.265542 174.273865 172.550648
216 862.795833 526.580322 166.433517 186.204396
217 853.202245 523.459621 166.395518 185.639619
218 849.488095 519.988285 166.820162 188.636343
219 848.558019 517.937633 176.832131 193.082023
220 858.330469 513.979734 175.292922 195.114385
221 864.621068 513.580323 175.696844 194.844260
222 889.834229 528.518608 177.561956 187.140126
223 895.949742 528.546964 177.438691 187.528753
224 890.788944 532.551854 174.204419 183.168401
225 892.698491 526.249428 170.392275 187.365759
226 877.832100 520.759270 173.657387 187.495860
227 872.453366 529.255869 166.896187 185.900626
228 869.969756 528.696892 166.357443 186.033339
229 862.187266 531.159567 163.044339 188.456774
230 846.435810 512.407348 172.459260 204.147530
231 869.647128 549.340325 174.646799 170.659675
232 859.142893 528.927636 172.676599 191.072364
233 858.717979 530.535915 173.071365 189.464085
234 851.725603 537.704128 175.272790 182.295872
235 856.200029 543.576612 177.763342 173.915612
236 858.687784 546.222128 178.377482 171.365282
237 858.159253 546.715598 178.463851 170.907718
238 854.777876 549.036649 178.887403 168.771127
239 844.371619 566.530835 178.432892 153.469165
240 844.395598 566.516081 178.541307 153.474440
241 839.355044 559.598132 176.460211 158.050034
242 826.793059 560.212035 177.299082 157.555486
243 826.957750 560.394739 177.470351 157.959151
244 832.473144 545.886666 166.236220 165.641251
245 835.090412 545.443138 167.123508 163.251439
246 839.725241 544.986058 168.714043 163.448256
247 846.817452 537.051827 160.522271 173.009163
248 847.517310 536.703574 160.965161 173.846255
249 846.632726 537.700397 160.755216 173.789755
250 847.827959 536.378840 158.756297 175.943963
251 852.287269 536.021499 159.180649 175.573820
252 849.644671 545.780240 179.564140 169.246966
253 848.938874 546.040229 178.886106 169.238923
254 866.746025 549.086789 182.193924 163.618986
255 883.279935 550.049330 172.556881 160.514725
256 891.923897 555.177031 171.042033 158.263613
257 893.062517 554.957048 170.491838 159.103896
258 893.480240 555.037868 170.290927 159.534575
259 893.490882 554.963337 170.289147 159.967049
260 899.435840 555.351257 168.046986 159.745193
261 911.723983 553.434891 166.613853 159.168938
262 940.660380 562.393011 161.968990 156.912766
263 944.860435 563.360772 161.303149 156.639228
264 935.886237 550.049630 161.406927 168.974930
265 906.032696 551.574142 166.243929 167.592107
266 907.739644 553.339550 168.107510 166.627739
267 905.452442 566.383525 165.886230 153.616475
268 902.438415 572.660784 165.031998 147.339216
269 902.326138 584.478428 166.817393 135.521572
270 906.675617 590.189406 167.079210 129.810594
271 894.272299 595.885712 170.664554 124.114288
272 870.065074 599.957373 174.260628 120.042627
273 868.054392 600.973223 173.937538 119.026777
274 865.273217 605.050976 176.528982 114.917704
275 865.727136 605.293922 176.973465 114.706078
276 869.655264 588.186606 177.227501 129.398854
277 865.489046 589.710593 196.249040 126.914683
278 865.006198 587.590726 201.708943 127.914758
279 863.273157 582.575651 203.564890 131.025739
280 872.773371 572.829501 231.616038 136.163240
281 881.528629 563.764452 229.236922 144.010594
282 855.888191 560.233320 240.101650 147.232079
283 860.104663 556.972207 241.873136 149.073184
284 853.365549 556.670586 221.223146 153.372083
285 856.925000 555.087917 220.397323 153.667279
286 866.251125 561.284501 230.329771 147.228236
287 872.842364 560.204261 227.052082 147.117709
288 875.750910 559.525093 225.647197 148.131841
289 850.029007 552.886619 221.951930 153.507642
290 810.465753 557.003352 225.284504 155.305557
291 831.783846 544.776680 209.906703 164.188083
292 877.002987 535.272497 220.521639 178.941167
293 887.870317 524.805507 226.105257 188.405619
294 906.757358 524.811926 229.711779 187.442086
295 898.779810 527.934543 227.400903 184.964919
296 881.580044 521.456787 228.970702 191.572484
297 864.557367 520.679331 226.386641 190.919998
298 865.947859 528.498999 227.646037 188.872686
299 855.820161 503.989354 215.434055 213.098700
300 813.624263 517.671241 217.804434 202.328759
301 799.262469 509.912578 218.283327 206.054163
302 797.015198 514.007549 218.031608 200.453504
303 801.952867 515.079899 214.212553 198.730642
304 804.193138 521.956878 209.445143 195.106487
305 796.243161 525.941697 204.681849 192.632073
306 802.785075 521.607238 205.004194 192.623719
307 814.656017 526.267445 211.288614 188.686040
308 810.669930 531.388213 211.835441 185.019716
309 826.402762 517.214714 224.325557 202.670642
310 788.590305 530.630519 238.818502 189.369481
311 784.676276 520.254615 237.473645 189.172705
312 795.342522 503.080513 278.030962 216.385833
313 782.914735 501.091361 281.501301 217.142939
314 826.969038 510.349386 264.991415 205.188608
315 758.331402 496.373371 281.888185 222.360832
316 771.630156 507.127783 246.779664 212.872217
317 775.100023 515.030278 273.975686 201.155925
318 779.657598 521.372207 264.542773 195.500655
319 810.270650 537.093580 261.645169 182.183964
320 828.773894 530.653409 242.662503 180.809826
321 836.330593 510.030076 224.231436 209.969924
322 813.089675 489.130130 229.523843 218.781429
323 832.968593 505.007483 230.564243 211.295414
324 834.025953 530.975249 237.149805 189.024751
325 815.354169 558.945468 243.436288 161.054532
326 798.723519 571.256875 234.797102 148.743125
327 789.434994 576.353665 233.508144 143.646335
328 790.690921 578.906614 231.087609 141.093386
329 803.336575 581.071534 225.724543 138.928466
330 808.945025 585.131904 240.644493 134.868096
331 822.313142 577.200172 246.997086 141.688002
332 760.817947 575.099381 229.108361 144.495268
333 761.604645 567.633382 224.585467 148.706898
334 755.660276 565.775093 224.263852 143.658130
335 768.552737 553.214460 212.896975 158.078794
336 767.788388 564.548372 218.716030 155.451628
337 770.442957 565.367479 214.867789 154.438695
338 774.094617 565.921198 213.938857 153.768503
339 785.529042 568.556577 212.242674 151.245869
340 804.439823 565.803632 201.711335 154.196368
341 793.067003 574.277826 202.097670 145.722174
342 796.055552 580.571868 203.578319 139.428132
343 795.903295 584.344807 203.771784 135.655193
344 796.595838 587.478987 183.765601 132.521013
345 820.506338 585.384364 195.242041 132.808505
346 825.478127 586.599621 182.333689 133.400379
347 834.966235 588.471820 177.269687 128.863875
348 840.082711 590.797538 172.668228 127.860755
349 845.283184 593.238303 168.576652 126.014526
350 848.575415 591.400142 158.097445 128.599858
351 850.738081 579.007718 152.494185 135.426250
352 849.585403 573.527119 152.896646 135.919477
353 849.532096 573.595182 153.404148 136.027464
354 851.243279 575.844611 153.504040 135.127816
355 842.190400 574.776207 144.436735 134.714894
356 847.725519 580.425048 145.037016 128.912862
357 836.567421 575.666788 144.256721 129.618042
358 839.296356 575.611547 144.047976 128.543486
359 840.578099 571.447368 143.562740 128.264021
360 840.787150 571.711115 143.900539 128.417575
361 840.276619 571.971105 143.793402 128.436404
362 842.568401 570.678524 146.568212 126.811741
363 842.696003 571.121075 146.808402 126.681227
364 852.223520 565.016903 143.333587 127.516090
365 852.522995 567.014034 142.981330 126.445520
366 864.261987 563.831266 171.813912 124.736608
367 875.852246 552.700986 151.029512 139.728308
368 872.013165 551.228591 154.496723 141.171649
369 869.918825 557.536768 153.504936 141.336582
370 880.354272 554.559067 174.307515 138.978939
