77 325.829193 413.594573 61.712182 77.708075
78 349.570124 396.451719 61.859477 78.948974
79 356.766915 415.310831 63.299762 78.276967
80 352.235416 386.978624 63.800512 75.177080
81 356.148938 374.708636 65.287698 79.052838
82 353.648322 391.108714 65.390947 79.732478
83 320.120450 422.124990 64.821798 79.471947
84 321.997082 404.566192 69.420489 79.887073
85 315.450830 410.162065 69.102384 80.788906
86 294.989486 408.884485 68.706636 82.236673
87 289.846943 410.949247 69.121858 82.132180
88 286.632438 414.902131 69.618450 82.229811
89 282.737766 413.848883 69.914885 82.178840
90 301.888378 393.204868 76.881406 82.805936
91 316.659517 416.479124 81.809214 85.270861
92 318.838176 415.642498 81.729033 85.233253
93 336.717776 418.956837 82.073720 80.559926
94 337.385727 380.084588 80.827692 82.268282
95 325.559786 371.364983 78.632440 79.286883
96 310.457763 386.379186 77.530398 77.551440
97 315.174071 415.378166 76.214153 79.051142
98 292.394986 440.580162 78.437526 79.910686
99 278.144675 482.009684 83.039314 80.386253
100 260.524585 522.040674 87.336923 80.037809
101 246.401078 530.111801 86.169176 78.865205
102 217.910779 507.306975 89.644020 79.204332
103 212.004321 507.706405 88.180016 79.594980
104 218.891657 565.737520 92.279195 79.409218
105 222.852842 580.607177 88.664056 82.596640
106 208.516435 502.728631 89.616844 85.073077
107 205.831475 446.326339 91.975788 86.962270
108 167.448662 506.133244 95.350347 90.120721
109 206.870534 507.430891 96.587847 89.628311
110 177.267262 448.663846 98.030716 94.240272
111 134.828738 438.569880 105.547514 90.953163
112 135.135302 438.646987 105.891688 90.908924
113 131.795369 444.951313 102.623470 91.039717
114 142.866021 419.970660 107.514727 90.874438
115 155.684199 436.219680 106.862132 93.881137
116 148.495660 451.257296 108.195895 99.596221
117 148.788106 458.091852 108.163131 100.226502
118 132.115084 430.279458 107.127339 98.568925
119 130.195054 365.377875 107.379841 100.208921
120 128.657575 385.587923 104.431361 102.462919
121 109.804116 410.481415 102.746074 108.091236
122 105.305471 407.351275 103.234226 109.542952
123 134.810408 389.018569 107.481693 106.915597
124 107.527208 416.482158 107.591320 112.921559
125 109.035390 421.808425 109.540714 118.047711
126 90.745365 445.531224 107.060816 122.324990
127 80.809681 453.303853 107.280869 122.903917
128 84.458626 462.905346 109.996321 126.710911
129 64.969325 394.115810 110.149769 130.370482
130 48.147437 374.045648 113.048413 134.686811
131 35.328675 381.450966 115.344720 135.242506
132 21.900138 406.338318 120.950874 138.323500
133 8.743613 406.736621 120.824430 140.055737
134 2.302591 381.881160 117.428595 141.533334
135 1.934861 377.642311 116.021888 142.946395
136 0.775174 336.656488 108.458327 148.909959
137 1.341793 314.371410 103.084489 151.681301
138 0.761525 287.629666 97.575955 154.760169
139 0.401277 276.581410 94.369295 160.042442
140 1.188355 312.539216 94.663410 172.540668
141 2.868749 309.736990 94.669694 173.351403
142 1.052256 279.410352 89.854626 176.455508
143 1.087740 278.590467 89.485655 177.628702
144 1.088075 287.976818 89.486164 179.875188
145 3.042234 288.680139 89.973573 179.480398
146 20.563192 287.976289 93.233517 178.275876
