2 274.880565 276.329171 41.870047 99.760610
3 276.505682 277.750336 41.045670 100.531216
4 276.853012 278.515409 41.312082 101.416261
5 272.231153 279.788384 40.886773 116.638337
6 271.772076 281.492325 41.904027 126.303442
7 268.893809 277.955257 43.598634 147.272038
8 268.038243 278.222234 44.589534 151.987410
9 268.139728 277.968858 45.061562 152.418227
10 265.041938 270.467468 45.861225 160.809782
11 265.108816 270.557041 45.972305 160.887155
12 264.904165 269.335745 46.054033 161.656935
13 265.117414 269.475961 46.475162 161.906901
14 265.120634 269.502727 46.475563 161.900899
15 265.158416 258.759519 45.906264 163.232625
16 265.202504 258.885745 45.971737 163.386120
17 265.213815 258.934944 45.971652 163.386229
18 265.225293 258.984945 45.971917 163.385886
19 265.338816 252.157436 45.689666 163.687867
20 265.657639 247.952505 45.775959 164.424610
21 265.767198 247.983980 45.972279 164.385094
22 265.778710 248.033056 45.972211 164.386466
23 265.790165 248.083352 45.972266 164.385266
24 267.688101 228.636794 46.042360 167.365450
25 267.916329 228.694277 46.471324 167.388677
26 267.930004 228.740298 46.471350 167.388445
27 267.944171 228.785389 46.471173 167.390019
28 267.958428 228.829693 46.471173 167.390019
29 271.999961 222.816384 46.364858 166.145417
30 272.068721 222.976891 46.476089 166.370684
31 272.081865 223.024773 46.476093 166.370676
32 272.270000 222.300622 46.416497 166.770549
33 272.312317 222.373494 46.470335 166.907739
34 273.531168 216.117890 46.037400 166.709957
35 274.401080 214.633230 46.380098 166.463122
36 274.570137 214.369576 46.457922 166.175146
37 275.822621 210.701114 46.197184 165.544961
38 276.250764 210.517399 46.205402 165.586629
39 276.418170 210.637766 46.440421 165.789012
40 277.421841 207.480160 46.006943 163.702907
41 277.725950 207.467971 46.411714 163.652614
42 277.827131 207.480132 46.409823 163.667144
43 277.929262 207.485035 46.409818 163.667136
44 280.534326 201.385596 44.945649 162.331990
45 280.597563 201.345073 44.744315 162.029048
46 280.759380 201.464630 44.753835 162.038726
47 283.007548 197.365433 45.078818 160.928172
48 283.236611 197.318787 45.451114 160.784136
49 283.279537 197.344091 45.451147 160.784144
50 283.322459 197.369337 45.451151 160.784074
51 283.365215 197.395278 45.450305 160.784520
52 285.872666 185.606702 44.107352 159.863862
53 286.072153 185.677411 44.437032 159.893524
54 286.106799 185.733289 44.437038 159.893524
55 286.136213 185.781934 44.471677 159.887039
56 286.147948 185.832914 44.473209 159.887856
57 287.493401 181.246308 43.990982 158.232841
58 287.497312 181.378988 43.965879 158.384795
59 287.584738 180.940507 43.999572 157.905075
60 287.719569 180.044160 44.039226 157.355818
61 287.974651 179.901812 44.474231 157.272103
62 288.283360 176.707907 44.473907 155.589026
63 288.299942 176.843508 44.472610 155.823905
64 288.317000 176.862860 44.472510 155.825020
65 288.354175 176.401294 44.453386 155.324324
66 288.395132 176.096117 44.456484 155.034157
67 288.429486 176.078366 44.459234 155.144230
68 288.462465 176.005645 44.459229 155.144193
69 288.435532 167.949950 43.912082 152.740939
70 288.478479 168.051524 43.969179 152.864404
71 288.492702 168.094167 43.969506 152.867833
72 288.509665 168.048073 43.966250 152.728093
73 288.528313 168.073031 43.966131 152.729741
74 288.547010 168.097099 43.966175 152.729632
75 288.635614 161.329135 43.701762 150.688737
76 288.785694 161.474801 43.965852 150.835460
77 288.809478 161.474405 43.959654 150.778168
78 288.835597 161.507588 43.960220 150.790401
79 288.923343 159.781445 43.890337 149.704065
80 288.999436 159.651243 43.931258 149.647014
81 289.008240 159.518874 43.881639 149.742107
82 288.940864 154.622391 43.633763 148.796883
83 289.107995 154.557354 43.962520 148.761305
84 289.110740 154.510107 43.962532 148.761276
85 289.120840 151.574920 43.881372 147.352813
86 289.180284 151.570725 43.967618 147.337544
87 289.204353 151.527906 43.956920 147.309572
88 289.232284 151.514419 43.958903 147.321262
89 289.365294 150.108006 43.794140 147.360416
90 289.491859 149.844101 43.925340 147.344359
91 289.551867 149.600012 43.926376 147.347426
92 290.128614 144.109911 43.737414 148.000760
93 290.257507 144.354425 43.973510 148.395916
94 290.268352 144.401362 43.973510 148.395916
95 290.294832 144.306749 43.969007 148.389401
96 290.321956 144.226071 43.969733 148.387348
97 290.984663 139.517379 43.875634 149.038491
98 291.044446 139.742994 43.973510 149.395215
99 291.055291 139.790247 43.973510 149.395215
100 291.265800 138.631584 43.958821 149.652041
101 291.284507 138.794692 43.973231 149.898791
102 292.704863 134.527612 43.437277 151.323695
103 292.838447 134.570657 43.415122 151.477923
104 292.878513 134.576487 43.473811 151.393813
105 294.889015 127.472234 43.228830 153.334830
106 295.022227 127.549541 43.473811 153.392411
107 295.032949 127.598058 43.473811 153.392411
108 295.043671 127.646575 43.473811 153.392411
109 295.054392 127.695092 43.473811 153.392411
110 295.524418 125.493713 43.345797 153.913629
111 296.240533 122.414420 43.235740 154.671199
112 296.673748 121.270825 43.455918 155.284966
113 296.781185 121.256479 43.497801 155.439680
114 296.779911 121.281292 43.473811 155.391010
115 296.981953 120.211464 43.418715 155.553965
116 297.195372 119.388323 43.409281 156.030841
117 297.737479 117.458486 43.551736 157.134245
118 297.959211 117.635949 43.973510 157.389608
119 299.324704 114.431439 43.753580 158.375162
120 299.445514 114.488409 43.973510 158.388907
121 299.456359 114.538506 43.973510 158.388907
122 300.042144 110.516575 43.659806 158.574165
123 300.235578 110.621779 43.948599 158.959370
124 300.284506 110.533865 43.949098 158.958399
125 300.552342 109.382071 43.943773 158.892772
126 300.614868 109.296613 43.989808 158.890467
127 301.354311 108.203168 43.809792 159.104120
128 301.453537 108.375249 43.975811 159.373139
129 301.593426 108.151022 43.939017 159.265475
130 302.037211 106.731948 43.777385 158.795680
131 302.259784 105.288500 43.891919 158.125510
132 302.643536 102.532711 43.643936 157.946235
133 302.890141 102.186644 43.921515 157.739654
134 303.007707 101.887777 43.914069 157.724413
135 303.560044 95.214749 43.670725 155.658183
136 303.796016 95.428370 43.987063 155.484307
137 307.621511 92.184226 44.549184 151.854179
138 307.881347 92.445865 44.996024 151.254515
139 307.940093 92.481876 44.998054 151.103745
140 308.016599 92.574806 45.003401 150.995123
141 308.310892 92.501541 45.496583 150.719003
142 309.814561 91.996732 45.375517 150.033274
143 310.143367 92.088878 45.482914 150.209815
144 315.001889 89.085440 45.310723 145.899225
145 317.495650 88.417681 46.211154 143.666515
146 317.669652 88.620204 46.504865 143.757319
147 318.925049 88.675613 47.527783 142.724556
148 319.159644 88.806469 47.974770 142.891888
149 319.170511 88.854395 47.973372 142.893661
150 323.159262 85.975649 50.228899 141.024868
151 323.292057 86.208350 50.469596 141.400822
152 323.652616 86.104338 51.445283 140.724640
153 324.210077 86.119424 52.046683 140.338955
154 324.433871 86.195116 52.468392 140.401523
155 328.217357 83.218457 57.003095 138.215664
156 328.462673 83.355863 57.465382 138.402925
157 328.475434 83.242017 57.959273 138.341658
158 328.489329 83.278102 58.008875 138.435305
159 328.730654 83.301415 58.468124 138.409549
160 331.413407 80.437156 58.450620 139.070675
161 331.434906 80.647022 58.464780 139.402224
162 331.449324 80.691114 58.464780 139.402224
163 331.463743 80.735206 58.464780 139.402224
164 331.478162 80.779298 58.464780 139.402224
165 333.114336 78.903825 57.783392 140.157099
166 333.494590 78.492460 57.767312 140.712919
167 334.983205 76.419872 57.390037 141.783814
168 335.206562 76.191131 57.312104 142.094687
169 335.549179 75.872698 57.261427 142.663663
170 336.169236 74.944667 57.098736 143.639246
171 336.464806 74.872393 57.376575 144.035740
172 336.605806 74.920111 57.389154 144.500110
173 336.766573 74.884820 57.369838 145.049353
174 332.073883 65.349515 58.597082 148.117298
175 331.971201 65.316043 59.273341 148.805731
176 331.783142 65.261531 59.720449 149.175831
177 331.412419 64.360382 60.573938 150.328328
178 329.595839 63.733594 61.856320 150.829763
179 329.535023 63.420828 62.239181 151.184269
180 329.331670 60.519590 63.176149 152.303773
181 327.379280 58.003271 64.601235 153.785387
182 326.507716 56.528355 65.405404 154.489027
183 326.633024 56.145542 65.553136 154.592583
184 326.633545 56.109421 66.201095 154.900540
185 328.225433 55.242072 66.200306 155.212276
186 330.204592 54.828755 65.924641 155.499852
187 333.339310 53.848189 65.382556 155.581177
188 337.311862 53.587187 64.877580 155.548049
189 337.656873 53.538713 64.911309 156.092663
190 342.085174 46.908215 65.564160 160.172872
191 344.501521 44.649331 67.000021 161.433220
192 344.747828 44.677169 67.459361 161.386804
193 344.764465 44.728214 67.459361 161.386804
194 344.780208 44.775140 67.457475 161.388414
195 344.797041 44.821946 67.457784 161.388144
196 344.813685 44.868725 67.457717 161.388213
197 345.304148 44.717633 67.306131 161.370224
198 345.901779 44.570815 67.304078 161.363316
199 346.120488 44.669714 67.382007 161.345627
200 346.569195 44.689898 67.235900 161.320599
201 347.613955 44.477745 67.043064 161.254872
202 347.889331 44.601680 67.420564 161.365788
203 347.981610 44.670365 67.417100 161.364009
204 348.074574 44.740216 67.417129 161.364163
205 355.119604 44.620832 67.193086 152.432613
206 355.318656 44.700454 67.477354 152.225825
207 357.300476 38.945367 67.855667 150.452263
208 357.374702 38.963107 67.961197 150.376121
209 357.396194 39.018904 67.961210 150.376006
210 357.417648 39.074772 67.961197 150.376121
211 357.439132 39.130575 67.961207 150.376056
212 357.488758 38.981906 68.020146 150.197931
213 357.769619 38.769506 68.531082 150.138274
214 358.064525 37.693602 69.071568 150.043646
215 358.386569 37.688596 69.595586 150.050894
216 358.593038 37.773770 70.038155 150.190180
217 358.719758 37.989815 70.875432 149.950783
218 358.771324 38.029322 70.993175 149.878199
219 358.764038 38.105064 70.993046 149.878256
220 359.134440 38.418686 71.231063 149.170253
221 360.140603 38.993325 71.792692 148.384491
222 360.413828 39.229351 72.063971 148.097188
223 360.788126 39.541427 72.609904 148.011543
224 362.668864 39.123394 76.338539 142.842850
225 361.203470 38.288608 78.103863 140.523013
226 358.715824 38.767134 79.147864 140.483596
227 356.952660 37.910885 80.481032 140.225646
228 355.160200 38.027066 81.075593 140.150537
229 354.987784 38.183621 81.638124 140.408196
230 363.230779 49.569209 85.813967 140.457424
231 370.658083 48.411916 90.437401 139.394512
232 375.334471 46.447811 90.759190 138.043917
233 378.093034 46.907190 90.836828 138.035045
234 380.009710 46.206489 91.226472 138.073164
235 380.378868 46.267039 91.571336 138.342814
236 380.556038 46.327544 91.998197 138.388026
237 380.512448 46.371115 91.988568 138.365208
238 380.479349 46.426966 91.982610 138.369184
239 380.447995 46.481669 91.983562 138.369574
240 380.283954 42.321921 93.530665 135.067661
241 379.034950 33.524996 95.173561 131.904471
242 375.028205 11.787787 97.132745 123.695964
243 372.342569 7.258845 98.483600 110.539401
244 372.035555 11.169711 98.603340 104.840370
245 372.034624 13.783443 99.011509 100.963476
246 372.223122 14.595323 99.380912 99.772542
247 372.234845 15.353469 99.391716 99.055176
248 372.268643 15.804962 99.402139 99.097697
