2 316.445134 35.319061 131.043389 189.068631
3 316.989211 35.997103 131.234153 188.660983
4 317.150715 36.309986 131.332517 188.565692
5 317.447562 36.964639 131.015962 187.935341
6 317.917398 37.311839 131.178717 187.414006
7 318.451241 37.753063 130.760205 186.848179
8 318.798870 38.334363 130.373313 185.793995
9 319.346472 39.427830 129.747853 183.765457
10 320.036756 40.076707 129.016721 183.030986
11 321.178562 40.714307 128.398774 182.825728
12 324.350144 41.161963 125.932551 182.253716
13 324.968690 41.584863 124.962465 181.918810
14 326.431702 42.289602 122.824228 181.142102
15 327.693710 43.200868 121.072835 180.551162
16 329.455515 44.065352 119.547514 179.570169
17 332.706837 44.603231 116.969095 177.980061
18 334.500901 46.153778 113.689720 177.002347
19 336.674146 47.446867 110.754481 175.991292
20 338.982796 48.257011 107.758061 174.434788
21 342.439513 48.745756 104.610426 172.541939
22 344.431528 50.058619 102.626852 171.667865
23 346.963355 51.566525 100.464488 170.433109
24 351.285736 53.362969 97.348180 168.490742
25 352.700182 54.075713 95.687994 166.787531
26 354.737021 54.067437 94.055214 165.573460
27 356.352114 53.996968 93.016322 164.515211
28 358.459960 54.394539 91.956791 163.628632
29 360.938081 54.716919 91.045138 163.107723
30 361.603236 54.878910 90.933103 163.054333
31 362.968394 55.300798 90.689776 163.307385
32 365.068674 56.107651 90.628242 163.141020
33 366.022677 56.045254 90.712054 163.423706
34 366.893365 56.175896 90.865536 163.377505
35 367.700954 56.098385 90.702451 163.350171
36 368.655695 56.439333 90.712648 163.596027
37 369.428948 57.189768 90.906507 164.241603
38 373.281215 55.960972 90.375040 163.691898
39 373.228069 56.902377 90.270249 163.671218
40 373.485394 56.949223 90.371946 163.841228
41 375.764768 56.985723 89.686021 163.661654
42 377.828748 56.918783 89.455263 163.663648
43 377.994310 57.250564 89.494115 164.004325
44 378.690330 57.258274 89.185894 164.106962
45 378.789676 57.426602 89.479216 164.274721
46 378.072371 57.803167 89.826568 164.384231
47 376.570601 58.727262 90.504805 164.240820
48 374.433460 59.482832 91.650058 163.770385
49 373.077893 58.851052 92.247755 163.188427
50 372.097382 58.012968 92.804593 163.221657
51 372.012368 58.125148 93.033964 163.459085
52 371.952288 57.785332 93.433400 163.631173
53 371.972084 57.726938 93.390345 163.851848
54 372.042560 57.484166 93.406489 163.962127
55 372.349996 56.371350 93.315363 164.222600
56 373.398286 54.524953 93.273802 165.194278
57 373.869909 54.437505 93.667365 165.286602
58 374.059261 54.494068 94.025491 165.417035
59 374.347638 54.651685 94.571228 165.371808
60 374.770012 54.949445 95.040090 165.474234
61 375.715509 55.082597 95.439129 165.626298
62 378.716544 55.420610 95.075509 166.128666
63 378.924769 55.591184 95.437526 166.380330
64 378.966976 55.692692 95.420659 166.363070
65 379.882414 56.097761 94.806585 166.434540
66 380.305450 56.449978 94.653685 166.018868
67 380.767813 57.275777 94.905401 165.770049
68 380.800214 57.736018 94.983688 165.638476
69 380.910163 58.555197 94.863689 165.515366
70 381.165165 59.123482 94.802634 165.924700
71 381.306851 59.055547 94.978841 166.115685
72 381.302713 59.512490 94.963412 166.428490
73 381.220129 59.548228 95.036969 166.455921
74 379.531587 60.087961 95.683404 165.955473
75 379.181447 60.319882 96.135992 166.096640
76 378.928082 60.866621 96.677484 166.634492
77 379.579920 61.166593 96.520863 166.899202
78 381.458933 63.392374 95.786973 166.628884
79 384.112032 64.516098 94.876978 165.815023
80 384.218041 65.228679 94.969536 165.359787
81 384.461886 66.196556 94.911326 164.476484
82 384.604895 67.334465 94.902343 163.626440
83 384.682837 67.888916 94.932934 163.510006
84 384.721643 68.339606 94.961749 163.634432
85 384.874452 69.222494 94.833121 163.285835
86 385.282499 70.009086 94.778866 162.810450
87 385.704591 70.654127 94.772424 162.403006
88 385.763190 71.518141 94.989368 161.978248
89 385.638831 72.373172 94.959837 161.569878
90 385.492437 73.713491 94.905252 161.415769
91 385.278940 73.939151 95.090354 161.497089
92 385.303861 74.295033 95.372057 161.553598
93 385.106217 75.368259 95.381638 161.895044
94 384.787948 75.652179 95.502883 162.033502
95 383.264897 76.616563 95.895795 162.532056
96 382.796463 76.917642 96.133113 162.980429
97 382.376266 76.861269 96.586232 162.978237
98 380.718531 76.827660 96.946166 163.170310
99 380.424747 76.840190 97.083330 163.762228
100 380.549332 76.759021 97.526379 164.225564
101 380.765268 76.672380 97.941704 164.596081
102 380.769854 76.531736 97.949242 165.184697
103 380.746756 76.342091 98.035169 165.855724
104 380.946246 76.135540 98.481617 166.226130
105 380.920320 75.753203 98.497675 167.021273
106 380.916720 75.893335 98.439514 167.485895
107 380.926461 75.680465 98.474491 167.655180
108 380.926327 75.785208 98.457484 167.959826
109 380.942212 75.799519 98.440698 167.882248
110 380.966490 75.852619 98.440698 167.882248
111 380.990768 75.905719 98.440698 167.882248
112 381.022631 75.967134 98.428190 167.876929
113 381.042680 76.025233 98.440096 167.896363
114 380.981513 76.060108 98.474092 167.930970
115 380.813732 76.087422 98.484369 167.957118
116 380.650911 76.108710 98.463355 167.942394
117 380.217322 76.099342 98.437278 168.055475
118 379.856148 76.309914 98.500620 168.553069
119 378.936812 76.379549 98.715508 169.093326
120 378.280813 76.667097 98.806589 169.398380
121 377.957099 76.690410 98.971426 169.525589
122 377.331242 76.909750 98.876082 169.948298
123 376.663784 76.994201 98.910718 170.067922
124 375.767205 76.990240 98.858785 170.564195
125 375.162188 76.468558 99.041155 171.074975
126 374.290761 76.187264 99.627234 171.566502
127 373.685961 76.047063 99.899669 172.199709
128 373.234155 76.026054 99.964948 172.577401
129 372.185059 75.706759 100.062766 173.051608
130 371.092771 74.641523 100.270285 173.473873
131 369.849347 74.390202 100.682837 173.415821
132 367.740067 73.179559 100.983211 173.528658
133 366.475621 72.928529 101.140152 174.068516
134 364.902506 72.974102 101.908245 174.726617
135 363.316594 71.442139 102.139526 175.316187
136 361.542566 70.292864 102.397913 175.694099
137 359.631983 69.669381 102.822155 176.388960
138 358.538834 69.210219 103.355391 176.985664
139 358.033708 68.841435 103.855739 177.609471
140 356.357506 67.403046 103.909447 178.330418
141 354.875928 65.794363 103.811073 178.165564
142 352.510829 65.622388 104.842458 178.066396
143 349.114462 65.704937 105.758253 175.899102
144 347.632026 66.985232 106.679362 174.018872
145 344.292168 70.107159 107.145519 172.618699
146 337.996855 76.369933 108.425884 169.371495
147 330.575490 82.331938 109.313458 165.455152
148 323.972598 97.238339 110.131650 159.860923
149 314.838705 119.456338 111.959933 155.323494
150 295.855772 128.751296 114.747865 153.303442
151 235.563936 131.185585 116.329955 165.049148
152 230.646338 127.299782 117.676098 174.852519
153 230.180514 123.664668 117.867857 179.292947
154 228.370297 121.120098 117.426737 183.770378
155 227.634650 118.392389 117.354287 185.864767
156 227.249166 117.470011 117.456561 186.911591
157 226.499891 116.368792 117.584793 188.301379
158 225.953018 115.434529 118.144094 190.032627
159 224.923229 115.061512 118.829979 192.400702
160 224.342892 113.570107 119.271104 194.044818
161 223.800520 112.472959 119.656815 195.826130
162 223.290531 111.763791 120.116381 196.923956
163 223.068326 111.106041 120.544829 197.553420
164 222.970464 110.680511 120.979033 198.348812
165 222.461205 110.120875 121.027954 198.831813
166 222.342626 109.808127 121.523870 199.172615
167 222.109487 109.542958 122.019227 199.595985
168 221.482255 109.358098 122.598419 200.026016
169 221.192400 108.933048 123.011642 200.463431
170 221.093802 108.430013 123.531276 200.583674
171 220.925509 107.826500 124.018064 201.060353
172 220.934812 107.477322 124.486684 201.501999
173 220.798315 107.122813 124.448150 202.046157
174 220.693011 106.741380 124.450447 202.488596
175 220.594585 106.456457 124.479477 202.403383
176 220.521377 106.036926 124.446855 202.383037
177 220.503799 105.763059 124.431497 202.372899
178 220.509893 105.529718 124.432293 202.340262
179 220.545213 105.316664 124.440462 202.320052
180 220.703545 104.839853 124.444089 202.225114
181 220.952124 104.516948 124.409128 202.297853
182 221.413093 103.915368 124.351472 202.267089
183 222.026629 103.159331 124.300553 202.281370
184 223.132610 102.054758 124.219032 202.286777
185 223.441545 101.923437 124.384776 202.358898
186 224.037674 101.313040 124.321100 202.324638
187 225.095399 100.186553 124.212798 202.286806
188 226.993142 98.317445 124.095526 202.285116
189 227.424865 98.105758 124.388012 202.307518
190 227.603872 98.001918 124.398418 202.339277
191 227.830755 97.852333 124.385874 202.313312
192 228.203640 97.589855 124.346354 202.288689
193 228.445085 97.401844 124.406237 202.292329
194 228.732287 97.022862 124.402788 202.245778
195 229.088612 96.633698 124.398246 202.202317
196 229.942198 95.594481 124.324044 202.089748
197 230.511060 95.041490 124.379587 202.114544
198 230.911749 94.564210 124.425739 202.081337
199 231.818702 93.231090 124.334962 201.964239
200 232.084051 92.854805 124.416205 201.677035
201 232.494738 92.330491 124.383838 201.577333
202 232.732479 92.121421 124.429040 201.636022
203 233.045941 91.722373 124.409187 201.581880
204 233.811240 90.483081 124.392541 201.359397
205 234.509615 89.498308 124.361166 201.008566
206 235.033362 89.160554 124.365179 201.119378
207 235.691383 88.433467 124.416721 200.991703
208 236.078825 88.001783 124.381748 200.617802
209 236.644179 87.405531 124.435505 200.487070
210 237.051662 86.809497 124.458545 200.088120
211 237.688534 86.540343 124.463911 200.066341
212 237.964477 86.557174 124.439055 200.235889
213 238.299825 86.595421 124.491160 200.197809
214 238.639611 86.388693 124.540672 200.176365
215 239.503069 85.217220 125.065464 199.793406
216 240.281414 84.960038 125.532938 199.514227
217 240.544385 85.247785 126.218949 199.422054
218 240.753126 85.886270 126.852648 198.781690
219 241.204171 85.284239 127.079931 198.424337
220 241.585136 84.990646 127.619387 198.119546
221 241.945004 89.352971 128.798737 198.374794
222 243.781874 82.958696 129.032958 197.473923
223 244.439762 81.950130 129.460745 196.626420
224 245.362366 81.223317 129.259210 196.148809
225 245.773333 80.741327 129.435063 195.838498
226 246.411202 80.366236 129.390060 195.114933
227 247.326331 79.947832 129.395691 194.421593
228 248.166761 79.436845 129.410023 192.967030
229 248.753010 79.109664 129.355844 191.364828
230 249.416916 78.073744 129.377796 189.872313
231 249.801887 78.062372 129.573545 188.743445
232 250.206412 77.648303 130.080908 187.787937
233 250.196146 77.801802 130.642712 187.313164
234 251.219632 77.222039 130.963401 186.336368
235 250.826502 77.454778 131.532314 185.235049
236 249.223349 78.391347 133.230192 184.253905
237 249.845712 78.156058 134.400178 182.428110
238 247.362082 79.553683 136.400417 181.285371
239 246.501829 80.148233 138.194150 179.600040
240 246.262009 80.393575 140.338271 178.313710
241 243.830397 82.102866 142.801119 177.736098
242 244.279572 81.344110 143.878162 177.336864
243 243.743618 82.319258 145.189627 177.108800
244 244.395244 81.739060 146.598046 176.686098
245 242.320094 85.715373 149.341666 176.109274
246 238.998964 89.819005 152.727412 175.057535
247 234.495368 97.786600 156.420663 174.922591
248 231.065764 108.683872 159.918781 170.576309
249 233.450757 105.628053 163.471306 168.760527
250 229.127062 118.043884 166.210317 168.234236
251 229.766858 135.249954 167.676038 170.941120
252 230.139437 136.103437 167.785717 170.756973
253 230.413124 137.136256 167.787376 170.690649
254 230.758192 139.622275 167.708276 170.499472
255 232.684620 144.783746 167.621927 170.018383
256 234.893692 150.165996 167.510648 170.811057
257 235.534265 151.123625 167.738846 170.835128
258 238.391772 155.661858 167.562094 170.869872
259 241.158997 158.419834 167.661189 170.946152
260 246.378692 163.645589 167.812562 171.318092
261 251.531673 171.532685 167.910567 172.066171
262 258.861117 177.639616 168.376671 173.645894
263 262.811675 181.428305 168.278853 174.909630
264 267.303839 183.492562 168.449888 175.688851
265 274.009272 187.829483 168.126724 176.197992
266 274.565530 188.132988 168.361570 176.528161
267 277.390618 189.424003 168.234823 177.274326
268 280.221092 190.221921 168.044087 177.812638
269 288.035008 190.913187 167.559931 179.548123
270 296.896586 194.276135 165.484092 183.815191
271 303.105763 193.625591 163.484684 185.927219
272 301.943183 192.258781 163.440109 187.190411
273 303.825963 189.893435 162.982389 189.751044
274 305.092700 187.041027 162.332153 190.484959
275 306.787620 186.973997 161.950097 191.033534
276 308.820909 187.349343 160.617832 192.625239
277 311.693259 187.249168 159.177922 194.715358
278 317.732341 186.854752 157.334395 196.919806
279 316.034869 184.380947 155.860436 196.319070
280 320.730738 184.478102 154.029425 196.620890
281 319.126615 182.008472 150.553058 197.867432
282 329.468008 182.767602 148.508904 197.306550
283 320.804272 179.993523 147.372160 195.661114
284 331.961759 181.972980 146.435243 195.680525
285 324.730576 179.917480 144.730175 194.011104
286 330.990911 181.698209 142.849793 194.313305
287 329.706720 181.662771 140.893668 194.664418
288 329.658363 180.788712 138.964530 193.588821
289 331.894422 181.564548 137.527502 193.144297
290 337.061013 182.386218 134.879715 193.293052
