141 136.947019 125.513279 36.542810 108.364715
142 141.157733 121.839816 37.753066 108.438438
143 143.865210 120.904815 38.084908 108.752238
144 149.701773 121.599686 38.308639 110.464008
145 156.213736 122.331396 37.978516 111.336599
146 159.401405 121.473438 36.660527 111.979580
147 163.916336 121.785289 36.288828 113.579513
148 165.022482 121.556281 36.278294 113.667315
149 168.820793 120.681064 36.476340 113.139566
150 170.731366 120.424481 36.732212 113.763743
151 171.414899 119.861525 36.805652 114.318356
152 174.556174 118.866548 36.179365 115.521526
153 179.289640 117.640026 35.581175 120.664239
154 183.055885 118.134300 35.529577 120.778223
155 185.876903 118.171238 36.475880 120.897005
156 190.023724 116.810329 37.783139 118.619536
157 193.340744 117.611241 39.276093 115.599326
158 196.256879 118.013394 41.548982 112.781463
159 200.680007 122.266126 43.009227 112.783618
160 202.150277 121.491122 43.629588 113.207206
161 202.915877 122.197179 44.278216 114.010204
162 205.429470 117.288777 44.742182 116.544313
163 206.123267 116.433263 45.382670 118.022970
164 207.922477 115.359083 46.252891 119.330299
165 208.959532 115.131473 46.449643 119.822923
166 212.556071 114.939419 47.139838 119.376863
167 219.329879 116.323239 48.379046 120.821784
168 224.868490 117.542683 47.705294 122.593195
169 227.980408 117.503089 47.461134 123.351255
170 231.410456 114.340123 46.899161 122.870802
171 232.457470 112.615680 47.350112 121.286969
172 235.155520 113.539894 48.284171 120.273878
173 239.573005 114.948825 49.190197 119.175837
174 245.655780 115.975244 50.414518 118.806688
175 249.599685 114.114841 51.294461 123.944940
176 253.127234 113.506552 51.327855 127.544434
177 256.036304 111.641879 51.049421 130.142200
178 260.733446 104.498480 50.540394 133.215317
179 262.005721 99.916302 50.421928 135.118785
180 268.606394 90.556706 46.492837 145.207855
181 273.813359 69.774422 45.049687 157.959024
182 276.912813 65.293366 43.685864 162.261268
183 279.325210 71.960202 44.798457 162.891560
184 284.501285 75.075630 45.656710 163.642299
185 285.639005 72.754338 49.514378 161.924850
186 287.418839 72.935779 53.898501 157.630519
187 288.122006 74.835678 57.504694 154.485685
188 289.472583 80.190940 59.008112 152.246858
189 291.463805 87.612126 61.257540 151.904471
190 294.257801 93.291492 61.699044 151.804168
191 296.758745 96.581589 62.365292 150.646283
192 297.184150 97.393502 62.432873 150.792885
193 299.161701 99.478501 62.231779 150.031416
194 304.115828 105.832453 64.013812 144.089997
195 309.353388 107.449255 66.454888 140.146014
196 315.243289 108.257441 66.929143 137.566731
197 317.874104 107.863603 66.657625 136.695129
198 320.398642 107.450518 66.796692 136.009621
199 321.292807 107.659421 66.623479 136.564795
200 324.643749 107.773428 65.743041 138.243742
201 326.419802 107.937873 65.315743 139.072498
202 327.046166 108.950256 65.484074 139.185679
203 329.576948 109.446057 65.673836 138.608269
204 331.830829 110.087936 66.179222 138.268278
205 334.439750 109.490452 66.671518 137.882138
206 336.079175 108.274380 66.857326 137.202599
207 338.739812 108.230299 66.602051 136.679984
208 344.134769 104.458647 66.156152 133.930181
209 345.359020 103.089655 66.046396 133.258255
210 349.454624 102.207854 66.032257 133.006907
211 351.990738 103.006186 66.024349 133.750341
212 354.393849 103.722579 66.073705 133.483629
213 360.442102 105.834927 65.723798 132.671984
214 369.735962 104.050002 65.202226 130.698696
215 379.572446 102.943101 64.843539 129.772706
216 384.612780 104.906792 64.556380 130.659028
217 386.984019 106.025963 65.838520 130.313671
218 388.541535 106.199059 66.165268 130.697516
219 390.953286 106.340456 66.327842 131.847697
220 393.882518 103.171525 65.699045 133.696747
221 396.981272 98.636833 64.627432 138.964446
222 401.725329 86.306439 63.184967 148.461847
223 406.272642 64.438889 61.688001 156.978735
224 410.609101 39.218044 59.792469 175.815981
225 411.491640 37.671861 59.760324 178.458140
226 411.761024 34.355875 59.523628 185.874929
227 413.723666 31.864861 58.732055 193.772649
228 413.889502 31.995104 58.965559 194.188389
229 414.756236 31.951991 58.950274 194.383717
230 415.817764 32.383681 59.597576 194.032557
231 417.242835 34.202940 60.261543 194.020500
232 420.144501 37.259406 61.000521 193.420395
233 421.389507 41.537161 61.374076 193.334794
234 421.613627 42.646107 61.481446 193.712871
235 422.189604 44.595461 61.672337 193.644507
236 423.141367 47.515689 62.005812 193.679724
237 424.389941 50.012900 62.449428 192.874928
238 428.208788 60.703931 61.920476 193.978900
239 433.891696 69.958609 61.405369 192.880894
240 442.069523 76.330875 59.875183 195.067095
241 453.468955 88.596210 56.942010 198.806778
242 459.398827 94.106538 55.820224 212.958274
243 459.727546 95.071318 55.929440 220.022600
244 461.550159 100.011669 55.532120 229.672566
245 463.059151 96.919745 55.436591 237.118110
246 463.050868 97.094496 55.265276 239.916753
247 463.145182 98.719970 55.341713 242.449780
248 462.645733 102.409282 55.143423 246.920974
249 462.212697 109.079458 54.889613 256.376416
250 461.623667 118.308363 54.230829 259.243336
251 461.847764 118.267506 54.410525 259.509045
252 462.843887 120.039409 53.972477 264.100648
253 462.969707 125.418331 53.840847 266.030647
254 463.399174 129.011859 53.621322 268.799892
255 463.127909 132.722755 53.751332 269.946896
256 460.566665 142.698388 54.149224 270.915384
257 460.502397 151.929502 54.104528 274.455859
258 458.512560 158.555050 53.394650 277.529033
259 459.063820 168.089298 52.754378 274.797200
260 458.107119 173.023148 51.973980 280.359462
261 458.924605 181.942103 51.628925 283.971983
262 458.918699 182.528620 51.564910 284.295978
263 458.734822 183.346090 51.153428 284.636976
264 456.784283 184.359396 51.025151 284.821416
265 456.642511 186.195515 50.983431 283.643664
266 456.526719 187.674991 50.501513 282.211201
267 456.225261 188.716779 50.382188 281.064190
268 454.811817 192.320251 50.079587 277.123469
269 455.519360 193.442024 50.122953 276.454045
270 456.038653 194.199447 50.106319 275.671496
271 455.102381 195.215380 49.934648 275.735944
272 455.091248 196.534610 49.779103 274.680113
273 455.211975 197.563960 49.749243 274.174129
274 455.458675 198.526788 49.737163 273.939404
275 455.731933 198.918552 49.872675 273.853041
276 456.092039 199.972964 49.703543 273.400915
277 455.371792 200.754969 49.694765 272.798341
278 455.800324 201.848316 49.828908 271.574124
279 457.369174 203.552515 49.767110 270.583705
280 457.787674 204.334400 49.710743 270.136727
281 458.777637 205.136890 49.027703 268.818043
282 457.242647 206.400326 48.697061 266.104092
283 456.491154 208.069083 48.457733 263.561507
284 456.878241 210.836960 48.405044 260.468560
285 456.578702 211.507795 48.366899 259.334307
286 456.499441 211.598252 48.395817 259.101720
287 456.155441 212.234575 48.460234 258.589490
288 456.203668 212.080344 48.338623 258.921058
289 456.745538 211.867749 48.302009 258.743291
290 460.026428 210.382504 48.043751 260.037469
291 460.178797 210.132656 48.442362 260.827160
292 460.258476 209.933228 48.443317 261.330427
293 460.276031 210.005109 48.502035 261.439137
294 460.612056 209.982621 48.956375 261.370369
295 460.820807 209.978107 48.964957 261.323884
296 461.454296 209.597469 48.905031 261.565115
297 462.160144 209.583839 49.041410 261.845235
298 462.700107 209.597382 49.521465 261.873070
299 463.286646 209.470814 50.023308 262.009982
300 463.869819 209.475922 50.425980 262.636610
301 463.843967 209.110223 50.127346 263.382583
302 463.036256 207.728343 49.899125 265.187208
303 461.018250 205.378497 49.103937 268.476765
304 460.141815 204.049786 48.844929 269.441077
305 460.199329 203.818943 48.897827 269.620155
306 458.345739 202.914601 48.256789 270.686165
307 458.234164 202.090213 48.113744 272.336229
308 458.027581 202.128180 48.331592 272.407224
309 457.966397 202.008845 48.299016 272.745115
310 456.665431 202.151921 47.913098 273.207384
311 457.076409 202.433991 47.740716 272.853324
312 456.859757 203.080496 47.751215 271.759287
313 456.731957 203.069480 47.837336 271.736515
314 456.300357 202.724355 47.672706 272.167248
315 456.444811 202.530699 47.615108 272.671830
316 456.660220 202.513083 47.839153 272.798747
317 456.877561 202.619477 47.810669 272.370479
318 457.341205 202.711615 47.752242 271.965551
319 457.403908 202.658788 47.812935 271.879107
320 457.104700 202.443415 47.729432 271.969339
321 457.180385 202.406840 47.936547 271.931934
322 456.798920 202.007741 47.680142 272.199439
323 456.941567 202.141961 47.695402 272.046750
324 456.808283 201.825588 47.521465 272.965165
325 457.181277 201.752168 47.896774 273.116820
326 457.018102 201.819381 47.675125 273.197137
327 457.129739 201.698506 47.822619 273.401563
328 457.058368 201.655573 47.858556 273.412152
329 457.345068 201.685204 47.771251 273.340059
330 457.366977 201.548359 47.736381 273.233471
331 458.017368 201.038065 47.406642 273.993816
332 458.215762 200.598934 47.013322 273.825199
333 457.961762 200.270988 47.132190 274.151871
334 458.139087 200.311896 47.290261 274.268937
335 458.492884 200.099583 47.267290 274.200794
336 458.499164 200.090662 47.383492 274.436059
337 458.762222 200.211063 47.424757 274.213923
338 459.143870 200.542324 47.398398 274.002454
339 459.529795 200.801778 47.403686 274.317537
340 459.649593 201.098353 47.234133 273.849258
341 459.670062 200.981127 47.317755 273.820783
342 459.289987 200.427569 46.994484 273.910437
343 459.230498 200.355729 46.887336 273.931093
344 459.412862 200.465099 46.897459 273.696727
345 459.403797 200.615363 46.896038 273.812865
346 459.595425 200.834894 46.893517 273.607086
347 460.073384 200.917225 46.794515 273.568491
348 460.640292 200.806725 46.772910 274.000562
349 461.198091 200.650430 46.487468 274.576035
350 461.484580 200.305896 46.171475 275.006714
351 461.820725 200.307366 46.173816 275.374609
352 461.859802 199.754390 46.156371 275.592667
353 461.693362 199.295796 45.819976 275.928156
354 462.233860 198.799368 45.705012 276.055407
355 462.276970 198.679301 45.852133 276.541703
356 461.873626 198.595318 45.578792 276.706206
357 461.724851 198.411913 45.784353 276.852687
358 461.665430 198.301432 45.844004 276.895403
359 461.439719 198.348606 45.680765 276.635871
360 461.094505 198.188044 45.670228 276.699588
361 461.138152 197.998266 45.709523 276.937551
362 460.924680 197.641217 45.563141 276.969172
363 460.026237 197.588199 45.554578 276.834380
364 460.243857 197.877535 45.876884 276.501093
365 459.384934 198.233778 45.532944 276.067527
366 457.760457 199.538017 45.599246 274.906476
367 457.884555 199.882785 45.792679 274.212668
368 457.431228 200.063389 45.797939 273.702136
369 457.675888 200.986129 45.906237 272.678258
370 458.250919 201.370968 45.882696 272.181385
371 458.173088 201.452690 45.851378 272.180313
372 458.323920 201.525085 45.884458 272.402105
373 458.094237 201.647448 45.880705 272.220529
374 458.076820 201.814782 45.854140 272.143840
375 457.869633 201.749774 45.836193 272.527937
376 458.086493 202.049800 45.960077 272.664457
377 458.541751 202.308474 45.764996 272.633748
378 458.743953 202.393564 45.863684 272.859579
379 458.983506 202.553414 45.877371 272.659875
380 459.143091 202.797899 45.832890 272.525988
381 458.728531 203.261178 45.834004 271.953667
382 458.304737 203.144878 45.697747 271.620408
383 458.297501 203.022344 45.647012 271.964968
384 458.513490 202.894363 45.875592 271.837149
385 459.079260 203.049212 45.934975 271.733247
386 459.437135 203.418499 45.887362 271.254681
387 459.432582 203.672989 45.838163 270.965493
388 459.754956 203.284948 45.529764 270.908588
389 460.770238 203.069482 45.734985 270.896480
390 461.096669 202.941261 45.903032 270.977128
391 461.263812 202.263525 45.650252 271.350607
392 461.448572 202.062650 45.874133 271.554141
393 461.580079 201.909931 45.860231 272.136794
394 461.452851 201.602174 45.752930 272.734915
395 461.537751 201.413453 45.877171 273.106289
396 461.496466 201.288888 45.695183 273.492984
397 461.652713 200.734038 45.692654 273.825229
398 462.053035 200.391979 45.759435 274.246922
399 462.245570 200.453451 45.799655 274.341555
400 462.319974 200.214698 45.784941 274.482343
401 462.530321 200.153696 45.855270 274.485353
402 462.511189 200.019316 45.815816 274.479293
403 462.255621 200.046489 45.817792 274.277366
404 461.784625 200.460009 45.580215 274.076801
405 461.529253 200.819817 45.619601 274.100374
406 462.219790 201.071333 45.728874 274.133608
407 460.762190 202.068427 45.783083 273.166226
408 461.045259 202.214096 45.921832 273.333134
409 460.798439 202.117426 45.783805 273.415491
410 460.723906 202.436499 45.930182 272.858254
411 459.978896 201.724816 45.864421 273.218632
412 456.052578 199.716613 45.703792 273.780249
413 446.556640 201.058720 46.040495 269.808208
414 445.850981 201.688449 46.424814 268.738160
415 445.285138 203.820099 45.691761 266.194689
416 446.189435 204.748064 45.144212 265.259791
417 447.115707 206.461876 45.125896 263.451317
418 448.786722 205.849944 44.968136 262.691640
419 447.061836 201.215350 43.853426 265.084773
420 449.093553 197.780180 42.583861 268.699353
421 458.868423 193.353333 41.107280 276.362639
422 458.374999 194.519429 41.025118 274.484940
423 457.277130 195.278880 40.952911 273.402760
424 454.463123 195.432888 40.251893 273.383761
425 446.635870 199.593250 39.816783 269.722961
426 451.411183 203.359691 38.370304 271.448123
427 449.747530 205.927330 37.750408 266.917575
428 451.837346 210.830620 37.359126 262.868942
429 453.407477 213.402783 36.842895 259.397550
430 454.415945 212.077297 36.210427 259.037426
431 451.785109 213.620468 36.067462 255.051500
432 453.799486 218.083688 35.910631 251.958566
433 454.209366 216.588597 35.007687 251.029131
434 455.831257 215.019911 35.080692 250.629252
435 451.303487 214.513966 34.892219 253.469233
436 453.523180 217.165667 34.012803 252.565865
437 457.195192 217.170951 34.249364 251.696451
438 455.751449 217.228698 34.219958 251.661777
439 456.120609 213.331303 34.013243 255.308567
440 451.736366 215.054438 33.902585 254.727671
441 455.062160 212.634537 32.356692 261.514443
442 456.165213 214.571647 32.318136 253.860161
443 452.537804 216.691937 32.283319 251.368148
444 452.070648 216.008167 31.928737 253.091758
445 452.316820 214.537013 31.383990 255.737311
446 451.866029 215.031126 30.861603 258.060986
447 452.668379 217.387596 30.942441 254.746869
448 453.405557 215.701798 30.876991 255.604453
449 454.623819 212.292858 30.348877 257.872168
450 454.948032 216.572375 29.532246 254.848777
451 456.530209 219.988597 29.617870 250.271254
452 455.669608 222.244082 29.188654 246.536928
453 459.675536 221.792843 28.630034 248.408175
454 456.556812 219.857357 28.167024 247.460653
455 458.576848 226.935415 28.202518 241.880788
456 458.788375 213.520383 26.861066 251.250988
457 458.463704 214.931139 25.927213 260.323173
458 459.545898 216.889601 25.812375 257.941348
459 460.067744 219.037019 25.580685 250.879286
460 459.149319 223.281879 25.621005 246.326293
461 463.294006 213.741801 25.206890 252.478079
462 461.359077 215.022574 25.066573 252.545861
463 459.570069 219.610725 25.260841 247.540808
464 463.809289 218.765933 24.877972 249.017294
465 460.937610 220.536799 24.424745 248.157913
466 461.687720 222.270092 23.488321 244.450490
467 464.900152 219.075911 22.566639 243.854226
468 462.527919 222.417952 22.445902 242.769873
469 462.689880 220.529471 21.633768 244.051290
470 461.291917 235.941702 21.994408 232.978216
471 467.374137 221.930643 21.417169 244.307058
472 465.005590 227.704559 20.730590 242.564358
473 464.527633 224.010260 19.641162 242.469147
474 467.504159 226.645734 19.174561 239.280072
475 467.736507 221.346348 18.342678 242.323760
476 467.273344 227.653247 17.905163 236.971944
477 468.019729 219.583098 17.030749 237.536054
478 467.797393 227.352848 16.707186 242.934130
479 467.590301 227.056488 16.192414 239.117021
480 468.587888 231.315471 15.626014 234.056321
481 469.903681 228.749400 15.315660 230.059795
482 469.987947 232.893665 15.167186 233.283418
483 470.229283 233.666742 14.943950 231.561556
484 471.029246 230.302560 14.490156 235.124483
485 470.968509 234.265659 13.951692 233.458542
486 471.381569 227.551565 13.338415 235.980532
487 471.543432 228.251838 13.111752 235.701617
488 471.957242 222.115141 13.178938 231.064874
489 471.800844 233.486034 12.996853 241.206388
490 471.187663 234.903311 12.856465 236.107167
491 471.472462 228.495608 12.669238 234.000894
492 471.525191 231.514443 12.679215 237.087890
493 471.404282 233.429978 12.741514 232.822971
494 471.338198 230.015802 12.648256 230.043248
495 471.569269 235.078776 12.846358 228.834464
496 471.817858 234.885519 12.621998 230.275668
497 472.014630 231.656887 12.742647 227.600516
498 471.752059 237.125580 12.931867 221.709787
499 471.746860 237.822238 12.819756 221.982629
500 471.899298 240.485574 12.865255 221.858013
501 471.936962 239.825174 12.634008 226.379826
502 472.271591 242.063079 12.623682 224.078116
503 472.421566 241.370337 12.839883 222.154011
504 472.060512 241.276213 12.849115 224.935408
505 471.881744 242.606473 12.794133 223.515097
506 471.738941 240.148216 12.748702 224.272562
507 471.634546 239.430361 12.827559 224.537885
508 471.770792 238.211019 12.799677 223.028845
509 471.952197 235.498380 12.790819 227.497003
510 471.862668 232.253818 12.615958 231.781919
511 471.757594 233.614638 12.678732 224.987891
512 471.765833 235.647960 12.859179 224.957160
513 472.015341 233.019551 12.714426 229.911211
514 471.853381 232.797332 12.796604 229.770675
515 471.813202 237.300969 12.799984 227.967669
516 471.765298 238.482220 12.825332 224.872169
517 471.488141 238.066997 12.685811 227.918104
518 471.474158 239.137132 12.716379 225.561164
519 471.828569 239.080272 12.790254 221.189243
520 471.816810 236.696950 12.766388 227.641865
521 471.761787 235.013544 12.677754 227.985160
522 471.806217 237.546656 12.625030 229.943502
523 471.911254 236.791119 12.661622 228.254013
524 471.967258 237.291867 12.749226 227.330322
525 471.915399 237.093822 12.762065 224.897304
526 472.082083 238.385573 12.622822 230.773702
527 472.188115 236.968010 12.733705 228.722408
528 472.048636 238.228355 12.576559 229.567294
529 472.636517 236.419374 12.559032 230.185489
530 472.080554 238.437169 12.814841 225.621745
531 472.222160 236.562098 12.771182 225.012979
532 472.205994 235.976921 12.695101 228.170686
533 472.376072 235.459004 12.564972 230.812510
534 472.009152 236.464941 12.803334 226.736051
535 472.057353 232.349032 12.517646 233.877407
536 471.758499 233.491605 12.879193 228.837845
537 471.592235 232.202735 12.698402 232.165802
538 471.376934 235.451006 12.891154 224.248899
539 471.889860 236.016061 12.680413 234.423637
540 471.848884 235.822242 12.784853 233.213016
541 471.886250 234.685618 12.690828 233.350045
542 471.546159 235.178026 12.764279 233.113033
543 471.307475 237.403692 12.763143 230.862120
544 471.850545 241.231777 12.567420 228.918011
545 471.703727 242.164486 12.798355 227.655124
546 471.351769 241.214532 12.868573 227.330096
547 471.314605 237.254128 12.793055 227.798375
548 472.232223 236.288147 12.748622 225.680135
549 472.377735 232.373273 12.523686 233.373241
550 471.874035 232.946730 12.841244 231.425797
551 471.701844 229.132920 12.829890 228.764955
552 471.315285 234.448792 12.681106 229.477120
553 471.801073 230.013332 12.467229 235.927176
554 472.096445 231.884571 12.210937 228.234835
555 472.556637 234.534175 12.396537 226.732364
556 472.331010 232.818851 12.228097 230.959169
557 471.963165 232.945517 12.267473 227.742993
558 472.050506 236.618006 12.253917 229.477479
559 471.948327 236.173736 12.258716 229.129237
560 472.194707 234.652700 12.108322 231.479915
561 471.956722 232.273531 12.184431 234.192447
562 471.987289 236.682118 12.191321 229.487800
563 471.901414 236.454948 12.005149 232.409022
564 471.992761 235.552134 12.152033 231.686109
565 471.888199 236.767606 12.023395 231.653707
566 472.584807 228.564954 12.015939 237.327560
567 472.443283 229.178585 12.273325 235.377479
568 472.212098 230.875975 12.354783 231.216625
569 471.979291 233.135452 12.347234 231.665206
570 471.636072 233.685848 12.153857 229.753812
571 471.880995 231.004352 12.249033 231.499421
572 471.828585 230.735946 12.320873 232.472550
573 471.874247 235.580000 12.320296 231.369447
574 471.726010 230.658044 12.204930 231.478254
575 472.059208 237.232002 12.420295 228.377416
576 472.148299 242.007342 12.216638 224.998450
577 471.668934 241.120906 12.374617 222.795181
578 471.615567 241.625154 12.279014 226.406325
579 471.758839 235.868093 12.096123 229.222188
580 471.984306 234.766454 11.990224 230.265273
581 472.151032 236.536999 11.783540 225.754781
582 472.175507 236.413893 11.741576 228.948682
583 472.230165 237.332642 11.748192 222.483025
584 472.301261 236.116333 11.799851 225.792952
585 472.200317 235.900452 11.524359 234.424620
586 472.017002 238.311284 11.747450 232.386187
587 472.036609 237.601495 11.746367 232.005433
588 471.916136 242.554484 11.898110 228.134073
589 472.168748 236.858907 11.677981 226.959660
590 472.292417 239.733799 11.671889 229.472237
591 472.308428 239.762082 11.781485 227.357236
592 472.302870 240.479053 11.807366 226.128308
593 471.909093 239.244964 11.833048 223.892587
594 472.013315 239.006797 11.559969 229.419019
595 471.886057 242.036591 11.732592 225.727959
596 471.759024 242.945342 11.791843 224.349436
597 472.389806 237.778495 11.704284 220.436534
598 472.484743 240.788592 11.846625 220.980365
599 472.428619 237.841682 11.806730 224.230803
