2 606.999092 265.246654 76.993721 68.985438
3 607.016323 265.265589 76.993721 68.985438
4 606.638782 265.758961 77.149807 68.511021
5 606.822966 266.049309 77.498932 68.944429
6 607.191785 266.719399 77.937930 68.426907
7 607.237095 266.767515 77.993640 68.485543
8 608.014758 268.357570 78.593598 67.494008
9 610.641709 268.117130 79.543384 67.208400
10 615.280253 270.978905 81.815929 66.080021
11 617.925639 271.306632 82.208657 66.192809
12 618.086409 271.471459 82.493273 66.485965
13 618.107089 271.490649 82.492219 66.486279
14 619.276368 271.977296 82.768174 66.270041
15 626.086559 273.814304 82.449628 65.163701
16 630.193913 275.400877 82.198553 65.101716
17 630.359735 275.611082 82.493273 65.486176
18 630.760545 275.750936 82.526668 65.490333
19 631.373237 275.815434 82.957905 65.460756
20 632.151536 276.178679 82.937420 65.290528
21 637.889361 279.321886 82.915542 63.788219
22 637.946780 279.438586 82.993232 63.986493
23 638.770553 279.629528 82.968144 63.921072
24 646.484805 281.720216 83.177770 62.937680
25 651.161971 281.697128 82.739202 62.941565
26 656.542960 283.039929 82.464616 62.749025
27 656.575751 283.176057 82.493273 62.986704
28 657.627146 283.139317 82.387144 63.017337
29 661.757866 282.916354 81.985256 63.343875
30 666.883364 282.526522 81.195872 63.238627
31 667.050344 282.667933 81.493355 63.486598
32 667.084492 282.684487 81.493401 63.487337
33 667.191763 282.688093 81.474024 63.486768
34 668.728819 282.535716 81.075057 63.411418
35 674.889854 282.333068 80.959434 63.177818
36 674.924961 282.504884 80.993395 63.486598
37 681.671721 282.157016 79.750145 63.449313
38 682.505374 281.921599 79.979797 63.418068
39 682.658908 281.930745 79.958717 63.481406
40 687.197268 281.759339 79.513996 63.235478
41 687.454911 281.902325 79.993477 63.486598
42 691.491757 281.801801 79.247299 63.393369
43 700.394249 281.683739 80.660388 63.436362
44 705.896311 280.740869 80.163910 63.525825
45 706.079088 280.988766 80.493436 63.986493
46 706.097102 281.006329 80.493436 63.986493
47 706.180399 281.007598 80.467837 63.993411
48 712.317085 278.085221 80.620929 62.963324
49 715.731523 277.758878 80.776322 62.856790
50 722.435353 277.793154 80.928774 62.893596
51 722.485790 277.856997 80.993395 62.986704
52 729.145168 276.531927 79.632188 63.076315
53 734.226245 274.069717 80.816872 62.706211
54 739.409312 273.408825 80.621568 62.850556
55 742.589270 270.191643 81.108147 62.833770
56 742.800112 270.285399 81.493355 62.986704
57 744.603113 269.683563 81.308176 62.846315
58 747.137117 269.690594 81.460174 62.778182
59 753.653295 269.653831 80.553907 62.797877
60 754.958816 269.813340 80.962508 62.994022
61 754.992386 269.826970 80.993395 62.986704
62 762.331215 268.955866 80.136302 62.873369
63 762.991154 268.924760 80.401933 62.973237
64 768.882751 268.632874 79.529809 63.007516
65 769.175960 268.886071 79.981949 63.491313
66 769.199626 268.901140 79.993477 63.486598
67 775.047752 267.374964 79.787216 63.442439
68 778.442870 266.604671 79.979660 63.297190
69 782.510558 265.037576 79.885796 63.452622
70 786.743789 263.522172 80.596066 63.230730
71 786.960580 263.667532 80.993395 63.486598
72 792.143999 263.460686 81.152842 63.151172
73 796.565935 263.240959 81.539857 63.335823
74 801.013914 260.712030 81.651969 63.954899
75 803.209437 258.720988 82.012751 64.090466
76 803.468160 258.936649 82.493273 64.486387
77 805.268642 257.225265 82.875790 64.585053
78 809.796144 255.234280 83.168588 65.071126
79 813.321982 255.660957 83.339809 65.413941
80 816.170015 255.597807 82.827955 65.438809
81 816.271227 255.639466 82.993232 65.486176
82 819.455572 255.520291 82.558117 65.398899
83 826.189808 254.895431 82.546810 65.216631
84 830.522238 253.957706 83.239851 65.348355
85 831.979122 253.404886 83.595494 65.507558
86 832.197853 253.661892 83.994024 65.985212
87 833.503368 252.232114 84.460489 65.976485
88 839.644026 251.853354 84.238702 65.610043
89 846.417650 251.756553 85.202415 65.434811
90 850.442308 251.724674 84.918153 65.420709
91 850.498788 251.775382 84.993069 65.486176
92 856.674281 251.708303 84.581678 65.241717
93 857.846900 250.495695 84.895357 65.554964
94 857.914778 250.729360 84.993069 65.986071
95 857.934950 250.746241 84.992421 65.983626
96 857.954296 250.765575 84.993069 65.986071
97 863.012880 251.179979 88.446162 67.302431
98 871.103802 251.447398 86.310773 67.734096
99 874.781660 251.593648 85.784833 68.031702
100 874.904983 251.839367 85.992988 68.485543
101 874.924228 251.858164 85.992988 68.485543
102 874.950694 251.871128 85.985684 68.467559
103 874.973591 251.898918 85.992988 68.485543
104 874.992836 251.917716 85.992988 68.485543
105 876.385894 251.928129 86.052601 68.301397
106 876.625424 252.039000 86.492947 68.485543
107 878.205306 252.249721 86.121622 68.362644
108 883.764989 251.650920 85.745739 68.266238
109 884.664300 251.721876 85.735236 68.437946
110 884.812421 251.764473 85.992988 68.485543
111 884.831666 251.783270 85.992988 68.485543
112 884.860847 251.800615 85.988366 68.482078
113 886.487275 251.735943 85.850698 68.378927
114 893.171915 250.735757 85.673404 68.315027
115 901.138231 251.556476 86.636387 67.713725
116 901.335959 251.711098 86.992906 67.985649
117 904.128988 251.442866 86.381735 67.935756
118 904.324749 251.457858 86.468360 67.964919
119 904.356399 251.486883 86.492947 67.985649
120 904.375756 251.505544 86.492947 67.985649
121 904.395113 251.524204 86.492947 67.985649
122 906.373465 251.330394 86.098297 67.884266
123 911.244656 251.129520 85.764898 67.765266
124 911.377946 251.258372 85.992988 67.985649
125 911.397191 251.277032 85.992988 67.985649
126 911.416436 251.295693 85.992988 67.985649
127 911.435681 251.314353 85.992988 67.985649
128 913.949930 250.521262 85.869517 67.459198
129 919.000563 250.205115 86.399582 67.306295
130 927.222330 250.606539 86.592128 67.304367
131 927.442188 250.715756 86.992906 67.485754
132 927.761298 250.733925 86.882602 67.499537
133 928.143068 250.954512 86.903743 67.480933
134 931.077823 250.884094 86.690735 67.387000
135 938.560138 251.139391 86.571171 67.222816
136 938.790474 251.289384 86.992906 67.485754
137 940.244517 251.163319 86.428833 67.567418
138 945.186659 250.952311 85.585724 67.983713
139 949.084369 251.902745 86.011089 67.642830
140 950.886137 252.003060 86.259760 67.931632
141 951.022087 252.048729 86.492947 67.985649
142 956.056624 251.973370 85.845300 67.936395
143 960.264308 251.302508 85.511677 67.964621
144 960.524208 251.331682 85.992988 67.985649
145 966.420121 251.299948 85.727953 67.706613
146 966.571883 251.458127 85.992988 67.985649
147 973.488062 252.391177 85.945103 67.575324
148 978.089223 252.694100 86.532800 67.642946
149 983.522863 253.648251 86.592022 67.627593
150 986.575355 254.486451 87.921797 67.525789
151 986.630561 254.735042 87.992825 67.985649
152 997.039287 254.875205 87.641928 67.984216
153 1002.083783 255.709647 87.712391 67.821118
154 1004.447301 255.569883 87.436522 67.953328
155 1004.535738 255.598631 87.481229 67.989997
156 1004.561137 255.615117 87.492865 67.985649
157 1008.585870 256.450708 86.953154 67.694113
158 1014.696720 255.937507 85.869978 68.048598
159 1015.205248 256.133556 86.029559 68.452116
160 1018.665332 255.332262 86.537522 68.517994
161 1018.912493 255.584919 86.992906 68.985438
162 1027.396677 255.104527 86.914873 68.866547
163 1032.360698 254.353523 87.352094 68.935674
164 1039.806161 253.970090 87.404099 68.720243
165 1048.500692 252.148507 90.250476 68.894237
166 1048.642016 252.213042 90.492621 68.985438
167 1062.182916 249.998510 91.123818 69.006347
168 1070.152236 248.731676 88.811430 69.645515
169 1070.318663 248.908210 88.978692 69.983177
170 1070.350952 248.927673 88.990256 69.983381
171 1070.372112 248.947806 88.992743 69.985227
172 1074.974046 248.314654 88.202394 69.954842
173 1083.905620 245.519922 92.295928 71.383540
174 1097.325888 244.193277 90.051146 70.705296
175 1102.115155 243.368338 90.091325 70.724759
176 1102.336054 243.517950 90.492621 70.985016
177 1110.293138 242.215792 90.169589 70.861579
178 1111.966045 241.712037 90.292754 70.867832
179 1113.676624 241.165703 90.309455 70.960206
180 1122.213817 240.095502 91.815577 70.553223
181 1122.322865 240.330882 91.992498 70.985016
182 1131.410003 239.804396 90.288169 71.051944
183 1135.130258 239.585623 90.961620 71.569596
184 1139.905517 237.776186 90.398836 71.871532
185 1139.972662 237.852580 90.492621 71.984805
186 1139.992914 237.872338 90.492621 71.984805
187 1140.588608 237.885501 90.305735 72.034356
188 1147.345652 237.376070 92.801848 72.585072
189 1156.300082 236.995883 92.004515 73.079424
190 1163.719508 236.131905 92.838586 73.259893
191 1163.817235 236.264372 92.992417 73.484488
192 1166.728886 236.059270 92.244502 73.599248
193 1170.700347 236.441531 91.689257 74.000586
194 1171.064083 236.719562 91.937403 74.489524
195 1172.395457 236.911946 92.147628 74.233876
196 1172.588572 237.057591 92.492458 74.484277
197 1182.475938 236.873113 91.173628 75.001203
198 1191.767308 236.589258 86.410927 75.599943
199 1203.990599 236.175949 76.009401 75.265956
200 1204.520603 236.243293 75.479397 75.573720
201 1204.544722 236.469269 75.455278 75.983960
202 1204.580900 236.490125 75.419100 75.983960
203 1204.635167 236.510981 75.364833 75.983960
204 1204.720042 236.530398 75.279958 75.986479
205 1205.556168 236.801708 74.443832 75.998036
206 1205.597886 236.815526 74.402114 75.983960
207 1207.526587 237.687028 72.473413 76.127911
208 1210.577186 238.483007 69.422814 76.915857
209 1215.430027 238.135355 64.569973 77.192644
210 1219.490081 238.342333 60.509919 77.217085
211 1219.746285 238.496880 60.253715 77.483644
212 1220.910038 240.486693 59.089962 77.266671
213 1221.323014 245.222445 58.676986 76.489617
214 1219.862715 218.409652 57.345211 78.505867
215 1221.550750 227.621311 57.460989 76.853680
216 1221.697568 237.262527 57.469385 76.756118
217 1222.849262 249.103988 55.812241 77.625274
218 1223.304047 257.998153 54.856850 76.546865
219 1223.745097 265.370163 55.614196 73.740246
220 1222.135477 267.941958 57.864523 68.632947
221 1218.534239 271.476683 60.412318 64.619614
222 1217.291217 280.328328 61.446865 59.486825
223 1221.597417 278.207645 58.012901 57.100678
224 1222.183020 279.632908 57.816980 57.230293
225 1222.829891 282.529305 57.170109 56.800317
226 1223.006138 283.870398 56.993862 56.415606
227 1222.873914 285.902086 56.818589 55.353281
228 1222.470808 291.041032 57.529192 51.430393
229 1220.826249 295.175253 57.854695 48.038076
230 1213.401541 298.992018 63.667132 45.530752
231 1211.940201 299.984492 65.569815 44.906117
232 1211.040090 300.358708 66.672723 44.032883
233 1210.795825 301.224415 67.374109 44.066102
234 1210.798344 301.674878 67.542769 44.354546
235 1210.988318 302.026712 68.033446 44.335863
236 1211.167890 302.306954 68.507709 44.350169
237 1213.370391 303.063449 66.337895 44.488287
238 1213.942097 303.373644 65.556558 44.765597
239 1213.994899 305.379203 65.609070 44.873387
240 1214.119815 305.880840 65.642175 45.179869
241 1214.310806 306.048590 65.689194 45.490397
242 1214.404714 306.251110 65.595286 45.501352
243 1214.381648 307.559827 65.618352 45.918724
244 1214.584551 307.608235 65.415449 45.990292
245 1217.498483 303.111518 60.560268 47.544229
246 1217.715280 303.404321 60.800681 47.980424
247 1220.960514 296.611901 57.752138 51.552049
248 1223.926349 288.419797 54.527554 56.678282
249 1229.806367 285.987083 49.917547 57.783545
250 1233.475709 281.587613 45.953293 61.788738
251 1233.490636 281.414808 45.982830 62.735145
252 1234.837763 280.162135 44.698865 64.382637
253 1239.434500 275.924960 40.565500 67.800838
254 1247.018762 274.655810 32.981238 80.302105
255 1249.712365 270.358932 30.287635 81.904921
256 1250.978929 271.243898 29.021071 82.620097
257 1253.267243 273.172148 26.732757 85.107430
258 1254.007142 275.396059 25.992858 85.681474
259 1254.026266 275.610478 25.973734 85.992619
260 1255.754235 268.402650 24.245765 84.703286
261 1255.821851 267.861260 24.178149 84.887392
262 1261.713328 246.048659 18.286672 88.975241
263 1265.865838 213.148304 14.134162 90.383105
264 1268.404320 194.136286 11.595680 86.669092
265 1269.177714 187.944265 10.822286 83.566466
266 1269.245896 189.432844 10.754104 82.606005
267 1269.911203 177.272400 10.088797 79.313553
268 1269.864312 190.883950 10.135688 77.909948
269 1270.220938 202.191519 9.779062 83.890262
270 1270.112763 210.051225 9.887237 85.368532
271 1269.997016 207.813710 10.002984 87.581576
272 1269.923145 208.765883 10.076855 93.890189
273 1269.515066 218.706353 10.484934 98.111290
274 1268.914105 242.232187 11.085895 94.568092
275 1268.414797 276.374191 11.585203 90.503895
276 1268.013388 284.553328 11.986612 88.771187
277 1267.499223 315.081435 12.500777 89.058557
278 1267.475949 330.969189 12.524051 89.041795
279 1267.641369 330.913141 12.358631 89.395083
280 1267.698738 328.766569 12.301262 89.641218
281 1267.850193 331.114743 12.149807 90.545493
282 1267.966192 335.612091 12.033808 90.937264
283 1268.172439 336.522094 11.827561 90.386161
284 1267.483388 357.266108 12.516612 91.957708
285 1266.987362 372.676597 13.012638 84.541517
286 1267.282620 381.816999 12.717380 84.899406
287 1267.988118 391.289871 12.011882 89.072567
288 1268.497074 395.326902 11.502926 91.199037
289 1268.777997 396.762532 11.222003 91.599085
290 1268.947597 396.891478 11.052403 92.143210
291 1269.185893 396.994101 10.814107 92.459284
292 1269.310092 401.266936 10.689908 92.207665
293 1269.468633 400.969056 10.531367 91.472597
294 1269.591100 407.825432 10.408900 90.365657
295 1269.672029 402.970814 10.327971 90.301838
296 1269.759114 402.860042 10.240886 90.386450
297 1269.961409 397.903524 10.038591 90.106895
298 1270.178723 397.144721 9.821277 90.001237
299 1270.040954 401.718593 9.959046 87.356041
300 1270.061720 401.861711 9.938280 87.448797
