64 751.839084 261.743043 100.259337 123.085236
65 751.848136 260.379286 100.072923 126.360252
66 751.371337 257.931847 99.700400 127.909586
67 746.278551 255.564133 100.261097 130.649750
68 739.954018 245.489192 101.462641 134.885165
69 739.024664 247.698111 103.706988 141.013083
70 712.825790 240.415691 106.025019 144.678547
71 689.238522 237.613446 108.572067 142.910298
72 667.702432 236.687522 110.664908 140.931035
73 664.173337 235.224252 111.733627 139.599804
74 664.219045 235.222109 113.525920 138.052459
75 665.317992 240.138609 114.600362 137.743754
76 660.204472 263.331093 114.678298 142.163639
77 655.928356 243.498904 117.709230 152.312663
78 656.242542 256.529519 119.110020 159.593776
79 656.576631 259.997699 120.974940 165.255333
80 657.426348 256.042438 121.724793 176.073863
81 657.434316 257.090400 121.929598 178.330745
82 653.221287 265.868419 121.250176 184.497650
83 649.702251 266.194069 121.527577 185.442175
84 648.992575 266.295407 121.850085 185.660667
85 647.481269 266.374741 121.901820 186.052976
86 642.800476 266.384599 121.927422 186.831772
87 642.258497 266.515018 121.874315 186.923698
88 636.312638 265.966930 121.888492 188.358099
89 636.357403 266.139278 121.881098 188.425477
90 635.962485 266.782464 121.788077 191.071018
91 633.476992 267.469799 122.030780 195.673904
92 632.967012 267.732157 122.210677 196.214865
93 632.216962 267.958285 122.272220 196.619559
94 631.080368 268.315648 122.333419 197.672241
95 630.393670 268.416308 122.546198 199.352930
96 623.674959 268.228067 123.155355 202.346812
97 623.847517 268.377534 123.399923 202.335607
98 623.168493 268.415670 123.445374 202.835979
99 616.603686 269.640594 123.606784 207.757057
100 615.893918 269.934126 123.846983 208.240656
101 615.167749 270.196575 123.829883 208.573005
102 609.148228 270.347018 123.381216 210.879698
103 607.596489 270.450584 123.200241 210.988782
104 604.796828 270.719748 123.128873 210.999869
105 604.092426 270.707297 123.313597 210.861477
106 597.042756 271.819348 123.419239 210.681501
107 596.785186 272.042970 123.391602 210.887253
108 587.583115 273.849399 123.469507 210.217173
109 587.602337 274.062751 123.395171 210.326644
110 587.064049 274.480744 123.534362 210.387260
111 585.044081 274.764442 123.578425 210.401232
112 570.530339 277.673729 123.148090 212.053572
113 570.710269 277.969564 123.395171 212.324997
114 567.103527 279.584766 123.275143 214.150165
115 558.656854 281.860516 122.469106 215.430138
116 553.071489 283.909594 121.794406 216.220295
117 552.490694 284.323319 121.519621 216.701195
118 550.429765 285.498125 121.334796 217.684851
119 545.001585 286.865112 120.516350 218.959827
120 540.231234 288.004106 120.348355 220.725129
121 540.072699 288.250368 120.365069 220.849548
122 537.084002 288.885326 119.880208 221.379108
123 537.147760 289.021469 119.898142 221.317585
124 536.991797 289.221412 119.826193 221.426753
125 536.792232 289.370478 119.820751 221.420004
126 536.859123 289.465440 119.914621 221.302893
127 536.902905 289.640874 119.900122 221.317648
128 536.846363 289.793711 119.931890 221.296302
129 536.603945 289.924753 119.966532 221.252386
130 534.779725 289.905245 120.345005 220.837481
131 530.035320 290.040470 121.409597 220.346733
132 526.240768 290.470856 121.803971 220.408768
133 525.930546 290.643348 122.021647 220.299819
134 524.598612 290.890754 122.864693 220.197452
135 523.936436 291.001674 123.252973 220.365123
136 516.128803 290.376527 125.213122 221.605459
137 508.870086 290.338381 127.421956 224.991532
138 508.642903 290.482701 127.438364 224.924351
139 506.593312 291.004053 128.094720 226.457984
140 504.529130 292.357058 129.178868 229.319985
141 504.182891 292.615485 129.677736 230.636255
142 504.068167 292.863227 130.218802 231.353712
143 503.911481 293.170526 130.581729 231.519870
144 503.705901 293.628016 131.649324 232.945987
145 503.349488 293.846897 132.884380 234.033703
146 500.597244 294.323899 135.749603 237.687582
147 497.409769 295.429361 139.271662 241.967355
148 494.960757 296.391388 141.971745 244.088065
149 494.284348 297.067001 142.738177 245.426922
150 492.399740 298.310547 144.177929 246.665660
151 485.676666 302.122287 145.626632 247.806314
152 478.511053 303.115981 147.223930 248.387997
153 478.590950 303.290785 147.413884 248.320008
154 478.537384 303.493457 147.345210 248.378366
155 478.416734 303.740096 147.453158 248.375960
156 478.444902 303.887041 147.374799 248.295349
157 478.512250 304.074291 147.374799 248.295349
158 478.579598 304.261541 147.374799 248.295349
159 476.439783 304.309134 147.991244 248.189771
160 475.248207 304.263378 148.298378 248.348825
161 474.960730 304.376954 148.498718 248.267064
162 474.904149 304.592448 148.410744 248.325115
163 474.067125 304.662294 148.813994 248.330091
164 473.231307 304.505769 149.417426 248.666046
165 473.196795 304.682601 149.429404 248.881837
166 473.234780 304.807733 149.374898 248.808639
167 473.284792 304.851991 149.483055 248.959999
168 473.303209 304.669624 149.645633 249.117355
169 473.333214 304.517442 150.320313 249.702405
170 473.357875 304.388183 150.697430 250.316083
171 473.405491 304.327762 151.076755 250.729901
172 473.384303 304.011750 151.756000 252.165396
173 473.283502 303.748064 152.232122 253.743819
174 473.209490 303.950544 152.482686 253.948671
175 473.205131 304.078892 152.387040 253.802604
176 473.266519 304.264394 152.370555 253.790819
177 473.336150 304.455789 152.370555 253.790819
178 473.400712 304.717818 152.400057 253.886841
179 473.431952 305.002654 152.444167 253.940992
180 473.205974 306.491045 152.615483 255.094592
181 472.780922 308.530876 153.379065 256.591053
182 472.707312 309.192561 153.624431 257.019473
183 472.865363 309.660481 153.959560 257.376441
184 472.906996 310.266127 154.030254 257.666203
185 473.143777 310.596008 154.406769 257.849739
186 473.194865 310.785613 154.381956 257.806914
187 473.258859 310.970327 154.368858 257.787525
188 473.329403 311.164736 154.368858 257.787525
189 473.399947 311.359144 154.368858 257.787525
190 473.470491 311.553553 154.368858 257.787525
191 473.785116 311.644757 154.494386 257.836673
192 475.342432 311.035050 154.741568 258.034447
193 478.700019 309.844824 155.620642 258.681627
194 478.935148 310.069910 155.936057 258.780712
195 483.902380 307.432624 156.858935 259.247644
196 484.666762 307.364618 157.456382 259.275104
197 485.193127 307.322070 158.012923 259.332804
198 485.729390 307.374734 158.649472 259.298058
199 486.405623 307.460361 159.144189 259.275265
200 487.662026 307.606794 159.849338 259.379367
201 488.195616 307.755560 160.357689 259.486265
202 488.756480 307.608323 161.366920 259.598150
203 488.859799 307.889883 161.416152 259.777559
204 488.910063 308.088061 161.369061 259.784924
205 488.983541 308.282756 161.368407 259.785023
206 489.054536 308.479099 161.362916 259.785878
207 489.128276 308.675015 161.362916 259.785878
208 489.202016 308.870930 161.362916 259.785878
209 489.275757 309.066846 161.362916 259.785878
210 489.349497 309.262762 161.362916 259.785878
211 489.423237 309.458677 161.362916 259.785878
212 489.496977 309.654593 161.362916 259.785878
213 489.570717 309.850509 161.362916 259.785878
214 489.644457 310.046425 161.362916 259.785878
215 489.718197 310.242340 161.362916 259.785878
216 489.791938 310.438256 161.362916 259.785878
217 489.865678 310.634172 161.362916 259.785878
218 489.939418 310.830087 161.362916 259.785878
219 490.013158 311.026003 161.362916 259.785878
220 490.086898 311.221919 161.362916 259.785878
221 490.160638 311.417834 161.362916 259.785878
222 490.234379 311.613750 161.362916 259.785878
223 490.308119 311.809666 161.362916 259.785878
224 490.380627 312.015934 161.368692 259.797817
225 490.449246 312.232981 161.377609 259.812930
226 490.514084 312.422500 161.367182 259.797049
227 490.566130 312.633671 161.372665 259.812323
228 490.634996 312.816364 161.362916 259.785878
229 490.708736 313.012280 161.362916 259.785878
230 490.767721 313.208568 161.356570 259.789523
231 490.844634 313.402661 161.362916 259.785878
232 490.918374 313.598577 161.362916 259.785878
233 490.992114 313.794492 161.362916 259.785878
234 491.065855 313.990408 161.362916 259.785878
235 491.139595 314.186324 161.362916 259.785878
236 491.213335 314.382239 161.362916 259.785878
237 491.287075 314.578155 161.362916 259.785878
238 491.360815 314.774071 161.362916 259.785878
