56 490.988215 89.301307 256.454993 267.119720
57 491.043473 89.462952 256.570890 267.769981
58 491.321495 89.592070 257.085379 268.251265
59 492.798704 90.435253 257.285715 269.893538
60 499.689147 89.444997 255.946750 275.042905
61 500.070484 89.780335 255.885303 275.875911
62 501.939149 90.303280 255.228601 277.958932
63 507.261597 89.262666 252.271772 283.213587
64 508.387733 89.520521 251.764853 284.359590
65 510.045616 89.969136 250.587016 287.148304
66 510.999452 89.910148 250.336293 288.837621
67 511.488801 90.002224 250.114076 289.388475
68 511.738895 90.112073 250.120789 290.293065
69 512.058543 90.145739 250.265369 290.911062
70 512.734790 90.167258 249.888105 291.942039
71 512.930832 90.289680 249.134636 294.581736
72 513.001277 90.449381 249.377151 295.482094
73 513.060370 90.459363 249.469353 295.468057
74 513.075670 90.474898 249.471138 295.465098
75 513.090077 90.491912 249.471138 295.465098
76 513.104485 90.508926 249.471138 295.465098
77 513.118892 90.525941 249.471138 295.465098
78 513.133299 90.542955 249.471138 295.465098
79 513.147707 90.559969 249.471138 295.465098
80 513.162114 90.576984 249.471138 295.465098
81 513.086437 90.526941 249.401706 295.495547
82 513.119534 90.467958 249.441288 295.503241
83 511.812610 89.410010 248.800237 296.137658
84 511.377376 89.261011 248.865274 296.527131
85 511.444715 89.497006 248.971196 296.964921
86 510.951180 88.850189 248.822994 297.199246
87 505.073045 87.624477 249.397374 298.529840
88 505.016297 87.585600 249.396936 299.182852
89 504.755102 87.527728 249.568932 299.746009
90 501.874282 87.024325 249.938786 301.327658
91 501.713141 86.760684 250.237119 302.114285
92 501.275998 86.450940 251.106902 303.338284
93 495.525729 86.424604 251.088419 304.305179
94 495.731496 86.521564 251.470906 304.464035
95 493.578334 82.540490 250.652829 303.847993
96 493.366387 82.502860 250.994662 303.860390
97 493.280153 82.610369 250.940037 303.937103
98 493.257269 82.355858 251.052746 303.646635
99 488.525122 81.141142 252.319768 302.293636
100 486.775120 78.707504 252.803484 301.105817
101 486.454227 78.313442 253.125465 300.764994
102 484.439021 80.354192 253.399043 299.603702
103 483.747283 83.659311 252.816023 296.625209
104 485.906965 90.836025 248.530126 289.860847
105 486.653449 95.702189 243.484854 285.795761
106 493.262656 100.598204 234.585945 279.142389
107 501.558286 89.861320 226.534954 276.574232
108 501.855256 90.119905 226.869114 276.905296
109 502.529074 90.257431 226.022347 276.514578
110 505.576534 89.892252 223.637019 276.201540
111 506.364800 90.259686 223.059888 276.089961
112 506.594842 90.464482 223.468870 276.461277
113 507.657690 90.339116 222.698496 275.954410
114 507.808421 90.361503 222.974203 275.967401
115 507.821298 90.377395 222.974203 275.967401
116 507.834175 90.393286 222.974203 275.967401
117 507.793992 90.426695 223.033028 275.902453
118 506.572542 89.924127 226.933828 276.278573
119 498.909814 90.318348 244.636784 279.497836
120 498.395086 91.328222 247.700214 279.091029
121 504.156882 108.223313 255.640838 277.685367
122 500.787732 110.822093 256.899609 277.907778
123 500.359516 111.336422 257.679855 277.667445
124 500.309341 112.206013 258.647746 277.562868
125 500.634644 113.984978 260.714797 277.425190
126 500.793637 114.816225 261.507090 277.204379
127 501.035244 115.033835 261.997701 277.418582
128 501.036644 115.082378 261.972940 277.461706
129 501.029635 115.093493 261.983359 277.465609
130 501.012594 115.075424 261.998276 277.486331
131 501.002050 115.077614 261.977275 277.466324
132 500.776031 114.439443 262.062853 277.544685
133 500.578327 113.727802 262.617021 277.978499
134 500.758994 113.724183 262.974178 277.967841
135 500.771879 113.739852 262.969576 277.967165
136 500.318566 110.590587 263.168950 277.714385
137 500.471728 110.722962 263.476328 277.967059
138 500.431559 110.654116 263.497751 277.984809
139 499.657255 106.422672 263.482724 277.956533
140 499.665868 106.443994 263.469518 277.967165
141 499.681084 106.460001 263.469518 277.967165
142 499.383842 105.707898 263.456426 278.218182
143 499.405604 105.848395 263.469518 278.467106
144 499.391996 105.851801 263.463588 278.480532
145 498.583109 102.421387 263.366325 279.222945
146 498.649921 102.559501 263.469518 279.466988
147 498.665137 102.575594 263.469518 279.466988
148 498.677978 102.579919 263.472772 279.474144
149 498.691567 102.592434 263.469518 279.466988
150 498.706783 102.608527 263.469518 279.466988
151 498.721999 102.624620 263.469518 279.466988
152 498.737214 102.640713 263.469518 279.466988
153 496.930391 102.263882 263.370195 279.378012
154 496.906135 102.171915 263.476630 279.527628
155 495.947087 99.934039 263.921356 280.584806
156 495.908524 100.104372 264.062829 281.039889
157 494.035164 97.677835 267.065615 283.614493
158 490.838056 91.289064 271.554468 287.416203
159 491.060796 91.330537 271.968535 287.466043
160 491.037956 91.323978 272.026459 287.512708
161 491.225779 91.115083 272.564410 288.225206
162 491.443548 91.252053 272.968419 288.465925
163 491.459312 91.268665 272.968419 288.465925
164 491.454730 91.157242 272.986943 288.540005
165 491.458759 91.371998 272.969721 288.972604
166 491.473872 91.385269 272.968419 288.965865
167 491.489637 91.401909 272.968419 288.965865
168 491.505401 91.418549 272.968419 288.965865
169 491.415540 91.047582 272.924133 289.169997
170 491.453447 91.212156 272.968419 289.465806
171 491.469212 91.228825 272.968419 289.465806
172 491.481618 91.234105 272.965816 289.473744
173 490.885266 91.158760 272.699396 289.491041
174 487.281771 90.758853 272.091264 289.764327
175 486.973182 90.106744 272.269555 290.431373
176 486.649630 90.056463 272.378300 290.592546
177 481.248505 89.951311 271.503531 291.481107
178 480.579166 86.889151 271.925423 293.907919
179 480.616429 86.934757 271.968535 293.965275
180 480.632135 86.951685 271.968535 293.965275
181 480.647842 86.968613 271.968535 293.965275
182 480.663549 86.985541 271.968535 293.965275
183 480.679255 87.002469 271.968535 293.965275
184 480.694962 87.019397 271.968535 293.965275
185 480.710669 87.036325 271.968535 293.965275
186 480.726375 87.053253 271.968535 293.965275
187 480.742082 87.070181 271.968535 293.965275
188 485.282116 85.414767 269.907204 294.722512
189 485.328488 85.553075 269.968766 294.965157
190 485.344079 85.570060 269.968766 294.965157
191 485.576646 85.438881 269.770150 295.115009
192 485.691546 85.630940 269.968766 295.465098
193 485.707137 85.647954 269.968766 295.465098
194 486.455074 85.518892 269.578473 295.525194
195 486.665812 85.755857 269.968766 295.965039
196 486.681403 85.772901 269.968766 295.965039
197 486.696994 85.789944 269.968766 295.965039
198 486.712585 85.806987 269.968766 295.965039
199 486.728177 85.824030 269.968766 295.965039
200 486.743768 85.841073 269.968766 295.965039
201 486.759359 85.858116 269.968766 295.965039
202 486.774950 85.875159 269.968766 295.965039
203 486.790541 85.892202 269.968766 295.965039
204 487.952384 85.605913 269.479300 296.317122
205 487.962709 85.696914 269.468824 296.464980
206 487.978271 85.713986 269.468824 296.464980
207 488.053435 85.745677 269.529788 296.514605
208 488.303244 85.991717 269.995932 296.986659
209 488.305252 85.997948 269.968766 296.964921
210 488.320843 86.015049 269.968766 296.964921
211 488.336434 86.032149 269.968766 296.964921
212 488.352026 86.049250 269.968766 296.964921
213 488.367617 86.066351 269.968766 296.964921
214 488.383208 86.083451 269.968766 296.964921
215 488.398799 86.100552 269.968766 296.964921
216 488.414390 86.117653 269.968766 296.964921
217 488.429981 86.134753 269.968766 296.964921
218 488.445572 86.151854 269.968766 296.964921
219 488.461164 86.168955 269.968766 296.964921
220 488.476755 86.186056 269.968766 296.964921
221 488.623834 86.221978 270.087097 296.954030
222 490.504981 86.175271 270.869682 296.844713
223 490.570114 86.252476 270.968651 296.964921
224 490.897074 86.173572 271.237473 296.914744
225 495.661330 84.707727 272.280121 296.200197
226 495.771243 84.857190 272.468477 296.464980
