29 444.001190 350.542283 17.854821 17.674013
30 444.132136 340.484524 16.939133 18.477348
31 443.647868 334.463822 15.917054 18.490447
32 444.646632 329.570453 14.948552 18.101295
33 444.216392 324.849017 14.036465 18.348393
34 444.698570 320.849352 13.559282 18.241867
35 443.145758 312.701166 13.540892 18.477803
36 442.808033 308.366701 13.082878 18.036864
37 442.868446 304.617337 12.807448 17.965806
38 442.952644 301.092186 12.446533 17.225148
39 443.660869 298.099521 11.873383 16.528535
40 443.399042 289.187905 11.906810 17.008118
41 441.751130 284.754741 11.943566 16.400237
42 442.714085 281.511417 11.480696 16.267154
43 443.140481 278.135697 11.012818 16.273623
44 442.877956 275.317415 11.043314 16.255870
45 442.150201 265.877025 11.276032 16.661369
46 442.627864 264.007598 11.307768 16.676584
47 443.193791 260.210337 11.374243 16.255220
48 441.363090 256.399251 11.249491 15.534174
49 441.750167 253.519435 11.136362 15.159835
50 440.922640 248.294180 11.102416 14.964816
51 441.168677 245.010428 10.881321 14.560148
52 441.744251 241.605251 10.489984 14.656111
53 441.661707 238.948254 10.191331 14.407378
54 441.596502 236.349162 10.380627 13.587670
55 441.946936 228.327939 10.226740 14.062038
56 442.233285 224.103064 10.317636 13.866280
57 441.503118 221.827868 10.284481 13.414753
58 441.819959 219.636064 10.385231 13.006527
59 442.115499 216.426337 10.209725 12.972611
60 440.323898 213.091419 10.898533 12.188590
61 440.896870 211.196014 11.049758 11.730253
62 440.307698 208.047279 11.631393 11.331762
63 440.644159 204.692337 11.676225 11.417124
64 440.984570 202.890439 11.224582 11.515082
65 441.574360 196.076014 11.105530 12.005240
66 441.059080 193.936170 10.867750 12.325891
67 441.349356 192.506159 10.635465 12.051907
68 441.456432 190.191983 10.612727 11.799314
69 441.454773 187.831309 10.608255 11.528732
70 441.315042 181.378072 11.183517 11.839145
71 440.475105 180.511127 11.421094 11.658636
72 440.890082 178.201240 11.518919 11.345648
73 439.018737 175.525248 11.801081 11.388003
74 439.540935 173.356632 11.764594 11.489018
75 440.147082 169.853533 11.465992 11.488567
76 440.089828 166.758486 11.245563 11.547328
77 439.043845 166.300755 11.339456 11.975786
78 439.263481 162.931433 10.721161 12.217688
79 439.828982 160.970631 10.896057 12.241535
80 439.986543 156.494597 10.712724 12.045859
81 440.097871 153.700965 11.013889 12.011887
82 439.878285 151.846414 11.356548 12.063388
83 439.990638 149.680146 11.652039 11.767945
84 438.917711 148.891120 12.014413 11.833271
85 440.813243 144.701563 12.110851 11.677331
86 440.172975 142.873179 12.171528 12.034703
87 440.344561 141.568212 12.504883 12.162679
88 439.267064 140.039574 12.893534 12.382948
89 439.644540 139.127578 12.853573 12.378193
90 441.935435 134.754716 13.017534 12.849158
91 442.523210 133.664654 15.033396 13.935591
92 439.991692 133.865640 17.120290 15.591672
93 438.935383 134.223169 21.607798 17.759291
94 437.590436 134.823313 25.268591 19.695637
95 435.993183 134.423746 25.509149 20.148442
96 435.569681 134.960074 25.883063 20.835910
97 434.301693 136.768554 25.976390 21.286627
98 431.947729 136.777135 26.106028 21.172986
99 428.326812 135.586924 26.900159 21.721401
100 427.822999 135.799894 26.655912 22.188244
101 427.900431 136.226737 26.900871 23.577394
102 428.249784 136.355518 26.964738 24.122219
103 428.583771 136.078125 26.993569 24.527672
104 429.114509 136.944518 26.834720 25.137942
105 424.266079 146.678543 27.447727 26.220616
106 423.427936 150.864642 27.181647 28.820683
107 427.928341 152.579712 27.339817 30.706434
108 411.719498 156.812327 27.787491 31.290820
109 421.066664 159.638088 28.586935 30.899413
110 440.563240 156.119078 28.851988 33.049872
111 444.208509 141.770216 35.399932 35.842913
112 448.118395 138.776904 37.448617 36.455629
113 448.097545 135.989845 38.955406 37.383953
114 447.855009 136.489891 39.539974 37.866027
115 447.695286 138.123923 40.252579 38.143513
116 447.669982 138.277601 41.067782 38.414989
117 446.824445 137.978772 43.137839 38.332173
118 446.230134 138.133341 44.429797 38.601090
119 444.551980 137.835671 46.443870 39.326892
120 442.270433 137.787786 49.112472 39.773965
121 432.467770 137.531733 51.578786 40.662169
122 429.594758 138.087755 52.411266 41.236760
123 422.850608 139.048507 52.881708 42.197597
124 427.442334 138.334926 52.711829 43.171340
125 464.005197 152.005481 53.003164 43.562966
126 436.259291 172.268434 54.028104 45.005544
127 443.252694 174.379254 52.623847 46.288234
128 443.460895 174.517321 52.990980 46.480486
129 443.852831 175.832553 53.024560 47.424150
130 443.683411 176.544110 53.553045 47.658354
131 443.926894 177.804447 54.169381 48.022549
132 444.113700 178.058101 54.504428 48.492782
133 445.857981 178.484281 54.966462 48.691190
134 446.049680 179.285862 55.179221 48.974647
135 446.195739 179.342911 55.523143 48.937538
136 445.716311 178.934116 56.130307 48.499145
137 447.269153 175.902322 56.495261 48.284668
138 447.597720 173.358157 56.494173 48.361555
139 447.682064 171.590970 56.463831 48.205913
140 448.576185 170.431079 56.741596 48.070243
141 455.819863 169.168029 57.089389 47.970831
142 456.146834 169.049399 57.586438 47.946675
143 456.917952 168.470154 58.269242 47.738363
144 456.799465 167.650523 58.690060 47.689357
145 469.111395 166.898106 58.417771 47.380529
146 470.339432 167.352824 58.066889 47.406522
147 470.842173 169.917852 57.567086 47.607978
148 473.354301 182.982794 56.636593 48.762108
149 469.671136 185.413859 56.865281 48.023510
150 466.802200 187.081499 56.684047 48.273234
151 466.961177 187.189190 56.994124 48.491797
152 466.964444 187.189853 56.993741 48.492861
153 466.967568 187.193351 56.993406 48.494272
154 466.835021 186.805357 57.033051 48.306893
155 463.154153 181.492186 58.250042 46.072054
156 452.379113 172.590514 59.036423 45.053301
157 449.698336 173.465647 58.486854 44.687019
158 448.891707 170.679883 58.000153 44.499907
159 442.490436 159.007062 58.482677 44.639605
160 440.904794 150.929653 58.456077 45.195036
161 439.938679 147.018572 58.391207 45.360184
162 440.450754 143.264271 58.340541 45.355521
163 440.783011 142.631025 58.533128 45.585940
164 441.523369 142.606143 59.040436 46.062138
165 441.732661 142.786520 59.498020 46.497965
166 439.078078 143.330905 60.796501 46.424934
167 441.539327 142.118364 62.483542 46.324523
168 442.156321 138.467031 63.754451 46.418419
169 445.824356 136.326745 64.924026 46.705069
170 442.124150 141.656958 66.448226 46.973378
171 444.550998 141.425793 66.867864 47.117579
172 443.903531 140.245685 67.285111 47.551218
173 440.956766 140.450461 68.927877 48.001547
174 443.985933 141.211176 71.325701 48.258154
175 446.065337 141.392319 70.846209 48.505072
176 446.583247 138.354203 70.605422 48.906993
177 446.874918 137.422490 70.899957 48.878929
178 447.406554 138.625766 70.881364 48.940415
179 448.465951 141.073850 71.171759 48.380441
180 450.213288 145.974256 70.885561 48.015870
181 450.329041 146.670197 71.040772 48.196382
182 450.549047 146.903139 71.518404 48.434140
183 450.722650 147.345606 72.029842 48.385132
184 450.950113 147.431199 72.487876 48.475870
185 450.893042 147.664796 72.482466 48.411631
186 450.906017 147.738684 72.489999 48.485879
187 450.915854 147.754413 72.492557 48.493659
188 450.904049 147.866674 72.478404 48.466848
189 450.915746 147.889621 72.488343 48.488767
190 450.923511 147.898193 72.490700 48.491180
191 455.243925 147.661691 71.768083 48.631782
192 454.854169 147.582857 71.692651 49.029185
193 454.868207 147.682066 71.884115 49.534213
194 454.780742 147.689048 71.855787 50.063219
195 454.737966 147.056085 71.691662 50.669458
196 465.503404 146.611365 72.053242 51.093287
197 481.340388 145.144048 73.454981 50.855950
198 480.411910 147.245312 73.722559 50.513446
199 489.526907 155.578782 74.241882 49.407802
200 489.440039 153.925775 75.213617 49.056470
201 491.808583 151.092772 75.909359 49.300601
202 492.096876 151.989389 78.799866 48.918581
203 493.511650 150.165500 79.418090 48.776074
204 496.531380 151.811713 81.511697 49.155994
205 499.634293 153.874115 81.520325 49.282353
206 500.238024 156.399794 82.008845 49.492598
207 499.912249 156.728430 82.547632 49.411600
208 499.327103 155.249554 83.645976 49.131935
209 496.679580 152.187821 84.178194 49.100517
210 496.876864 152.066974 84.490753 49.336846
211 495.021514 150.643258 83.744112 49.249575
212 492.616251 149.591438 83.337201 49.503304
213 490.957671 156.452120 82.567989 49.723592
214 493.152464 155.795043 81.780982 50.241578
215 493.757558 155.413352 81.237342 50.586073
216 494.595165 157.649252 82.303830 51.511215
217 493.562087 164.220841 82.175909 52.240990
218 495.659677 160.785389 81.888199 53.083664
219 492.517254 165.743816 82.020137 54.806706
220 495.833485 178.777288 81.675524 56.832340
221 499.491587 181.719370 80.399970 57.531162
222 500.796481 183.213337 78.292410 58.541789
223 512.232100 180.897423 74.968332 58.676100
224 513.153608 180.440584 73.079864 59.994318
225 516.404719 180.292970 71.280703 61.655216
226 519.543511 178.123617 70.336806 63.574154
227 519.265278 183.715385 69.923313 65.623596
228 520.782354 182.694537 69.731616 67.076915
229 518.861569 182.145795 70.049611 69.099888
230 514.144127 189.724417 73.008717 69.858633
231 517.317184 193.726872 71.370912 71.515889
232 520.351153 196.395990 70.451239 72.829911
233 522.326685 198.653586 69.294884 74.409139
234 522.952716 198.547530 69.135912 74.931895
235 522.403200 198.669759 69.452049 74.879186
236 523.170039 201.248864 69.144306 75.207227
237 525.358219 203.949018 68.637066 75.340608
238 534.802191 218.214110 66.443441 77.725206
239 541.270340 252.571915 64.115455 76.909210
