92 254.987611 482.541780 129.059425 130.614161
93 255.875989 483.114023 128.232758 130.004928
94 256.678846 483.681301 127.243640 129.540549
95 256.622714 484.375056 126.168843 128.541037
96 256.898980 484.769611 125.598157 128.107301
97 257.240546 485.136105 125.383462 128.121293
98 257.267265 485.428552 124.848225 127.961951
99 256.988708 485.529876 124.290156 127.445679
100 257.171227 485.715042 123.880033 127.107904
101 255.024792 485.646922 122.875111 126.485454
102 255.246790 485.837959 122.417385 126.136084
103 253.819729 486.082173 121.512542 125.648518
104 253.519885 486.358905 121.261031 125.381203
105 249.601499 487.273030 120.043409 124.122496
106 249.969477 487.667451 119.929663 124.157576
107 247.961429 487.934260 119.094635 123.552177
108 248.010134 488.266949 118.894383 123.566162
109 248.293804 488.695936 118.468477 123.675909
110 248.539457 489.070050 117.970710 123.675909
111 248.559008 489.433508 117.496412 123.642229
112 248.714729 489.821127 117.025109 123.670694
113 247.655902 490.372357 116.831178 123.199705
114 247.607204 490.755719 116.453365 123.079118
115 282.501211 451.650526 116.356616 123.555103
116 288.270295 452.904542 123.860194 119.160212
117 330.753272 346.821074 119.765113 125.727772
118 354.208160 321.907494 128.994587 124.321906
119 368.153704 195.217922 126.242516 131.597767
120 317.441396 161.149212 123.147697 130.216562
121 317.636409 99.893239 123.487392 132.463326
122 313.945455 102.699751 128.055006 129.088015
123 255.654041 43.371362 126.482212 132.371462
124 254.712921 46.003044 126.903733 130.023415
125 230.924997 64.719980 117.287620 130.069798
126 231.379745 65.105963 116.864140 130.196487
127 271.259069 90.415269 115.143757 130.455551
128 272.088372 90.847441 114.884276 130.124602
129 298.958419 147.307590 110.911484 131.971326
130 297.873295 150.616652 112.429626 133.417616
131 314.406143 152.495987 106.624369 149.200843
132 314.371622 151.691452 107.241358 151.728044
133 317.785438 155.027569 105.641907 151.972219
134 322.649385 157.487417 103.303630 151.793884
135 315.643350 160.643142 102.174393 149.012304
136 315.824932 161.134121 101.932141 149.011348
137 315.446985 161.904211 101.424440 148.974293
138 315.510746 162.235036 101.037025 148.572585
139 315.968286 162.711432 101.036415 148.621275
140 316.396989 163.155618 101.046642 148.610568
141 316.854164 163.565534 101.011809 148.606440
142 317.343322 163.982366 100.960032 148.556215
143 317.870726 163.546958 100.169963 148.630476
144 318.529764 163.211239 99.732278 148.641481
145 324.366445 149.803650 97.884445 150.454382
146 331.186218 141.717199 96.491078 150.844668
147 330.617713 122.191647 89.355836 155.008633
148 340.263044 56.269869 84.126279 165.256699
149 346.648793 10.513234 80.574194 172.752786
150 349.680918 3.880942 78.066831 181.646733
151 351.817847 3.204476 75.902314 191.409343
152 353.471417 2.845419 73.814714 198.799694
153 358.182362 4.080445 70.289647 212.907260
154 358.462075 4.201557 70.138634 213.454154
155 362.959143 16.331242 66.684623 224.325854
156 363.496452 18.778359 66.245060 225.043022
157 367.373711 36.552036 64.878881 230.015135
158 367.514763 37.359158 64.853316 230.707413
159 372.259158 24.795347 67.762473 232.368353
160 374.363462 23.406416 72.244637 233.605842
161 373.997063 16.498456 74.571984 238.585231
162 372.901659 11.482741 77.650580 244.362363
163 373.257054 5.317739 80.402174 248.448488
164 373.232328 2.128717 83.244233 250.577900
165 386.034450 0.276378 86.365622 253.605232
166 388.450420 4.570060 87.076316 253.158276
167 392.049055 7.794753 87.046134 252.225134
168 393.160984 7.744493 87.095264 251.547228
169 394.153057 8.916814 87.371426 251.072426
170 394.885049 10.160285 87.518684 250.318899
171 395.477317 14.086062 88.480700 249.503424
172 395.680754 15.566283 89.201657 248.912382
173 396.210783 15.456666 89.928425 248.390736
174 396.227954 14.701083 90.235356 247.643122
175 396.067766 18.602457 90.492228 247.244335
176 396.063570 22.961891 90.468692 246.737585
177 398.566020 52.950619 91.327482 247.257005
178 399.410142 62.424354 93.771749 249.470474
179 397.603647 70.348550 95.129509 249.494254
180 396.636108 72.626348 96.375203 249.293502
181 391.275056 76.383419 96.978434 247.042121
182 390.366765 77.668600 97.157478 246.748101
183 389.403835 78.620662 97.211854 245.942570
184 389.008754 79.184872 97.296051 245.306898
185 380.700631 76.898595 97.273525 243.582476
186 377.274331 75.368532 98.159725 243.616749
187 373.792849 72.252726 98.380127 243.809864
188 372.970182 71.887834 98.157778 243.459434
189 371.012696 69.749507 98.260992 243.294520
190 369.971948 68.960767 98.314146 243.618026
191 365.073387 64.842610 99.716333 245.511131
192 363.119497 62.994014 100.056129 246.824644
193 359.755779 58.822022 101.497475 247.510842
194 357.721245 57.969922 101.010783 247.356287
195 357.044787 55.625860 100.916391 247.950672
196 356.601427 54.376888 100.840333 248.412074
197 356.074418 50.959107 101.391998 249.835084
198 355.876261 49.466310 101.657761 250.488830
199 355.351865 45.636274 102.019912 250.625695
200 355.571909 42.057861 102.678973 251.319730
201 352.310124 28.306521 105.893938 250.922827
202 351.982977 28.051877 106.636389 250.330308
203 351.042558 26.228952 108.863517 250.662951
204 350.690533 26.718271 109.565174 250.519185
205 348.997966 25.114220 113.271835 253.642167
206 347.724743 23.433572 116.629115 256.244909
207 346.059661 23.545009 120.540112 258.749050
208 345.675890 24.052139 122.105446 259.596892
209 344.496851 25.030178 124.286700 260.834853
210 343.382837 25.318561 126.651539 261.774443
211 339.460430 20.239768 132.945640 261.930138
212 338.226853 21.182775 135.046701 263.422168
213 334.767640 21.358042 139.237319 265.308934
214 331.929076 21.627031 144.189880 267.166047
215 330.606567 21.580762 147.489893 269.420299
216 329.706056 21.595181 148.935401 270.251294
217 328.356678 22.178732 151.733906 272.068644
218 327.982689 22.963201 153.256080 272.828717
219 327.819930 23.264883 153.769656 273.295657
220 327.930777 23.605349 153.989771 273.438601
221 317.601551 25.755239 155.940825 272.593042
222 317.908132 26.238142 155.427052 272.592613
223 298.579827 33.782036 153.331955 274.013854
224 298.291384 34.404446 152.511208 275.900110
225 277.689626 42.453336 147.869688 271.730325
226 277.975862 41.596542 147.300273 272.638901
227 267.079241 38.757048 143.533543 278.030751
228 267.550090 39.307163 143.449461 278.272289
229 267.082746 40.949377 142.810826 278.012441
230 266.425850 42.105474 142.416572 278.158109
231 260.449594 71.403429 142.338349 265.006850
232 260.402179 72.905082 142.158399 264.325491
233 255.663208 81.716722 144.241323 259.063248
234 255.161960 83.396038 145.291998 257.874908
235 256.366283 84.168027 148.237353 255.837300
236 255.226930 86.428344 149.844575 253.523523
237 254.818798 87.662743 150.494242 252.011773
238 254.667772 88.458053 150.988871 250.699710
239 252.305271 89.183697 153.969127 246.542745
240 251.571662 90.161680 154.891432 245.368646
241 269.993106 79.044092 144.346566 260.365382
242 255.700205 118.048012 151.390311 243.229878
243 139.385866 140.018168 153.916355 220.765471
244 82.861332 180.811660 164.767580 192.900638
245 158.585778 197.146360 163.404659 181.631366
246 256.744707 217.704938 158.964775 177.079344
247 308.726819 219.085420 153.654833 177.231907
248 350.979111 216.855138 149.657618 176.535002
249 384.504515 227.281541 143.166325 178.149784
250 408.364359 222.945140 140.231482 179.789056
251 409.368637 223.086918 140.088888 179.558229
252 411.970861 224.486061 140.715733 179.576194
253 418.315099 223.198219 140.051953 179.743032
254 426.421077 222.105418 138.420603 179.376543
255 429.882389 221.334771 136.873024 178.506488
256 434.144208 220.875335 135.400692 178.351336
257 439.117725 220.226790 133.686738 177.691429
258 442.662687 219.975304 132.539659 177.003467
259 446.534897 219.992710 131.590461 176.636314
260 450.211651 220.254024 130.761317 176.050616
261 454.104250 221.043290 129.991598 175.929871
262 456.258490 221.770361 129.377403 175.336930
263 462.019148 253.248001 127.975450 176.014964
264 462.416073 252.260689 133.157086 175.122314
265 455.582725 282.705924 136.015672 171.425841
266 453.769454 296.137900 135.641017 164.126713
267 450.415225 303.593857 136.643635 157.720463
268 441.677751 314.519165 138.865848 148.605468
269 438.047795 327.035664 141.127248 137.790421
270 426.067145 347.481930 144.771186 122.150983
271 418.675307 352.407879 147.357106 115.813585
272 418.965027 352.869283 146.782725 115.386821
273 413.408764 353.755584 146.388673 113.516485
274 413.166042 354.224792 145.777333 113.512255
275 405.213838 355.310568 145.400051 111.777944
276 405.534796 355.618935 144.833760 111.693787
277 402.520167 356.131655 144.538972 110.896199
278 395.679412 356.923533 144.698737 109.268208
279 395.787279 357.201631 144.362523 109.174359
280 394.121392 357.337123 143.982174 108.881675
281 390.187539 357.604836 143.252621 108.029315
282 374.259662 358.027854 140.361293 106.323106
283 354.334638 359.422815 136.399697 103.496689
284 331.861358 359.468359 133.122674 101.692593
285 289.850951 358.398711 128.946952 99.648932
286 301.347530 357.542422 126.821713 101.097007
287 312.629068 359.892847 125.963768 100.380769
288 262.413099 365.696875 126.706576 90.880969
289 283.095070 369.337903 125.826810 85.437695
290 299.860754 371.057104 117.167517 90.375308
