65 0.105279 224.803433 34.894564 107.858717
66 0.556818 226.922352 35.288067 105.975402
67 2.604059 230.388121 36.721450 101.755667
68 3.416195 230.660863 37.500990 101.210980
69 7.283732 228.552556 38.231515 100.002052
70 7.769307 228.853166 38.535685 100.263567
71 12.983826 227.722307 37.782753 99.767985
72 14.501796 225.737132 37.126308 100.392199
73 18.879565 220.988799 35.616381 98.555919
74 20.357239 222.952910 34.854802 97.477583
75 24.771138 224.045016 33.762221 95.233157
76 26.769331 224.300183 33.092254 95.588239
77 28.187982 224.181354 33.087445 96.106119
78 30.516436 224.326031 32.963568 96.869434
79 32.661783 226.686657 33.254950 96.663748
80 33.173565 226.713761 33.696655 96.799691
81 33.517562 227.414550 34.056244 96.012947
82 35.403623 228.985833 34.571724 94.558259
83 37.081498 228.210567 35.166554 94.382441
84 40.231635 227.969853 35.971848 93.987132
85 42.617820 227.608104 36.007014 93.729701
86 46.020043 226.906118 36.463619 94.187153
87 51.501449 224.257749 36.072925 97.377323
88 52.899651 224.373013 36.065850 97.220562
89 58.421792 224.748221 35.083001 97.793288
90 61.596544 223.342094 34.272701 97.645113
91 62.622538 222.074939 34.198161 98.089633
92 64.510581 220.165264 34.095144 99.321995
93 67.275986 219.732283 33.993926 99.349285
94 69.900032 219.384101 33.637173 98.884079
95 71.932432 220.476945 33.988544 98.047549
96 77.180045 219.920365 33.805541 98.072108
97 78.244727 220.508157 34.603866 97.338897
98 81.036048 222.093777 34.766991 95.852611
99 82.073088 220.247578 34.767291 96.077650
100 85.060810 218.652199 34.419446 96.777557
101 90.242163 217.064799 33.694942 98.668954
102 91.952587 216.361881 33.108694 98.956008
103 95.287416 210.537565 31.457777 98.336484
104 97.033452 209.038731 30.881485 96.385950
105 99.023741 210.810525 30.866605 95.326816
106 101.329719 211.637336 30.998976 95.940388
107 103.278300 212.563754 30.747465 95.774561
108 104.601322 212.715851 30.949010 95.671701
109 106.638607 212.955115 31.302517 95.738374
110 108.852111 211.967945 32.287464 96.351604
111 109.127008 212.941111 33.842985 95.925841
112 109.240589 212.899148 34.306694 96.155150
113 110.460414 212.626021 35.243022 96.297314
114 113.118363 211.394095 35.698124 96.420100
115 116.754326 208.745687 36.011034 96.250591
116 119.739456 208.812201 36.833196 95.682446
117 122.514286 207.934381 36.249665 95.948676
118 125.655099 204.188657 35.196722 96.573834
119 127.050477 203.749574 34.717741 96.141009
120 130.608130 202.189522 33.592725 95.730104
121 134.584986 200.005508 32.082288 95.973363
122 137.024050 195.328768 30.294386 97.443123
123 139.548668 195.753552 29.048179 97.432638
124 140.422702 195.865195 28.535312 97.186856
125 141.804472 196.389683 28.323062 97.476029
126 144.750381 200.776414 27.630340 94.238571
127 146.993100 200.861018 27.961237 93.689247
128 147.003401 200.861120 28.220020 93.571567
129 147.352229 201.351565 28.715122 93.461056
130 150.096635 200.349941 28.993932 93.446053
131 153.170413 198.896396 29.154382 92.844611
132 155.175349 198.108681 29.499411 92.494635
133 156.762307 199.985021 29.243674 91.314498
134 160.103260 198.375485 28.501336 92.106697
135 162.485455 198.444000 28.357696 92.850817
136 166.547045 187.353538 27.972361 92.008320
137 169.716621 187.140823 27.473796 91.410021
138 173.114734 186.117024 26.681144 90.011320
139 174.113921 182.790960 27.174137 89.074122
140 175.325038 184.558607 27.648181 87.657018
141 178.179524 184.082461 28.232545 86.077341
142 178.360194 184.421304 28.375104 86.224222
143 179.539272 185.567395 28.280456 84.253382
144 181.616865 186.599773 28.184015 82.430412
145 183.461824 188.640041 27.981849 80.107170
146 184.997785 189.728709 27.719127 79.349582
147 186.432637 189.834723 27.610876 78.115511
148 188.210271 192.816244 27.624339 76.716356
149 189.347764 193.218760 28.091077 75.882946
150 193.424208 193.110552 28.414561 73.889654
151 195.823345 194.731828 28.644445 73.154231
152 198.888949 192.680085 28.222598 72.982446
153 204.126742 190.762372 27.587286 74.229249
154 205.879004 190.027603 27.437282 75.235962
155 208.631502 190.187170 26.730592 75.922532
156 210.332050 187.355092 26.694417 77.163136
157 213.156553 190.268769 26.783171 78.944692
158 214.351380 186.393903 27.893604 80.447626
159 214.798872 188.583444 27.672289 80.837960
160 217.445574 193.467374 26.861182 82.498079
161 217.587168 193.423346 26.538760 81.934871
162 218.212814 192.253417 26.890082 81.362268
163 221.942144 189.870710 26.682626 80.521811
164 222.183181 189.285773 27.745044 78.462949
165 224.692652 182.954862 29.595246 74.732857
166 230.491782 182.484060 32.146348 70.660440
167 229.569968 181.806015 32.944779 69.358421
168 230.464427 178.926305 32.999158 67.719421
169 231.861574 179.027340 32.225820 66.491411
170 233.169233 179.095226 31.896926 66.017632
171 235.834228 178.241303 30.924759 66.500457
172 238.587420 178.518764 30.466712 67.164747
173 240.395754 177.432810 30.014887 68.978700
174 241.680343 177.743942 30.269025 69.232652
175 245.561459 178.907202 29.633013 71.010298
176 246.399159 178.298159 29.494941 71.473243
177 248.165630 175.683576 28.960714 71.646713
178 249.070069 177.300854 28.299602 71.754809
179 252.690285 178.734173 27.167293 72.037086
180 255.344580 178.070792 26.160004 77.025632
181 257.427326 182.117063 26.817506 78.027287
182 259.890087 189.494156 27.046036 80.434014
183 264.217676 185.516397 26.675849 83.801182
184 252.903358 204.320958 27.269792 87.149672
185 246.188627 213.306237 28.109738 81.707686
186 242.081764 231.162035 29.682121 76.942671
187 240.701173 238.320757 33.278229 75.882689
188 237.870204 236.733518 35.600026 75.500879
189 238.127519 235.376242 36.598755 75.787295
190 238.543116 233.905943 37.536383 75.318641
191 240.757501 228.346449 38.328224 75.630504
192 236.445806 238.247819 39.536121 75.979275
193 236.848320 237.718147 39.793537 75.942336
194 237.120844 236.025017 39.556030 75.738698
195 237.209055 235.747204 39.638985 75.807343
196 236.916168 237.367557 39.307161 75.586669
197 236.207132 238.692074 38.704158 75.027078
198 236.374154 238.530527 38.477867 75.069577
199 236.411346 238.810998 38.201493 75.181407
200 236.497685 239.090495 38.109891 75.095937
201 236.381436 239.588176 37.939644 74.799093
202 236.270525 239.089842 37.491210 74.451338
203 236.265692 238.939599 37.130883 74.066695
204 236.401191 238.838348 37.060869 74.097555
205 236.512245 238.708291 37.117667 74.263514
206 236.363076 237.056216 36.880873 73.875194
207 236.384903 237.026308 36.746229 73.638421
208 236.159521 237.543831 36.615106 73.378149
209 236.498095 237.887110 36.734450 73.245832
210 236.203573 238.970396 36.413694 72.523429
211 236.450878 239.973490 36.224482 72.790105
212 236.494136 240.264708 36.202377 72.549222
213 236.664692 240.669987 36.223581 72.689694
214 236.515434 240.110516 36.091209 72.288063
215 236.167930 239.405612 35.865592 71.504195
216 235.042240 239.473895 35.280813 71.319129
217 235.417521 238.894505 35.079722 71.420865
218 235.717765 239.050398 35.290958 71.265090
219 235.611784 237.532016 35.032817 70.869809
220 235.873395 237.337728 35.210736 70.816351
221 235.960950 237.424731 35.025147 70.359022
222 236.317795 237.453858 35.209510 70.310259
223 236.496352 237.413813 35.252606 70.313772
224 236.551909 237.306385 35.122398 70.001510
225 236.832892 237.601289 35.272938 70.279735
226 236.620627 237.996622 35.029201 69.920295
227 236.567395 237.965324 35.145686 69.582207
228 236.785999 238.267194 35.232957 69.675567
229 236.239062 236.512064 34.936258 69.300144
230 236.367945 236.737868 34.784411 69.250703
231 236.546953 236.882579 34.787045 69.226971
232 236.628013 237.241667 34.667496 69.048071
233 236.786484 237.688819 34.596149 69.101002
234 237.037661 237.619620 34.661433 69.191143
235 237.342916 237.909387 34.694813 69.175485
236 237.556708 237.938454 34.705506 69.265712
237 236.235263 236.480601 34.138335 68.749405
238 236.508009 236.754907 34.265507 68.759748
239 236.718587 237.099173 34.193106 68.704746
240 236.987638 237.442480 34.262502 68.914942
241 237.192922 237.619113 34.343812 68.837087
242 237.169827 237.847960 34.270270 69.224709
243 237.350457 238.107505 34.308385 69.503788
244 237.464126 238.381265 34.212068 69.725408
245 237.296541 238.469575 33.787851 69.551251
246 237.614402 237.561010 33.533768 69.699242
247 238.053919 237.462204 33.652522 70.027884
248 237.898046 237.194527 33.279661 70.145633
249 237.202357 236.267224 32.570544 69.809110
250 237.668255 236.586573 32.591379 69.670186
251 237.907000 236.965797 32.823829 69.879176
252 238.131316 236.148705 32.760526 69.893028
253 238.371389 236.404863 32.805366 70.118965
254 238.566908 236.684482 32.826639 70.424661
255 238.588561 237.233309 32.859114 70.519226
256 237.139222 237.097251 32.522059 70.088733
257 237.872449 235.388032 32.565247 70.099225
258 238.135355 235.458237 32.812051 70.307882
259 238.308856 236.168906 32.801962 70.725950
260 237.748228 236.845695 32.555229 70.197802
261 237.369723 236.834696 32.470002 69.823609
262 237.360440 237.162016 32.237389 69.671928
263 237.577111 236.439226 32.249099 69.807616
264 237.691513 236.637126 32.290967 69.878625
265 237.873895 236.788036 32.366496 69.857694
266 238.047414 236.530259 32.299263 69.704549
267 238.239109 236.679043 32.270885 69.851168
268 237.647134 237.268808 32.157738 69.540834
269 237.857850 237.295756 32.328692 69.840277
270 238.038024 237.337299 32.317889 69.807866
271 238.210530 237.518154 32.355228 69.868008
272 238.258383 236.967471 32.277026 69.655723
273 238.352411 236.804431 32.381115 69.814912
274 238.550236 237.375774 32.273228 69.969182
275 238.783958 237.456736 32.339065 69.967412
276 238.735962 237.785477 32.283992 69.843812
277 238.929832 238.236043 32.326558 70.222075
278 239.102276 238.355733 32.324090 70.352835
279 239.333566 238.281004 32.327242 70.415157
280 239.270024 237.967024 32.253797 70.244302
281 239.356414 238.207984 32.369081 70.278508
282 239.482392 237.952843 32.320798 70.471520
283 239.623332 238.264879 32.248257 70.542684
284 239.529970 238.958556 31.980521 71.244165
285 239.629486 239.173791 31.868713 71.417912
286 239.797127 239.304914 31.846031 71.587488
287 239.822633 239.701676 31.919807 72.198458
288 239.851499 239.617989 31.740939 72.405988
289 239.937259 239.627665 31.779372 72.439086
290 237.732804 237.844993 31.368599 71.958512
291 237.896281 238.238211 31.189397 72.242362
292 238.303308 238.030529 31.230203 72.803043
293 238.560079 237.874839 31.355937 72.966047
294 238.762499 238.048456 31.285785 73.368837
295 238.867573 238.160990 31.295711 73.462566
296 238.873655 237.880626 31.416512 73.229398
297 238.769573 236.832894 31.288863 73.026743
298 238.862070 236.893893 31.305121 73.185750
299 238.979531 237.318882 31.349859 73.438159
300 238.531262 238.133571 31.321182 73.350018
301 238.773518 237.725067 31.393067 73.245562
302 238.773389 237.495205 31.344031 73.070580
303 238.871984 236.531806 31.497708 72.804489
304 238.523774 235.570174 31.411737 72.279075
305 238.615895 237.005890 31.316508 72.497303
306 238.757967 237.241140 31.294934 72.501303
307 237.910377 238.070979 31.187552 72.643067
308 237.910086 236.237030 31.351034 73.170951
309 237.878145 236.855367 31.309600 73.677288
310 238.190795 235.452155 31.274625 73.929135
311 238.341434 236.471557 31.185184 74.047664
312 238.525166 235.797996 31.286409 74.253351
313 238.579120 235.998597 31.345134 74.127069
314 238.530512 236.609767 31.407852 74.460913
315 238.476908 236.647893 31.454314 74.404834
316 238.236366 236.546306 31.367580 74.216157
317 238.349961 235.841568 31.432503 74.174817
318 238.447501 235.989875 31.362467 74.251802
319 238.978567 236.772209 31.613401 74.687281
320 239.151197 235.284514 31.927524 74.565071
321 239.164617 235.105244 31.942328 74.492079
322 238.903515 235.878321 32.275162 73.941372
323 238.462767 237.792709 32.384998 73.948080
324 238.456788 236.822572 32.222718 73.677927
325 238.637625 237.156555 32.370350 73.853602
326 238.825496 236.413272 32.311397 74.081765
327 238.967785 236.186225 32.343523 74.432188
328 239.042606 237.105729 32.259875 74.684638
329 239.251060 236.040151 32.273876 74.768715
330 238.417649 236.865939 32.076526 74.402601
331 238.743496 237.263321 32.268086 74.563706
332 238.987234 236.858244 32.325532 74.903426
333 239.253412 236.267128 32.328894 74.931285
334 239.415655 235.958732 32.298815 74.761931
335 240.256857 235.330703 32.328531 74.414742
336 240.005141 235.607409 32.267407 74.099449
337 240.204036 235.495735 32.380180 74.516068
338 239.921064 235.002740 32.246416 74.406030
339 240.119125 235.222760 32.362921 74.440188
340 240.463464 234.328610 32.272658 74.596914
341 240.630582 233.591126 32.238330 74.945122
342 240.864946 233.357079 32.292996 74.888889
343 239.895530 231.263577 32.020086 74.304357
344 240.172412 232.047424 31.985094 74.318115
345 239.445475 230.193450 31.542340 73.961351
346 239.613353 230.463361 31.439482 73.427669
347 239.795670 232.009872 31.173301 73.128643
348 238.200694 232.706511 31.281668 71.738276
349 238.351134 233.015925 31.314188 71.490382
350 238.503411 233.165514 31.360928 71.301195
351 239.403585 234.360093 31.271833 70.488885
352 239.647958 234.758061 31.320852 70.240214
353 239.404444 236.983316 31.038747 69.952601
354 238.583306 233.378695 30.862908 69.151609
355 238.683946 234.025695 30.721845 69.104883
356 238.876883 234.347599 30.857047 69.289835
357 239.156658 235.384762 30.879885 68.772407
358 239.344942 234.954117 30.704191 68.762874
359 240.145511 240.026235 30.396574 68.734973
360 240.164854 235.866259 29.978895 68.343656
361 239.206760 237.001544 29.730175 67.580589
362 238.668950 234.234282 29.554251 66.540071
363 239.063314 234.735984 29.758510 66.706397
364 239.079938 235.197199 29.766189 66.626572
365 239.340722 235.835528 29.930194 67.064212
366 239.045603 234.769213 29.798661 67.191904
367 239.502358 238.409500 29.719371 68.212973
368 239.696553 238.596897 29.954139 68.584046
369 239.857807 236.177701 29.894907 69.018603
370 239.816843 236.423136 30.106905 69.249722
371 239.988964 235.895907 30.976129 69.532395
372 239.088155 236.517078 30.805836 69.844366
373 239.250263 236.827698 30.927299 69.893522
374 239.360195 236.974367 30.886566 69.886616
375 239.518051 237.282466 30.867792 69.987303
376 239.541808 237.017590 30.890132 69.968274
377 239.334599 237.000295 30.638572 69.889410
