2 442.642037 219.742433 23.389281 60.450514
3 442.937044 219.688018 23.142630 60.560285
4 443.308834 219.618558 23.080769 61.141549
5 443.792056 219.373517 22.976478 61.677170
6 443.910953 219.383069 22.732345 61.968101
7 444.144768 219.327210 22.766048 61.921162
8 444.348156 219.374996 22.809000 61.889390
9 444.510456 219.493674 22.859352 61.843181
10 444.369746 219.709441 22.368984 61.798886
11 444.489129 219.915163 22.364539 61.828553
12 444.736018 219.898784 22.120652 61.908949
13 445.050094 219.985945 22.271977 61.936665
14 445.324995 220.022655 22.167037 61.819104
15 445.358961 219.994381 21.913283 61.818968
16 445.508272 220.125502 21.736467 61.844792
17 445.736110 220.298068 21.815598 61.845047
18 445.889044 220.482738 21.872195 61.820949
19 446.057337 220.673792 21.808428 61.846291
20 446.180133 220.877274 21.825391 61.818436
21 446.325306 221.070660 21.868374 61.829162
22 446.456104 221.185569 21.826739 61.841162
23 446.620651 221.346233 21.832074 61.825180
24 446.756784 221.546015 21.885601 61.824118
25 446.898119 221.658825 21.848600 61.899234
26 447.049801 221.814701 21.867221 61.879666
27 447.159891 221.980757 21.892516 61.837809
28 447.241166 221.841805 21.808361 61.999636
29 447.413713 221.933730 21.859979 61.890519
30 447.563930 222.097611 21.862023 61.897771
31 447.700433 222.180294 21.873385 61.878877
32 447.838767 222.267806 21.866508 61.894705
33 448.012094 222.297562 21.836850 61.930959
34 448.142689 222.066554 21.850457 62.043580
35 448.274926 221.919035 21.841673 62.569666
36 448.426666 222.146614 21.866161 62.906165
37 448.590857 222.162344 21.835248 62.964708
38 448.808224 222.050646 21.805069 63.002337
39 449.003434 222.088659 21.845397 63.476761
40 449.120915 221.851387 21.859013 63.515694
41 449.280711 221.017939 21.795350 64.424789
42 449.466071 221.053653 21.862797 64.414754
43 449.614400 221.107505 21.868858 64.416015
44 449.742284 221.267958 21.893350 64.351055
45 449.849370 221.439616 21.903666 64.361982
46 449.989810 221.583663 21.886929 64.399748
47 450.091628 221.728696 21.900383 64.347309
48 450.183914 221.907970 21.904179 64.344393
49 450.289237 222.077731 21.901267 64.390247
50 450.444856 222.134665 21.892668 64.530765
51 451.140502 220.192591 21.824426 66.571160
52 451.272805 220.513574 21.903934 66.842614
53 451.367397 220.647125 21.908775 66.900958
54 451.463760 220.682161 21.914119 66.961087
55 451.811192 219.829425 21.910923 67.478860
56 452.556725 219.095765 21.771615 67.972073
57 452.735018 219.220635 21.897620 67.867414
58 452.849508 219.378570 21.905081 67.889947
59 453.128374 219.297101 21.890588 68.144233
60 453.229327 219.536526 21.907979 68.397656
61 453.318196 219.363614 21.942287 68.702715
62 453.401817 219.243903 21.937767 69.152217
63 453.652730 218.754931 21.975947 69.886507
64 454.302247 218.183229 21.990001 70.412930
65 454.357333 218.327769 21.906280 70.364853
66 454.440875 218.456580 21.924955 70.408676
67 454.619562 217.734970 22.034191 71.008683
68 454.894199 218.069921 22.410837 71.368405
69 455.051149 217.613653 22.490796 71.747712
70 455.400079 216.652796 22.578685 72.495937
71 455.654705 216.753368 22.905108 72.355232
72 455.746333 216.932617 22.902543 72.340608
73 455.838935 217.107109 22.906261 72.361811
74 456.031198 216.879895 22.938811 72.551230
75 456.724244 214.567009 23.339117 73.940960
76 456.848163 214.700012 23.408118 73.853052
77 456.940822 214.878839 23.418186 73.872713
78 457.061573 214.990200 23.550850 74.033384
79 457.322591 215.280411 23.929062 74.419374
80 457.436832 214.568261 24.220351 74.942051
81 457.624943 214.314037 24.461427 75.201423
82 457.742551 214.173350 24.603303 75.781853
83 458.005201 213.754086 25.095162 76.372464
84 458.253727 213.837512 25.417614 76.449168
85 458.422039 213.315871 25.684626 76.927475
86 458.613256 213.331722 26.009934 77.037939
87 458.896809 213.589671 26.427741 77.456608
88 459.024663 213.386500 26.539143 77.772029
89 459.415724 213.001478 26.967050 78.356907
90 459.700721 212.672730 26.969339 78.763078
91 459.931364 211.170863 27.010753 79.905763
92 460.209905 211.158564 27.446171 80.046944
93 460.414055 210.442458 27.521623 81.146153
94 460.707045 210.664815 27.912489 81.437109
95 460.801864 210.696995 27.950447 81.513334
96 461.031008 210.533236 28.247154 82.415171
97 461.466840 209.591368 28.751198 83.294307
98 461.639753 209.762431 28.902206 83.400042
99 461.750838 209.756420 28.905166 83.520059
100 461.988452 209.641550 28.898235 84.222734
101 462.896370 208.400454 28.685492 85.376552
102 463.157163 208.486338 28.877834 85.456686
103 463.767315 207.878916 28.759087 86.108898
104 464.029295 208.120936 28.885278 86.437107
105 464.665848 207.953764 28.772143 86.630677
106 464.911686 208.207448 28.872554 86.893384
107 465.383130 207.977655 28.811518 87.102044
108 466.486310 206.945985 28.622101 88.026318
109 466.731813 207.296808 28.882135 88.336635
110 466.854076 207.501546 28.878104 88.332314
111 467.002079 207.593817 28.867135 88.400353
112 467.615885 206.558748 28.782277 88.995838
113 467.805192 206.648341 28.877013 88.878800
114 468.020250 206.661771 28.858552 89.002457
115 468.510365 205.542111 28.783802 90.422594
116 468.707088 205.616001 28.877884 90.481798
117 468.925425 205.415992 28.875013 90.779123
118 469.428930 204.668290 28.785734 91.589170
119 469.630685 204.756057 28.899322 92.171984
120 469.839853 204.693507 28.872791 92.813238
121 470.187996 203.981461 28.833342 93.538412
122 471.257254 203.515979 28.697487 94.318609
123 471.487307 203.364205 28.910017 94.735629
124 471.591940 203.554913 28.890057 94.918239
125 471.671734 202.947485 28.883457 95.453593
126 471.861336 202.243944 28.892704 96.054183
127 472.380759 201.616545 28.885709 97.303188
128 473.778028 201.349852 28.869876 98.264973
129 473.870937 201.517814 28.886724 98.368249
130 473.972005 201.619433 28.913413 98.460969
131 474.058851 201.532166 28.940263 98.660261
132 474.142670 201.486437 28.945911 99.263344
133 474.698218 201.286872 29.069321 100.114606
134 474.855296 201.155241 29.340911 100.556289
135 474.961722 201.312942 29.412198 101.017458
136 475.062303 201.443597 29.435645 101.617459
137 475.458037 201.387191 29.381916 102.077679
138 475.927839 201.257731 29.353170 102.495323
139 476.030467 200.776229 29.357711 102.707224
140 476.242711 200.905884 29.382782 102.979878
141 476.628572 200.843973 29.409994 103.095252
142 477.820113 200.063528 29.558122 104.217212
143 478.084043 200.349009 29.918651 104.315202
144 478.105171 200.326760 29.876907 104.446603
145 478.232796 200.322739 29.919162 104.541553
146 478.399472 200.181420 29.974199 105.453665
147 478.644300 199.868420 29.965480 106.065463
148 478.818372 200.019366 29.888718 106.649526
149 479.166932 199.664040 29.943659 107.773671
150 479.308987 199.698880 29.882276 108.125589
151 479.541573 199.733483 29.972620 108.773274
152 479.913792 199.615774 29.858211 109.291207
153 481.031657 199.639292 29.738570 109.751952
154 481.184280 199.819041 29.886407 109.835447
155 481.272672 199.908288 29.913833 109.939538
156 481.368195 199.849408 29.943120 110.128460
157 481.413384 199.829927 30.031031 110.767678
158 481.560134 199.512738 30.487570 111.391367
159 481.475188 199.228107 30.553098 111.834672
160 481.486723 198.931537 31.130795 112.305556
161 481.694768 198.949156 31.465389 112.608259
162 481.677318 198.753656 31.546514 113.481538
163 481.878762 198.570514 32.125150 113.770102
164 482.060707 198.431370 32.501819 114.349384
165 482.341442 198.421839 32.935512 114.614148
166 482.461229 198.445348 32.945558 115.216751
167 482.747933 198.111447 32.954897 116.203348
168 482.838807 198.129104 32.968345 116.653667
169 482.882348 197.999248 33.132878 117.457093
170 482.993527 197.584986 33.706877 118.086623
171 482.955948 197.184091 34.163337 119.036681
172 482.955643 196.696130 34.760593 120.353494
173 482.742142 195.837664 35.253606 121.307585
174 481.848309 194.056824 35.870846 122.420714
175 481.192397 192.353746 36.552641 124.262675
176 480.609904 190.778400 37.683385 126.041676
177 480.402706 190.084571 38.177792 127.350016
178 480.396904 189.812474 38.595114 127.788663
179 480.514335 189.732187 38.899340 128.085394
180 480.514331 189.675603 38.917907 128.759831
181 480.568157 189.660054 38.943377 129.160485
182 480.627503 189.800307 38.951124 129.532888
183 480.622214 189.612060 39.079729 130.588330
184 480.803697 189.656321 39.608844 131.226863
185 481.059603 189.515938 39.962770 131.874895
186 481.100354 189.400672 39.972248 132.249233
187 481.176665 189.349029 39.929638 132.754689
188 481.295936 189.582104 39.857141 132.873878
189 481.588806 188.422199 39.986082 134.121774
190 481.874904 188.405491 39.865511 134.836886
191 482.717512 188.036199 39.703079 135.797537
192 483.288107 187.270738 39.833279 136.826421
193 483.472891 187.461476 39.846392 136.940775
194 483.795379 187.369999 39.837397 137.378934
195 484.757240 186.541547 39.787672 139.018947
196 485.185897 186.318418 39.862944 140.202365
197 485.325827 186.471342 39.882673 140.571330
198 485.586839 186.064616 39.953802 141.774919
199 486.226618 185.135892 39.950512 143.191894
200 486.415741 185.262376 39.861866 143.591055
201 486.925281 184.958360 39.985373 144.695586
202 487.431195 184.911412 39.897194 145.644937
203 487.964227 184.041106 40.133476 147.198185
204 488.624944 183.654117 40.575510 148.429401
205 488.917039 183.793635 40.862145 148.380302
206 489.088393 183.690599 40.911236 148.809278
207 489.439500 183.273130 40.888606 149.680960
208 490.149163 183.070288 40.781619 150.707731
209 490.640662 182.995857 40.854849 151.573953
210 491.077431 182.695590 40.878743 152.442812
211 491.652937 182.508947 40.792372 152.952806
212 492.317351 182.201229 40.815756 153.680556
213 493.327699 181.742513 41.065081 154.905296
214 493.949325 181.667508 41.457563 155.253577
215 494.237575 181.661746 41.398114 155.819920
216 494.736795 181.693028 41.321195 156.290249
217 495.179687 181.621647 41.424098 157.057173
218 495.870364 181.169171 41.429123 158.204561
219 496.185085 180.929528 41.569063 159.057718
220 496.742530 180.945068 41.931816 159.924048
221 497.316240 180.866749 41.916325 160.633461
222 498.157017 180.354115 41.931491 162.179514
223 498.748707 180.221646 41.831592 163.174593
224 500.080089 179.799324 41.941875 164.734550
225 500.641660 179.667140 41.789288 165.334901
226 501.945617 179.083231 41.678708 166.897652
227 502.291578 179.183434 41.880983 166.946543
228 502.652211 179.089903 41.840400 167.418879
229 504.066033 178.633111 41.853726 168.920428
230 504.821890 178.441988 42.010352 169.532493
231 506.104190 178.380642 42.328419 170.811466
232 507.084624 178.432990 42.362583 171.495929
233 508.106376 178.180353 42.426884 172.213885
234 508.963238 177.818212 42.729927 173.409709
235 509.699339 177.567602 43.020633 174.164737
236 510.066962 177.703514 43.498287 174.734430
237 510.660765 177.509506 43.450998 175.812168
238 511.249481 177.528780 43.336741 176.617139
239 512.070775 177.401642 43.442587 177.881805
240 512.701144 177.411393 43.385991 178.591338
241 513.427290 177.391380 43.620389 179.642168
242 514.285315 177.675455 43.857750 180.286863
243 514.738614 177.847272 43.864686 180.758250
244 517.027915 177.918460 43.977269 182.333909
245 517.124802 177.970604 43.988477 182.729436
246 517.692545 177.906756 44.017311 183.677636
247 518.994596 177.516048 44.459087 185.181340
248 520.004873 177.398838 44.505608 186.289853
249 520.835898 177.419837 44.865963 186.811682
250 521.367293 177.485542 44.882212 187.342113
251 523.266703 177.295612 45.096562 188.828310
252 524.050709 177.323725 45.252823 189.015717
253 524.758853 177.437581 45.281996 189.486636
254 525.966445 176.978834 45.174311 189.545126
255 526.773566 176.944748 45.196357 189.971407
256 527.515699 176.812174 45.164574 189.934977
257 529.232754 176.603330 45.025773 190.442486
258 529.598293 176.966359 45.286304 190.021786
259 530.289462 177.626907 45.191623 190.169597
260 530.693457 178.136219 45.258841 190.063435
261 530.955588 178.673314 45.286135 190.021768
262 531.471490 179.354418 45.244288 190.096509
263 532.596281 179.610856 45.192467 190.411661
264 529.731731 190.166821 44.494286 188.614441
265 518.177425 214.013052 43.972145 187.603241
266 499.567920 272.826408 43.190056 187.777446
267 511.349214 233.427507 42.853428 184.561718
268 503.673574 237.946285 41.441145 183.908861
269 501.646316 189.405929 40.568237 185.022819
270 477.687646 201.734448 39.602951 184.201815
271 477.694195 98.476815 39.466190 185.777005
272 460.713855 150.657762 38.599618 186.172949
273 429.622013 137.653813 38.997830 178.392009
274 412.067249 109.575426 38.227043 167.410544
275 412.246972 109.737826 38.333476 166.929223
276 412.320310 109.735859 38.332595 166.289071
277 412.458468 110.032193 38.332186 165.960482
278 412.611568 110.250180 38.328097 165.370948
279 412.748570 110.514720 38.332742 164.972514
280 412.881665 110.708196 38.332204 164.455327
281 413.032139 110.999361 38.326116 164.046116
282 413.193771 111.507634 38.328037 164.070056
283 413.346037 111.990980 38.326045 164.045254
284 413.497559 112.484044 38.325634 164.040108
285 413.649378 112.973461 38.327242 164.031519
286 413.806263 113.474247 38.329122 164.046109
287 414.085999 113.768165 38.320159 164.024059
288 414.337079 114.184758 38.325898 164.029942
289 414.626590 114.337723 38.325081 164.049521
290 415.206135 114.040837 38.352683 163.904768
