326 520.006647 63.852467 28.000996 120.073238
327 520.603672 64.588500 28.388166 120.653938
328 521.521199 67.016209 26.830271 125.104718
329 520.046341 63.214442 25.785598 123.807088
330 520.247952 63.673641 25.888710 123.569177
331 514.147972 60.096613 25.660177 122.837234
332 514.339932 60.296172 25.959872 122.740733
333 514.381609 60.549711 25.960539 122.732317
334 505.150901 65.029261 26.377613 118.795218
335 501.884874 65.011321 26.487371 116.677086
336 489.960380 66.874238 26.504100 115.894913
337 488.306404 67.024697 26.522209 115.869284
338 480.307052 68.361819 26.704234 116.341321
339 478.841100 71.939189 25.728773 112.931486
340 478.791629 73.413576 25.455379 110.541035
341 470.321194 71.623069 24.884729 111.138324
342 470.427630 72.424029 24.680670 110.371842
343 466.176030 71.722009 25.415999 107.686148
344 466.223768 71.875902 25.485290 107.960732
345 466.236976 71.891230 25.485484 107.962859
346 456.572233 74.761695 25.348965 107.948744
347 456.655678 74.842020 25.453300 107.901386
348 452.404545 78.952198 24.873867 106.872664
349 452.502997 79.484826 24.618384 106.608052
350 452.705519 81.008361 24.245448 106.270004
351 445.795117 85.511359 24.242660 106.253468
352 445.560212 85.964660 24.320640 106.254773
353 445.290034 86.401200 24.320989 106.267367
354 436.956186 93.482766 23.811348 100.754145
355 439.698894 95.714144 23.322206 98.196921
356 432.930649 96.049612 23.261866 92.178402
357 432.830598 95.835854 23.461020 91.884335
358 432.693268 95.539914 23.457316 91.648342
359 432.850935 95.045837 23.488934 91.573962
360 432.699648 94.905083 23.457316 91.648342
361 417.620239 97.450471 23.989880 88.513448
362 417.396592 98.607312 23.896402 88.344155
363 417.158221 99.586658 23.800998 87.800673
364 407.430210 108.748834 22.947051 82.727667
365 406.493559 113.833223 22.696074 80.509840
366 405.586512 117.443054 22.802730 78.925770
367 405.000710 120.905891 22.675034 76.753896
368 393.636988 123.823639 23.089495 74.200128
369 393.845150 123.967110 23.491111 74.481755
370 393.931095 124.016823 23.493280 74.468568
371 390.950765 126.743481 23.315454 73.685405
372 391.045949 126.894357 23.491111 73.981877
373 391.053303 126.896996 23.491111 73.981877
374 385.360709 132.431922 23.070934 73.273427
375 385.560159 132.640131 23.438075 73.490670
376 382.989359 134.309663 22.716139 74.126618
377 382.941742 135.102374 22.899232 74.496579
378 379.083275 137.970333 22.578894 74.242583
379 379.052177 138.261487 22.674569 74.570601
380 379.245851 138.481068 22.980325 74.991328
381 376.489941 139.773519 22.509088 75.013236
382 376.684550 140.305714 22.933356 75.319472
383 376.667376 140.682522 22.932622 75.314921
384 368.133864 144.629703 23.094284 72.782197
385 368.339302 144.747123 23.489319 72.947435
386 361.995734 149.236139 24.025033 69.135607
387 362.205389 149.425338 24.495198 69.444136
388 357.150289 148.425278 24.717580 68.961959
389 357.294595 148.438310 24.990543 68.983102
390 357.302419 148.440771 24.990543 68.983102
391 350.374100 151.878904 26.951134 65.719934
392 350.340545 152.287449 27.031146 65.770109
393 346.525796 158.867424 27.795375 62.739204
394 346.057657 159.412306 27.977668 62.796414
395 346.073445 159.509966 27.991188 62.983622
396 344.387437 161.693672 28.869103 62.201863
397 344.763981 162.018020 29.103079 62.234426
398 345.342794 162.367247 29.563764 62.147012
399 339.600680 165.651199 32.277434 60.056734
400 341.116998 166.370546 32.710113 60.167756
401 340.597276 167.111755 33.084039 61.298513
402 342.025548 166.360478 33.238305 61.984741
403 343.284803 165.470772 33.286403 62.321904
404 337.153398 166.076926 34.851161 63.731498
405 338.059749 161.634383 34.548912 64.098206
406 338.417511 155.216956 34.010346 66.633030
407 341.141514 150.906255 33.623410 67.945603
408 331.892868 154.128956 38.214423 66.423915
409 333.505628 153.635634 37.928000 66.716520
410 334.969650 153.085435 37.236699 67.074612
411 326.871540 157.387506 40.152836 66.818802
412 327.149074 155.442296 39.908303 66.511335
413 327.171176 154.358365 39.586887 66.494220
414 327.407529 153.575663 39.688221 66.154038
415 327.730531 153.011930 39.658903 66.327496
416 328.105870 152.874594 39.763021 66.324737
417 328.684669 152.669843 39.704638 66.402601
418 329.292653 152.426446 39.704729 66.402556
419 315.356912 153.366001 42.069853 66.449956
420 315.549649 153.555634 42.637640 66.167258
421 315.738867 153.742949 43.068746 66.335925
422 315.976557 153.893718 43.551078 66.343034
423 316.227637 154.037326 44.025691 66.358340
424 311.688447 155.109455 46.723537 66.128651
425 311.807496 155.309371 47.012140 66.421649
426 311.687046 155.278579 47.662272 66.410265
427 311.802031 155.067819 47.965750 66.598056
428 311.761192 155.002491 47.959655 67.103058
429 310.725081 154.668819 48.465626 67.436622
430 310.554621 154.149997 48.474619 67.607142
431 310.370100 153.766023 48.476205 68.095624
432 310.180026 153.358621 48.467838 68.621952
433 309.609406 153.233002 48.666653 68.935312
434 308.944154 151.592936 48.930975 69.274855
435 308.182279 150.082194 48.901348 69.815922
436 307.613684 148.949802 48.928695 70.291272
437 307.181418 148.053219 48.929618 70.725382
438 306.620562 147.060630 48.947569 71.278251
439 306.041098 146.013282 48.953553 71.702258
440 305.654499 145.367000 48.990168 72.173436
441 305.294316 144.767815 48.976913 72.710643
442 304.752513 143.903541 49.013629 73.307800
443 304.356647 142.849623 49.473595 73.862213
444 303.396758 141.348475 49.571393 74.453114
445 302.704992 139.722387 50.026648 74.943138
446 302.221843 138.459102 50.525359 75.431178
447 301.673877 136.977553 51.003563 75.980962
448 301.285865 135.858443 51.508418 76.327523
449 300.994403 134.885421 51.971086 76.856423
450 300.402887 133.789769 51.954525 77.393421
451 299.699909 132.704032 51.995596 77.880218
452 298.959428 131.565544 51.993630 78.483546
453 298.065029 130.159245 52.014183 79.056531
454 297.604729 129.338604 52.481585 79.882509
455 297.043378 128.696540 52.480529 80.254292
456 296.485842 127.892099 52.462902 80.857825
457 295.858337 126.983289 52.489593 81.399420
458 295.197209 126.170107 52.534740 81.797724
459 295.115145 125.685596 52.962943 82.245810
460 294.718886 125.127200 52.980381 82.755114
461 294.390751 124.633702 52.967073 83.230290
462 293.968142 124.164427 52.986909 83.684272
463 293.355924 123.372475 52.948975 84.395929
464 292.735571 122.535769 53.021881 84.752873
465 292.544389 121.994107 53.469798 85.204395
466 292.288634 121.604762 53.453369 85.686578
467 292.130925 121.391864 53.460627 86.142343
468 291.958181 121.214431 53.458226 86.625381
469 291.808243 121.117279 53.472147 87.087707
470 291.639798 121.020210 53.475295 87.575999
471 291.506945 121.032448 53.483706 88.023717
472 291.327470 120.980738 53.478020 88.554214
473 291.205542 120.979955 53.482135 89.032516
474 291.100612 121.026989 53.469788 89.538345
475 291.023020 121.107257 53.474344 90.024148
476 290.943695 121.220257 53.488523 90.493687
477 290.777838 120.984160 53.473775 90.539140
478 290.671356 121.011089 53.464540 91.049762
479 290.571086 121.039613 53.464242 91.545014
480 290.485116 121.086348 53.466346 92.039272
481 290.380093 121.096096 53.455514 92.561459
482 290.307430 121.137211 53.461321 93.044949
483 290.247552 121.202160 53.456721 93.548878
484 290.060722 121.127732 53.451162 94.071277
485 289.960526 121.139895 53.467591 94.537599
486 289.903096 121.225449 53.465816 95.033096
487 289.864340 121.339919 53.467698 95.528498
488 289.813992 121.447181 53.471094 96.022142
489 289.802266 121.633414 53.484433 96.484511
490 289.764229 121.587325 53.494895 96.468494
491 289.738835 121.576845 53.497002 96.454634
492 289.719728 121.606882 53.505839 96.423634
493 289.941773 121.624800 53.998143 96.445657
494 289.899561 121.604668 53.993995 96.476072
495 289.862711 121.592378 54.002418 96.457027
496 290.050410 121.541814 54.486767 96.498224
497 289.995106 121.470404 54.486946 96.498288
498 289.938634 121.397590 54.486835 96.498868
