60 470.115369 341.842945 84.045810 69.362409
61 470.208023 341.887362 84.562736 69.430445
62 468.022371 341.685913 85.838298 65.981908
63 462.351248 337.301232 90.087763 62.797032
64 462.212973 339.081228 90.389302 60.666030
65 461.861766 338.497644 90.254563 58.586425
66 461.674477 336.901748 90.225568 58.013956
67 461.136803 338.158652 90.698317 56.671496
68 461.153662 338.533708 90.838533 56.371917
69 460.825111 338.645400 90.884360 55.904180
70 457.761788 337.722022 91.533312 54.094987
71 455.781616 343.164393 91.412006 53.646171
72 452.002817 341.677483 92.148329 52.627204
73 449.757336 339.161957 92.128770 52.742995
74 446.847442 342.283418 93.146328 52.277723
75 445.639219 341.065308 93.444711 52.148478
76 442.580606 338.227743 93.641912 52.120620
77 441.631472 338.095123 93.814398 52.256342
78 438.926933 339.653027 94.082277 52.310631
79 435.634578 335.262081 94.324924 52.020848
80 434.459085 335.649557 94.608935 52.439032
81 432.635649 339.550731 95.361975 52.152644
82 430.289993 336.808699 95.244295 52.777722
83 430.103165 336.781622 95.466133 53.102942
84 426.544303 339.285252 95.449207 53.877817
85 423.383861 337.667580 95.998390 55.502654
86 417.808271 337.483039 93.620682 55.182067
87 414.324733 342.079656 94.413790 54.846153
88 413.891037 342.166737 94.568745 54.988589
89 411.424457 341.209204 95.446576 55.127849
90 409.594049 341.321036 95.864914 55.541713
91 407.008865 341.866793 96.349983 56.110456
92 403.892753 341.301470 96.501431 56.833140
93 401.168280 341.336748 97.874260 57.049190
94 394.636542 341.519247 98.876665 57.724645
95 392.766688 341.337605 99.667208 58.050974
96 386.145121 340.371591 100.932717 58.829526
97 377.747458 341.047052 100.639692 59.215516
98 369.944760 341.491247 101.632608 58.910908
99 365.539119 340.894175 101.273425 58.894092
100 359.945853 342.770246 101.903130 57.991069
101 353.468318 342.282137 102.198985 57.359236
102 346.477957 345.078921 102.399516 56.443395
103 341.970368 346.916725 102.872830 55.907000
104 336.163851 346.137334 103.264185 55.902596
105 330.587563 349.611278 103.785964 55.102244
106 323.162933 353.777124 104.652445 54.146737
107 313.815398 353.239386 105.812081 53.849150
108 305.316171 354.815089 108.132771 52.075978
109 298.936751 359.492581 109.318797 50.669738
110 290.450516 357.194520 112.681880 49.910012
111 286.372695 357.803727 113.453147 49.096637
112 282.913662 361.482299 114.176924 48.382495
113 277.248991 362.687446 114.605521 47.888560
114 271.765357 367.111133 115.883226 47.248494
115 264.370651 368.465713 119.351427 46.783004
116 253.858028 373.520337 122.398551 46.601589
117 240.781606 374.035003 128.604637 46.343507
