64 757.442908 263.264283 101.841443 116.360482
65 757.254953 263.238138 101.783496 116.546941
66 744.484102 261.544561 101.071094 118.731949
67 733.898596 258.533538 100.303732 120.975404
68 726.695725 254.265492 97.593791 124.418553
69 725.753986 252.660727 97.291250 126.950804
70 713.637136 249.440676 95.556557 128.933355
71 704.058952 245.598762 94.111340 128.802036
72 693.830741 242.185495 93.567420 128.709368
73 693.457344 241.585759 93.798881 129.245980
74 685.500442 239.030165 94.254826 127.813911
75 677.686618 237.118876 94.088191 127.593274
76 673.744738 236.069986 93.755482 127.689581
77 673.563959 235.469526 93.743587 127.992389
78 668.261762 232.569773 92.196505 129.082428
79 667.297825 230.918291 91.318304 130.041292
80 667.036866 229.786604 90.476422 131.890897
81 666.923337 229.555201 90.380956 132.139525
82 666.930677 229.278401 90.223358 132.970711
83 667.068812 229.223303 90.397790 133.017371
84 671.532333 230.126067 88.901891 139.929720
85 676.328364 229.476705 88.630013 141.027340
86 678.857584 229.647121 89.004125 141.602160
87 677.472639 229.656288 89.542835 142.197242
88 675.769842 229.140908 89.663690 143.341063
89 675.839592 229.126975 90.043593 143.462284
90 676.025962 229.169700 90.392245 143.636524
91 676.011294 229.222514 90.376080 144.074748
92 676.556680 229.620530 90.365188 144.542568
93 677.721521 230.019610 90.248163 145.144492
94 678.802104 230.461674 90.180619 145.836020
95 682.126912 230.215964 90.211927 146.016395
96 681.844865 229.170637 90.827779 145.077237
97 684.595820 228.627110 91.036241 144.766517
98 686.554852 226.422243 91.414728 144.231722
99 685.274254 225.452295 90.478760 145.356395
100 685.233802 224.449064 89.421143 146.172783
101 685.897192 223.979870 88.886451 146.674614
102 684.918735 224.867941 88.927358 147.198923
103 684.569158 225.821885 88.402215 149.194896
104 683.190907 226.204025 88.468042 151.473086
105 683.115590 225.254027 88.099597 151.956121
106 683.091810 224.877766 88.298351 153.127168
107 682.708389 223.421170 88.536174 154.880214
108 680.473636 220.743401 90.528716 157.583146
109 678.068547 216.877999 93.367369 157.952671
110 676.202263 215.339889 95.503176 163.878379
111 675.106018 216.269837 99.437892 169.835529
112 674.171949 216.853759 105.354237 169.837754
113 674.294654 216.625564 108.266153 170.878326
114 673.490480 218.910936 111.150649 175.847731
115 673.457686 225.221668 113.548389 177.791260
116 672.577593 228.106720 115.859886 179.088454
117 673.017971 229.043947 117.816660 179.531036
118 670.848645 239.247784 120.881450 180.269131
119 670.473678 247.763796 120.802964 182.344194
120 670.479194 250.139848 121.058107 183.879363
121 670.851955 249.331288 121.698465 185.011119
122 670.456061 252.249512 123.228824 186.058087
123 670.718979 253.052570 123.812020 189.822679
124 669.114636 253.526829 125.957657 191.902662
125 669.161168 251.710029 126.628302 195.118643
126 669.355592 249.208503 127.486041 199.339670
127 668.668005 245.866601 129.686044 201.828159
128 667.673416 244.842893 132.844878 203.805279
129 667.770447 244.896110 133.011618 204.088384
130 667.991740 244.985449 133.662232 204.915543
131 668.106657 244.755810 134.132878 205.326921
132 668.296388 244.765075 134.485467 205.549113
133 668.268329 244.895237 134.607618 206.308123
134 668.479912 244.932578 135.008632 206.618997
135 668.615401 244.736994 135.889575 208.046483
136 668.695133 245.094570 136.030940 209.746694
137 668.914817 245.367852 136.584296 210.713838
138 669.101385 245.494824 137.062949 211.503295
139 669.290695 245.846015 137.590231 212.975321
140 670.114383 244.822348 137.895214 217.769321
141 670.637205 245.041659 138.162456 220.997932
142 671.299112 245.379048 138.329480 222.791498
143 671.748620 245.685345 138.203102 225.716245
144 672.146028 246.337857 138.344782 226.671183
145 672.601093 246.886979 138.361550 229.305534
146 673.607361 248.823943 138.126203 236.293419
147 674.425845 247.745721 138.182391 242.457834
148 675.030684 247.631004 138.613486 247.560101
149 675.323732 247.225701 138.971778 249.256265
150 675.291354 245.474016 139.116189 253.025464
151 675.315652 244.452023 139.474490 254.808434
152 675.183928 244.371228 139.579038 255.194939
153 675.345003 244.315450 140.041556 256.332453
154 675.440146 243.602284 140.472498 258.618461
155 674.770702 239.831358 140.158456 260.432770
156 674.705831 239.436278 140.745934 262.257881
157 674.113136 237.708580 141.016203 263.323942
158 674.006897 236.589547 141.386478 263.913428
159 673.956276 236.290829 141.439241 264.175710
160 673.900554 236.202278 141.439943 264.554775
161 673.908397 236.264348 141.428601 265.013811
162 673.898465 236.302692 141.426016 265.539436
163 673.839896 236.344124 141.446704 266.031418
164 673.789140 236.460767 141.357377 266.609108
165 673.858144 236.602027 141.442729 266.966847
166 673.289142 235.754118 140.745570 268.114864
167 672.952892 235.031958 140.712366 268.734578
168 672.466639 233.573348 140.605464 269.443722
169 671.792063 231.073010 140.620672 270.071229
170 670.898203 227.527666 140.544953 270.915162
171 669.075674 223.208723 140.139814 271.593378
172 667.376787 214.971864 139.277685 274.163248
173 665.704363 207.914607 138.557695 278.055087
174 664.810892 199.655554 138.694527 281.716688
175 662.945252 188.113642 138.626199 287.022611
176 663.133962 188.221949 138.950164 287.551313
177 663.168670 188.140900 138.944397 288.406796
178 663.216024 188.138872 138.948315 288.494539
179 663.073892 186.173369 138.939267 290.586707
180 662.907744 184.420397 138.907811 292.645134
181 662.878809 183.840724 138.940308 293.584225
182 662.557098 181.949923 138.936351 295.173433
183 661.870980 179.312613 138.611750 298.128632
184 661.228130 177.091938 138.557685 300.307153
185 661.449327 177.119554 138.935522 300.466871
186 661.405304 176.837545 138.855469 300.627943
187 661.464075 176.929534 138.927635 300.988489
188 660.898133 176.264426 138.976238 300.958965
189 660.923681 176.257041 138.947241 300.927461
190 660.954117 176.241124 138.925806 300.942675
191 661.008427 176.243664 138.947420 300.926284
192 661.023576 176.178933 138.904642 300.969256
193 660.911068 175.857545 138.750150 301.068793
194 660.760565 175.688746 138.683810 301.603426
195 660.847813 175.760352 138.836082 301.999035
196 660.915297 175.697444 138.896709 301.959333
197 660.947356 175.644680 138.898399 301.957259
198 660.947101 175.534718 138.852360 302.007546
199 661.035748 175.747164 138.940725 302.433129
200 661.082598 175.754347 138.947420 302.425917
201 661.121680 175.751188 138.935032 302.439259
202 661.149850 175.704028 138.921252 302.470906
203 660.874823 174.447099 138.701612 303.041403
204 660.815425 173.799640 138.649675 303.900947
205 660.954067 173.585473 138.887270 304.084438
206 660.619550 171.710361 138.343891 305.573542
207 660.707148 171.854602 138.434823 305.952987
208 660.756888 171.851552 138.447609 305.925060
209 660.797348 171.842535 138.444393 305.939680
210 660.825495 171.785089 138.419904 305.951849
211 660.878005 171.772585 138.434216 305.929597
212 660.922600 171.769572 138.432030 305.930327
213 660.968704 171.767084 138.433238 305.929933
214 661.015188 171.766894 138.436045 305.928999
215 661.062381 171.771695 138.442081 305.926927
216 661.106649 171.777735 138.442359 305.926840
217 661.150356 171.782915 138.441143 305.927248
218 661.189208 171.771301 138.434163 305.937681
219 661.095729 170.938368 138.350686 306.115066
220 661.170987 170.447990 138.363907 306.675878
221 661.125250 170.240214 138.415803 306.950579
222 661.179790 170.231768 138.434579 306.928196
223 661.199497 170.220240 138.387299 306.955995
224 661.204738 170.200258 138.421866 306.924668
225 661.260956 170.211281 138.447609 306.924815
226 661.275938 170.195500 138.434737 306.935882
227 661.207221 169.863958 138.448685 307.023715
228 661.225766 170.049183 138.454253 307.398930
229 661.256076 170.072460 138.448091 307.415176
230 660.450106 169.401471 138.047514 308.060615
231 659.862257 169.305830 138.311853 308.594647
232 659.163140 169.196833 138.308676 309.077605
233 658.635016 169.564068 138.330160 309.540186
234 656.994676 165.833254 137.960959 310.859704
235 655.580956 160.275274 137.423390 311.992117
236 653.647332 161.730141 137.613972 311.009052
237 653.567945 162.912780 138.137595 310.774705
238 652.548829 164.930087 138.620348 310.600193
