42 985.842477 123.402476 40.441311 48.648113
43 945.797222 137.508411 44.749046 48.252917
44 955.882102 172.542428 45.230340 49.065381
45 937.851829 177.492076 47.985373 53.424176
46 935.000370 190.261366 47.982781 51.932388
47 932.605171 176.525977 44.526746 59.664714
48 953.945453 185.464858 52.947510 54.249138
49 945.715364 176.879405 59.696336 51.181644
50 930.401292 172.085536 63.071036 53.088084
51 968.693610 175.731330 69.153361 54.469744
52 968.386841 200.931949 69.245033 60.541510
53 957.140547 185.567056 67.369325 77.342897
54 943.681645 198.557429 66.846585 79.139488
55 943.128429 214.892475 67.028801 79.834733
56 933.018866 228.490669 72.871774 78.242634
57 921.291826 216.121490 73.532000 87.000253
58 916.666760 230.422102 73.646456 85.542595
59 873.949268 250.093351 74.397828 89.607096
60 830.219444 265.090391 75.296481 92.000924
61 785.869227 216.968971 75.829591 90.408505
62 771.817499 206.025979 76.631896 88.378410
63 762.645976 247.337496 77.756616 90.589208
64 750.535949 265.472645 77.102812 90.446385
65 739.237331 323.272416 77.246181 94.760243
66 665.571920 344.620714 78.477209 95.175028
67 651.296520 324.296175 79.155340 91.824935
68 662.384926 314.331614 78.482606 90.484036
69 643.305283 328.605876 78.969212 91.995632
70 643.432523 375.773853 79.900358 99.532416
71 616.425391 356.327040 98.798592 90.756474
72 608.406762 361.903417 98.093642 92.634089
73 603.663880 370.723407 100.338618 94.593360
74 596.506829 335.964414 103.933175 92.319763
75 612.964192 300.088539 103.920709 90.780176
76 606.468464 330.220147 104.663712 91.596972
77 518.872989 345.506036 109.111181 87.828166
78 501.540027 259.853838 109.249411 89.202135
79 482.633528 251.576028 112.867233 88.001395
80 445.407528 306.384643 111.161299 90.761790
81 425.583926 244.317741 111.546043 90.803915
82 406.853595 163.067385 111.624104 91.915393
83 387.251520 178.408811 115.957063 91.888700
84 377.179889 254.422789 114.017362 94.737357
85 392.550629 269.778178 115.667624 93.031735
86 404.733745 260.279148 112.906736 88.970385
87 417.325410 307.250551 110.438680 91.481481
88 415.156936 371.316233 109.224932 93.333550
89 383.019053 386.563212 110.288528 90.743889
90 403.495207 377.139017 108.879962 88.088359
91 421.015480 377.664955 107.337416 87.410719
92 414.296083 413.118934 109.774462 87.952497
93 440.802931 442.098638 112.690393 88.909679
94 471.458917 454.136725 110.115201 86.294452
95 474.315744 454.497533 110.662966 86.242156
96 510.790698 517.403645 109.661798 89.904628
97 504.817963 578.614667 110.752981 92.124524
98 484.463357 542.865718 113.637374 89.788171
99 455.768105 467.032021 112.711176 91.439990
100 462.553510 438.206091 113.505888 88.895323
101 438.393087 485.089984 114.612875 90.292881
102 421.556573 468.405707 117.551162 85.503921
103 399.127186 388.312309 116.235519 87.536036
104 408.979761 375.909699 117.232519 88.430997
105 392.696386 409.453147 123.529826 86.507379
106 417.823440 401.033571 121.923207 86.604114
107 401.114025 414.023440 123.136318 87.021029
108 384.688940 432.255786 125.546689 87.433184
109 402.754514 445.058954 127.276533 87.453328
110 397.390626 420.518456 131.177911 84.733769
111 393.265376 403.662835 130.157261 84.363568
112 371.833178 405.132364 129.724508 83.518521
113 339.483727 378.174957 135.868920 80.954818
114 317.021894 347.922462 143.007986 78.366279
115 323.588327 317.460686 146.129028 76.846598
116 303.569553 304.313443 145.950270 75.400356
117 276.709767 254.021556 147.853279 74.839191
118 309.157443 225.433381 147.553823 75.079021
119 304.675496 220.190609 146.346042 74.744025
120 320.936247 218.485213 145.324033 73.952633
121 347.540922 216.644031 143.268988 73.348547
122 341.910207 220.825477 143.097750 72.799659
123 349.845955 273.671938 141.696869 74.621102
124 384.371028 292.461480 145.596964 75.492314
125 390.031388 295.172498 147.908632 74.699664
126 398.855806 307.361468 153.511143 75.425731
127 445.495405 285.810946 157.416290 73.310358
128 478.573017 261.546643 160.264604 72.171141
129 505.929050 244.981490 156.106667 72.247814
130 535.970551 277.808010 154.132633 76.241206
131 526.392252 289.597252 157.688451 75.215138
132 503.597481 221.900834 157.026122 75.916527
133 490.845900 171.024616 158.621841 74.905861
134 496.701543 220.690728 156.222175 77.910254
135 508.731130 278.550739 156.990421 79.757770
136 511.326973 242.336401 163.005634 77.421841
137 501.015706 164.979745 166.317469 78.120517
138 540.465592 159.938479 168.143872 73.130645
139 528.160286 211.372783 165.995108 74.617119
140 530.351557 259.651768 167.777995 76.932335
141 557.699394 253.895499 169.680848 76.885301
142 542.312199 296.646073 166.225957 80.900654
143 546.164465 317.191069 162.544431 80.713396
144 558.909579 340.293878 160.309032 81.254052
145 529.162768 341.720967 160.402161 79.895495
146 521.176478 360.580677 157.221537 81.091621
147 490.198301 395.764843 156.165598 81.005509
148 452.836948 385.345344 155.251426 80.210773
149 451.114218 378.383063 154.054377 79.220684
150 455.242303 327.767849 157.906769 78.066954
151 492.350674 283.094969 161.372102 77.230166
152 488.009750 332.250002 159.216916 78.142187
153 457.563235 340.748414 156.212348 75.159474
154 433.849984 269.849605 159.019068 75.597952
155 449.422819 240.077626 163.006616 74.372094
156 441.882851 262.896819 161.665869 74.760486
157 436.552861 283.473652 161.702295 76.264311
158 438.931890 309.865529 159.870291 77.961040
159 427.281718 337.096310 172.272629 78.349424
160 434.030488 362.015179 177.464465 80.351253
161 442.520004 361.776416 179.070858 79.760893
162 448.991849 344.982466 180.558177 80.700857
163 471.607112 386.169766 179.455061 85.028888
164 492.334420 398.192548 185.096981 82.777709
165 510.611979 396.843158 183.024051 83.203626
166 530.617658 448.271894 180.636242 87.621209
167 579.397328 455.010168 177.733200 84.964849
168 564.781462 403.172973 177.653821 84.524051
169 590.133827 387.277630 179.922770 86.342510
170 629.794669 414.428574 187.140942 86.242870
171 619.399580 362.240844 188.515797 85.266142
172 613.185506 288.302168 189.705387 85.560029
173 622.238900 288.263926 193.440318 86.050415
174 622.625467 325.173370 196.912366 87.799039
175 603.011236 348.468675 203.509659 88.317927
176 630.057418 345.106255 207.487787 89.175619
177 652.102613 338.795960 210.927440 87.855820
178 661.007011 347.187362 220.253506 90.194016
179 709.911543 325.005352 219.461233 87.873036
180 740.442680 312.125092 216.715880 90.449095
181 741.614748 339.933653 219.036269 90.758172
182 759.056762 353.617453 217.817268 93.618076
183 750.678719 384.131720 224.097778 95.655786
184 750.553820 384.318406 224.132883 95.957140
185 766.867589 331.796862 226.659808 94.835925
186 770.203440 271.830499 229.674856 93.320742
187 745.684524 235.779915 232.757859 92.754003
188 720.915843 205.121102 239.044073 90.461062
189 697.667050 155.358874 241.528705 89.162613
190 670.449528 112.783169 245.463303 88.242183
191 663.351058 70.059960 247.917491 87.252435
192 671.852403 80.429204 236.602678 93.280790
193 641.149984 141.395381 232.701095 97.253639
194 642.250823 142.907633 231.488454 92.497887
195 651.424160 145.617962 225.311494 92.285232
196 611.930880 181.463582 218.939791 95.699492
197 623.083822 217.013049 222.594504 97.757977
198 625.910804 257.039750 216.307167 101.306328
199 630.923675 277.009760 210.201019 96.824529
200 650.736787 293.987436 206.683521 92.825343
201 657.026619 319.117286 202.071053 92.193429
202 644.625649 308.444137 210.559360 89.372430
203 656.001375 284.456386 211.709339 87.901064
204 651.262325 241.836341 213.978200 86.849100
205 635.224470 205.695752 218.613330 85.622749
206 633.331576 194.433251 218.281143 85.342113
207 624.920768 195.171431 218.147716 84.897344
208 603.277813 195.460827 221.704164 82.031389
209 599.830036 190.677844 220.036739 81.965563
210 606.157950 199.918850 218.478770 83.680663
211 597.640858 241.454921 209.874897 88.956706
212 590.232757 270.812771 218.949597 90.176285
213 592.712262 284.046870 220.574232 90.424757
214 594.181836 304.019851 220.557231 92.123552
215 597.109637 351.359270 212.739014 98.298214
216 614.208814 335.648893 223.004363 95.622322
217 596.652103 273.426407 223.382151 95.005527
218 596.599339 275.135329 222.754052 95.966327
219 625.917330 271.867986 223.060207 94.710168
220 653.316108 242.918887 227.813600 91.515979
221 659.445108 257.632287 223.485155 92.473312
222 623.286915 221.987132 221.978552 92.160699
223 643.283537 129.248418 227.596810 95.293624
224 617.398757 55.145274 227.747272 95.274145
225 605.621393 62.955094 217.291311 97.499430
226 577.647496 121.682332 212.685768 102.329196
227 534.388019 160.398596 209.296466 104.664622
228 533.632187 162.343456 206.587232 103.154377
229 547.928396 154.927636 200.250394 102.033200
230 496.774184 189.615774 198.119161 106.489625
231 484.051425 231.459621 209.658289 105.107323
232 508.653794 235.113170 208.181954 103.884734
233 503.330211 260.522777 198.921745 100.603815
234 490.808509 339.200060 195.707439 105.139217
235 516.722408 362.613913 191.656499 102.004787
236 503.601013 297.533644 189.110010 102.533803
237 515.681459 276.640059 189.025128 100.668138
238 534.794077 310.532074 187.937140 102.160804
239 496.157310 290.354653 192.190922 97.694843
240 481.211801 244.564718 198.030068 96.179346
241 527.413999 247.605142 199.170544 99.130882
242 524.102047 281.159497 213.806186 101.363651
243 520.548646 248.039449 222.965368 97.533542
244 554.123296 241.501411 221.862963 99.667132
245 553.783913 274.060414 225.232825 104.367266
246 565.917747 265.207268 226.306300 100.825649
247 565.162513 243.266224 222.759446 100.659974
248 569.879522 253.353347 225.409874 100.552352
249 612.657232 281.297624 230.013458 106.119688
250 616.499098 264.406575 234.822776 102.236546
251 583.253258 221.348471 239.260347 100.136659
252 621.487438 228.360703 235.092195 104.133523
253 591.997100 219.670008 235.790159 99.398896
254 563.845820 151.811442 238.918097 98.444579
255 566.491000 212.172009 230.804398 104.521216
256 538.670932 262.441431 249.137616 103.103989
257 499.281336 164.038289 250.327234 104.095252
258 490.252234 128.360622 256.833595 101.787196
259 476.393321 200.826193 248.654147 104.491421
260 461.994534 275.960806 240.896949 109.015209
261 454.507225 279.387807 246.367900 106.636247
262 430.376980 310.728192 240.870287 107.769650
263 392.004255 368.491741 236.093891 109.459753
264 405.168612 377.996206 234.284425 108.875493
265 405.812870 369.480251 234.293639 108.440907
266 386.797948 371.941692 239.071390 108.498474
267 400.826438 345.260377 238.396872 107.809466
268 401.881506 357.688999 233.912955 108.509237
269 405.983089 399.101284 227.611147 108.474769
270 421.178480 388.712514 225.579179 108.567387
271 438.773799 375.438008 226.143726 108.607818
272 453.294081 348.962399 229.932722 105.675442
273 440.585185 295.721538 238.829594 103.978741
274 414.270290 247.608582 248.450289 101.758176
275 448.447839 228.408757 249.490456 101.975710
276 474.598078 244.591696 255.141170 103.956692
277 489.506749 227.863725 257.388930 103.571161
278 509.005612 177.420019 268.328177 102.610796
279 539.687832 213.963197 258.383290 107.009352
280 560.665087 241.789079 265.854587 104.575048
281 517.486170 160.797647 267.281312 104.994528
282 591.757620 127.722150 274.962416 107.218331
283 609.222462 151.381511 280.816530 111.734660
284 635.737082 144.357056 284.423128 110.957119
285 656.891960 156.868759 284.992324 111.927876
286 643.065969 240.807772 277.971080 114.181305
287 642.763237 277.334478 278.683324 110.804850
288 660.074481 237.454532 277.177864 110.566404
289 653.811248 263.567711 264.286188 112.428451
290 652.656377 279.760662 261.230919 110.852222
291 685.180552 250.439306 255.801334 112.037166
292 690.047158 254.102346 253.043323 113.487208
293 696.331193 263.697033 244.286626 113.450409
294 700.010970 258.535969 242.449065 113.527759
295 708.175614 246.499577 240.448647 114.655433
296 713.761117 257.405227 243.352316 115.289228
297 713.983161 257.847158 243.366613 115.544275
298 714.103567 258.058620 243.399751 115.976752
299 716.496545 261.252109 241.925121 116.381760
300 716.852046 261.698095 241.975779 116.549857
301 736.243813 254.301328 239.836432 116.529540
302 733.556528 259.535728 239.796902 117.729610
303 734.629325 273.526135 239.818508 115.698317
304 730.594728 264.512053 239.851318 115.139898
305 725.959425 279.673323 237.758686 115.942624
306 714.463675 302.379463 242.731658 112.466261
307 716.012312 294.357129 242.116249 112.003652
308 717.593194 281.167206 238.867805 112.265473
309 706.326703 295.282585 238.122568 110.672847
310 673.846125 309.421811 239.244317 107.950436
311 674.454816 309.465158 239.619079 108.045447
312 677.592886 313.474997 237.272736 109.910656
313 660.726736 333.680400 231.090502 108.683038
314 660.905048 334.234631 231.436958 108.905821
315 651.757625 358.027258 223.734108 107.652656
316 645.142774 355.937848 227.259161 106.522660
317 644.718350 374.375995 222.555103 107.780059
318 655.762203 452.419483 217.608300 111.133040
319 672.417202 520.849840 216.900453 112.070039
320 690.310987 510.765455 221.317521 109.757629
321 707.119248 477.606664 227.002054 107.671009
322 719.154297 431.892264 230.678803 106.749855
323 724.984020 404.711558 229.323372 107.513859
324 723.730222 404.863162 229.964515 107.944850
325 697.761176 373.566650 230.203234 108.748985
326 722.432695 351.035316 233.946654 110.062891
327 711.154049 325.486888 233.773337 110.084838
328 653.738081 355.620917 225.477215 112.350164
329 612.167067 411.378108 212.402867 133.084860
330 693.676189 375.332799 215.420128 132.912821
331 699.103388 344.883684 207.857066 130.826886
332 687.262100 355.341860 213.521697 140.038339
333 699.764869 322.936079 210.030593 141.209487
334 729.581261 393.147961 204.777023 143.124157
335 741.201399 442.936029 201.260121 142.973215
336 724.019883 431.742566 199.330722 143.956524
337 736.555939 402.635271 193.582138 146.522454
338 769.021975 391.499136 189.560645 148.160795
339 744.893110 386.674161 187.783123 147.640320
340 742.561733 389.944380 184.746294 147.017279
341 758.127812 394.801030 182.260170 143.892617
342 747.867685 359.317984 178.532040 145.933171
343 715.459160 313.751176 177.401869 148.757947
344 735.653371 286.203451 174.538402 150.020416
345 770.795958 296.484260 176.497589 146.542273
346 771.884710 331.297158 176.273462 147.982396
347 746.826005 355.195155 176.556658 150.366205
348 760.089040 349.382428 175.203103 146.385368
349 758.282885 303.365330 173.674623 146.287290
350 711.428045 289.859049 173.350974 146.147888
351 693.356998 288.459761 173.730423 146.231227
352 684.930852 251.627559 172.691809 145.161830
353 637.669666 222.374712 171.212038 145.338536
354 601.800092 221.320023 170.679203 146.982695
355 604.598894 237.158278 171.039033 147.521949
356 653.821790 191.105991 168.887247 149.408926
357 691.234532 102.871789 166.281207 154.849039
358 691.433349 102.983271 166.452959 155.067369
359 693.478233 177.788561 170.554660 153.022887
360 702.267358 244.558916 177.231092 148.958969
361 714.775264 264.007317 178.542206 147.395542
362 715.055424 264.044776 178.921696 147.477775
363 734.472598 234.575217 176.860179 146.195426
364 745.669000 200.180686 174.047716 146.577495
365 745.902531 200.081859 174.347663 146.971072
366 746.344266 219.060087 173.798489 150.574294
367 764.279517 253.846395 173.474470 151.033755
368 764.713889 254.060020 173.258450 151.474318
369 754.413249 236.962114 170.100548 153.293119
370 759.065556 233.002082 168.100848 154.394444
371 761.627633 235.212914 167.473446 155.424767
372 761.038984 238.161544 167.342344 155.517810
373 761.140399 238.383491 167.437222 155.958775
374 761.921378 234.015146 166.228666 155.698199
375 755.697127 232.907232 165.123509 156.918823
376 755.809668 232.860432 165.225378 156.988479
377 768.894927 231.195615 163.114605 156.566885
378 769.114553 231.398091 163.434761 156.960719
379 766.727088 227.614587 161.306974 157.797468
380 768.802291 227.440838 160.744155 158.094077
381 770.255592 222.062170 158.664042 157.870770
382 769.774781 221.985899 157.944861 158.381870
383 770.250482 222.070162 157.734870 158.488467
384 773.203863 218.977005 155.949946 158.807258
385 773.249383 219.124280 155.921916 158.945063
386 777.876717 224.406049 154.045262 161.077533
387 778.123218 224.603267 154.441557 161.460448
388 778.233773 224.607279 154.401855 161.491321
389 778.343462 224.663985 154.416604 161.506145
390 778.739276 229.813988 154.350646 162.979144
391 792.809688 216.222737 151.504958 163.024864
392 795.136400 199.416627 149.093111 163.441524
393 792.075156 204.816431 148.924877 163.025799
394 803.281089 218.238379 147.348579 164.531402
395 803.708277 218.457470 147.345217 164.959489
396 803.859723 218.460739 147.389780 165.003517
397 803.963363 218.689220 147.415994 165.484311
398 804.255831 218.705445 147.299950 165.517251
399 804.799090 227.158965 146.086262 166.429202
400 805.491700 227.154604 146.262473 166.463146
401 805.646936 218.553625 142.354490 165.945437
402 804.937350 217.540802 141.409400 165.828257
403 810.068184 221.911458 138.988459 167.618893
404 810.490632 221.749918 138.124118 167.692655
405 810.045389 217.982328 134.512083 167.912770
406 810.984595 217.194103 133.406195 167.513749
407 811.068846 212.143610 127.856058 168.589800
408 810.608242 211.134351 123.646368 169.490443
409 812.158816 206.534075 118.645605 170.489349
410 812.792595 206.268279 116.276125 170.173171
411 813.681727 205.354556 113.171580 170.784000
412 813.214063 200.385521 109.338592 171.667806
413 810.911114 198.649528 105.658510 171.935298
414 811.025502 199.555923 103.404720 171.648217
415 810.722195 199.060465 101.309769 171.666064
416 801.160061 196.428547 97.584543 172.338390
417 795.586461 194.322059 94.872433 171.735889
418 794.553298 198.534869 92.951238 172.350372
419 783.054597 206.417625 91.354350 171.105072
420 771.132685 195.200363 89.559176 170.293274
421 771.440498 191.875795 87.464939 170.687610
422 774.194261 194.401191 85.128121 170.132668
423 772.514368 188.915611 83.789639 169.616228
424 765.061571 188.814740 82.209299 169.383870
425 764.878818 189.728819 81.360151 169.189014
426 767.165452 185.880127 79.876802 168.218658
427 766.096260 185.806680 79.176872 168.101840
428 760.573584 191.196639 78.594899 167.892681
429 761.925909 191.724910 78.516541 167.636803
430 763.482014 192.547706 78.691952 167.705721
431 765.104875 192.505709 78.164450 167.204217
432 765.669194 192.547684 77.890395 166.918281
433 768.796357 199.899277 76.841667 166.902762
434 769.839830 200.036463 76.455253 166.667123
435 770.419727 200.137086 75.951093 166.839199
436 774.730016 201.003659 74.991589 166.531446
437 775.799470 201.156488 74.588310 166.427909
438 777.215116 200.124510 74.186615 164.987405
439 778.751018 198.932421 73.318072 163.721268
440 779.498559 199.161946 72.439339 163.443449
441 779.328956 201.195255 71.978629 162.877919
442 780.286471 201.847126 71.245322 162.469468
443 780.747681 201.915322 71.084870 162.133902
444 781.419867 202.048005 70.771254 161.972661
445 782.542533 203.389685 70.205288 161.151311
446 789.245437 206.371007 70.163964 157.496885
447 789.420221 203.444471 69.120085 155.987727
448 790.010300 203.467799 68.904657 155.525957
449 795.099493 205.502834 67.368898 154.451926
450 795.667311 205.204927 66.916816 153.882840
451 795.890103 204.622592 66.275344 153.671718
452 799.175466 207.447655 65.886982 152.893476
453 800.582192 207.722616 65.871308 152.295799
454 800.620914 207.797230 65.793995 152.322976
455 800.964690 207.943567 65.858071 152.400130
456 801.523566 207.315970 65.839069 152.189779
457 801.651598 207.618653 65.843531 152.331949
458 803.900977 212.262200 66.043229 150.616605
459 804.067633 211.535593 66.010190 150.054061
460 803.601056 211.341341 66.218006 150.291770
461 804.754825 213.543505 66.204653 150.039361
462 805.403127 210.651208 66.189388 148.481186
463 805.351027 209.679510 66.182662 148.150919
464 805.845133 210.540748 66.313534 148.511351
465 806.241054 210.900739 66.459475 148.807955
466 806.268372 210.982396 66.460100 148.957953
467 809.562066 210.689604 66.938576 147.266759
468 809.773940 210.804811 66.960643 147.355641
469 809.221172 210.196155 66.170027 147.198684
470 810.105835 208.746347 66.096247 147.200436
471 810.598432 209.819249 66.262139 146.967428
472 810.373202 209.607551 65.861237 146.558787
473 810.510463 209.876194 65.822499 146.800587
474 810.617687 210.248395 65.812721 146.814984
475 809.780156 210.052125 65.456674 146.469577
476 809.800294 210.066275 65.451702 146.447300
477 810.138249 210.048874 65.434533 146.439735
478 809.187939 210.047215 64.554285 146.152945
479 809.249142 209.686744 64.761337 146.098352
480 809.969288 208.087306 65.099306 145.884353
481 807.928929 209.667179 64.609814 145.576693
482 805.530418 216.031266 64.347081 145.089623
483 805.752369 215.668830 64.426976 145.326661
484 803.653793 213.851787 63.582955 145.386855
485 803.258642 214.481742 63.336603 145.386425
486 803.346623 214.529385 63.461712 145.456513
487 801.366973 214.333241 62.539394 145.172729
488 801.321319 214.551639 62.335003 145.197719
489 800.621340 213.532148 61.501855 145.228101
490 797.286948 213.323127 60.094997 145.666206
491 797.554048 213.585227 60.348735 145.877131
492 799.023765 211.585008 60.002670 145.772049
493 798.226081 210.612236 59.815886 146.141833
494 797.899390 218.156292 58.677999 146.121642
495 798.108564 218.326735 58.886451 146.367692
496 797.358422 213.273536 57.361162 145.732730
497 797.506218 216.783230 56.856458 146.134022
498 797.611717 217.070871 56.883837 146.392092
499 797.533805 216.761675 56.848840 146.338037
500 797.621181 217.355572 56.828175 146.363989
501 797.336568 217.654705 56.622088 146.084870
502 792.319146 207.465555 55.505925 146.072722
503 793.023460 207.829309 55.831291 146.341879
504 793.011724 206.898913 55.670831 145.639408
505 788.866655 191.543373 53.739452 145.648372
506 788.715493 189.952353 53.422510 145.621270
507 788.680091 188.474104 52.933933 145.505899
508 785.620798 173.583869 51.195806 147.486293
509 783.733716 175.750987 50.523987 146.972738
510 782.983294 179.773572 50.374314 145.373381
511 777.755998 175.695989 48.756189 144.200933
512 777.779300 176.724566 48.693874 144.068647
513 777.974979 176.991038 48.870359 144.279951
514 776.249611 170.217752 47.834761 143.261455
515 776.990110 170.689268 47.841985 143.392407
516 775.400075 165.972553 47.091985 141.804366
517 775.643607 166.107549 47.386973 141.836079
518 776.384363 169.501466 47.174086 141.394827
519 776.135341 162.214614 46.432138 140.794211
520 775.940598 161.828011 46.040923 140.660058
521 776.605280 164.688527 46.192759 140.802103
522 775.841651 161.379853 45.726613 140.129481
523 774.743154 160.192915 45.224082 140.063088
524 775.913933 164.756653 44.746013 140.035024
525 774.504257 163.183033 44.015737 139.580204
526 772.765599 158.888983 43.370242 139.516211
527 774.658959 164.198177 43.348862 139.361721
528 773.797290 164.190061 42.854015 139.060896
529 773.143344 165.226324 42.358785 139.023054
530 773.252254 165.527159 42.445267 139.432916
531 771.377471 166.550307 41.700209 138.475724
532 765.110464 163.888037 40.765914 137.129088
533 761.970016 164.803482 40.018730 136.245569
534 759.311401 166.799258 39.751181 135.434342
535 748.636351 171.812117 39.607779 132.759700
536 743.880312 173.083125 39.038664 131.153977
537 731.982746 177.845655 39.390815 128.926355
538 729.721982 180.083315 39.325444 125.934279
539 724.786746 181.749671 38.753095 123.073455
540 713.575700 192.832529 38.951883 118.751802
541 691.943198 189.903782 39.084366 113.683911
542 692.753270 177.556759 38.329585 113.089876
543 700.080815 171.690850 38.728354 112.975448
544 700.950601 171.122966 38.709664 112.852227
545 698.483920 165.993243 38.112759 112.879599
546 705.074833 160.742586 38.710936 110.918327
547 711.785190 159.388179 38.993361 110.124074
548 705.342869 159.654941 38.046462 108.918816
549 703.159947 169.469577 37.456922 107.283398
550 703.296238 169.887904 37.416716 107.114509
551 692.908980 175.928871 36.662353 103.529370
552 692.303342 181.402495 36.719976 101.424741
553 693.242644 182.112416 36.899813 101.233099
554 690.316991 183.628533 36.206121 100.725389
555 689.696434 193.646163 35.609767 100.796449
556 691.575535 192.820429 35.892622 100.376037
557 692.084549 187.105541 35.575117 99.603770
558 697.538646 210.873660 36.231767 100.066605
559 705.619328 227.404681 37.121412 99.748619
560 708.784172 225.286739 37.213182 98.631010
561 712.486977 220.980221 36.770183 97.966684
562 720.262469 235.545838 37.004894 99.232094
563 728.265003 242.310130 37.288048 99.219522
564 735.418119 226.861317 36.270307 97.964488
565 735.358998 226.520621 36.246198 97.955181
566 742.376510 244.046847 34.907043 99.309474
567 738.819787 256.674425 33.903645 94.193557
568 733.685598 251.867698 33.261060 93.163596
569 734.963837 259.103453 32.596553 93.707754
570 734.602635 270.541519 32.014846 92.090576
571 727.637592 266.559708 31.468923 92.611085
572 729.789493 263.195632 30.150897 93.125605
573 729.303322 260.153876 29.312662 93.157236
574 728.995951 259.888640 28.991077 93.964715
575 733.783849 265.150846 28.147235 93.913712
576 731.167156 262.113806 27.712267 92.547355
577 732.817744 258.015237 27.368108 92.218573
578 742.475220 263.686071 26.931918 90.534917
579 742.480345 255.832649 26.392911 90.795940
580 735.412694 237.868453 27.083458 87.385279
581 735.834054 238.580155 27.164579 87.221276
582 738.487975 248.104340 26.582529 87.571418
583 733.344353 241.379849 26.631780 87.603487
584 732.292230 234.982235 26.359631 88.762788
585 732.479402 241.960835 26.004856 88.900180
586 732.351787 244.335696 26.127946 88.425595
587 734.566577 238.963070 25.985276 88.684073
588 734.738842 236.103139 25.548835 90.276567
589 730.961719 239.015858 25.389944 89.657988
590 730.874487 239.720829 25.305449 89.908140
591 730.806996 239.409536 25.317889 89.935657
592 730.739554 239.911961 25.368596 89.654047
593 728.408468 242.311983 25.320487 88.826707
594 728.501383 242.390905 25.490354 88.978204
595 730.832919 236.587155 24.929102 88.039663
596 728.631527 242.331723 24.937530 87.317018
597 728.812221 244.174564 24.797577 87.258247
598 731.898792 239.687258 24.392716 87.191465
599 729.884050 240.101574 23.998189 87.208434
600 729.890674 242.249635 23.690908 87.634462
601 730.914368 242.330492 23.704467 88.084121
602 728.450476 242.188833 23.672880 88.007951
603 730.027263 243.376878 23.577295 88.925879
604 730.084043 243.686992 23.822173 89.058552
605 729.947659 236.511706 23.508314 89.468807
606 730.819679 236.350552 23.662390 89.485976
607 731.547903 243.503175 23.462011 89.629431
608 729.962303 240.106994 23.343866 89.742808
609 730.280420 240.743278 23.331429 89.803602
610 730.338195 241.269901 23.372616 89.872996
611 730.467353 238.757323 23.127458 90.190184
612 730.663157 238.915041 23.485798 90.474535
613 732.801790 242.111766 22.845244 91.076495
614 731.847794 241.741403 22.802308 91.935455
615 732.378427 242.412255 22.837965 91.845234
616 734.443243 244.340265 22.486884 91.903229
617 734.427640 244.206011 22.440182 92.031502
618 734.654541 245.163546 22.502493 91.674216
619 737.988359 243.909561 22.554977 90.975242
620 738.275441 244.009992 22.859768 90.833027
621 738.315362 244.045946 22.926002 90.980994
622 740.514817 244.448322 22.748588 90.557174
623 740.647820 244.669193 22.987731 90.975436
624 740.656803 244.673577 22.991300 90.977714
625 740.689111 244.653613 22.979186 90.967877
626 740.939717 244.371861 22.884055 90.983741
627 741.054062 244.581200 22.940787 90.936292
628 741.370565 245.114945 22.862497 90.804032
629 742.636582 244.910959 22.775403 90.013162
630 742.540716 244.663344 22.687174 90.247512
631 742.867970 245.031754 22.843703 90.403694
632 746.345283 250.082283 22.267093 90.179316
633 744.987521 248.469320 22.100490 89.897250
634 747.164098 247.522257 22.181306 88.543895
635 750.384818 254.455101 21.928902 88.583033
636 750.367712 253.422572 21.848593 88.451168
637 750.638541 245.683695 21.605773 88.307209
638 751.907745 247.303780 21.755361 87.581882
639 750.645154 249.185758 21.507738 87.639457
640 750.823991 249.633733 21.791060 87.737744
641 750.937825 249.767966 21.985779 87.973883
642 748.129385 249.199998 21.768625 87.356409
643 748.219117 249.647745 21.798774 86.973878
644 748.892804 248.776292 21.800193 86.701035
645 747.860076 249.394312 21.768581 86.384000
646 746.615957 251.420657 21.649007 86.024569
647 746.705197 251.550513 21.763632 86.088146
648 744.127198 249.330086 21.734212 86.111236
649 743.310488 250.211766 21.792308 86.040729
650 743.551054 250.753611 21.876025 86.153316
651 743.613850 250.945193 21.961578 86.502269
652 741.442779 252.276203 21.569182 85.897495
653 742.066421 252.200515 21.654565 85.955330
654 742.234518 252.229748 21.967622 85.991429
655 741.687550 252.195654 21.710733 85.916487
656 741.841763 252.246866 21.982557 85.976412
657 741.847155 252.239907 21.978816 85.999389
658 740.263548 251.414213 21.608582 85.947042
659 740.570813 251.677054 21.878279 86.050169
660 740.549330 252.147278 21.820969 86.466739
661 740.643261 252.159784 21.989770 86.478090
662 740.544031 252.106242 21.893263 86.489709
663 740.169228 248.554182 21.555702 86.202556
664 740.268232 249.194446 21.813124 86.486999
665 740.689861 253.417567 21.543994 86.350078
666 737.247080 249.941773 21.623096 85.148982
667 736.788072 249.230381 21.799272 85.265714
668 738.792613 255.914981 21.511775 85.373647
669 737.871603 257.516124 21.839194 84.450224
670 737.493501 257.073749 21.520890 84.468866
671 741.707601 260.882229 21.674879 84.559597
672 741.839204 261.250378 21.865895 84.871135
673 741.064603 260.596079 21.814768 84.495930
674 746.989386 262.781690 21.723479 82.310646
675 748.216353 262.626895 21.709131 82.037837
676 748.088735 261.961715 21.775879 82.336294
677 749.443015 262.249869 21.751135 81.765571
678 751.725825 257.594365 21.688134 81.905791
679 751.851491 257.610713 21.939670 82.023195
680 755.471238 258.179147 21.674516 82.122935
681 764.370104 257.753423 21.506054 81.910984
682 773.394405 260.739790 21.674218 81.122492
683 774.994072 260.317346 21.564750 81.705360
684 778.674765 257.660137 21.797706 81.643023
