2 539.298462 130.797170 62.118474 132.098323
3 539.469484 130.867938 62.433600 132.468340
4 539.600155 128.178999 62.016821 132.996811
5 539.827842 128.123262 62.441215 133.032762
6 539.862662 128.342762 62.471911 133.470081
7 539.433855 129.885934 62.045747 134.528970
8 539.735029 130.076130 62.365806 135.404803
9 539.865271 130.057431 62.382686 135.851389
10 539.896769 130.352868 62.399295 136.159330
11 540.311678 131.143657 62.183973 136.941071
12 541.759641 132.758483 61.594704 137.487154
13 542.642752 134.239767 61.328122 137.738001
14 543.964168 133.825005 60.893725 138.622093
15 546.543744 133.108131 59.359071 140.479219
16 547.359315 132.214228 58.942755 141.356834
17 548.206816 130.453623 58.425775 142.576968
18 549.937003 127.180754 57.345946 145.466015
19 550.719863 125.402516 56.776098 147.295327
20 551.532209 123.885389 56.267528 149.509632
21 551.945294 122.609789 56.122267 151.194441
22 552.646795 119.702375 55.826807 153.576476
23 553.009336 118.115933 55.607209 155.276462
24 553.730577 116.116659 55.212692 157.060552
25 554.393598 114.346492 54.837147 158.506027
26 554.756257 113.606370 54.661894 159.698609
27 555.078216 113.048874 54.796357 160.338562
28 555.276578 112.771345 54.857417 160.705688
29 555.479642 112.346797 54.813132 161.270932
30 555.668752 112.217620 54.841980 161.701341
31 555.854064 112.254979 54.805196 161.992484
32 556.052995 112.222709 54.803779 161.929071
33 556.189222 112.239294 54.931880 161.973365
34 556.321540 112.078325 54.853512 162.135137
35 556.444679 112.189834 54.939027 162.543307
36 556.512383 112.374484 54.946082 163.020846
37 556.615909 111.716849 54.845369 163.925147
38 556.955491 110.662522 54.531897 164.643425
39 557.356461 110.436735 54.725576 165.162313
40 557.646515 110.100094 54.689371 165.880907
41 557.855182 109.736732 54.742285 166.145677
42 558.060090 109.515204 54.677126 166.808435
43 558.228337 109.596493 54.979195 166.959101
44 558.245551 109.602449 54.979195 166.959101
45 558.262764 109.608406 54.979195 166.959101
46 558.279978 109.614362 54.979195 166.959101
47 558.304165 109.603134 54.959407 166.955104
48 558.331272 109.611089 54.979195 166.959101
49 558.348486 109.617046 54.979195 166.959101
50 558.365699 109.623002 54.979195 166.959101
51 558.382931 109.627127 54.978673 166.962095
52 558.400405 109.631587 54.979195 166.959101
53 558.417619 109.637543 54.979195 166.959101
54 558.434832 109.643500 54.979195 166.959101
55 558.445219 109.585918 54.975484 166.994434
56 558.465736 109.566954 54.976536 166.969063
57 558.484279 109.567929 54.979195 166.959101
58 558.501492 109.573885 54.979195 166.959101
59 558.510762 109.493441 54.969226 167.024113
60 558.509492 109.476687 54.933619 167.628903
61 558.536118 109.523992 54.957202 168.045333
62 558.553670 109.640029 54.970304 168.521838
63 558.561718 109.795857 54.976814 168.986212
64 558.520418 109.303097 54.894781 169.177087
65 558.555776 109.312580 54.950553 169.510483
66 558.570242 109.442165 54.957994 169.995363
67 558.572206 109.257019 54.959601 170.032830
68 558.571461 109.297190 54.955043 170.530065
69 558.573546 109.328032 54.963409 171.039840
70 558.541786 109.033165 54.886415 171.701647
71 558.548820 108.683561 54.881650 172.171618
72 558.566552 108.604945 54.901731 172.537993
73 558.568695 108.479819 54.913805 173.066910
74 558.593424 108.542459 54.965172 173.506825
75 558.599941 108.654436 54.969843 174.013524
76 558.601007 108.753283 54.963952 174.507514
77 558.604418 108.851893 54.963378 175.010147
78 558.597856 108.810692 54.937991 175.591660
79 558.532317 108.129362 54.831136 176.339126
80 558.593306 107.990684 54.941613 176.544934
81 558.599071 108.060144 54.940727 176.998354
82 558.598616 107.905063 54.932059 177.005402
83 558.624011 108.037956 54.959685 177.502835
84 558.633717 108.142791 54.957343 178.035377
85 558.622428 107.946767 54.907797 178.746920
86 558.605593 107.394104 54.855762 179.405951
87 558.650943 107.016334 54.902075 179.804726
88 558.677705 106.695967 54.907514 180.305755
89 558.701446 106.489429 54.933302 180.677707
90 558.682910 106.095472 54.912982 181.226031
91 558.692807 105.827915 54.919114 181.716166
92 558.715797 105.751274 54.945799 182.103603
93 558.721741 105.663255 54.948684 182.627767
94 558.727350 105.553329 54.947377 183.143248
95 558.720469 105.411815 54.951560 183.578111
96 558.731104 105.392184 54.948120 184.102197
97 558.746756 105.400951 54.948878 184.585513
98 558.769933 105.536899 54.976090 184.978652
99 558.776344 105.454585 54.976014 184.990535
100 558.710634 104.713894 54.787202 185.389283
101 558.750632 104.038150 54.814679 185.800494
102 558.825522 103.978675 54.965004 186.002865
103 558.828354 104.078978 54.957923 186.510031
104 558.836130 104.184039 54.960323 187.000606
105 558.837883 104.228252 54.952536 187.547573
106 558.827854 104.087511 54.929150 188.113455
107 558.853528 104.162074 54.973910 188.498840
108 558.867037 104.117137 54.977931 188.460038
109 558.880063 104.101218 54.978099 188.455112
110 558.883017 103.933944 54.949706 188.561364
111 558.892213 103.866016 54.934975 189.110409
112 558.915198 103.879675 54.959368 189.546554
113 558.927942 103.965118 54.969024 190.022595
114 558.926233 103.959358 54.950283 190.567856
115 558.943090 104.060975 54.974999 190.999736
116 558.954295 103.998575 54.977781 190.971730
117 558.965043 103.958519 54.977928 190.965755
118 558.972113 103.902872 54.977330 190.971694
119 558.978137 103.835039 54.977139 190.976794
120 558.978328 103.702113 54.972620 191.011139
121 558.976953 103.754044 54.964280 191.544516
122 558.979167 103.764001 54.963698 192.059235
123 558.990399 103.851975 54.974896 192.515522
124 559.003392 104.040331 54.979832 192.969658
125 559.018401 104.028758 54.979643 192.956709
126 559.031789 104.015588 54.979643 192.958706
127 559.040229 103.946442 54.976027 192.986536
128 559.051694 103.872225 54.977023 192.987410
129 559.061873 103.793135 54.976871 192.988257
130 559.061531 103.604594 54.970344 193.051086
131 559.063230 103.638868 54.969588 193.539934
132 559.071140 103.727422 54.969683 194.025846
133 559.071594 103.755461 54.968112 194.551575
134 559.064546 103.681839 54.953404 195.095261
135 559.066624 103.662975 54.950068 195.541689
136 559.086523 103.790259 54.975437 195.993533
137 559.084512 103.580030 54.962360 196.044861
138 559.105225 103.768517 54.978117 196.454884
139 559.097748 103.580132 54.952402 196.539644
140 559.104636 103.580005 54.956491 197.068602
141 559.107699 103.526504 54.954642 197.591284
142 559.116788 103.496253 54.963247 198.070442
143 559.123350 103.554808 54.968773 198.522253
144 559.139262 103.749729 54.971545 198.973146
145 559.146669 103.630423 54.963942 199.040215
146 559.160730 103.746598 54.967178 199.522488
147 559.170385 103.871790 54.973066 199.997215
148 559.178638 103.764483 54.974849 199.998131
149 559.179690 103.602873 54.971282 200.028419
150 559.187775 103.675550 54.967322 200.558061
151 559.196050 103.708099 54.961870 201.087170
152 559.217714 103.859641 54.977154 201.475086
153 559.229800 103.813085 54.974039 201.471252
154 559.243544 103.769184 54.974180 201.470877
155 559.263073 103.759533 54.978028 201.460068
156 559.273375 103.694936 54.975455 201.495378
157 559.278414 103.563923 54.974697 201.514720
158 559.296919 103.783292 54.979591 201.953323
159 559.313756 103.788397 54.979121 201.950462
160 559.330361 103.792052 54.979352 201.951955
161 559.345594 103.786918 54.979402 201.955875
162 559.340515 103.528715 54.935547 202.186410
163 559.369193 103.550452 54.964514 202.546783
164 559.382905 103.619716 54.964508 203.049280
165 559.399077 103.720646 54.968791 203.501523
166 559.412007 103.800879 54.965660 204.053268
167 559.420239 103.844499 54.969740 204.541784
168 559.432384 103.955327 54.973349 205.011456
169 559.444514 104.131379 54.979192 205.472504
170 559.458201 104.105764 54.980656 205.460167
171 559.471333 104.088572 54.980134 205.457756
172 559.488077 104.091859 54.979195 205.449672
173 559.498550 104.060003 54.979405 205.465027
174 559.509330 104.026250 54.979843 205.460226
175 559.512121 103.918917 54.975922 205.492817
176 559.525025 103.871955 54.980304 205.461696
177 559.537734 103.850069 54.980485 205.459981
178 559.540277 103.746689 54.974632 205.504135
179 559.541479 103.824677 54.969646 206.035726
180 559.546053 103.918625 54.973861 206.499035
181 559.562100 103.883699 54.978513 206.451338
182 559.574695 103.865818 54.978946 206.454538
183 559.585694 103.840261 54.978615 206.454882
184 559.596892 103.814639 54.978639 206.454932
185 559.608465 103.789309 54.979250 206.457039
186 559.613429 103.726590 54.979594 206.470982
187 559.621031 103.676269 54.979014 206.460397
188 559.636966 103.672685 54.978660 206.448866
189 559.654342 103.679917 54.979153 206.449388
190 559.668031 103.667756 54.979835 206.456547
191 559.681378 103.651977 54.979845 206.456586
192 559.697873 103.653873 54.979158 206.449762
193 559.715105 103.661070 54.979195 206.449427
194 559.732318 103.668436 54.979195 206.449427
195 559.746453 103.658914 54.979719 206.455463
196 559.760936 103.650727 54.979234 206.452667
197 559.774094 103.634091 54.979974 206.457728
198 559.786963 103.616066 54.979693 206.456468
199 559.799959 103.598652 54.979680 206.456409
200 559.812655 103.577418 54.980543 206.460436
201 559.825599 103.561338 54.979135 206.453661
202 559.840236 103.556179 54.978172 206.448374
203 559.852015 103.531537 54.980173 206.460968
204 559.863857 103.506221 54.980071 206.459205
205 559.865334 103.414002 54.977629 206.488292
206 559.876360 103.368053 54.978739 206.456192
207 559.891884 103.362416 54.979182 206.451761
208 559.905905 103.350723 54.979872 206.456251
209 559.915610 103.316461 54.979992 206.461726
210 559.918226 103.222036 54.976892 206.491483
211 559.922206 103.111384 54.976827 206.492024
212 559.934115 103.065567 54.978901 206.456281
213 559.947942 103.052058 54.979066 206.453287
214 559.961441 103.038863 54.979045 206.453504
215 559.973961 103.019987 54.979268 206.455690
216 559.987684 103.008782 54.978463 206.450629
217 559.998940 102.985721 54.978442 206.454124
218 560.012756 102.973496 54.978531 206.451348
219 560.026564 102.962817 54.978547 206.451348
220 560.043907 102.968445 54.979116 206.449358
221 560.059395 102.965791 54.979633 206.453474
222 560.070825 102.942321 54.979494 206.457620
223 560.085075 102.934355 54.978091 206.448275
224 560.097988 102.919206 54.978691 206.453356
225 560.099267 102.807353 54.974988 206.505042
226 560.115324 103.020325 54.979234 206.953530
227 560.132517 103.025596 54.979195 206.949305
228 560.145120 103.011155 54.978655 206.952770
229 560.155575 102.982091 54.978912 206.956895
230 560.171346 102.979342 54.978576 206.948654
231 560.187700 102.982363 54.978733 206.948841
232 560.204604 102.987816 54.978985 206.949078
233 560.220540 102.989785 54.978652 206.948732
234 560.231717 102.966264 54.978956 206.956175
235 560.248505 102.968031 54.978980 206.949078
236 560.263287 102.963495 54.978901 206.951230
237 560.278953 102.961990 54.978954 206.950420
238 560.294365 102.959744 54.978956 206.950697
239 560.306754 102.942762 54.978720 206.953451
240 560.311485 102.871596 54.978544 206.980062
241 560.320288 102.819311 54.979271 206.960547
242 560.330957 102.787504 54.979470 206.958593
243 560.345074 102.775220 54.979232 206.953154
244 560.358810 102.763059 54.979255 206.953875
245 560.375419 102.765858 54.978967 206.949078
246 560.387882 102.750593 54.978526 206.952542
247 560.396046 102.708880 54.979242 206.961229
248 560.404678 102.664028 54.980357 206.964900
249 560.407427 102.584294 54.979022 206.977890
250 560.403725 102.444281 54.977994 206.977999
251 560.400957 102.317617 54.979426 206.975748
252 560.401658 102.135057 54.968537 207.026532
253 560.419399 102.329482 54.979198 207.455218
254 560.432100 102.311227 54.979127 207.454545
255 560.440376 102.269908 54.979439 207.461461
256 560.450433 102.234135 54.979001 207.459641
257 560.459554 102.195305 54.979035 207.458760
258 560.462305 102.116298 54.978437 207.476857
259 560.465478 102.029114 54.978482 207.476422
260 560.478288 102.003176 54.977561 207.448223
261 560.495671 102.008464 54.978940 207.448925
262 560.513011 102.015994 54.979195 207.449183
263 560.526884 102.006782 54.979090 207.452913
264 560.539998 101.991372 54.979171 207.454298
265 560.556410 101.992020 54.979226 207.450330
266 560.570880 101.985282 54.979111 207.452240
267 560.588136 101.991154 54.979195 207.449183
268 560.605349 101.998555 54.979195 207.449183
269 560.622563 102.005956 54.979195 207.449183
270 560.639776 102.013357 54.979195 207.449183
271 560.656990 102.020758 54.979195 207.449183
272 560.669170 101.997635 54.981086 207.463519
273 560.682034 101.976892 54.980606 207.459413
274 560.695985 101.965018 54.979649 207.454318
275 560.712972 101.969852 54.979195 207.449183
276 560.730185 101.977253 54.979195 207.449183
277 560.747399 101.984654 54.979195 207.449183
278 560.762989 101.982042 54.979864 207.454070
279 560.779564 101.985119 54.979321 207.450093
280 560.796714 101.992065 54.979195 207.449183
281 560.813928 101.999466 54.979195 207.449183
282 560.827184 101.983328 54.980509 207.459720
283 560.843714 101.985302 54.979205 207.449262
284 560.858079 101.977604 54.979452 207.453833
285 560.875164 101.982680 54.979195 207.449183
286 560.888016 101.966967 54.979591 207.456306
287 560.877001 101.637604 54.969533 207.570230
288 560.881521 101.602093 54.964083 208.058279
289 560.903285 101.787878 54.979830 208.455420
290 560.918164 101.779576 54.980026 208.455032
291 560.931296 101.764897 54.979352 208.454227
292 560.945590 101.754706 54.979397 208.453382
293 560.962703 101.759921 54.979195 208.448938
294 560.979916 101.767358 54.979195 208.448938
295 560.997027 101.774158 54.979239 208.449256
296 561.014219 101.781436 54.979195 208.448938
297 561.031432 101.788872 54.979195 208.448938
298 561.048646 101.796309 54.979195 208.448938
299 561.065859 101.803746 54.979195 208.448938
300 561.080571 101.791030 54.979226 208.463881
301 561.097768 101.790995 54.979195 208.448938
302 561.114982 101.798432 54.979195 208.448938
303 561.130144 101.794166 54.979667 208.453541
304 561.146621 101.796200 54.979402 208.450449
305 561.163731 101.802881 54.979195 208.448938
306 561.180944 101.810317 54.979195 208.448938
307 561.198158 101.817754 54.979195 208.448938
308 561.214852 101.821969 54.979410 208.450508
309 561.230961 101.822447 54.979609 208.451950
310 561.246672 101.820354 54.979730 208.452845
311 561.263500 101.825101 54.979245 208.449296
312 561.274635 101.794728 54.979997 208.467181
313 561.287881 101.772711 54.980013 208.456921
314 561.303788 101.770599 54.979567 208.451652
315 561.316116 101.750541 54.980034 208.458412
316 561.329781 101.735374 54.979927 208.455987
317 561.346629 101.739286 54.979195 208.448938
318 561.363821 101.746594 54.979205 208.449007
319 561.380927 101.753369 54.979239 208.449246
320 561.398118 101.760652 54.979195 208.448938
321 561.415332 101.768088 54.979195 208.448938
322 561.432545 101.775525 54.979195 208.448938
323 561.449758 101.782962 54.979195 208.448938
324 561.466972 101.790398 54.979195 208.448938
325 561.484185 101.797835 54.979195 208.448938
326 561.498551 101.787634 54.980375 208.457528
327 561.493396 101.529877 54.966832 208.547980
328 561.501798 101.551526 54.967249 209.049730
329 561.510494 101.603269 54.970370 209.520149
330 561.516912 101.516381 54.953003 210.125160
331 561.528789 101.388014 54.958613 210.594041
332 561.538859 101.352622 54.969376 211.009216
333 561.551415 101.512029 54.978099 211.475897
334 561.556774 101.320442 54.965235 211.566078
335 561.578479 101.504337 54.979858 211.954136
336 561.590834 101.481839 54.980527 211.959645
337 561.595472 101.363494 54.976134 211.986100
338 561.602686 101.245275 54.973897 211.987000
339 561.611961 101.164019 54.976900 211.973019
340 561.619444 101.032567 54.972958 212.019227
341 561.626198 101.156214 54.978689 212.466714
342 561.624958 100.814359 54.961799 212.637928
343 561.636421 100.775677 54.966462 213.061620
344 561.647874 100.777554 54.968584 213.547075
345 561.649171 100.669948 54.958822 214.132595
346 561.648598 100.204347 54.946129 214.765850
347 561.669163 100.012324 54.947944 215.174202
348 561.692487 100.067737 54.974925 215.488265
349 561.701563 99.952031 54.973748 215.497339
350 561.714982 99.903072 54.978243 215.451498
351 561.726165 99.837656 54.975132 215.472481
352 561.720760 99.390133 54.960079 215.631449
353 561.712182 99.139577 54.959098 216.088124
354 561.729687 99.270246 54.977170 216.456941
355 561.740990 99.222474 54.977280 216.461545
356 561.742389 98.896111 54.957870 216.605032
357 561.766981 98.151954 54.914007 217.509204
358 561.796489 97.397358 54.939515 218.399575
359 561.816737 96.458714 54.922914 218.967558
360 561.836489 96.136141 54.949942 219.107320
361 561.843682 95.897658 54.936861 219.709038
362 561.879891 95.219850 54.903024 220.503414
363 561.930584 94.539863 54.858796 221.696084
364 562.012794 93.447600 54.805135 223.000346
365 562.097241 93.280566 54.940003 223.701242
366 562.126317 93.194009 54.959612 224.088258
367 562.149089 93.179004 54.959840 224.563042
368 562.163378 93.088825 54.956874 225.109617
369 562.176675 92.953469 54.957162 225.611753
370 562.180417 92.194495 54.923509 226.401167
371 562.207454 91.808420 54.942502 226.689633
372 562.222159 91.453459 54.941456 227.180656
373 562.241525 90.984042 54.951605 227.689222
374 562.209012 90.052101 54.877734 228.453021
375 562.262148 89.743695 54.950310 228.628428
376 562.270841 89.415934 54.935586 229.222650
377 562.303630 89.396630 54.972751 229.488531
378 562.317643 89.298161 54.974907 229.466404
379 562.329568 89.192557 54.973047 229.482261
380 562.339356 88.978017 54.961794 229.559237
381 562.347138 88.755782 54.945379 230.172734
382 562.356913 88.463955 54.951272 230.624144
383 562.369733 88.247084 54.945833 231.145507
384 562.391506 88.177415 54.956483 231.563230
385 562.390112 87.727839 54.898684 232.343539
386 562.425797 87.357766 54.938130 232.629922
387 562.453441 87.316988 54.964587 233.017321
388 562.474179 87.409308 54.969415 233.482052
389 562.492792 87.277524 54.969882 233.479268
390 562.504232 87.127213 54.967590 233.465607
391 562.512307 86.908499 54.966341 233.498731
392 562.520938 86.676542 54.966829 233.496949
393 562.531827 86.534192 54.969677 233.444485
394 562.541659 86.422182 54.970034 233.445365
395 562.553623 86.348936 54.975292 233.439987
396 562.561031 86.294390 54.973779 233.424377
397 562.568521 86.246981 54.971637 233.412797
398 562.578840 86.207388 54.972922 233.427383
399 562.588002 86.157206 54.972591 233.425869
400 562.596922 86.108116 54.972169 233.421170
401 562.606671 86.064837 54.972801 233.425123
402 562.569276 85.985835 54.927055 233.317489
403 562.608269 86.037453 54.977511 233.440855
404 562.621777 86.026241 54.977417 233.440733
405 562.639879 86.035610 54.979195 233.442815
406 562.651155 86.013108 54.974527 233.440065
407 562.656509 85.937735 54.964975 233.438818
408 562.672826 85.893249 54.976187 233.437838
409 562.684971 85.860876 54.976987 233.439352
410 562.699926 85.855760 54.977878 233.441267
411 562.713757 85.846625 54.977613 233.440967
412 562.721436 86.017545 54.948539 233.474993
413 562.749070 85.987639 54.977273 233.440555
414 562.756710 85.934623 54.976134 233.433251
415 562.773038 85.936834 54.978248 233.441713
416 562.787313 85.930314 54.977860 233.441245
417 562.801160 85.921223 54.977611 233.440956
418 562.811676 85.888873 54.976903 233.436524
419 562.816044 85.825603 54.972043 233.413165
420 562.831722 85.823015 54.977582 233.440054
421 562.843534 85.799689 54.977503 233.439174
422 562.855467 85.779341 54.977212 233.439553
423 562.868972 85.768090 54.977354 233.440644
424 562.874971 85.669080 54.970942 233.435444
425 562.886319 85.588691 54.975130 233.439842
426 562.897277 85.523528 54.974904 233.441034
427 562.908399 85.461411 54.975111 233.440533
428 562.919539 85.402294 54.975240 233.440232
429 562.929507 85.333530 54.972494 233.439475
430 562.941335 85.278672 54.976281 233.438306
431 562.950792 85.210447 54.975510 233.443928
432 562.960713 85.140825 54.975594 233.443405
433 562.970553 85.071443 54.975607 233.443405
434 562.987179 85.068732 54.978261 233.441713
435 563.002258 85.065865 54.978177 233.441624
436 563.017323 85.062797 54.978154 233.441601
437 563.017840 84.863880 54.961888 233.460941
438 562.999052 84.273726 54.932190 233.513116
439 563.031236 84.448502 54.973491 233.932159
440 563.046885 84.442142 54.977464 233.940662
441 563.060912 84.433182 54.977608 233.940818
442 563.075284 84.426018 54.977768 233.941019
443 563.090733 84.423987 54.978222 233.941543
444 563.105854 84.421248 54.978185 233.941499
445 563.118558 84.407518 54.977233 233.940372
446 563.130034 84.376109 54.976399 233.939691
447 563.141970 84.345296 54.976386 233.939747
448 563.153851 84.314065 54.976402 233.939691
449 563.165805 84.283531 54.976394 233.939758
450 563.175790 84.248366 54.975864 233.935139
451 563.172639 84.128792 54.965688 233.870467
452 563.181951 83.890094 54.954154 233.974169
453 563.206927 83.860922 54.977322 233.940506
454 563.220018 83.845892 54.977204 233.940361
455 563.231489 83.823001 54.976449 233.938029
456 563.246910 83.819364 54.977954 233.941231
457 563.263595 83.823241 54.978744 233.942157
458 563.277079 83.813969 54.977648 233.940874
459 563.290721 83.803575 54.977493 233.940695
460 563.305992 83.800289 54.978101 233.941398
461 563.321581 83.799464 54.978345 233.941688
462 563.333381 83.774559 54.977988 233.938865
463 563.346092 83.760695 54.977346 233.940171
464 563.358636 83.742630 54.977351 233.939747
465 563.372711 83.734095 54.977606 233.940807
466 563.386728 83.725330 54.977632 233.940863
467 563.394256 83.595127 54.970396 233.973589
468 563.402740 83.368470 54.955130 234.036542
469 563.420942 83.477399 54.969924 234.462742
470 563.437884 83.449411 54.977865 234.439674
471 563.448595 83.415737 54.977996 234.437549
472 563.460370 83.393826 54.977627 234.438925
473 563.453301 83.130170 54.957469 234.476809
474 563.469452 83.011900 54.963583 234.450330
475 563.484642 82.955991 54.969801 234.436297
476 563.502352 82.948449 54.977548 234.440636
477 563.520389 82.957780 54.979195 234.442570
478 563.535921 82.958518 54.978537 234.441787
479 563.551607 82.958853 54.978466 234.441709
480 563.564569 82.926521 54.971012 234.478978
481 563.582719 82.896755 54.965298 234.486224
482 563.606957 82.861991 54.973958 234.479973
483 563.626582 82.871065 54.972200 234.436465
484 563.640130 82.865641 54.963986 234.439238
485 563.615910 82.975738 54.891422 234.443521
486 563.662127 82.973127 54.942465 234.477290
487 563.695332 82.991773 54.968419 234.412223
488 563.649903 83.016015 54.887718 234.543799
489 563.666860 83.145819 54.906265 235.035903
490 563.845639 86.368815 54.589541 236.476552
491 563.474635 86.282969 54.724474 236.913039
492 563.265896 90.448798 54.349340 237.072507
493 562.872651 91.326850 54.199009 238.464302
494 562.688827 90.657387 54.354235 238.977852
495 562.517407 90.387038 54.362284 239.531004
496 562.455150 90.395137 54.371525 240.458553
497 562.477038 92.664011 52.820118 244.453433
498 562.653969 95.866159 52.357109 247.050205
499 562.675254 96.913530 51.963495 251.287254
500 562.225543 98.104584 51.462465 257.049233
501 561.700341 90.132582 50.713244 266.390903
502 562.088511 89.226873 50.629957 272.479422
503 562.229085 84.432972 50.353232 281.577412
504 562.008711 80.530498 49.647537 294.047089
505 562.901038 74.149228 49.973617 305.632332
506 564.330016 72.448592 49.721918 313.826977
507 562.393993 69.580154 50.147164 322.854188
508 561.324339 67.770616 50.904597 331.810315
509 561.416806 64.679012 51.297301 338.331432
510 561.783107 58.186090 51.615138 346.020192
511 561.453475 53.674133 51.827807 353.095596
512 560.511970 38.229084 51.438991 366.818904
513 560.273528 33.551288 51.734130 372.660840
514 559.770460 26.966589 51.854334 380.170508
515 559.687758 27.790730 51.661737 384.587166
516 559.660417 29.328614 51.858846 389.146188
517 559.297603 27.035578 52.234804 397.521540
518 558.996390 24.015164 52.630585 403.133923
519 558.817110 21.314570 53.775649 407.018065
520 559.364249 19.174974 54.740735 408.586024
521 558.411721 17.897830 55.368124 409.202847
522 558.169038 17.115892 55.975876 409.155592
523 558.217184 14.147379 56.431041 411.095274
524 557.659030 10.277756 56.815617 413.416878
525 558.358115 9.975114 56.283763 415.673606
526 558.255474 10.250962 56.715986 416.285783
527 558.880723 10.605946 56.679304 415.900518
528 558.886419 11.342285 57.059110 415.666054
529 558.968975 12.162928 57.434890 415.692952
530 558.833331 10.655965 58.089830 416.837276
531 559.343548 10.318985 58.399132 416.712973
532 559.448173 10.937510 59.454541 421.008935
533 560.174405 10.276291 59.791327 421.738592
534 561.962682 7.818010 60.066994 422.916320
535 563.855871 13.407345 60.155712 423.477671
536 566.731388 12.928642 60.927064 425.305995
537 572.383609 11.242712 60.010970 427.560370
538 578.059790 17.280435 59.326417 427.791648
539 584.199699 23.185091 57.188614 431.641777
540 589.378735 39.262092 55.728487 426.931361
541 592.491409 51.391913 55.572225 426.476683
542 595.225877 57.357584 55.254087 429.548166
543 599.978442 54.775991 54.549942 429.712842
544 602.140275 49.128975 54.017515 429.951180
545 605.459978 49.122485 53.220091 426.341246
546 606.489613 49.722147 52.579170 421.136028
547 607.572906 44.923618 52.232342 417.145117
548 608.869121 37.808438 52.032746 414.443313
549 610.139439 37.851190 52.307724 407.954082
550 611.164154 37.977922 51.752654 397.314443
551 612.666029 40.380450 51.652359 392.761412
552 613.953888 38.777546 51.868083 388.842841
553 614.968197 35.426645 51.913057 381.488782
554 615.877526 35.621698 51.756610 376.128025
555 616.574187 34.901728 51.722273 368.716925
556 617.383634 35.202731 51.684474 360.998489
557 618.079025 33.449881 51.640006 350.984379
558 618.526259 32.781015 51.625067 346.480345
559 618.913062 31.241024 51.492073 343.367401
560 619.115454 29.982741 50.979146 340.681948
561 619.430472 27.799883 50.212580 336.117468
562 619.722057 26.457209 49.939991 333.953937
563 619.801094 26.262957 49.827232 331.941470
564 619.978568 25.981444 49.787064 330.145542
565 620.168376 24.862930 49.417698 329.291690
566 620.303671 24.249260 49.090348 328.252311
567 620.643299 23.267454 48.997712 327.273141
568 620.662238 22.130274 48.519297 326.326067
569 621.020648 20.289053 48.444814 325.433915
570 621.304786 19.036564 48.110055 324.589892
571 621.589457 16.929295 48.094369 324.984859
572 621.834424 16.242792 48.347656 325.001410
573 622.025195 15.705837 48.228080 325.448920
574 622.330058 14.724092 48.184239 325.303783
575 622.654443 12.624870 47.778221 324.885009
576 622.870138 11.784054 47.600121 324.808764
577 623.049206 10.545564 47.287772 324.066464
578 623.271880 8.174520 46.921077 323.889189
579 623.374786 7.403793 46.741770 323.402181
580 623.362900 3.587027 46.121939 321.230018
581 623.666332 2.341753 45.850681 318.184099
582 624.001836 2.064938 45.749297 317.255054
583 624.410020 0.936200 45.491751 316.400761
584 624.789274 0.000000 45.297471 315.586414
585 624.892823 0.000000 45.456458 313.793614
586 624.871390 0.000000 45.516227 312.369655
587 624.955647 0.305603 46.102500 310.807452
588 625.171605 0.017567 46.399789 310.271820
589 625.272382 0.000000 46.492197 309.566528
590 624.714282 0.000000 46.428938 306.885475
591 624.683163 0.000000 46.396818 305.639924
592 624.682575 0.000000 46.287696 304.215214
593 624.937536 0.000000 46.255524 302.335708
594 625.040080 0.000000 46.051912 299.950226
595 625.040537 0.000000 45.804772 296.081711
596 625.284910 0.000000 45.730486 293.842281
597 625.372124 0.000000 45.495658 287.476886
598 625.600468 0.000000 45.006922 285.731023
599 625.490332 0.000000 44.976868 283.241775
600 625.661412 0.000000 44.392282 282.653765
601 626.090260 0.000000 44.415719 282.857751
602 626.697550 0.000000 44.380107 279.293233
603 627.056144 0.812771 44.097127 280.203017
604 626.834125 0.844162 44.075730 281.652000
605 626.892703 0.411899 44.019726 282.080708
606 627.313512 0.000000 44.101140 281.840163
607 627.236996 0.000000 44.168897 281.762385
608 627.169374 0.000000 44.126715 281.537986
609 627.022819 0.000000 44.051153 282.238161
610 627.536286 0.000000 44.323587 282.304283
611 627.492301 0.000000 44.143007 282.407707
612 627.186969 0.287864 44.348749 282.371706
613 626.683374 0.000000 44.183008 281.951822
614 626.807054 0.000000 44.159066 281.183664
615 627.358699 0.000000 44.006190 280.817434
616 627.417740 0.511265 44.226197 281.362312
617 627.273036 1.581328 43.969969 283.799354
618 627.643499 0.326878 43.653709 283.432136
619 627.961366 0.000000 43.657098 280.813237
620 627.494343 0.624335 43.822697 280.954068
621 627.384469 0.373008 43.791039 281.221956
622 627.416457 1.302427 43.944695 280.812744
623 627.283065 1.348957 43.876813 280.514670
624 626.826425 1.211382 43.960491 280.670516
625 627.076505 0.000000 43.708238 280.827855
626 627.059270 0.511334 43.901443 280.530173
627 626.909779 1.403849 43.671153 281.429603
628 626.582221 1.790998 43.662320 281.757506
629 626.558937 1.125069 43.815816 282.955181
630 626.648841 0.000000 43.658195 283.204538
631 626.907966 0.243928 43.865431 283.578028
632 627.113294 0.000000 44.053826 283.565003
633 626.917394 0.000000 44.271121 283.395543
634 626.903137 0.038859 44.361831 283.316651
635 626.807159 0.000000 44.357214 282.693605
636 626.784916 0.000000 44.400062 282.812003
637 626.832718 0.000000 44.331559 282.303410
638 626.865232 0.000000 44.386579 282.373335
639 626.857058 0.000000 44.399871 282.296156
640 626.733738 0.307013 44.461184 282.296634
641 626.928360 0.000000 44.203429 281.764149
642 627.232157 0.000000 44.204632 281.554827
643 626.954270 0.000000 44.050676 281.609197
644 627.139405 0.000000 44.287591 280.753931
645 627.285166 0.623867 44.252477 281.466129
646 626.937964 0.000000 44.173438 281.632019
647 627.032019 0.000000 44.145473 280.501929
648 626.912398 1.431749 44.232754 281.628633
649 626.596703 0.363303 44.297853 281.844367
650 626.595332 0.000000 44.227178 281.660317
651 626.477912 0.000000 44.345730 281.011211
652 626.420099 0.509028 44.394262 281.640767
653 626.155861 0.000000 44.282314 281.926184
654 626.039609 0.000000 44.325015 280.238505
655 626.272417 0.000000 44.661141 279.216525
656 626.383071 0.000000 44.870797 279.078326
657 626.399269 0.000000 44.830231 278.885379
658 626.390671 0.000000 44.908183 278.115378
659 626.282037 0.000000 44.966942 277.477730
660 626.061074 0.000000 44.810342 276.784474
661 625.942747 0.000000 44.775055 276.880737
662 625.971895 0.186696 44.901956 276.598148
663 625.950362 0.730499 45.038450 276.472259
664 626.009782 0.417208 45.388200 276.288309
665 625.716255 0.000000 45.411686 276.315412
666 625.670959 0.000000 45.523276 276.219118
667 625.980521 0.000000 45.888968 275.839796
668 625.687450 0.000000 45.625982 275.625084
669 625.895634 0.000000 46.043720 275.921849
670 625.875650 0.000000 46.198998 276.541999
671 625.631538 0.489100 46.229484 277.045886
672 625.438898 1.447966 46.284670 277.949195
673 625.295816 1.122189 45.995488 278.261383
674 625.411175 1.339782 45.571948 278.680779
675 625.620132 1.573920 45.670024 279.025091
676 625.885977 2.417966 45.595021 279.467827
677 626.006721 2.812717 45.529325 279.693783
678 626.104915 3.642342 45.505912 280.215252
679 626.279744 4.153500 45.386283 281.042903
680 626.311618 4.966739 45.080918 280.655575
681 626.596134 6.941871 44.935049 278.525624
682 626.866442 6.753073 44.444701 278.364426
683 627.309345 7.602887 44.294035 277.587032
684 627.509105 8.394322 44.092242 277.632555
685 627.797358 7.780798 44.201723 277.550168
686 628.080377 7.479209 44.201309 278.231186
687 628.486509 7.643084 44.249473 278.526175
688 628.983980 6.848290 44.126032 279.123885
689 629.556532 6.581224 44.104912 279.390061
690 629.172811 7.632272 44.399618 278.626536
691 629.146129 6.528366 44.217589 278.707224
692 628.917135 8.296628 43.814924 280.583959
693 629.092606 9.406517 43.680877 280.638116
694 629.045059 11.949189 43.790466 279.914162
695 629.209621 14.604558 43.859840 278.168182
696 628.685031 15.499388 43.727688 277.047323
697 629.022681 14.646968 43.448336 276.097053
698 628.804534 16.010080 43.221041 274.116392
699 628.868005 15.365891 43.172867 273.456544
700 628.797833 15.359488 43.211946 273.053316
701 628.227164 16.417930 43.537743 272.014469
702 628.154842 16.511136 43.622013 271.419616
703 627.470794 17.461467 43.935488 269.220886
704 626.148554 18.349028 44.064388 267.396266
705 625.419888 18.168428 44.144357 267.105437
706 624.992800 17.631241 44.232137 267.073319
707 625.015553 17.215702 44.399707 267.139469
708 625.112202 16.821873 44.334106 267.471249
709 625.090680 16.144370 44.203972 267.836462
710 625.295504 15.435284 44.089940 268.206896
711 625.250974 13.736400 44.153625 268.311564
712 624.646737 12.219671 44.625293 267.393264
713 624.651717 10.192507 44.806417 267.393824
714 624.059964 9.665938 45.583878 267.936643
715 623.374152 10.171062 45.789093 268.107192
716 623.341640 9.948652 46.009105 270.383486
717 623.048558 10.756244 46.126934 271.123885
718 623.378798 10.811824 46.372736 272.341770
719 623.265080 11.108481 46.163005 274.034387
720 622.913174 10.877368 46.602523 275.912859
721 622.826224 9.876452 46.566302 276.769875
722 622.883885 9.842458 46.430505 277.080796
723 623.208402 9.156171 46.321974 277.861703
724 622.842426 7.503237 46.295069 279.534828
725 623.256528 7.147078 46.073814 280.153328
726 623.224439 5.358233 45.879386 280.667298
727 623.961090 5.573464 46.086310 281.032801
728 624.162429 4.356699 45.896659 282.272210
729 624.019903 5.392700 45.389701 281.671569
730 623.793585 5.375787 45.153019 284.104479
731 624.383477 4.770887 45.052112 287.457324
732 624.833223 5.208323 45.295959 289.169463
733 624.500856 6.583840 45.116420 288.903635
734 624.881031 3.927843 45.498271 290.684829
735 624.252628 3.938149 45.313628 288.301015
736 625.114587 5.128566 45.066705 290.168213
737 625.213507 5.798608 45.443095 290.401553
738 624.878029 5.711582 45.489365 289.998830
739 624.838162 6.090370 45.364304 290.381135
740 624.691729 5.135924 44.951742 290.811022
741 624.857438 6.114243 44.507192 290.826398
742 625.349468 5.833373 44.536901 291.659566
743 625.664928 5.953158 44.505789 292.535086
744 625.815886 6.181494 44.497689 294.082624
745 626.330967 5.926276 43.962105 294.919727
746 627.206025 8.018518 44.087457 295.319567
747 627.594044 9.806490 44.206398 295.287698
748 627.431416 10.706995 44.365582 296.945365
749 626.584514 11.524329 44.949685 297.787241
750 626.197967 12.202096 44.741684 297.988220
751 626.359544 12.116660 44.836673 297.892702
752 626.278700 12.117960 45.122819 297.859295
753 625.737538 12.480480 45.483988 297.451347
754 625.291631 12.821350 45.553346 297.853399
755 625.120595 12.468571 45.806114 298.648661
756 624.911861 12.587168 45.952746 299.084219
757 624.960991 12.580940 46.023297 299.559367
758 625.169910 12.314510 46.397969 300.514956
759 625.176116 12.201657 46.261249 301.384999
760 625.025936 11.547715 46.215885 301.784657
761 624.947787 10.969348 46.286792 302.293741
762 625.051748 9.601859 46.237016 302.048894
763 625.107320 8.930854 46.397260 302.606769
764 625.168274 8.569742 46.483836 302.900654
765 625.192050 7.904173 46.341743 303.148354
766 625.182178 7.731539 46.278823 303.168041
767 625.231534 7.542433 46.267712 303.174090
768 625.325206 7.162991 46.335586 303.314628
769 625.436777 6.657897 46.368397 303.325294
770 625.319652 6.079494 46.397464 303.345743
771 625.362091 5.247274 46.230475 303.221602
772 625.574376 5.517937 46.322863 303.403530
773 625.648488 5.255313 46.320976 303.105377
774 625.724118 5.135297 46.319940 303.099661
775 625.800265 5.018139 46.319940 303.099661
776 625.875289 4.897594 46.321530 303.092367
777 626.077725 5.395366 46.168830 302.068111
778 625.891178 3.945950 46.196736 300.559366
779 625.459316 2.641139 46.298674 300.019876
780 625.512282 1.962156 46.306836 299.806980
781 625.566946 0.894387 46.286158 299.264617
782 626.035703 0.000000 46.154532 296.202190
783 626.503264 0.000000 46.141297 293.044931
784 626.578633 0.000000 45.753047 289.301590
785 626.460327 0.000000 45.231768 287.143147
786 626.675676 0.000000 44.973447 282.224054
787 626.666001 0.000000 44.595381 280.844545
788 626.732430 0.000000 44.555468 280.164577
789 626.861447 0.000000 44.615077 279.390425
790 626.718032 0.000000 44.618916 278.558096
791 626.633413 0.000000 44.701193 278.414372
792 626.573259 0.000000 44.750694 277.215088
793 626.318197 0.000000 44.728805 276.249075
794 626.623224 0.000000 44.867177 275.023302
795 626.048540 0.000000 44.799851 274.860833
796 626.398824 0.954660 44.977530 276.452320
797 626.506112 0.721059 44.955184 276.702989
798 626.182119 1.302496 44.826384 277.170375
799 626.290488 0.853809 44.870280 277.188196
800 626.297425 0.722453 44.754627 277.624529
801 626.468670 0.000000 44.889248 277.631720
802 626.478304 0.000000 44.924454 277.730729
803 626.103167 0.000000 44.647412 278.323879
804 626.354855 0.000000 45.012355 278.474411
805 626.642636 0.000000 44.939219 279.388127
806 626.383966 1.013498 44.596347 280.941646
807 626.069632 1.316526 44.650137 281.900046
808 626.241214 0.499722 44.673155 282.344776
809 626.461648 0.000000 44.601271 282.545297
810 626.572680 0.000000 44.701348 282.782735
811 626.454834 0.062211 44.571231 283.055462
812 626.503295 0.539355 44.667273 283.678523
813 626.233697 0.000000 44.634054 284.230857
814 626.575072 0.000000 44.826101 282.700627
815 626.135506 0.353818 44.648450 283.397831
816 626.571771 0.000000 44.853240 282.348131
817 626.791876 0.000000 44.886624 280.947495
818 626.532639 0.723824 44.741607 281.332526
819 626.165425 0.362187 44.581271 282.490561
820 626.421228 0.000000 44.529888 281.663843
821 626.370893 0.000000 44.413373 281.304202
822 626.609466 0.118289 44.426802 281.527933
823 626.644560 0.000000 44.302633 281.913374
824 626.717256 0.000000 44.295784 281.672127
825 626.620803 0.000000 44.014465 282.301847
826 627.077908 0.000000 44.302192 282.295744
827 627.586168 0.000000 44.355953 281.853537
828 626.981520 0.000000 44.030603 281.418802
829 627.375365 0.024048 44.212265 282.210437
830 627.086625 0.000000 44.339725 282.371748
831 627.303073 0.000000 44.348730 282.776154
832 627.224947 0.456977 44.157973 283.574137
833 626.769812 0.552864 44.292346 284.410910
834 626.557137 0.648783 44.364846 284.694659
835 626.591860 0.000000 44.310866 284.497833
836 626.948270 0.205089 44.359645 284.793514
837 627.046892 1.414587 44.238352 285.995281
838 627.023947 0.412842 44.263488 285.559644
839 626.820981 0.335558 44.365585 285.460799
840 626.740713 0.632837 44.330923 284.905585
841 626.692003 0.728751 44.243561 284.371822
842 626.866958 0.445889 44.231549 284.800311
843 626.887538 0.189081 44.086679 284.837275
844 626.971623 0.678289 44.416973 284.532550
845 626.890396 0.000000 44.292106 284.079340
846 627.072145 0.280480 44.433860 284.153782
847 627.020294 0.000000 44.139203 284.729126
848 627.099952 0.874386 44.389460 284.572585
849 627.109993 1.076800 44.187540 284.636159
850 626.708006 0.580464 44.065610 285.159287
851 626.777997 0.000000 44.103414 284.769950
852 627.157372 0.766537 44.384187 285.326931
853 627.073891 0.000000 44.305844 284.232138
854 627.086397 0.000000 44.451230 282.052915
855 627.368853 0.068980 44.258319 282.865701
856 627.063254 0.421633 44.318554 282.555289
857 626.843139 0.537287 44.324226 282.469356
858 626.719786 0.000000 44.298788 282.350654
859 627.078324 0.000000 44.422809 281.936730
860 627.247034 0.000000 44.161097 280.810503
861 627.170680 0.808694 44.238271 281.235731
862 626.872926 1.219516 44.041165 282.356815
863 626.958708 0.944280 44.267791 282.343161
864 626.894037 0.604085 44.269270 282.781240
865 626.927513 0.300925 44.364617 283.033129
866 626.857597 0.076752 44.392673 283.196716
867 626.475657 0.000000 44.194801 282.422658
868 626.573679 0.000000 44.270974 282.756923
869 626.197182 0.520598 44.247809 282.748355
870 626.015533 0.000000 44.320275 282.155873
871 626.290202 0.000000 44.467416 281.100874
872 626.220478 0.590238 44.513273 281.080707
873 626.551258 0.000000 44.862180 281.157832
874 626.531818 0.083432 44.752250 281.320240
875 626.657185 0.585263 44.671352 281.700808
876 626.499727 0.000000 44.611910 281.657555
877 626.367753 0.000000 44.437140 280.706812
878 626.504488 1.631043 44.191253 281.676562
879 626.771066 1.677604 43.998370 282.490136
880 626.677501 1.242153 43.666208 283.453614
881 626.851197 0.327579 43.778436 283.710345
882 626.967155 0.000000 43.821438 283.152207
883 626.910684 0.645605 43.785213 283.412915
884 626.873662 1.262690 43.788866 283.435531
885 627.290682 0.423465 43.792357 284.445242
886 627.048903 0.000000 43.857804 283.902327
887 626.617484 0.000000 43.925212 283.210034
888 626.784691 0.000000 43.800766 282.814092
889 627.138317 0.004228 43.709548 283.627750
890 626.638382 0.000000 43.977185 282.726931
891 626.812874 0.000000 43.860629 282.884268
892 627.139079 0.273373 43.900127 283.211567
893 626.758147 1.241694 43.821657 283.819736
894 626.894089 0.849454 43.747290 284.827264
895 626.534906 0.000000 43.842631 283.950398
896 626.882495 0.000000 43.801301 282.954807
897 627.390247 0.044485 43.854181 283.676236
898 627.198454 0.000000 43.833903 283.539658
899 627.018913 0.000000 43.834157 283.564194
900 626.818043 0.000000 43.788282 283.577629
901 626.992688 0.000000 43.746986 283.082120
902 627.040181 0.000000 43.856185 281.914976
903 627.043137 0.000000 43.758364 281.976892
904 627.008760 0.362543 43.793347 282.185942
905 626.822887 0.000000 43.863268 281.795763
906 627.146140 0.000000 43.753500 280.150207
907 627.173579 0.200470 44.029398 280.011454
908 627.135031 0.259148 44.312789 280.749690
909 627.278642 0.376196 44.461678 280.942022
910 627.113214 1.304682 44.295211 281.516469
911 627.078696 0.791597 44.426371 281.757231
912 627.196408 0.710486 44.656732 281.806944
913 626.922674 0.214924 44.728734 282.181666
914 626.500388 0.000000 44.735910 282.331493
915 626.645095 0.136735 44.901009 282.418530
916 626.700410 0.114576 44.889682 282.615295
917 626.480902 0.291423 44.801821 282.625487
918 626.371459 0.787204 44.872874 282.788663
919 626.545993 0.223141 44.861783 282.836339
920 626.337355 0.715177 44.894293 283.057379
921 626.385317 0.000000 44.856418 283.272559
922 626.491661 0.000000 44.885397 282.486967
923 626.455124 0.000000 44.751134 282.712402
924 626.119569 0.000000 44.731509 283.375365
925 626.405996 0.000000 44.926095 283.262995
926 626.591277 0.154853 44.911946 283.306999
927 626.174983 0.000000 44.815801 281.649307
928 626.434813 0.000000 44.768356 281.095971
929 626.536325 0.364835 44.747192 281.538927
930 626.611198 0.590988 44.795553 282.929148
931 626.456571 0.000000 44.790464 282.819876
932 626.266728 0.243886 44.684870 283.279538
933 626.501276 0.015104 44.698084 283.872511
934 626.274532 0.000000 44.821412 283.309084
935 626.530520 0.000000 44.925608 282.948822
936 626.476591 0.528893 44.910704 282.979799
937 626.484094 0.400284 44.728790 283.263993
938 626.281198 0.192171 44.799120 283.206057
939 626.310480 0.000000 44.776604 281.720171
940 626.416845 0.000000 44.789404 281.345961
941 626.304968 0.005032 44.751715 281.847883
942 626.531633 0.000000 44.817582 281.863010
943 626.120025 0.000000 44.729213 282.046792
944 626.275857 0.000000 44.882637 281.293516
945 626.283881 0.000000 44.877176 281.059827
946 626.320320 0.071172 44.890673 281.582149
947 626.386639 0.000000 44.852401 281.819222
948 626.469814 0.000000 44.821732 281.122945
949 626.153642 0.346825 44.768742 281.677519
950 626.364252 0.000000 44.842904 282.079811
951 626.556735 0.000000 44.962586 282.520993
952 626.532181 0.261108 44.909210 282.919775
953 626.489488 0.995606 44.828167 283.089212
954 626.408775 1.048703 44.799167 283.246099
955 626.021328 1.391717 44.688085 283.943469
956 626.195825 0.679347 44.796770 284.236812
957 626.414903 0.000000 44.891806 283.818001
958 626.430643 0.000000 44.870344 282.677548
959 626.531496 0.000000 44.982179 282.610678
960 625.859486 0.038409 44.826897 282.941097
961 626.041773 0.000000 44.847565 281.967546
962 626.090319 0.000000 44.735878 282.010445
963 626.260755 0.000000 44.970822 281.501625
964 626.242861 0.000000 44.878176 280.694790
965 626.505548 0.000000 44.908904 280.379958
966 626.358402 0.000000 44.747211 280.266674
967 626.560941 0.000000 44.923121 280.273025
968 626.407135 0.000000 44.746347 280.324394
969 626.360942 0.000000 44.758041 280.732256
970 626.546970 0.575092 44.828710 281.407454
971 626.553267 0.666023 44.770753 281.286427
972 626.297061 0.265797 44.636689 281.509960
973 626.495447 0.000000 44.670554 281.241788
974 626.375828 0.453794 44.783640 281.444013
975 626.764627 0.734649 44.923306 281.015404
976 626.571117 0.090495 44.639402 281.726123
977 626.203283 0.000000 44.764350 280.820763
978 626.341417 0.000000 44.949838 280.718570
979 626.393260 0.016492 44.948914 280.725814
980 626.724895 0.000000 44.919759 279.964895
981 626.627311 0.000000 44.861677 279.573430
982 626.485065 0.316144 44.785344 280.337711
983 626.330169 0.258453 44.744248 280.910969
984 626.664110 0.471423 44.972489 281.151276
985 626.629403 0.340828 44.809986 281.448818
986 626.468529 0.000000 44.694707 281.547812
987 626.124060 0.000000 44.697282 281.850364
988 626.271409 0.000000 44.725013 280.628991
989 626.456969 0.000000 44.819796 280.353446
990 626.411240 0.000000 44.824416 280.358363
991 626.634723 0.000000 44.829693 280.065500
992 626.451912 0.449485 44.906327 280.322470
993 626.603676 0.503969 44.797311 280.830303
994 626.482659 1.088645 44.738839 281.233667
995 626.235506 2.109070 44.683377 282.290049
996 626.357983 0.952290 44.679611 282.460491
997 626.084073 0.594260 44.749617 282.421991
998 626.308369 0.000000 44.538334 281.106039
999 626.432272 0.000000 44.541512 281.905493
1000 626.314954 0.000000 44.629211 281.698013
1001 626.157849 0.000000 44.716862 281.678742
1002 626.378985 0.000000 44.959550 282.106197
1003 626.460433 0.000000 44.958445 282.530351
1004 626.480020 0.000000 44.933093 283.015458
1005 625.937142 0.417225 44.855148 283.601252
1006 625.926896 0.000000 44.718870 283.749819
1007 626.082893 0.000000 44.516408 283.392567
1008 626.409237 0.000000 44.848187 283.357809
1009 626.580529 0.000000 44.829826 283.382353
1010 626.276996 0.061852 44.778737 283.651676
1011 626.469995 0.000000 44.776570 283.554463
1012 626.150484 0.000000 44.878511 283.434722
1013 626.211765 0.000000 44.872563 282.755146
1014 626.248923 0.000000 44.918315 282.703396
1015 626.159683 0.000000 44.862604 282.244198
1016 626.350644 0.000000 44.983106 282.092416
1017 626.517481 0.000000 45.045377 281.648259
1018 626.460461 0.000000 45.157302 280.650223
1019 626.405969 0.055690 45.272840 280.879810
1020 626.383816 0.308652 45.306781 281.183970
1021 626.356988 0.342827 45.187129 281.975522
1022 626.274328 0.000000 45.152368 281.768731
1023 626.303785 0.000000 45.041915 280.742823
1024 626.448709 0.000000 45.192768 280.830431
1025 626.622661 0.000000 45.070259 280.642881
1026 626.642000 0.377416 45.150335 281.574461
1027 626.552248 0.366565 45.204582 283.166161
1028 626.640302 0.146657 45.300535 283.911052
1029 626.611724 0.000000 45.265552 283.435018
1030 626.586886 0.000000 45.106832 283.378274
1031 626.177153 0.000000 44.983154 283.581222
1032 626.290618 0.000000 44.648388 283.277281
1033 626.460360 0.000000 44.749168 282.513995
1034 626.300308 0.742852 44.623525 283.059254
1035 626.435605 0.000000 44.792131 282.541891
1036 626.326999 0.000000 44.716254 281.334725
1037 626.630068 0.000000 44.872393 279.604710
1038 626.609101 0.000000 44.730676 278.546179
1039 626.648795 0.000000 44.848372 278.269413
1040 626.771992 0.000000 44.853689 276.721233
1041 626.872378 0.000000 44.871820 276.086807
1042 626.889089 0.000000 44.860431 275.682948
1043 626.835840 0.000000 44.774566 274.787180
1044 626.888301 0.000000 44.754363 273.801140
1045 626.776377 0.000000 44.824240 272.241173
1046 626.708275 0.000000 44.847760 271.419404
1047 626.392378 0.000000 44.776310 271.042649
1048 626.302723 0.000000 44.793152 270.913898
1049 626.366735 0.000000 44.948457 270.780134
1050 626.453897 0.000000 45.035946 270.809826
1051 626.642274 0.000000 45.433070 270.683073
1052 626.472395 0.000000 45.406316 269.398345
1053 626.253410 0.000000 45.433087 268.387345
1054 626.112397 0.000000 45.465115 267.509368
1055 625.858395 0.000000 45.395950 266.180830
1056 625.803602 0.000000 45.586589 266.076098
1057 625.638291 0.000000 45.915603 266.177363
1058 625.521366 0.000000 46.069473 265.827464
1059 625.193541 0.000000 46.297927 265.094694
1060 624.758734 0.000000 46.263388 265.456010
1061 624.690006 0.000000 46.275889 264.787561
1062 624.669607 0.000000 46.503288 264.246251
1063 624.744764 0.000000 46.898445 264.342895
1064 624.627763 0.000000 46.900482 264.232520
1065 624.699799 0.000000 46.730091 264.222956
1066 624.762349 0.000000 46.721129 264.178827
1067 624.684430 0.000000 46.802637 263.459740
1068 624.306207 0.000000 46.869853 262.489727
1069 624.163479 0.000000 46.887078 261.560330
1070 624.032260 0.000000 46.792437 261.067269
1071 623.916148 0.000000 46.642111 261.315054
1072 623.795083 0.000000 46.617571 260.898133
1073 623.778888 0.000000 46.623801 260.814594
1074 624.123201 0.000000 46.624572 261.506862
1075 624.147601 0.075888 46.651909 262.902629
1076 624.149680 0.232349 46.660132 264.047861
1077 624.101274 0.000000 46.516901 265.716900
1078 623.944715 0.000000 46.837336 266.998548
1079 623.601845 0.000000 46.887966 268.494519
1080 622.984060 0.000000 46.810718 270.334042
1081 623.099268 0.000000 46.866565 270.751717
1082 623.156299 0.000000 46.815187 271.144378
1083 623.248307 0.000000 46.760373 271.729777
1084 623.384536 0.000000 46.760470 272.152958
1085 623.164418 0.000000 46.357648 272.614815
1086 623.380024 0.130824 46.434381 273.036827
1087 623.561130 0.000000 46.006808 273.756070
1088 623.889442 0.000000 46.068182 273.928598
1089 624.213012 0.000000 46.125360 274.136147
1090 624.290773 0.000000 46.386712 274.771352
1091 624.187641 0.055053 46.328060 275.364175
1092 623.985853 0.000000 46.279311 275.173449
1093 624.115262 0.097000 46.378191 275.552587
1094 624.201814 0.090342 46.360348 276.051958
1095 623.983046 0.506395 46.201308 277.026367
1096 624.225177 0.625776 46.251632 277.597429
1097 624.483418 0.052324 46.045819 278.214377
1098 624.739099 0.061659 46.342240 278.370853
1099 624.666800 0.000000 46.345827 278.391151
1100 624.555751 0.000000 46.322814 277.790803
1101 624.413473 0.000000 46.127599 277.663251
1102 624.288026 0.118426 46.175484 277.816271
1103 624.037318 0.000000 46.294488 277.220247
1104 623.937837 0.000000 46.267014 277.240051
1105 623.606333 0.000000 46.245031 276.633111
1106 623.385363 0.309241 46.236091 276.775325
1107 623.248056 0.766410 46.340379 276.794544
1108 623.154410 0.634769 46.292552 277.018412
1109 623.002752 1.255076 46.334796 277.508879
1110 623.135501 1.467642 46.452656 277.900062
1111 623.211991 1.473760 46.426579 277.887138
1112 623.366136 1.485054 46.463071 277.832536
1113 623.493072 1.042520 46.219816 277.820778
1114 624.201762 0.091158 45.748067 277.471242
1115 624.564751 0.426247 45.660513 277.813008
1116 624.986458 0.546493 45.587752 278.603125
1117 625.101332 0.868549 45.624984 278.515158
1118 625.227385 1.347964 45.608443 278.600568
1119 625.309823 1.651143 45.506171 278.436280
1120 625.482751 1.755644 45.509946 278.317720
1121 625.654032 1.920554 45.509555 278.318158
1122 625.502338 2.386819 46.068811 277.540234
1123 625.609662 2.961585 46.236253 277.693294
1124 625.645367 3.485551 46.086479 277.355172
1125 625.767744 3.508979 46.167293 277.159667
1126 625.828484 3.692272 46.169082 277.133150
1127 625.752841 3.755721 46.220455 277.027649
1128 625.708944 4.256065 46.331869 277.336344
1129 625.657149 4.745207 46.314246 277.436141
1130 625.635651 4.565500 46.249759 277.078395
1131 625.643182 4.509038 46.240002 277.159852
1132 625.764454 4.648427 46.220435 277.555986
1133 625.898285 5.051525 46.307113 278.010008
1134 626.026713 5.065915 46.257976 278.572256
1135 626.073643 5.923982 46.083550 278.926324
1136 625.841010 4.784315 45.908442 278.951947
1137 625.940044 4.973388 45.727361 277.975691
1138 625.548418 5.040821 45.442653 277.968689
1139 625.679289 4.359008 45.313960 277.714398
1140 625.432391 4.869347 45.154403 277.006855
1141 625.888539 4.406037 45.178883 277.355134
1142 625.994352 4.707216 45.245433 277.086056
1143 625.997867 4.613181 45.263951 276.827829
1144 625.862848 4.849578 45.272172 276.246884
1145 625.645463 5.737596 45.238276 275.871730
1146 625.565287 4.647406 45.236379 275.488075
1147 625.968483 2.816007 45.353753 273.827533
1148 625.938828 2.890377 45.411311 273.535945
1149 625.862757 3.023631 45.475759 273.495417
1150 625.674432 3.336832 45.305325 273.354900
1151 625.524241 3.517704 45.234321 273.210583
1152 625.660396 3.278823 45.488479 273.408723
1153 625.734312 3.159109 45.435137 273.554526
1154 625.576252 3.065860 45.303737 273.637424
1155 625.722683 3.181573 45.523059 273.920262
1156 625.943358 3.060307 45.971751 273.649679
1157 625.959874 3.128267 45.970380 273.727862
1158 625.834783 2.860826 45.983810 273.410283
1159 625.731416 2.581512 46.000715 272.926474
1160 625.749229 2.544634 46.205998 272.872596
1161 625.608439 2.027150 46.209295 272.562555
1162 625.323218 1.504452 46.277089 272.644371
1163 625.036010 1.368593 46.176721 273.315236
1164 625.091284 1.329856 46.278614 273.684485
1165 625.035261 1.398795 46.289781 274.493269
1166 625.182446 1.530147 46.309805 275.155192
1167 625.111854 1.509597 46.226550 275.963863
1168 625.216300 1.062829 46.351818 276.505582
1169 625.023652 0.861548 46.176459 277.812963
1170 624.907051 0.000000 46.331880 278.164368
1171 624.941392 0.000000 46.352091 277.931179
1172 625.018189 0.000000 46.191734 277.663930
1173 624.870981 0.000000 46.108220 276.939993
1174 624.770224 0.000000 46.393685 276.719897
1175 624.423306 0.098194 46.485636 276.773436
1176 624.222495 0.218622 46.503905 276.940496
1177 624.404785 0.000000 46.825884 277.271964
1178 624.443399 0.000000 46.810714 277.212288
1179 624.186874 0.000000 46.808186 277.435343
1180 624.266257 0.000000 46.924933 277.115355
1181 624.295247 0.000000 46.800396 277.531075
1182 624.416036 0.000000 46.713475 277.639053
1183 624.414438 0.000000 46.791016 277.738887
1184 624.373011 0.000000 46.791550 277.690693
1185 624.330012 0.000000 46.812785 278.433455
1186 624.451349 0.000000 46.915812 278.407459
1187 624.526838 0.000000 46.831397 278.306435
1188 624.658186 0.000000 46.837446 278.328369
1189 624.787188 0.000000 46.832070 278.321625
1190 624.930617 0.000000 46.833020 278.348901
1191 625.055907 0.000000 46.835942 278.314679
1192 625.044379 0.000000 46.792832 278.201115
1193 625.100646 0.000000 46.718471 277.964092
1194 625.245797 0.000000 46.721703 277.108932
1195 625.288263 0.036549 46.796613 277.753384
1196 625.300069 0.000000 46.704376 277.614422
1197 625.393029 0.000000 46.624263 277.168041
1198 625.186629 0.000000 46.607999 277.248476
1199 625.326032 0.000000 46.814833 277.619278
1200 625.342174 0.273993 46.711790 278.313678
1201 625.313387 0.000000 46.531596 278.643653
1202 625.236251 0.000000 46.431819 279.535592
1203 625.022195 0.000000 46.043251 278.422737
1204 625.266765 0.000000 46.223308 277.259138
1205 625.259587 0.000000 46.172229 276.577784
1206 625.293520 0.000000 46.247524 276.569577
1207 625.175024 0.000000 46.200136 276.381049
1208 625.278657 0.000000 46.294965 275.967938
1209 625.313248 0.000000 46.246202 275.714204
1210 625.314200 0.000000 46.260266 275.981864
1211 625.383941 0.000000 46.273488 276.330768
1212 625.464771 0.000000 46.399579 276.343866
1213 625.448625 0.000000 46.354885 276.390504
1214 625.462271 0.000000 46.356317 276.375491
1215 625.509809 0.000000 46.242796 276.989539
1216 625.364648 0.000000 46.162841 277.247419
1217 625.211157 0.000000 46.303654 277.692028
1218 625.148002 0.000000 46.284734 278.052471
1219 625.255711 0.000000 46.341393 278.628760
1220 625.322755 0.147372 46.036641 279.439357
1221 625.551479 0.000000 46.114322 279.287861
1222 625.747415 0.000000 46.113812 279.177161
1223 625.939930 0.000000 46.109599 279.238588
1224 626.128929 0.000000 46.238251 278.831023
1225 625.724558 0.066635 45.957428 280.100939
1226 625.766710 0.000000 45.723000 279.800737
1227 625.809604 0.000000 45.684158 279.365409
1228 625.994759 0.122152 45.741734 279.995627
1229 625.757278 0.000000 45.588210 280.382662
1230 626.121367 0.000000 45.905824 280.340973
1231 626.058493 0.000000 45.701647 280.022594
1232 625.937785 0.136222 45.557276 280.578245
1233 625.777162 0.608114 45.618015 281.307537
1234 625.792650 0.411255 45.835138 280.909108
1235 625.702119 0.300347 45.588263 280.919940
1236 625.936342 0.000000 45.621180 279.884482
1237 625.721940 0.000000 45.546603 278.403142
1238 626.058644 0.000000 45.833416 276.828547
1239 625.776604 0.000000 45.570378 276.722654
1240 625.907349 0.022835 45.914837 276.634445
1241 625.848722 0.043440 45.913874 276.695573
1242 625.820443 0.148632 45.911518 277.120698
1243 625.818683 0.336722 45.815974 277.754588
1244 625.852067 0.000000 45.791111 278.232722
1245 626.054101 0.000000 45.843605 277.737856
1246 625.969173 0.000000 45.716994 278.271162
1247 626.049573 0.365622 45.668993 279.620373
1248 625.877911 0.000000 45.526800 279.749969
1249 625.766118 0.000000 45.514091 279.435200
1250 625.311050 0.000000 45.580634 278.885079
1251 625.574256 0.336986 45.797020 278.906940
1252 625.732596 0.615307 45.757742 278.916838
1253 625.912974 0.000000 45.651386 279.062024
1254 625.776182 0.000000 45.717069 279.579022
1255 625.752873 0.000000 45.543470 277.669523
1256 626.134306 0.000000 45.700998 278.488554
1257 626.296959 0.048498 45.637409 278.788772
1258 626.431931 0.573579 45.709063 279.085463
1259 626.326256 0.586345 45.632187 279.736938
1260 626.222071 0.000000 45.598695 279.822127
1261 626.210581 0.000000 45.618168 279.291909
1262 626.129924 0.144362 45.546919 279.633556
1263 626.100912 0.000000 45.568199 279.839322
1264 626.060448 0.000000 45.570617 279.606684
1265 625.979763 0.000000 45.563834 279.547004
1266 625.873413 0.000000 45.585841 279.655991
1267 625.729371 0.000000 45.736314 280.009464
1268 625.826038 0.000000 45.912962 279.893931
1269 625.742887 0.000000 45.789501 278.333422
1270 625.832364 0.000000 45.888263 278.238861
1271 625.929513 0.000000 45.938790 278.310285
1272 625.999146 0.000000 45.937585 278.277069
1273 625.919299 0.000000 45.867217 278.239176
1274 626.236037 0.000000 45.920944 278.408053
1275 626.094593 0.000000 45.785748 278.226671
1276 626.003047 0.000000 45.726812 278.145759
1277 625.976953 0.134598 45.741326 278.334187
1278 626.009595 0.000000 45.738179 278.396795
1279 626.070493 0.000000 45.662856 278.159473
1280 626.078125 0.000000 45.697126 278.702295
1281 626.076747 0.035225 45.638636 279.422008
1282 625.956205 0.000000 45.595833 279.866949
1283 625.972343 0.000000 45.546357 279.796827
1284 626.024491 0.000000 45.599283 279.054754
1285 625.970521 0.296605 45.544813 280.237376
1286 625.992670 0.262678 45.663426 280.855809
1287 625.940471 0.509351 45.768301 281.184412
1288 625.706901 0.000000 45.597122 281.062784
1289 625.972069 0.000000 45.781510 280.332150
1290 625.897897 0.000000 45.713430 279.592629
1291 625.723586 0.000000 45.580334 280.310390
1292 625.915834 0.000000 45.666554 280.966263
1293 625.898961 0.000000 45.497186 281.137568
1294 625.837588 0.000000 45.367246 279.514588
1295 625.782293 0.000000 45.274881 279.578472
1296 625.773765 0.000000 45.274788 279.550295
1297 625.551854 0.000000 45.121162 279.284510
1298 625.939082 0.000000 45.367218 279.363796
1299 625.942568 0.000000 45.315969 279.705962
1300 625.965308 0.000000 45.143195 279.984372
1301 626.099194 0.000000 45.190123 279.180372
1302 626.179433 0.000000 45.267166 278.984345
1303 626.146622 0.000000 45.219745 278.266143
1304 626.150036 0.000000 45.354660 277.557430
1305 626.006081 0.000000 45.182810 277.096162
1306 626.046645 0.000000 45.266272 277.042742
1307 626.085776 0.000000 45.423148 276.740975
1308 626.039943 0.301208 45.381305 276.770266
1309 625.990975 0.527290 45.328384 277.052358
1310 625.884113 0.212228 45.234843 277.521052
1311 625.770248 0.258919 45.204159 278.162851
1312 625.869074 0.000000 45.113610 278.109982
1313 626.033153 0.000000 45.348301 278.088037
1314 625.961845 0.000000 45.310834 277.900926
1315 625.971138 0.000000 45.280134 278.334861
1316 626.119328 0.000000 45.279461 278.899880
1317 626.176587 0.000000 45.178084 279.412720
1318 626.104512 0.000000 45.004691 279.379924
1319 626.113845 0.000000 45.128300 279.268590
1320 626.010918 0.000000 45.126868 278.833801
1321 625.888286 0.000000 45.211783 278.675366
1322 625.874361 0.071745 45.303672 279.115743
1323 625.716183 0.000000 45.237397 279.371296
1324 625.570107 0.000000 45.247963 279.200082
1325 625.520537 0.000000 45.238000 278.864803
1326 625.768307 0.065962 45.277504 279.235889
1327 625.655467 0.000000 44.969194 279.710945
1328 625.665651 0.000000 44.682658 279.323868
1329 625.821775 0.000000 44.745905 279.406811
1330 625.912083 0.000000 44.697769 279.431364
1331 626.028984 0.000000 44.713238 279.689904
1332 626.241717 0.645460 44.796568 280.631350
1333 626.372535 0.532070 44.737678 281.341450
1334 626.096488 0.722984 44.722825 281.824205
1335 626.301405 0.000000 44.771828 282.358288
1336 626.778729 0.000000 44.892920 282.357508
1337 626.773864 0.000000 44.797952 281.640775
1338 626.356534 0.000000 44.732749 281.259824
1339 626.414711 0.000000 44.832883 280.599942
1340 626.391987 0.000000 44.730262 280.861701
1341 626.136157 0.061633 44.532306 281.496719
1342 626.351904 0.000000 44.783713 280.986596
1343 626.549367 0.000000 44.783123 281.027283
1344 626.465862 0.207875 44.694245 281.433932
1345 626.294031 0.000000 44.476572 281.515215
1346 626.064247 0.000000 44.254869 280.584428
1347 626.657852 0.261061 44.459316 281.357515
1348 626.685082 0.364035 44.288877 281.759627
1349 626.749512 0.000000 44.315291 282.237634
1350 626.802535 0.000000 44.338305 281.700657
1351 626.693164 0.000000 44.259306 281.854057
1352 626.814933 0.000000 44.349339 282.213598
1353 626.897915 0.367056 44.478127 282.363246
1354 626.685377 0.198875 44.260479 282.757788
1355 626.853479 0.409706 44.387143 282.964793
1356 626.909269 0.521555 44.479220 282.324601
1357 626.863319 0.000000 44.412188 281.642705
1358 626.880697 0.000000 44.382038 281.272870
1359 627.049957 0.006986 44.347784 281.630337
1360 626.952508 0.440678 44.171641 282.665361
1361 627.012306 0.000000 44.143920 282.734040
1362 627.057420 0.000000 44.216201 282.634979
1363 627.244241 0.165345 44.215798 282.161884
1364 626.785725 0.000000 44.105748 282.215158
1365 627.171131 0.000000 44.263306 282.142310
1366 627.135768 0.000000 44.263845 281.830895
1367 626.939631 0.000000 44.031475 282.170693
1368 627.347215 0.000000 44.191334 282.264225
1369 627.130926 0.000000 44.207193 281.966528
1370 626.938891 0.000000 44.029573 281.840341
1371 627.111524 0.000000 44.002307 282.044653
1372 627.078100 0.000000 44.254833 282.152881
1373 627.221622 0.000000 44.350493 282.045208
1374 627.047756 0.000000 44.182329 282.614189
1375 627.315478 0.298325 44.189874 283.508203
1376 626.942356 0.000000 44.110894 284.378657
1377 627.109326 0.000000 44.241161 284.020798
1378 627.216951 0.000000 44.384765 284.130839
1379 626.813491 0.000000 44.377569 284.013849
1380 626.939837 0.000000 44.400741 283.370710
1381 626.878087 0.000000 44.297488 282.281782
1382 626.723702 0.095679 44.253021 282.577362
1383 626.654546 0.000000 44.231318 282.132491
1384 626.920899 0.000000 44.311151 282.499207
1385 627.139685 0.000000 44.395737 282.479787
1386 627.332316 0.385022 44.349485 282.551673
1387 626.615066 0.000000 44.351777 282.553403
1388 626.479510 0.135044 44.378206 282.127041
1389 626.116510 0.459504 44.206720 283.091483
1390 626.258416 0.000000 44.270597 282.789056
1391 626.485336 0.000000 44.342627 282.656051
1392 626.795906 0.000000 44.197626 283.277879
1393 626.905068 0.000000 44.345768 282.964911
1394 626.851775 0.085732 44.460133 282.614530
1395 626.912152 0.427015 44.372740 282.712459
1396 626.784385 0.137989 44.444002 282.600023
1397 626.718832 0.589002 44.450907 282.604692
1398 626.527445 0.367909 44.438462 282.580416
1399 626.244324 0.000000 44.455883 282.139458
1400 626.180863 0.000000 44.337840 282.396902
1401 626.178368 0.000000 44.343478 282.262765
1402 626.147900 0.295218 44.279882 282.513363
1403 626.029703 0.449284 44.245416 283.071359
1404 626.364645 0.643313 44.276245 284.465628
1405 625.861783 0.013644 44.432990 283.692469
1406 625.926186 0.000000 44.460882 282.153147
1407 626.158557 0.000000 44.389452 281.495661
1408 626.415590 0.000000 44.341885 280.451608
1409 626.526162 0.345484 44.376347 280.783489
1410 626.512943 0.632618 44.529756 279.876189
1411 626.248372 0.186701 44.663200 280.241114
1412 626.401674 0.000000 44.654737 279.579305
1413 626.118604 0.000000 44.763695 280.166475
1414 626.505653 0.000000 44.812844 280.838020
1415 626.251654 0.000000 44.690879 280.654148
1416 626.463197 0.000000 44.761446 280.167483
1417 626.604964 0.000000 44.793519 279.846060
1418 626.257838 0.000000 44.726668 279.659978
1419 626.353326 0.000000 44.680504 278.765893
1420 626.270884 0.980707 44.771924 279.489445
1421 626.456745 0.414230 44.603848 279.793047
1422 625.971250 0.211237 44.885530 279.445969
1423 626.095909 0.000000 44.940150 279.489160
1424 626.119931 0.000000 44.883024 278.857779
1425 626.348407 0.036228 44.909423 279.022004
1426 626.530476 0.000000 44.762991 279.467545
1427 626.623480 0.342247 44.756606 280.004716
1428 626.562909 0.161091 44.551318 281.204035
1429 626.429617 0.338940 44.563665 282.160638
1430 626.144954 0.000000 44.579340 281.484066
1431 626.391634 0.000000 44.740714 280.514184
1432 626.022729 0.291533 44.538403 281.475950
1433 626.344116 0.000000 44.719739 281.306398
1434 626.675621 0.000000 44.791176 281.304637
1435 626.664067 0.389994 44.556453 282.117765
1436 626.487599 0.098848 44.596458 283.089866
1437 626.229864 0.233174 44.652941 283.744993
1438 626.467370 0.000000 44.732309 283.525802
1439 626.085787 0.000000 44.768710 283.375248
1440 626.504663 0.000000 44.629164 283.090046
1441 626.225733 0.070524 44.624933 283.418430
1442 626.526428 0.000000 44.789987 282.652588
1443 626.647113 0.531377 44.822483 282.457157
1444 626.547525 0.457858 44.779548 282.454496
1445 626.303324 0.000000 44.647418 282.195540
1446 626.604005 0.000000 44.900763 281.808967
1447 626.124896 0.000000 44.722035 280.754386
1448 626.344632 0.000000 44.732629 280.346328
1449 626.644900 0.000000 44.854429 280.127373
1450 626.689488 0.000000 44.691561 280.784649
1451 626.717549 0.432765 44.722896 280.728909
1452 626.633607 0.172246 44.579936 281.252185
1453 626.663830 0.703594 44.648319 281.831225
1454 626.502984 0.934579 44.687450 282.276144
1455 626.168947 0.773161 44.718068 282.655990
1456 626.301613 0.000000 44.701661 281.345587
1457 626.480590 0.030267 44.746463 281.678593
1458 626.494641 0.000000 44.745752 281.614640
1459 626.388213 0.000000 44.753406 281.419811
1460 626.167651 0.231170 44.611191 281.976099
1461 626.248967 0.000000 44.589710 281.802899
1462 626.313363 0.000000 44.714810 281.553498
1463 626.490691 0.000000 44.796189 281.193952
1464 626.482748 0.284005 44.870063 281.122761
1465 626.467004 0.510303 44.801437 281.141056
1466 626.228709 1.288909 44.644086 281.435717
1467 626.410020 1.190284 44.657585 281.844997
1468 626.395357 0.546095 44.608393 281.982627
1469 626.482265 0.000000 44.644903 281.068425
1470 626.380859 0.571912 44.591995 282.014435
1471 626.167179 0.277795 44.604419 282.721444
1472 626.467816 0.096417 44.758674 282.216807
1473 626.537663 0.253761 44.708407 282.263226
1474 626.191422 0.236134 44.608264 282.490180
1475 626.553020 0.000000 44.832407 281.778270
1476 626.567560 0.000000 44.567310 281.690249
1477 626.592942 0.000000 44.615000 280.823588
1478 626.482599 0.490341 44.786507 280.673437
1479 626.308124 0.533700 44.695389 280.847518
1480 626.667004 0.000000 44.757887 280.787932
1481 626.606445 0.393807 44.712941 280.664767
1482 626.314313 0.427419 44.514458 281.493825
1483 626.220008 0.312519 44.633707 281.379435
1484 626.417424 0.000000 44.796410 280.447255
1485 626.323274 0.131154 44.606507 281.273680
1486 626.059869 0.000000 44.617234 280.923070
1487 626.201979 0.000000 44.637960 280.201234
1488 626.425241 0.000000 44.781376 280.218726
1489 626.364749 0.202819 44.775720 280.148377
1490 626.391668 0.000000 44.712540 279.110471
1491 626.158076 0.138455 44.578895 279.784717
1492 626.571740 0.000000 44.519569 280.072501
1493 626.562896 0.000000 44.718930 280.503410
1494 626.332295 0.942745 44.697400 280.997990
1495 626.545567 0.000000 44.629977 280.806673
1496 626.304873 0.719388 44.686484 281.053342
1497 626.525907 0.000000 44.611464 280.952794
1498 626.661860 0.516436 44.767251 281.080837
1499 626.577193 1.109767 44.674268 281.866729
1500 626.510031 0.560256 44.488189 283.091814
1501 626.554945 1.150568 44.191680 283.524766
1502 626.782414 2.171207 44.220746 283.835666
1503 626.839254 4.175240 44.449407 282.597911
1504 626.514617 5.598750 44.323437 282.646417
1505 626.479004 5.432066 44.461894 282.063415
1506 626.388839 5.646668 44.496815 281.621444
1507 626.420442 5.755345 44.571227 281.539151
1508 626.257478 4.309437 44.541492 282.578132
1509 626.343455 4.978388 44.540986 282.032512
1510 625.661043 5.402175 44.437854 282.527426
1511 625.987269 2.801650 44.191678 282.797340
1512 626.233062 1.128482 44.391037 281.810865
1513 626.290520 1.419776 44.211662 282.363225
1514 626.237066 1.378822 44.227337 282.802888
1515 626.107117 0.815284 44.296295 283.140775
1516 626.373938 0.000000 44.256303 282.538713
1517 626.634170 1.034470 44.255945 283.587645
1518 626.706547 0.581536 44.355732 283.752246
1519 626.690752 0.000000 44.417678 283.654811
1520 626.641169 0.000000 44.246313 281.910591
1521 626.585510 0.291817 44.230078 281.931569
1522 626.216178 0.842201 44.122386 282.060806
1523 626.144118 0.937882 44.141898 282.467873
1524 626.168184 0.410283 44.263376 282.864314
1525 626.452176 1.448205 44.270582 283.084219
1526 626.185342 0.921604 44.231012 282.804874
1527 626.071067 0.750154 44.237066 283.481983
1528 626.372308 0.000000 44.183873 281.946122
1529 626.367479 0.000000 44.216095 281.713252
1530 626.372067 0.000000 44.227439 282.188824
1531 626.424510 0.018740 44.331612 282.277748
1532 626.583523 0.665971 44.280966 282.314482
1533 626.635845 0.079081 44.265285 282.355002
1534 626.786487 0.000000 44.262111 281.639881
1535 627.119827 0.540340 44.182305 282.567415
1536 626.868661 1.312498 44.153424 283.671432
1537 626.826047 1.337785 44.145885 284.091247
1538 626.797660 1.244048 44.272839 284.152018
1539 626.670164 1.252628 44.301193 284.125239
1540 626.724781 0.713128 44.394619 284.010525
1541 626.844308 0.000000 44.162890 283.690947
1542 627.051503 0.000000 44.172646 284.109621
1543 627.324883 0.000000 44.309651 284.648550
1544 626.919772 0.378798 44.292650 285.274040
1545 626.945528 0.800306 44.338566 285.274462
1546 626.864656 0.615684 44.311144 285.240101
1547 626.929409 0.168821 44.443597 284.882755
1548 626.893829 0.755464 44.430494 284.536124
1549 626.806455 0.354617 44.302922 284.693046
1550 626.906572 0.000000 44.092187 285.868226
1551 627.018357 0.000000 44.235175 285.013969
1552 627.176768 1.073955 44.204153 285.458846
1553 626.415393 0.141328 44.209298 285.273305
1554 626.322303 0.023474 44.304168 285.039108
1555 626.028438 0.000000 44.380898 283.391181
1556 626.368197 0.000000 44.254481 282.532099
1557 626.190584 0.127290 44.143845 282.978976
1558 626.051367 0.225381 44.104365 283.370073
1559 626.608340 0.017883 44.215596 284.558202
1560 626.859552 0.545682 44.338163 285.028933
1561 627.028477 0.502257 44.223800 285.385931
1562 627.068444 0.000000 44.342950 285.238494
1563 627.036341 0.000000 44.342001 283.590849
1564 627.000966 0.000000 44.333359 282.935051
1565 627.222795 0.000000 44.116159 282.873294
1566 627.202836 0.553433 44.183835 283.712334
1567 626.323120 1.195469 44.355715 283.885555
1568 626.037111 1.564256 44.206279 283.798289
1569 626.323455 1.369053 43.920697 285.744422
1570 626.301426 1.153039 43.709701 285.593356
1571 626.380625 1.015055 43.709243 285.601361
1572 626.815039 0.000000 43.895297 284.621604
1573 627.244123 0.000000 43.679908 284.450073
1574 627.569947 0.000000 43.839589 284.007963
1575 627.489086 0.000000 43.782995 284.912338
1576 627.530030 0.975756 43.718806 285.198127
1577 627.628051 1.817533 43.767501 285.187647
1578 627.410812 2.729352 43.885510 284.796417
1579 626.906568 3.699807 44.030397 283.741525
1580 626.556730 3.999053 44.386089 284.144739
1581 626.337312 2.872664 44.309665 284.074326
1582 626.105214 2.534070 44.315757 284.209986
1583 626.417082 2.571526 44.275135 284.447635
1584 626.168675 3.161349 44.451809 283.825226
1585 626.364120 2.510701 44.048166 283.933982
1586 626.320338 2.253948 44.439901 283.105905
1587 626.339967 1.689089 44.452832 283.138047
1588 626.414295 1.864874 44.383421 282.474553
1589 626.527097 0.910890 44.292701 281.977662
1590 626.804445 0.000000 44.028022 282.992466
1591 627.112664 0.000000 44.309260 282.965254
1592 627.096567 0.315480 44.360248 282.691988
1593 627.131901 0.952265 44.390685 282.971041
1594 627.183299 0.195561 44.201475 283.193133
1595 626.827685 1.532349 44.388262 284.162006
1596 626.944416 0.694720 44.202994 284.538772
1597 627.417800 0.000000 44.266124 284.466735
1598 627.193293 0.000000 44.307896 284.532993
1599 626.784798 0.626373 44.351635 284.113466
1600 626.734833 0.920775 44.162438 284.557940
1601 627.076842 0.525749 44.076440 284.937731
1602 626.581656 0.000000 44.173605 284.263455
1603 626.872009 0.292704 44.188588 284.589861
1604 626.997062 1.122323 44.276442 284.307773
1605 627.086599 1.694224 44.172252 285.112560
1606 626.869095 0.473807 44.007942 285.100710
1607 627.137665 0.220156 44.360524 284.929300
1608 627.205092 0.216898 44.447421 284.581990
1609 627.242938 0.329225 44.437437 284.611846
1610 626.848920 0.000000 44.083803 285.039584
1611 626.972873 0.185868 44.239930 285.109464
1612 627.151519 0.000000 44.397556 284.546340
1613 627.270371 0.000000 44.359248 284.232949
1614 626.749137 0.000000 44.312231 283.604733
1615 626.677690 0.000000 44.281115 283.360538
1616 626.597977 0.000000 44.498525 282.671059
1617 626.474035 0.264006 44.385930 282.419305
1618 626.404266 0.000000 44.210835 282.220320
1619 626.658811 0.000000 44.274741 282.638574
1620 626.799393 0.295187 44.162709 283.234980
1621 626.871862 0.000000 44.075231 283.494191
1622 627.040617 0.000000 44.203107 281.625803
1623 627.445658 0.000000 44.290891 281.883416
1624 627.310607 0.000000 44.087606 282.141071
1625 627.146110 0.000000 44.174376 281.737785
1626 626.687043 0.000000 44.092491 281.638497
1627 626.698085 0.444511 44.270386 282.657347
1628 626.841056 0.000000 44.305095 282.563699
1629 626.886387 0.000000 44.434511 282.424594
1630 627.337073 0.000000 44.338456 281.652547
1631 626.830496 0.000000 44.229565 281.735925
1632 626.851796 0.128676 44.261097 283.309800
1633 626.849780 0.518029 44.256445 284.031906
1634 626.748193 0.592784 44.174864 284.748258
1635 626.772791 0.000000 44.114092 284.390872
1636 626.902960 0.000000 44.330740 283.858709
1637 626.802392 0.003476 44.248060 284.103408
1638 626.993459 0.000000 44.350311 283.819927
1639 627.163658 0.000000 44.267221 282.371887
1640 627.005017 0.000000 44.175783 282.999994
1641 627.125943 0.000000 44.286674 283.303521
1642 626.851854 0.000000 44.183415 282.430120
1643 627.066955 0.000000 44.106137 282.126483
1644 626.904154 0.000000 44.171044 282.402393
1645 627.027473 0.622438 44.403769 283.486052
1646 626.934400 0.237285 44.279532 283.782168
1647 627.090625 0.000000 44.247559 283.012541
1648 627.232367 0.000000 44.268271 283.332556
1649 626.449168 0.000000 44.251429 283.128695
1650 626.650305 0.000000 44.184372 282.817613
1651 626.965867 0.312368 44.160640 283.528471
1652 627.148196 0.000000 44.286384 283.550805
1653 626.607942 0.000000 44.293649 282.490820
1654 626.830531 0.000000 44.500904 280.812380
1655 627.020639 0.000000 44.537289 281.621789
1656 627.013104 0.000000 44.462445 282.058618
1657 627.118539 0.000000 44.443045 280.709766
1658 627.172705 0.439349 44.253598 281.230666
1659 626.812098 0.921187 44.369527 282.538240
1660 626.957811 0.000000 44.253008 281.767402
1661 627.176813 0.000000 44.129374 281.667956
1662 626.899584 0.000000 44.122616 282.525025
1663 627.076769 0.000000 44.372169 282.060687
1664 627.176738 0.000000 44.326641 281.579043
1665 626.750731 0.000000 44.045564 281.830526
1666 627.059282 0.000000 44.156002 282.493950
1667 627.764286 1.247659 44.186063 283.327206
1668 627.421326 1.160129 44.058001 283.779857
1669 627.034662 0.494790 44.127454 283.911339
1670 627.150871 0.000000 44.122558 283.528901
1671 626.906322 0.000000 44.105163 283.672466
1672 627.207770 0.000000 44.192940 282.900661
1673 627.040096 0.000000 44.177467 282.780805
1674 627.068893 0.000000 44.561788 281.823977
1675 627.218679 0.000000 44.607486 281.530722
1676 627.385344 0.000000 44.681592 281.464029
1677 626.695325 0.000000 44.497785 282.989384
1678 626.962428 0.000000 44.222121 281.993545
1679 627.226094 0.000000 44.141140 281.726627
1680 627.146212 0.000000 44.002268 282.297376
1681 627.374932 0.000000 44.192070 282.762933
1682 627.447651 0.000000 44.268581 282.763359
1683 627.327411 0.000000 44.311403 282.645825
1684 627.183158 0.000000 44.298774 282.709126
1685 626.530261 0.208834 44.203404 283.307000
1686 626.778043 0.000000 44.257511 281.774070
1687 627.140668 0.000000 44.224322 280.944814
1688 627.085972 0.612505 44.207531 281.267674
1689 627.461888 1.243949 44.327581 281.969616
1690 627.262934 0.374583 43.900601 283.565343
1691 627.106996 0.000000 43.681939 283.999847
1692 627.184097 0.000000 43.794891 282.794498
1693 627.120852 1.593865 43.928636 282.499381
1694 626.875928 1.384329 43.809024 282.482542
1695 627.124245 0.952931 43.936277 282.845212
1696 626.824861 0.462720 43.738415 283.123583
1697 627.156482 0.658256 43.900987 283.871240
1698 627.038807 0.000000 43.739441 284.192811
1699 627.198170 0.000000 43.833316 284.207001
1700 627.235192 0.000000 43.839327 284.474374
1701 627.226239 1.335513 43.937490 284.752993
1702 627.079583 1.937108 43.797302 284.965672
1703 626.847511 1.299703 43.770719 284.496523
1704 627.183820 0.019277 43.839478 284.804842
1705 626.947207 0.000000 43.950439 282.781982
1706 627.127812 0.589926 44.083474 282.587554
1707 626.944954 0.464886 44.286912 283.892067
1708 626.953817 0.000000 44.250398 283.361782
1709 626.963932 0.283104 44.344794 283.351001
1710 627.385907 0.307018 44.456878 283.191755
1711 626.989469 0.560974 44.160831 284.120343
1712 627.174158 0.000000 44.268528 283.744106
1713 626.794755 0.000000 44.257239 282.996309
1714 626.932863 0.000000 44.314520 282.549456
1715 627.197897 0.228362 44.398336 282.455673
1716 627.064989 0.000000 44.368205 281.210804
1717 626.813066 0.670698 44.489176 280.649172
1718 626.623187 0.647242 44.225370 280.795610
1719 626.760184 0.591850 44.080848 281.915442
1720 626.830738 0.000000 44.004545 283.628010
1721 626.937296 0.693935 44.021262 284.801291
1722 627.131519 0.000000 44.093583 284.422100
1723 627.098652 0.000000 44.374889 283.844316
1724 626.969479 0.000000 44.438273 283.120979
1725 626.989756 0.000000 44.192989 282.224312
1726 627.308973 0.456842 44.158304 282.568256
1727 627.050420 0.058243 44.183604 283.472753
1728 626.898479 0.118288 44.446907 282.862475
1729 626.712385 0.487978 44.441458 282.466104
1730 626.372000 0.146553 44.238719 282.616279
1731 626.410245 0.047810 44.299281 282.394732
1732 626.625898 0.000000 44.140983 282.784076
1733 626.856685 0.083132 44.050687 283.239311
1734 627.236963 0.000000 44.339829 281.791034
1735 626.756031 0.000000 44.205848 281.475253
1736 626.888776 0.000000 44.211949 281.691839
1737 627.228596 0.000000 44.150294 281.801398
1738 626.991141 0.000000 44.070616 282.230381
1739 627.243088 0.000000 44.326153 282.575620
1740 626.656933 0.000000 44.063779 283.854798
1741 626.796339 0.000000 44.292682 284.280257
1742 627.074544 0.401622 44.392227 284.392259
1743 627.241855 0.000000 44.097488 283.837925
1744 626.562742 0.000000 44.081153 283.649449
1745 626.677582 0.000000 44.179453 282.972731
1746 626.797108 0.258074 44.195264 282.927454
1747 626.633191 0.099865 44.197447 282.868564
1748 626.594398 0.664447 44.292272 282.721258
1749 626.512631 0.000000 44.346568 282.758319
1750 626.429306 0.512559 44.268144 282.916739
1751 626.576948 0.089641 44.238214 282.828094
1752 626.647247 0.711474 44.390271 282.352791
1753 626.342117 0.585430 44.215995 283.101586
1754 626.127687 0.116115 44.360097 283.012245
1755 626.567844 0.000000 44.087572 283.054814
1756 626.934231 0.428329 44.169903 283.355935
1757 626.943556 1.064143 44.194180 283.484035
1758 627.025620 0.485268 44.339591 282.999281
1759 627.247079 1.542772 44.264507 282.631398
1760 626.757201 0.596208 43.983318 283.604796
1761 626.959724 0.000000 43.804551 284.223576
1762 627.093125 0.000000 43.812339 284.025788
1763 627.295445 0.000000 43.884112 283.497199
1764 627.228492 0.000000 43.858247 282.281317
1765 627.461087 0.460346 43.762856 283.030542
1766 627.379451 0.472442 43.874577 283.458620
1767 627.478963 0.609579 43.968449 283.143413
1768 627.570299 0.000000 43.880678 282.398198
1769 627.645352 0.000000 43.836358 281.568540
1770 627.575555 0.000000 43.830930 281.184387
1771 627.729553 1.048541 43.822120 281.560873
1772 627.595121 0.996654 43.622343 282.636074
1773 627.479887 0.306265 43.815188 283.186912
1774 627.078397 0.807405 43.783816 283.781411
1775 626.962836 0.470783 43.945515 283.540812
1776 627.102513 0.090017 43.793878 284.303277
1777 627.142824 0.094543 44.118068 282.945565
1778 626.996073 0.531332 44.330768 282.989218
1779 627.064720 0.269721 44.087765 283.864565
1780 626.602458 0.000000 44.002169 284.340986
1781 627.057029 0.000000 44.224033 284.201558
1782 627.339049 0.000000 44.311840 284.883968
1783 627.041941 0.305420 44.226138 284.731614
1784 627.250067 0.000000 44.328862 283.728323
1785 626.816604 0.000000 44.027940 284.953325
1786 627.209737 0.288842 44.440896 284.604005
1787 627.336357 1.111104 44.079122 285.602004
1788 626.759489 0.000000 44.020127 285.398500
1789 627.018500 0.000000 44.039994 284.258129
1790 627.359418 0.000000 44.367327 282.239720
1791 627.196105 0.293633 44.187765 282.807090
1792 627.102470 0.572790 44.179642 283.044087
1793 626.477481 0.000000 44.207420 283.398425
1794 626.535357 0.000000 44.325020 282.381722
1795 626.556615 0.579887 44.295818 283.000327
1796 626.421473 0.515098 44.231655 283.454984
1797 626.384792 0.293695 44.300632 283.802851
1798 626.441354 0.000000 44.272721 282.953495
1799 626.600202 0.194538 44.352329 282.787286
1800 626.785396 0.872927 44.448543 282.636242
1801 626.744929 0.818503 44.292586 283.164430
1802 626.790232 0.389373 44.186320 283.383445
1803 626.956686 0.238224 44.370331 283.172153
1804 627.038074 0.178635 44.375004 283.175506
1805 627.098505 0.427008 44.355645 283.351366
1806 627.253936 0.467259 44.328368 283.276109
1807 626.970874 0.333373 44.245346 283.626491
1808 626.875788 0.000000 44.187871 283.008441
1809 626.818465 0.000000 44.258476 282.145668
1810 626.957660 0.000000 44.318480 281.558375
1811 627.045672 0.352080 44.208870 282.612314
1812 627.090480 0.509192 44.229183 283.039782
1813 627.359640 0.455402 44.162319 283.351204
1814 626.770787 0.000000 44.171747 283.285805
1815 626.940306 0.000000 44.329561 283.257243
1816 626.995367 0.000000 44.308986 282.935837
1817 627.192134 0.000000 44.176829 283.406500
1818 626.645336 0.000000 44.159172 283.941134
1819 626.513346 0.000000 44.192809 282.891782
1820 626.432840 0.000000 44.276962 282.152812
1821 626.591589 0.000000 44.382675 282.596596
1822 626.691771 0.000000 44.340947 282.240112
1823 626.922667 0.000000 44.434394 282.279546
1824 627.265420 0.391023 44.528591 282.759135
1825 626.941489 0.000000 44.602173 283.472483
1826 626.927982 0.000000 44.685943 282.958425
1827 626.873110 0.000000 44.567982 281.030620
1828 626.988090 0.000000 44.551490 281.483063
1829 627.066252 0.035999 44.592184 281.861118
1830 626.698565 0.000000 44.545889 280.809141
1831 626.626204 0.000000 44.613045 280.092532
1832 626.700767 0.000000 44.797980 279.874172
1833 626.447416 0.000000 44.683255 279.089594
1834 626.437261 0.285715 44.611526 279.744122
1835 626.409692 0.068813 44.348105 281.419872
1836 626.536722 0.828187 44.142613 282.558669
1837 626.675598 0.625233 44.078439 284.340381
1838 626.763731 0.000000 44.098625 283.944624
1839 627.003719 0.000000 44.090479 281.543890
1840 627.214960 0.000000 44.144539 281.656646
1841 627.012309 0.000000 44.192686 280.836328
1842 627.242048 1.351189 44.298916 281.378766
1843 626.711042 1.456450 44.198105 282.089053
1844 626.927892 1.217823 44.296783 282.061746
1845 627.059833 1.047864 44.302222 281.922890
1846 626.959858 1.473525 44.376981 281.912219
1847 626.750783 0.607995 44.114680 282.770166
1848 626.764939 0.000000 44.173342 282.400640
1849 627.072255 0.032612 44.252955 282.666969
1850 626.854099 0.000000 44.232449 282.247308
1851 627.026646 0.924698 44.275203 282.510076
1852 627.039772 1.566371 44.433041 282.583938
1853 626.970175 1.129082 44.133338 283.337781
1854 627.254638 0.653898 43.958650 284.499018
1855 627.144549 0.303518 43.773644 284.577218
1856 627.154902 0.000000 43.782968 283.484095
1857 627.163961 0.000000 43.836752 282.179803
1858 627.076620 0.598676 44.028712 281.467205
1859 626.704396 0.641073 44.375872 281.008733
1860 626.499751 0.137558 44.454667 281.107606
1861 626.345268 0.713007 44.474815 280.970679
1862 626.220394 1.264999 44.535275 281.115661
1863 626.535012 0.420688 44.653064 281.987482
1864 626.005735 0.000000 44.593371 282.919772
1865 626.513219 0.000000 44.747548 281.897104
1866 626.456600 0.000000 44.437749 280.834862
1867 626.510303 0.793768 44.355616 280.638358
1868 626.707026 0.814215 44.254688 281.169861
1869 626.900491 0.655791 44.263889 281.582605
1870 627.135422 0.000000 44.308530 281.847533
1871 627.311722 0.000000 44.216812 281.433906
1872 626.963807 0.000000 44.142814 281.946984
1873 626.913259 0.000000 44.277429 282.122330
1874 627.090870 0.033505 44.519337 282.673893
1875 627.175483 0.375469 44.673011 283.681715
1876 626.881403 0.000000 44.586109 283.952027
1877 626.762542 0.000000 44.461522 282.272442
1878 626.797636 0.000000 44.268379 282.245519
1879 626.914921 0.342650 44.237261 283.078228
1880 627.070775 0.212293 44.196321 283.618732
1881 627.173355 0.000000 44.243343 283.557083
1882 627.038274 0.000000 44.021890 282.808089
1883 627.221698 0.334133 44.151416 283.333935
1884 627.183804 0.465562 44.270783 283.884353
1885 626.816884 0.068422 44.218718 284.183063
1886 627.227392 0.000000 44.422732 283.936507
1887 627.097604 0.000000 44.187406 281.101057
1888 627.104301 0.034691 44.199943 281.691760
1889 626.722906 0.066916 44.159062 283.371561
1890 626.873374 0.000000 44.261118 282.952731
1891 626.882161 0.024147 44.271910 282.950043
1892 626.905232 0.026387 44.277094 282.922906
1893 626.909530 0.019849 44.273542 282.933243
1894 627.174454 0.039760 44.493747 282.919654
1895 627.272927 0.357610 44.228652 283.162892
1896 627.012637 0.529638 44.199752 283.992459
1897 626.897815 0.000000 44.263318 283.557126
1898 626.893596 0.000000 44.397895 283.412455
1899 627.033260 0.000000 44.322055 283.022289
1900 627.127917 0.000000 44.299781 282.438419
1901 627.486496 0.000000 44.257844 282.885877
1902 627.235936 0.354413 44.235948 283.500740
1903 626.576025 0.000000 44.210196 283.956645
1904 626.568789 0.000000 44.304134 282.798981
1905 626.555105 0.228167 44.285028 282.804492
1906 626.717021 0.661570 44.226999 283.017178
1907 626.995849 0.000000 44.095962 282.904852
1908 627.188487 0.168890 44.257704 282.510771
1909 626.741118 0.307869 44.265894 282.962323
1910 626.968314 1.281578 44.212710 283.310238
1911 627.026454 0.895585 44.161387 283.735435
1912 626.780325 0.199086 44.378859 283.270375
1913 626.648728 0.000000 44.389581 282.642616
1914 626.745518 0.585861 44.320842 282.576718
1915 626.712913 0.000000 44.163760 282.372484
1916 627.013403 0.176669 44.356282 282.619539
1917 626.951542 0.427679 44.344348 282.233702
1918 626.981650 0.253212 44.228270 282.293872
1919 627.188252 0.679060 44.103798 283.553001
1920 626.963328 0.000000 44.232236 283.399730
1921 627.085365 0.212652 44.323180 283.294116
1922 626.952161 0.695054 44.195156 283.957514
1923 627.048823 0.000000 44.147056 283.675933
1924 627.094969 0.000000 44.299064 282.713454
1925 627.339821 0.000000 44.299487 282.344777
1926 627.225434 0.000000 44.304908 282.579955
1927 627.051575 0.769558 44.198638 283.906128
1928 627.268730 0.218526 44.315267 283.546879
1929 627.058690 0.051131 44.258137 283.664466
1930 627.404885 0.082298 44.177030 284.104667
1931 627.260064 0.000000 43.968413 284.682994
1932 627.177004 1.085848 43.794585 284.669631
1933 627.209615 0.829570 43.738541 284.651841
1934 627.460342 0.000000 43.827391 282.519427
1935 627.647269 1.704547 43.716136 283.724924
1936 627.431660 1.187605 43.711096 284.184837
1937 627.249067 1.730909 43.724618 284.317062
1938 627.203977 0.706464 43.819930 284.237036
1939 626.913927 0.000000 43.835661 283.947375
1940 627.466428 0.000000 43.687339 284.160976
1941 627.744435 0.228958 43.957048 284.511613
1942 627.864955 1.028543 44.046424 284.402943
1943 627.293065 0.280936 44.167263 284.623152
1944 626.670956 0.120358 44.164676 285.265695
1945 626.635830 0.000000 44.246914 283.980826
1946 626.600913 0.000000 44.304704 282.580698
1947 626.340293 0.151071 44.280404 282.434351
1948 626.591723 0.479455 44.353891 282.990668
1949 627.007723 1.705400 44.260460 283.926640
1950 626.937511 1.161229 44.240813 284.156629
1951 627.002534 0.441654 44.155773 284.552907
1952 627.025950 0.000000 44.014866 284.849156
1953 626.701163 0.000000 44.094948 285.240321
1954 626.866436 0.000000 44.164863 285.037153
1955 627.020108 0.610796 44.258200 285.263653
1956 627.143111 0.556920 44.258981 285.157969
1957 626.683876 0.300846 44.256518 285.290703
1958 626.839439 0.558649 44.380164 284.896042
1959 626.815827 0.924173 44.212838 284.652290
1960 626.955922 0.647212 44.184896 284.389041
1961 627.115903 0.771417 44.202529 284.222792
1962 626.812656 0.589524 44.321724 284.359849
1963 626.778083 0.197039 44.282276 284.370322
1964 626.794368 0.000000 44.089282 284.545961
1965 626.838590 0.795945 44.189420 285.366546
1966 626.821053 0.684292 44.223080 285.306155
1967 626.963556 0.879520 44.165048 284.935236
1968 627.162334 0.000000 44.207234 283.781474
1969 626.724464 0.000000 44.156874 283.055628
1970 626.875065 0.000000 44.423460 282.570397
1971 626.972475 0.650120 44.414340 282.719058
1972 627.315589 0.350495 44.352087 283.260889
1973 627.114216 0.462602 44.401014 283.205963
1974 627.331678 0.142170 44.447035 283.051016
1975 626.655684 0.094187 44.389851 283.012664
1976 626.947256 1.078808 44.360305 282.878008
1977 627.531250 0.780622 44.274265 282.260003
1978 627.429171 0.342612 44.093694 283.016707
1979 627.378141 0.245016 44.170811 283.770813
1980 626.898845 0.000000 44.097195 284.800516
1981 627.162359 0.563387 44.296327 284.853134
1982 626.378949 0.000000 44.094632 285.311316
1983 626.622652 0.000000 44.237138 285.506398
1984 626.762709 0.000000 44.352677 285.277199
1985 627.081648 0.000000 44.359032 284.231625
1986 627.481202 0.000000 44.430802 282.084536
1987 627.526418 0.000000 44.139462 282.110740
1988 627.238843 0.000000 44.246063 282.266398
1989 626.907252 0.000000 44.250578 282.204949
1990 627.247421 0.108258 44.466938 281.898333
1991 626.664941 0.000000 44.126117 282.360014
1992 627.032151 0.003771 44.158525 283.285985
1993 627.207718 0.000000 44.236975 281.887975
1994 626.897866 0.000000 44.070119 281.408307
1995 627.141540 0.000000 44.318497 280.840470
1996 627.301844 0.292543 44.438579 280.842935
1997 626.808748 0.007035 44.353905 281.210138
1998 627.009572 0.092810 44.262512 282.124852
