5 301.297794 215.138719 27.037582 59.215003
6 302.026402 218.977610 26.934993 61.398698
7 300.546713 219.423357 27.297935 62.406979
8 299.826511 218.813564 28.294888 63.845655
9 294.229042 220.936739 29.059085 64.184595
10 293.030029 223.408821 29.082928 64.854165
11 291.068800 223.197588 30.275522 65.914354
12 291.056535 222.899074 30.389289 66.084796
13 291.833380 222.947503 30.433594 68.009859
14 295.389456 221.490950 30.483433 68.319169
15 297.038285 218.512948 30.641439 68.996734
16 293.514274 216.360450 30.465054 70.082619
17 293.562054 215.772602 30.192859 70.501382
18 293.931031 214.474132 30.155720 71.882242
19 293.943311 215.347911 30.232226 72.104895
20 294.324394 214.811604 30.013077 73.075720
21 295.524704 214.009531 30.261064 74.807259
22 296.038975 211.960525 30.052939 76.010810
23 294.845180 211.762885 30.116531 76.844305
24 295.663003 212.427234 30.121966 77.109694
25 294.308530 210.665467 30.214836 77.651400
26 294.788642 210.912405 29.938566 78.079869
27 295.794519 210.944479 29.487130 78.611371
28 296.791670 211.365425 29.034532 79.027213
29 297.494001 211.157694 29.264597 79.199374
30 297.569679 209.753183 28.950641 79.961449
31 297.643346 210.666025 29.018270 79.317310
32 297.284596 210.334640 29.234500 79.533068
33 297.821663 210.906783 29.544884 79.300522
34 298.392309 211.196986 29.671992 80.592839
35 298.446876 211.693771 29.721299 80.742483
36 298.415337 211.921093 29.548479 80.931593
37 299.342025 211.969495 29.487222 82.136498
38 299.706461 211.904775 29.115263 83.067446
39 298.944669 210.900141 29.166580 83.040003
40 298.841956 208.819909 29.367118 84.363543
41 297.930890 207.585949 28.898985 84.681873
42 298.172622 207.346716 28.694485 85.008840
43 298.223143 207.530363 28.634102 85.441965
44 298.974444 206.459895 28.918539 85.112709
45 298.183356 205.893542 29.377584 85.367707
46 297.163381 205.235532 29.079907 86.143915
47 296.597955 204.331578 29.424292 86.653474
48 295.089172 203.711875 28.891375 86.950193
49 294.532601 204.214099 28.726894 86.539863
50 294.179364 204.680788 28.450735 86.982676
51 295.253059 203.570580 28.060190 86.945796
52 296.230382 204.136258 28.037636 86.749934
53 297.224829 204.622940 28.226318 87.359474
54 298.174637 205.551529 28.048523 87.106721
55 298.910916 204.913812 28.403426 87.579633
56 299.405318 205.492839 28.230721 87.529190
57 299.768221 205.858119 28.655865 87.462098
58 300.360499 204.209872 28.807533 87.046264
59 300.740690 203.582649 28.996597 86.998420
60 300.241932 203.083829 28.840294 86.852314
61 299.872325 202.204143 28.811911 87.670992
62 297.601546 200.472793 28.623365 88.008141
63 297.424068 198.815684 28.652090 89.329088
64 297.552141 195.320324 29.110513 89.247464
65 299.844341 191.918555 29.393481 90.168257
66 300.080679 191.745765 29.182354 90.870898
67 300.434415 190.950777 29.244439 91.726281
68 300.325955 190.398463 29.118805 92.171809
69 299.965534 189.976958 29.211305 92.484584
70 300.114523 188.110333 29.100984 93.186660
71 299.713755 188.187371 29.394531 93.022106
72 298.785731 189.221969 29.113385 93.307432
73 299.308666 188.082266 29.349354 92.634160
74 299.424396 187.743049 29.144938 92.808195
75 300.487929 187.366038 29.188397 93.127743
76 300.431296 188.506944 29.135764 93.113789
77 299.013806 191.043256 29.105350 92.442595
78 298.877502 190.812470 29.159445 92.238412
79 298.933132 191.821818 29.261321 93.027194
80 299.058413 191.596177 29.242551 93.056395
81 299.484579 190.412460 29.261765 93.080319
82 299.924119 189.376468 28.934091 94.356789
83 300.216661 189.596171 28.575981 94.790347
84 300.965216 189.090664 28.744124 94.854620
85 300.274033 189.173542 28.735202 94.075967
86 300.753494 189.099127 28.617941 94.972479
87 300.800069 186.446902 28.453071 97.242218
88 300.778525 187.489962 28.196311 96.850052
89 300.799134 188.094845 28.265019 96.966610
90 300.738210 188.868298 28.206819 96.106074
91 300.676171 189.390614 28.110460 96.467891
92 300.327820 190.057441 28.130848 96.174929
93 300.344424 189.994808 27.926572 97.419477
94 300.422717 189.884470 27.695910 98.035198
95 300.591050 190.426839 27.973786 97.906286
96 300.810596 190.447715 27.762485 97.871969
97 300.955527 189.927894 27.639435 97.696432
98 300.727972 189.409396 27.497733 97.942630
99 301.516681 190.179561 27.187215 98.087773
100 302.308678 190.877303 27.006701 99.145929
101 302.538592 190.639652 27.149329 99.474346
102 302.924908 191.352734 27.200074 99.015527
103 303.105213 193.092562 27.724655 99.028460
104 301.305353 193.526725 27.508419 100.208999
105 300.940974 194.489638 28.138651 100.822080
106 300.155919 195.356372 28.366041 99.995631
107 299.723178 195.794796 28.378167 99.199820
108 299.176235 195.188674 28.410026 99.918942
109 300.222488 191.550056 27.989617 102.381511
110 299.760208 191.191232 27.895699 102.604501
111 300.545693 189.979182 27.983435 102.364624
112 302.160535 185.870452 27.751990 102.582561
113 305.173305 182.718889 27.887458 101.369904
114 305.775047 182.491868 27.859124 100.567468
115 306.522181 181.553880 28.032594 100.320108
116 306.815961 180.660847 28.299363 100.795344
117 306.795470 181.265620 28.339502 101.238419
118 310.707735 177.206686 28.945283 100.012738
119 315.970073 177.004818 28.546480 101.385414
120 317.961222 175.629835 28.800262 101.965564
121 318.888133 174.657248 28.741818 102.072582
122 319.308659 174.073436 28.716309 103.136299
123 319.574838 174.670520 28.994037 102.021572
124 319.218518 176.385597 29.075692 101.490304
125 320.744483 176.844554 29.323011 101.056578
126 322.350432 176.993826 29.314706 101.270574
127 323.285783 176.505628 29.373479 102.419363
128 323.899574 179.236736 29.484908 101.853070
129 322.802009 181.190585 29.525570 101.483233
130 319.705400 185.371798 29.848563 99.071867
131 319.216312 184.982208 30.019778 99.151410
132 315.579573 187.849892 30.267994 98.155082
133 315.010245 190.174807 29.835958 99.662408
134 314.603323 190.616607 29.553025 100.383525
135 314.315146 192.241817 29.460905 101.343808
136 314.220289 193.181327 29.211329 101.203634
137 314.760178 193.664475 28.981141 102.170079
138 315.671603 194.230632 28.742216 102.000152
139 316.305382 193.639389 28.903642 102.294228
140 317.589016 191.707326 28.688258 101.881550
141 317.629148 192.973011 28.807064 101.953191
142 319.277471 190.646870 28.847000 102.991016
143 320.437598 186.797820 28.872778 104.356427
144 321.837338 185.203059 28.559296 105.896342
145 325.479498 180.089070 29.301893 105.242865
146 326.427074 176.927237 29.477434 106.738345
147 327.053548 176.227734 29.781152 106.208528
148 325.604823 173.906373 29.883463 106.082847
149 322.533884 175.142039 29.651806 107.688925
150 321.387982 173.862177 29.462943 110.799809
151 318.825603 172.570855 29.264360 111.726259
152 318.070537 171.913251 29.362785 111.830084
153 313.457280 171.610510 29.972498 109.831101
154 312.277070 169.563469 29.946080 110.458248
155 311.192905 167.225444 29.489060 112.869524
156 310.319087 169.048182 28.972475 113.648671
157 307.544864 173.855015 29.740875 111.449265
158 306.520052 174.830525 29.660934 111.142843
159 305.143617 174.247678 30.060883 110.475056
160 303.462829 178.194519 29.738671 110.115106
161 302.936534 179.953834 30.028433 109.299078
162 303.042325 181.516063 30.144501 109.052858
163 303.168779 182.111949 30.515559 109.170469
164 302.932035 182.927824 30.651078 109.106815
165 303.191348 181.878797 31.276653 108.912826
166 302.760298 181.368925 31.134730 108.417529
167 303.033737 184.416774 31.465213 107.166307
168 303.369428 182.935822 31.513655 105.890216
169 305.064778 185.961234 31.704259 105.930526
170 305.369674 186.217518 31.941641 104.158261
171 306.351484 190.204225 31.927365 103.045074
172 307.182317 185.660501 31.421497 104.978970
173 305.695488 187.498960 31.400667 102.284012
174 306.076518 181.495479 30.905404 104.855037
175 305.008194 181.877746 30.908581 105.513762
176 305.146872 180.376192 30.459561 106.881682
177 305.167958 176.419284 30.595007 107.353432
178 305.536601 176.401387 30.494850 107.478563
179 304.699967 170.440424 30.057010 110.127685
180 305.678907 171.219819 30.678193 109.266067
181 308.523214 168.903487 31.030900 108.829623
182 308.420923 165.864817 30.857924 111.438658
183 302.104859 163.454432 33.317662 103.063720
184 291.187600 163.674956 33.016895 100.620456
185 283.152734 160.207787 32.124795 101.523693
186 277.138440 162.106377 31.547542 100.427470
187 271.861235 162.782905 30.758073 99.883592
188 270.400319 162.335638 29.892279 101.075578
189 270.973177 162.513975 29.432088 101.865194
190 270.826855 160.860806 28.804465 102.476097
191 270.128836 162.848606 28.059575 103.029457
192 267.894074 161.600421 27.640970 104.571530
193 265.249456 160.805817 27.222021 104.676842
194 263.701869 156.893992 26.984361 105.908402
195 262.560766 154.598478 26.463711 105.982623
196 261.762141 154.072520 26.276564 105.318440
197 262.221860 152.330183 26.546836 103.449942
198 264.541774 154.622818 26.723424 102.791365
199 263.869600 155.548134 26.452056 102.735800
