2 181.671664 375.086740 61.418179 63.302213
3 187.718170 373.069717 62.295383 63.150321
4 192.876201 369.353797 63.163611 63.686874
5 199.484070 365.743673 63.551402 63.899017
6 205.680141 363.294112 64.762604 63.468533
7 217.976436 354.863722 63.811621 63.674093
8 223.213634 351.901102 64.012027 63.172314
9 228.843583 349.760583 63.955400 62.445586
10 235.846766 347.533244 65.387073 61.938572
11 242.767585 344.939139 65.038419 60.891555
12 257.122747 339.478200 65.450305 60.194297
13 263.560769 337.415955 64.593823 60.694913
14 269.907000 333.842654 64.483689 61.058366
15 277.625764 331.897409 64.899625 61.423384
16 284.704326 328.082946 65.477085 61.245156
17 300.123116 323.951214 64.703875 60.623359
18 305.350893 323.491027 65.111713 60.123467
19 312.494508 319.636940 64.325830 60.555909
20 319.115590 318.401732 64.044968 60.156059
21 324.321841 314.511300 63.010582 60.451436
22 335.260646 308.507541 62.361619 59.266091
23 337.447542 307.457495 61.870861 59.453527
24 342.216938 305.415235 61.530238 58.699444
25 346.080756 302.703081 60.951277 58.840467
26 350.448919 300.030105 60.451706 58.534356
27 358.663084 294.846599 59.541149 59.175690
28 361.480305 293.454254 58.759117 59.316227
29 365.016157 292.532438 58.066967 59.084745
30 369.865069 291.698928 58.501451 58.929500
31 374.674528 289.820731 58.086950 58.641412
32 384.246215 286.407382 57.817271 57.610140
33 388.156992 284.476057 56.094765 58.157114
34 392.542930 280.937982 54.993723 58.964585
35 395.470546 280.061697 54.056812 58.479316
36 401.031625 277.285156 53.004022 58.390866
37 409.384090 272.868911 51.097940 57.959122
38 411.469697 271.858723 50.202127 57.321552
39 416.208262 268.827898 49.719630 56.030413
40 421.278587 265.664076 47.914712 56.099860
41 424.986870 264.218187 46.569493 55.893473
42 437.353939 261.773999 47.152597 54.453198
43 444.160452 260.826980 47.163850 53.309850
44 447.706001 259.325256 46.510432 52.792762
45 454.649301 261.107024 46.257873 51.243563
46 456.434846 260.291932 45.888094 50.707372
47 464.789594 255.860592 44.865946 49.817946
48 467.008162 253.618836 44.662567 49.123044
49 470.426014 251.619793 44.668361 48.195502
50 472.366018 249.807620 44.099263 47.416465
51 477.204394 247.539541 43.738433 47.236176
52 485.984330 246.935837 44.125235 44.881857
53 492.833803 248.195591 42.764987 44.281007
54 497.395297 248.186693 40.529777 44.183158
55 501.480051 246.449785 39.157969 44.434051
56 504.547796 243.702742 38.592348 44.942199
57 509.555141 240.916057 38.705128 43.773977
58 511.584625 239.055225 38.751631 43.637094
59 515.467545 237.173859 38.300759 43.997042
60 520.704333 236.361487 37.917407 43.591356
61 526.304754 235.818302 36.787384 43.744913
62 536.578186 232.997428 35.779311 43.700291
63 541.710110 229.478137 35.431310 43.595787
64 547.022094 227.372261 33.944068 44.422334
65 550.367516 226.943271 33.356780 44.110472
66 554.259052 223.896427 32.330826 45.164152
67 561.157541 221.888696 32.558204 43.329287
68 565.613379 222.147239 32.252150 43.253174
69 567.537288 221.939620 31.748235 43.623791
70 570.391957 220.938615 30.967444 45.892572
71 573.962128 219.735317 30.701702 45.098191
72 578.577160 218.130076 30.916257 43.570864
73 581.251019 217.483907 29.753216 43.428442
74 584.512891 216.806879 29.588096 42.808931
75 587.174426 216.064663 29.237227 42.407178
76 590.036431 213.666748 29.099783 43.351063
77 595.450941 212.468414 29.437182 41.836282
78 599.141528 210.832355 28.864301 41.495704
79 601.689141 208.919386 28.594266 41.270504
80 604.339504 206.988421 28.562123 41.359441
81 607.500889 205.756004 27.892048 41.579780
82 614.705414 201.988105 28.175430 41.847015
83 618.166852 200.791123 28.351531 41.865265
84 620.434547 201.611295 28.216554 41.765129
85 621.900176 201.550691 28.317144 41.944162
86 624.124445 201.479477 27.992457 41.823687
87 628.481749 200.670475 28.006536 41.216275
88 629.897597 199.063763 28.022060 41.381412
89 630.912796 198.958729 28.261921 41.267251
90 633.127911 197.606704 28.076002 40.753157
91 634.358687 196.271450 28.056763 41.046168
92 635.767432 195.179124 28.267797 41.392715
93 636.100516 193.998194 28.272439 41.732755
94 636.711292 193.116596 28.565960 42.008672
95 638.676029 190.006543 28.753812 42.260899
96 638.963560 189.482571 28.685946 42.623261
97 641.714489 185.736457 29.416670 42.936716
98 641.665821 185.621597 29.477896 42.898989
99 643.853801 182.916985 28.894758 43.471178
100 644.088580 182.770816 28.913077 43.217820
101 645.364966 181.621931 28.682860 44.129595
102 647.080838 179.040810 28.645059 44.116161
103 648.532363 178.389731 29.230349 42.910635
104 648.911305 177.932293 29.367182 42.746581
105 649.822245 176.487309 29.252879 42.309023
106 649.972868 174.766615 29.558102 41.588375
107 651.569990 172.020568 29.903041 41.221240
108 651.843543 171.520756 29.882538 41.176949
109 651.898581 171.606916 29.979738 41.409468
110 651.150110 170.776286 29.875495 41.375673
111 649.513118 168.067497 29.836730 40.701408
112 648.713236 164.102059 29.750844 40.398458
113 648.849328 163.476913 29.953945 40.384326
114 648.565032 161.720690 30.087852 40.020949
115 648.463125 160.959658 30.373513 40.527913
116 648.007686 159.373482 30.340849 40.534499
117 646.236746 156.479237 30.573294 39.872955
118 644.980652 153.648053 30.702874 39.559643
119 644.347187 152.409960 30.869954 39.739033
120 643.431561 150.869559 30.734087 40.267057
121 642.725272 150.266285 31.105756 40.270260
122 642.159410 146.687616 31.602481 40.480736
123 640.973889 143.319685 31.666449 40.779524
124 640.710649 142.583681 32.143053 40.624049
125 639.419533 140.513336 32.130623 41.186315
126 638.568265 139.540766 32.569613 40.841943
127 637.923102 138.247964 32.763313 40.514417
128 637.600063 137.294606 32.666979 40.641265
129 635.930841 136.372441 32.707750 39.665385
130 634.966484 134.785034 32.492834 39.625778
131 633.817866 134.575416 32.240082 39.444851
132 630.166791 130.431875 31.657209 37.947036
133 627.768405 128.296410 31.679111 37.448487
134 624.778804 124.942978 31.680637 36.864855
135 622.298515 121.631695 31.343684 36.542190
136 619.256939 119.501622 30.866218 36.391709
137 613.792715 116.644577 29.497339 35.732369
138 610.562578 113.990747 28.690176 36.002384
139 608.057961 113.394863 28.003769 36.474830
140 605.212791 111.656272 27.810406 37.213883
141 603.461783 111.208336 27.529386 37.423961
142 598.035868 107.763292 27.754962 36.305720
143 595.797473 107.285217 27.507204 36.511548
144 593.171244 105.456089 27.810694 37.257787
145 591.791731 105.138702 27.852356 37.330933
146 590.042643 104.302530 27.911437 37.335048
147 586.918175 103.267455 27.861560 36.904085
148 585.842129 102.964679 27.784627 36.881998
149 584.919941 102.497506 27.815323 36.622881
150 584.139435 100.712880 27.636256 36.625918
151 583.619514 100.213262 27.230411 37.159057
152 581.122416 99.580959 27.184090 37.066069
153 579.997474 98.950821 27.053001 37.205474
154 579.236466 98.030195 27.078191 37.603167
155 577.602526 95.887994 26.804740 38.643407
156 576.678901 94.876997 26.597882 38.988756
157 573.900191 88.102573 26.573979 38.666947
158 573.922647 88.203702 27.004534 38.883154
159 573.849171 88.128999 27.342337 38.966214
160 573.792983 88.025953 27.369069 38.942594
161 573.493379 87.526346 27.377962 38.648101
162 573.237917 85.962166 27.480332 38.502480
163 572.621509 84.575087 27.526795 38.195847
164 572.432982 84.118299 27.986938 37.614019
165 572.186622 83.606002 27.946740 37.719679
166 571.838827 83.698996 28.179195 37.666889
167 571.997393 83.306111 28.525520 37.861016
168 572.001988 81.813071 28.911495 37.797892
169 570.998635 81.290850 28.899817 37.167170
170 571.009869 81.095337 29.007583 37.382596
171 571.203397 81.085573 29.573082 37.308417
172 571.510759 80.944150 30.013846 37.450647
173 571.778043 80.852681 30.485459 37.391780
174 571.880986 80.914216 30.491501 37.417814
175 571.990577 80.722958 30.460924 37.373621
176 572.218713 80.286395 30.245575 37.220435
177 573.345811 78.115913 29.933180 37.635954
178 574.579903 74.810175 29.625340 38.433964
179 573.399357 74.393059 29.509616 38.242968
180 572.464152 73.010430 29.560923 38.274379
181 572.055178 72.590842 29.286206 38.507319
182 572.214863 71.189277 29.282266 38.620658
183 572.028224 70.838074 28.876599 38.924671
184 570.983618 70.007791 28.228014 39.231374
185 571.984704 70.652276 28.410248 38.515730
186 568.830607 71.018573 28.271222 38.410099
187 565.796153 67.031509 27.913437 37.043146
188 563.237183 64.830970 27.587200 35.305892
189 560.757147 66.270743 27.342231 34.355874
190 559.623194 65.626901 27.521252 33.064863
191 557.008973 67.207185 27.291290 32.511170
192 557.543474 68.049548 26.292786 32.887418
193 557.991780 67.342570 26.340639 32.951345
194 557.303757 64.354681 26.179913 32.969034
195 555.207889 63.852995 26.613136 32.178948
196 555.095304 63.068094 27.325766 32.531352
197 552.893828 63.888022 29.124183 32.208709
198 553.899344 60.840127 29.161775 33.426711
199 552.441373 59.905582 29.705197 33.948104
200 549.920517 57.986268 29.516185 35.025221
