2 545.335731 145.640132 34.144921 93.188209
3 542.817090 145.498361 34.780590 91.732479
4 542.452306 145.642588 35.019084 92.053985
5 540.629422 148.053439 35.963009 90.890387
6 536.565552 148.674496 35.975841 90.709585
7 533.806030 147.919798 35.753493 91.457037
8 531.647003 148.219822 35.837933 91.662223
9 528.109656 147.499884 35.845961 92.473728
10 526.365235 146.495087 35.761284 93.561573
11 523.051760 147.192433 35.915398 95.274022
12 518.446085 146.509491 35.955438 96.584022
13 516.821034 147.051488 36.045593 98.446102
14 516.536036 146.796054 36.320904 98.765907
15 513.942872 147.505688 36.576463 99.459776
16 510.374022 147.801301 36.797215 100.151884
17 506.862564 146.670022 36.975822 103.198759
18 501.928424 146.478925 36.693509 107.888783
19 500.487068 148.042021 36.929490 108.787107
20 496.154831 149.474226 36.919059 110.468909
21 495.139295 151.375896 36.908564 111.609941
22 491.307218 150.987356 36.776079 112.240609
23 490.899270 150.480445 36.640943 112.526597
24 485.851429 147.275207 36.338290 114.610739
25 481.531072 146.519410 35.971030 116.330191
26 480.977351 146.162757 35.809401 116.603637
27 477.091847 142.783213 35.460966 117.288205
28 475.887538 142.181758 35.349242 117.452068
29 473.563504 141.451240 35.417271 117.478289
30 470.867365 142.152304 35.594524 117.114273
31 465.933365 142.911592 36.002584 116.833050
32 463.494801 140.670183 36.470073 116.910809
33 461.240226 141.174688 36.564465 118.358307
34 457.236266 140.177084 37.288290 119.586691
35 453.741125 145.669524 37.809300 123.027031
36 449.318031 141.386919 38.006089 123.666940
37 447.554018 140.884395 38.887638 125.322571
38 442.158251 142.116118 40.387792 121.934221
39 439.714175 143.786778 40.225068 128.883355
40 437.340805 147.365290 40.048242 137.437373
41 434.544508 151.980162 39.948574 145.502294
42 432.978064 149.917774 39.695936 154.002058
43 427.814336 144.524588 40.652803 165.785794
44 425.208899 143.803865 41.019879 168.439754
45 423.463741 144.176957 41.573860 170.397010
46 421.124946 146.351133 41.704700 171.354243
47 418.180483 144.789671 41.660163 171.192369
48 415.059352 144.359741 42.112238 170.395774
49 413.176812 144.493936 42.500164 170.247155
50 410.633802 144.430066 42.735006 170.276862
51 405.691720 147.199364 43.181518 168.209978
52 397.038952 148.144945 45.286171 167.175776
53 394.366031 147.920709 45.699888 168.551428
54 391.309443 144.137076 45.610213 171.184092
55 390.182776 143.790495 45.943902 172.339594
56 392.024098 137.998515 46.418923 175.832036
57 393.910792 137.962411 46.843057 176.361970
58 397.919976 134.781932 49.401595 180.921918
59 397.105033 134.843189 49.913103 181.196712
60 395.926141 134.641890 50.296743 181.876362
61 394.662028 135.426197 50.853397 181.868131
62 393.877455 135.746991 50.988621 182.494506
63 394.097813 135.903682 50.908817 182.684749
64 395.667610 135.959176 50.745468 184.535378
65 397.145862 136.202091 51.521189 186.114560
66 399.782366 135.742580 52.142247 187.366517
67 399.084504 137.145705 52.938905 187.811351
68 397.037935 140.232249 54.640728 185.955476
69 392.822207 142.424496 56.615362 186.462031
70 394.078186 142.637028 57.278894 186.423253
71 393.419386 142.113719 57.240882 186.802345
72 390.849251 141.276767 58.202842 186.167139
73 389.697796 144.549304 58.462068 185.916254
74 389.469891 146.436959 58.532671 185.539300
75 389.419819 149.799439 59.075229 185.050271
76 384.189978 150.792776 60.021806 184.260301
77 385.127206 152.439598 61.159757 182.511539
78 385.771885 152.950543 61.041654 183.636684
79 386.654494 158.062289 61.693736 181.458545
80 385.538867 162.023384 62.558214 175.288511
81 379.781641 168.693098 64.240556 171.030614
82 378.534195 172.040155 65.746301 165.505827
83 378.925775 174.971703 66.523663 162.028162
84 379.056722 176.920133 67.298021 160.461738
85 379.810187 179.157211 67.744543 157.934275
86 383.194360 183.232772 68.829543 152.712333
87 385.201611 186.989106 69.138181 147.964666
88 388.420282 189.556253 69.338892 143.089904
89 389.951303 190.770867 69.518307 139.785549
90 390.397211 190.784927 69.850627 139.474995
91 391.131742 191.300710 69.855554 138.160152
92 391.325657 191.575146 69.859369 137.024167
93 392.682790 191.634155 69.590992 136.290291
94 393.862657 191.475805 69.750996 135.454214
95 394.505108 190.736716 69.892007 133.493227
96 394.704936 190.694186 69.958878 133.308065
97 394.784003 190.676881 69.922128 133.347947
98 395.030104 190.684456 69.973454 133.175568
99 395.029631 189.394314 69.802172 132.488790
100 395.051628 187.855177 69.674852 132.016356
101 395.302134 187.853487 69.900205 132.490245
102 395.354669 187.700134 69.902294 132.358171
103 395.404880 187.549340 69.852790 132.507083
104 395.234040 186.421318 69.579570 133.399206
105 395.140216 186.253872 69.813207 133.343065
106 395.202167 186.202051 69.864366 133.425565
107 394.727572 185.409764 69.626791 133.879190
108 394.144680 181.222862 68.702474 136.602900
109 393.829071 172.807735 67.579410 141.105273
110 391.535629 164.020648 66.532701 147.663764
111 388.672499 158.999515 65.161982 153.655505
112 389.025826 158.415807 65.232472 154.729931
113 389.206892 158.502453 65.367988 154.956208
114 389.473747 158.067350 65.226166 155.192062
115 390.005447 157.834696 65.254079 155.739825
116 390.368170 157.526223 65.241555 156.308652
117 392.299814 155.770539 64.922817 157.740850
118 394.094602 153.131487 64.448408 161.799734
119 395.637893 149.571173 63.838918 166.233826
120 398.413905 144.150827 63.318042 173.072288
121 400.641451 140.871530 63.366866 177.598415
122 403.297153 135.918420 64.419729 181.054639
123 406.440217 134.982078 65.398130 182.278394
124 411.823384 128.741419 67.430976 184.702425
125 415.863870 119.942051 69.819260 188.926718
126 418.654115 115.549591 69.942869 197.066254
127 422.399011 106.573604 71.300100 220.549574
128 426.771405 111.527157 71.706288 238.071766
129 430.855775 104.323904 71.169406 255.645167
130 430.937180 104.510549 71.462640 255.883374
131 430.965114 104.624197 71.448900 255.835071
132 431.154229 104.652511 71.474965 255.765942
133 432.438662 105.869271 71.598194 254.142578
134 434.196530 106.841887 71.778217 253.299653
135 437.691153 108.428790 71.531251 251.755897
136 439.536631 110.055246 71.711025 251.740772
137 441.694998 116.616727 71.318755 252.611509
138 445.691917 121.196434 70.586598 250.577058
139 450.726424 126.247928 69.950495 249.694332
140 453.810866 129.100471 69.767238 245.971727
141 459.261762 128.675042 69.682429 243.918184
142 461.335624 129.750263 70.003218 242.382014
143 461.932742 130.097309 70.390889 242.181234
144 464.229898 130.396989 70.492829 241.335055
145 465.497759 130.696715 70.454691 241.148774
146 465.759824 131.142220 70.567291 241.261730
147 467.695026 132.517432 71.290981 241.121781
148 468.230973 132.466786 71.413606 241.343411
149 472.162015 129.671382 71.183023 242.229376
150 476.816307 127.548971 70.938614 243.821627
151 483.179707 125.001496 70.566292 246.352422
152 488.793647 122.126691 70.446816 251.025186
153 488.928062 122.716796 70.503180 252.049206
154 490.075622 125.022247 71.403872 253.420541
155 491.927445 124.647062 72.190179 256.199271
156 492.385568 124.338879 73.013347 255.589815
157 495.641640 121.935658 73.542853 256.314685
158 495.623964 122.503803 74.979429 255.598364
159 496.854858 124.056781 75.504631 255.250110
160 498.280885 127.840180 76.480867 253.687909
161 499.109880 131.834593 76.434806 253.331642
162 501.073577 130.026992 76.207661 253.425986
163 502.688290 134.783870 76.447752 253.591058
164 506.198169 137.655063 76.019584 254.303470
165 506.795628 137.788521 76.439921 254.530873
166 506.819485 138.135085 76.380764 257.198714
167 506.977116 138.833376 76.414455 258.027143
168 505.001029 144.400546 77.090554 255.334437
169 504.854481 145.444411 77.287613 255.302754
170 505.209614 143.852640 76.819539 258.286685
171 505.403032 143.826063 76.219922 259.989540
172 517.082181 141.752064 75.365609 259.728886
173 542.397425 138.333467 75.484145 259.616797
174 542.795213 138.386374 75.386967 259.576480
175 542.890917 138.622459 75.433128 259.824200
176 542.936878 138.722732 75.444526 259.847359
177 542.976204 138.810843 75.444598 259.847892
178 543.015494 138.898687 75.444598 259.847892
179 543.131031 139.093686 75.393480 259.817926
180 543.312927 139.329218 75.392634 259.786151
181 544.273099 139.285237 75.012277 259.892189
182 544.648415 139.443743 75.364563 259.897731
183 544.956423 139.623913 75.354926 259.927151
184 545.187380 139.791506 75.388864 259.924026
185 546.115970 141.130701 75.312088 259.443427
186 548.949715 142.848387 74.930760 258.436028
187 550.802272 146.952790 74.203784 255.779106
188 553.107011 151.406914 74.648659 251.855640
189 554.626293 156.244529 75.389367 246.792750
190 554.893210 161.656997 75.710737 242.146772
191 554.960836 165.960391 75.979296 239.167919
192 555.064537 170.209022 76.120725 236.175782
193 555.218933 171.482973 76.516652 235.381685
194 555.482769 171.588014 76.942854 235.331737
195 555.529594 171.732818 76.937946 235.304236
196 555.572995 171.910958 76.937663 235.312007
197 555.593060 173.398998 76.910360 234.604300
198 555.642796 174.485323 76.890978 234.832363
199 555.694561 175.143421 76.913408 234.802186
200 555.738187 175.354687 76.936965 234.889344
201 555.986082 174.466038 76.756217 235.346558
202 556.234091 173.237856 76.781666 236.061015
203 556.785167 163.686794 76.209902 239.252708
204 557.708580 156.385371 75.553165 243.306609
205 558.226608 151.057461 75.484285 246.598461
206 558.284338 134.238254 74.584399 253.784623
207 558.467358 126.593885 74.655658 256.790757
208 559.136900 105.417740 73.650509 266.534916
209 559.347320 105.437092 73.910974 266.766083
210 559.599801 103.429817 73.748397 266.700834
211 559.857519 102.998892 73.725246 266.351888
212 560.247141 100.195961 73.541692 265.328336
213 560.498684 100.807196 73.761576 264.260697
214 560.689220 101.406999 73.719269 262.786992
215 560.749642 103.026628 73.847254 261.383062
216 560.733519 107.137530 73.864470 260.429424
217 560.510069 111.688507 74.047100 256.664667
218 560.608110 112.976218 74.555230 255.331116
219 560.314842 118.402866 75.250980 250.056380
220 560.060443 126.163296 75.581078 245.328882
221 559.885459 130.658743 76.120613 240.305177
222 559.716574 134.881204 76.600920 236.345202
223 559.842993 136.410644 76.938144 235.449157
224 559.772238 138.130162 76.851555 234.172256
225 559.838207 138.672539 76.927764 234.085892
226 559.838020 139.138776 76.941188 234.267250
227 559.877024 139.293136 76.935438 234.360194
228 559.922780 139.328096 76.920347 234.415834
229 560.165218 136.923292 76.506490 235.532855
230 560.450100 136.865223 76.846672 236.139812
231 560.640867 137.595216 76.622962 236.986250
232 560.784001 122.115032 76.219000 240.072685
233 561.507704 103.613125 75.651273 244.262021
234 562.141630 99.984703 75.366647 246.134883
235 562.565417 97.241153 74.987400 248.374545
236 562.659357 87.892966 74.475324 250.798381
237 563.648302 80.472687 73.881151 253.067709
238 564.459310 77.355119 73.173956 254.814273
239 566.689197 69.914975 71.794349 254.313921
240 570.052092 56.884631 69.751311 254.530193
241 571.836117 59.027214 67.780480 253.363084
242 573.713973 59.409520 65.918848 252.525480
243 574.838636 65.142345 64.531252 251.157891
244 575.980755 67.455097 63.999407 248.045322
245 577.170004 75.304517 62.657318 246.662608
246 578.327099 79.616730 61.672901 242.361012
247 579.060061 87.229959 60.648315 235.901888
248 579.937804 90.357675 59.548567 232.836558
249 581.213676 89.006045 58.046688 230.611784
250 581.853786 89.456580 57.538996 228.997154
251 582.282303 92.543164 57.180155 225.598717
252 582.827868 80.562610 55.979324 224.226918
253 582.467188 95.535480 55.652256 220.555873
254 582.551194 97.098433 55.990809 220.176911
255 582.031406 102.642342 56.003463 218.748419
256 581.346296 113.254058 56.533313 216.792928
257 580.625150 117.320976 56.865528 214.348870
258 579.768300 124.765284 56.648776 210.772768
259 578.890383 132.443271 56.926772 206.988765
260 578.200314 137.080940 57.021825 205.470650
261 578.169136 139.275403 57.418678 205.039506
262 577.777495 140.937627 57.336319 205.412446
263 578.031902 128.734571 56.805277 208.675191
264 578.191731 128.863091 56.838267 209.438599
265 578.316827 128.674207 56.879972 209.725359
266 578.410199 128.383407 56.920752 210.082412
267 578.556552 122.843248 56.598066 211.789227
268 578.837115 121.923264 56.874742 212.069913
269 579.036947 120.242513 56.774343 212.663553
270 579.146495 120.766137 56.965164 212.895245
271 579.228209 120.569088 56.878746 212.902618
272 579.362056 120.634537 56.874623 212.812326
273 579.470466 120.748759 56.901854 212.736567
274 579.524956 120.933015 56.959924 212.870554
275 579.591510 120.852976 56.921733 212.849306
276 579.896439 120.823243 56.771495 212.971886
277 580.683735 119.464986 56.594460 212.928528
278 581.249102 118.331369 56.650754 213.015580
279 581.791866 117.456954 56.620259 213.745808
280 582.097454 117.043385 56.839338 213.605277
281 582.533451 113.369505 56.682310 213.413793
282 582.808087 106.786729 56.552464 212.838310
283 583.144351 97.621819 56.563233 212.271516
284 583.143857 93.887689 56.856143 210.698451
285 582.093627 103.553663 56.928039 208.460859
286 581.468613 83.621289 56.397888 205.787798
287 581.217237 95.252947 56.278553 205.401298
288 579.438475 111.483227 56.154278 203.972815
289 578.653161 116.870560 56.197064 202.494858
290 578.778641 107.975026 56.008925 203.394112
291 579.154750 101.030561 56.213886 203.315864
292 579.221859 98.177838 56.181500 203.735730
293 579.338335 100.947462 56.212232 204.659017
294 579.259002 106.401252 56.352709 204.831007
295 579.159924 109.775325 56.264547 205.292707
296 579.411783 104.114864 56.201315 205.930431
297 579.719158 95.140105 55.921015 207.131228
298 580.036862 94.131745 55.546777 208.399735
299 580.254296 90.599974 55.371128 209.262297
