42 986.109073 123.422810 40.981116 50.182513
43 944.724128 136.908889 46.776974 49.943245
44 956.946961 172.040950 47.929717 50.312481
45 942.034899 166.667018 51.497958 55.319364
46 943.438733 172.057686 51.288762 54.686329
47 939.702387 168.367929 47.140847 54.778933
48 956.464880 176.997351 53.452295 49.575444
49 946.654176 135.365737 56.475890 51.055288
50 901.806235 161.331168 59.073258 53.802917
51 851.622824 177.058438 60.552813 53.883706
52 835.254630 219.847702 61.779983 57.779139
53 810.006951 246.757920 60.573140 63.934002
54 799.034973 257.082442 60.859457 62.836810
55 804.639193 271.725090 60.397857 63.105930
56 797.993102 272.249607 56.405050 71.456836
57 832.194860 261.352556 58.041710 76.460383
58 841.529661 276.526966 57.546617 80.541019
59 837.342637 281.474212 63.533557 85.940808
60 806.316066 271.181267 71.657425 84.620942
61 788.455823 208.919313 75.686620 83.734978
62 774.362195 192.556181 76.803278 83.243758
63 765.658895 227.006605 80.268013 88.331461
64 751.669570 237.443578 81.147738 91.415646
65 737.559697 273.710139 84.333849 100.213965
66 710.379331 282.559487 102.114846 98.651030
67 696.396599 251.766083 106.698642 98.368983
68 705.524060 237.100706 105.411091 100.304704
69 692.432795 234.949158 103.554287 106.091497
70 697.454087 283.781654 106.488852 117.846176
71 774.003449 255.242900 105.045834 124.944053
72 802.419175 262.168359 103.719780 125.032783
73 803.596596 266.075362 104.124806 125.429385
74 813.036572 231.653554 103.985750 124.285946
75 851.629830 191.328625 105.250171 126.020149
76 852.302459 228.579171 104.487324 135.054840
77 795.492578 234.257437 127.011929 140.422862
78 765.553894 142.633804 130.422314 139.818601
79 769.442476 115.502619 125.466052 148.903829
80 755.330846 163.890986 134.346424 142.704514
81 750.749872 102.327675 139.431591 146.698065
82 756.920408 15.604379 138.060520 150.415298
83 724.223253 16.505034 137.603629 152.124299
84 725.070011 89.207655 148.462156 155.425737
85 728.258843 115.247047 152.079561 150.375078
86 740.418662 88.645453 155.786060 150.590179
87 740.228130 120.582417 153.714427 149.419677
88 736.433722 182.332247 155.047080 146.245855
89 695.569471 208.258936 162.888466 145.049168
90 717.628201 195.976976 161.996974 147.386284
91 732.233330 194.043587 162.869607 148.161100
92 729.491710 226.249869 162.452556 148.472037
93 760.032417 259.967310 160.572883 146.610030
94 788.391556 268.562733 160.893074 143.729063
95 789.064307 267.978130 159.684080 142.509320
96 815.074295 310.617994 153.985191 141.051918
97 814.377910 379.717610 155.292750 136.624751
98 779.677474 364.564323 155.164098 136.423724
99 775.838718 290.517903 155.672120 138.346105
100 784.537411 248.418059 154.960752 144.400306
101 746.479850 308.253001 156.169105 144.790550
102 706.209629 308.233513 158.035678 137.732998
103 706.108888 221.507101 158.747105 141.703837
104 719.468735 185.129945 156.877614 148.534831
105 691.890056 217.395108 163.350523 145.281394
106 715.014183 207.593027 158.610379 148.752949
107 698.074934 221.684962 157.393344 144.479325
108 669.818251 239.525196 154.894394 141.063492
109 694.020107 258.924251 147.178973 143.725431
110 688.919317 233.362605 150.167897 139.997804
111 687.258480 210.134116 150.888753 141.963199
112 664.261978 229.556036 152.025754 135.371816
113 623.730374 218.081120 154.066517 133.402945
114 616.092638 178.590081 161.193004 135.585250
115 631.770652 144.410896 159.406151 139.459976
116 608.159767 148.333339 164.695026 135.101366
117 624.245787 101.611945 171.750820 137.947963
118 651.353015 83.270998 179.403780 139.846569
119 645.905981 85.384916 181.594956 138.618246
120 660.207491 88.126679 182.080466 138.557572
121 683.021312 90.948145 183.071261 138.627524
122 683.848572 98.601927 179.974072 139.422551
123 681.837117 166.856568 181.448530 137.046974
124 700.708179 185.873740 179.178786 136.375440
125 708.668604 184.996666 177.707338 136.330810
126 720.637251 194.314710 174.596296 135.729081
127 753.007054 170.933770 170.276603 135.420722
128 785.523632 137.211221 168.239872 137.786521
129 804.331142 111.433175 163.622773 139.407965
130 836.892190 135.116037 160.608496 145.081611
131 830.887043 154.456880 158.397670 139.880041
132 832.398834 81.201222 156.290646 140.988160
133 852.683779 17.533408 155.577732 145.334558
134 884.965266 52.087700 163.981741 149.029968
135 873.438892 140.826233 167.813643 148.326727
136 910.016598 100.815765 169.566500 147.989383
137 932.726447 6.447291 170.144040 149.104888
138 959.068353 0.000000 164.839046 146.916867
139 974.341845 21.291305 188.027468 139.890875
140 993.791772 65.826565 196.953940 138.075016
141 1020.742665 57.058713 200.049737 142.735257
142 1008.480793 99.675617 203.197768 141.614739
143 1009.977396 129.018565 203.575688 140.986991
144 1022.204427 158.445972 205.923492 139.971575
145 989.748472 171.629872 218.089703 137.354959
146 978.176241 192.429759 220.191226 136.507207
147 935.893989 241.921088 230.560459 134.291216
148 886.959647 241.763612 235.951914 140.343797
149 881.618922 233.474791 244.497725 153.943636
150 858.863271 197.733999 252.375780 161.976670
151 807.282531 140.851421 264.280408 166.106341
152 799.609464 189.207676 261.816964 170.689907
153 758.037407 216.530582 277.112919 163.714583
154 748.229524 133.192940 282.724005 166.589323
155 756.044524 71.267095 283.027758 181.315995
156 744.516843 91.291780 282.209391 182.861151
157 736.037267 106.237014 282.040139 183.286854
158 733.235224 132.898645 283.853558 183.400312
159 718.461034 164.128295 283.631991 180.969354
160 722.049596 192.535688 281.883710 181.367256
161 739.125926 193.257169 286.399567 179.763101
162 741.270119 174.110123 296.859824 181.256295
163 748.073192 215.210614 290.627779 182.096509
164 776.296445 234.399938 295.535455 174.829177
165 788.679279 231.491156 291.941749 176.575320
166 809.893537 281.141026 280.265124 177.911665
167 856.020261 292.433512 288.297709 172.134786
168 870.636774 246.347618 312.578264 171.426794
169 860.786309 226.012021 312.021368 174.825305
170 886.814290 255.868458 305.265039 177.461321
171 870.761839 212.771771 313.829363 175.483714
172 876.844093 130.863029 322.164322 179.667099
173 889.837567 124.864236 315.613748 182.984273
174 882.063761 170.446268 313.042201 181.476437
175 861.149403 199.910534 311.485314 180.056067
176 875.248210 199.419754 305.409242 180.405436
177 909.688822 190.859729 297.641222 180.503426
178 921.257295 200.739720 287.570756 183.252739
179 948.787761 181.934200 282.046880 182.192537
180 971.166454 169.401272 263.317795 185.021685
181 977.050882 196.289460 253.484949 185.421913
182 1006.849437 213.783699 239.314929 183.431909
183 1009.642257 247.791913 232.389376 184.647969
184 1004.692751 254.730490 230.545534 184.278164
185 1016.782874 203.827160 234.812909 187.673390
186 1018.026447 126.840158 241.146009 197.028850
187 1007.018553 83.281691 251.499609 205.381219
188 1002.026542 56.228650 253.831945 205.129774
189 1000.054166 8.314917 264.186842 206.331156
190 1000.392615 0.000000 265.260146 181.202341
191 1011.537362 0.000000 253.724542 140.080570
192 1015.996072 3.051930 251.938183 150.953548
193 1021.399178 0.000000 241.112226 165.359288
194 1021.429371 0.042909 241.318088 165.512090
195 1025.412917 0.801743 238.588265 167.921511
196 1007.489561 34.806764 236.164756 173.547075
197 1007.242903 71.288904 240.765194 174.891103
198 998.180860 114.545786 247.455850 175.434047
199 988.145887 133.317657 251.816101 175.798822
200 997.107005 138.693231 248.591325 177.452629
201 1004.245638 162.930089 245.633424 181.816365
202 1003.677572 161.890611 245.748868 181.514086
203 1003.679255 127.403668 252.891266 187.516166
204 1001.126680 73.131921 252.751832 203.317313
205 990.963772 29.167733 259.456148 212.427282
206 990.275881 17.652438 259.907275 213.827608
207 990.315275 17.746430 259.963005 213.970714
208 970.597310 13.775931 266.443503 208.780952
209 963.565917 13.053751 267.548716 207.230784
210 963.051833 14.387854 268.469292 206.886490
211 945.613263 48.156059 269.718930 206.561433
212 925.927025 84.507678 275.476406 206.104190
213 922.823901 95.658427 272.329457 204.794298
214 909.077363 113.961144 268.210171 203.943188
215 875.557199 168.862740 272.448700 206.555350
216 878.879419 172.021301 279.413189 201.435756
217 887.333912 108.124908 293.926552 206.481287
218 883.546824 107.586198 292.245703 206.034724
219 893.698575 123.004515 289.189857 198.470716
220 918.483493 88.045481 289.160880 203.348084
221 917.801389 97.469126 286.671927 202.109081
222 887.659697 78.531152 296.943371 197.573002
223 852.565088 0.000000 329.742110 170.352053
224 806.154990 0.000000 386.524210 117.717048
225 808.831454 0.000000 383.066136 118.484129
226 800.659945 14.840133 366.446075 149.065258
227 771.821925 43.104423 356.973910 174.142415
228 771.483290 44.744932 355.727405 172.953977
229 773.893630 42.758847 357.382562 172.666300
230 755.013194 74.217206 338.864929 171.727499
231 738.780651 121.212080 319.520341 166.364714
232 741.055927 121.517998 320.258835 166.061097
233 735.489705 134.022218 319.783474 165.634668
234 733.258399 210.756921 304.817352 168.880038
235 766.549555 250.241084 305.516266 161.317665
236 747.814873 192.886571 317.853350 159.787981
237 745.428858 158.625172 328.857601 164.428673
238 776.360217 197.221814 320.683414 161.608194
239 753.879900 179.502669 322.595577 160.929437
240 753.278505 123.904076 340.188115 161.084333
241 794.013699 122.101184 336.894712 164.456645
242 799.262934 162.359979 323.398689 160.157836
243 802.598997 127.881687 333.304918 163.270843
244 819.872976 115.511377 339.817339 166.331822
245 817.700204 157.482194 327.179411 163.608826
246 817.987147 157.701812 328.704401 163.446390
247 823.028330 146.176686 331.013547 165.232210
248 822.530517 151.873906 332.984576 165.493568
249 873.920867 188.195118 329.773326 165.435288
250 881.170531 168.603563 335.700231 165.685612
251 860.067128 110.415773 345.015667 163.564766
252 895.408726 115.359579 335.632629 166.667243
253 893.471247 119.233145 331.640311 165.756080
254 863.084688 42.255451 343.693136 162.723214
255 900.889841 84.932960 310.243022 174.604487
256 873.246570 151.822229 306.462460 172.675982
257 806.650252 66.941136 319.159769 172.319756
258 794.729700 21.518002 337.667400 170.590563
259 804.004512 82.471901 306.726677 188.439790
260 746.989646 166.575506 301.740770 189.631421
261 746.513952 167.227386 302.647849 189.132052
262 742.526774 192.766800 294.609213 191.288680
263 684.265156 254.901362 290.159945 191.621704
264 706.256787 271.702479 297.494240 189.473346
265 706.356897 266.283161 297.231603 192.835284
266 672.919711 280.165244 297.381619 188.793181
267 688.065371 259.527519 304.718427 196.420348
268 691.624615 261.790332 303.936548 199.337725
269 703.275330 301.666543 301.621796 199.618702
270 703.771003 301.668660 302.963983 199.815207
271 714.781726 276.365444 314.028718 209.394064
272 730.390533 238.366799 323.516138 219.498450
273 724.514669 181.016031 342.436813 229.896811
274 703.106434 122.344672 354.109631 235.224882
275 739.728004 89.136703 367.102162 243.123201
276 769.127509 110.929661 366.128029 231.046545
277 790.864545 107.501504 369.447166 227.892935
278 794.499342 45.652625 386.816031 230.135255
279 816.539040 78.491282 372.879823 215.294895
280 850.313003 116.327163 357.933955 202.442294
281 863.456752 6.401484 363.511776 203.183448
282 885.630075 0.000000 342.840150 182.376761
283 945.093569 1.446265 311.712751 189.172306
284 974.042213 0.000000 293.842023 190.449142
285 990.779195 3.827014 282.158014 194.677688
286 1021.580371 64.326653 252.153132 217.718094
287 1014.827956 115.388840 259.181988 216.859039
288 1011.638281 63.359648 259.675883 234.936994
289 1000.728614 87.914879 269.337774 231.436327
290 1000.381218 119.927761 273.161657 224.789062
291 1007.648654 85.789597 269.598232 233.241162
292 1007.810078 86.685290 269.833004 232.725464
293 1005.520645 97.155475 269.564388 226.323395
294 1005.696274 97.209087 269.860594 226.012493
295 1009.478742 79.174211 264.909884 228.246386
296 1011.782695 81.393369 261.323805 227.175232
297 1011.945920 81.948517 261.094187 227.546169
298 1012.150298 82.154232 261.435234 227.974777
299 1012.477504 83.051870 260.688898 228.628971
300 1012.895331 84.027633 260.582132 229.001332
301 1013.167924 84.039517 260.851762 229.422915
302 1016.460548 87.277246 256.099890 227.350418
303 1020.663768 101.275536 251.393586 222.594329
304 1021.355992 99.304847 249.477245 221.633472
305 1019.934116 110.669410 249.286435 221.278134
306 1016.076301 139.864259 250.202987 216.598202
307 1008.859363 126.330923 251.788470 219.820868
308 1007.435141 109.326437 251.657127 224.132092
309 1000.300417 118.783946 255.728284 218.736527
310 973.313253 138.768530 276.149854 218.114707
311 972.081271 139.728310 278.351532 218.784925
312 971.320251 144.080568 278.166329 217.940188
313 953.368701 171.820559 291.904839 219.209568
314 954.873753 178.533059 296.598061 217.967369
315 954.556151 198.019709 297.684523 218.510262
316 943.673057 196.599881 308.368767 219.247493
317 950.058185 210.325523 305.177562 220.478583
318 957.549182 292.248558 292.704018 227.661367
319 982.873759 367.006109 272.056280 224.443153
320 984.471417 362.031960 270.824201 224.448616
321 992.388504 327.702960 263.715306 229.376328
322 992.114562 278.862279 260.953016 238.647987
323 992.839778 243.828666 257.896030 246.934504
324 990.955230 242.995670 258.558394 246.664872
325 981.338118 215.251877 259.056230 247.954668
326 996.040155 195.998736 243.067837 250.836905
327 985.486119 172.519411 241.052288 258.141540
328 944.415904 203.282202 265.286878 257.940943
329 921.162931 312.821827 266.264906 269.065220
330 946.193995 408.820439 252.783831 275.537827
331 952.717414 388.392956 253.147036 276.156323
332 946.878259 287.993976 259.140359 295.960537
333 964.615069 267.508887 257.907129 298.992460
334 1019.912992 319.207450 247.847138 297.860347
335 1029.256701 366.138011 240.838830 286.057048
336 1012.141189 372.623710 253.796632 282.189820
337 1030.780331 349.841287 244.981219 286.285967
338 1065.616652 337.382904 214.383348 281.314234
339 1056.216152 347.715456 219.876093 276.879775
340 1055.833889 353.301853 220.202622 274.432923
341 1072.696770 364.728031 202.571285 258.596306
342 1071.314184 333.416605 201.946248 250.907250
343 1054.101027 297.192847 214.268246 242.206032
344 1072.379410 268.649315 199.817235 240.589511
345 1103.530058 274.904658 175.879421 236.402370
346 1106.989234 302.496666 172.615162 229.244329
347 1087.214627 334.856201 187.223149 216.771257
348 1088.885676 337.362273 185.911193 213.266205
349 1087.198453 291.422444 185.271726 211.930049
350 1054.115052 278.742881 209.026497 210.266022
351 1041.494740 281.770331 212.179338 205.892492
352 1032.158976 239.266489 222.943208 208.894498
353 996.803931 211.826331 245.783738 218.446783
354 978.025746 212.011411 250.719127 221.075425
355 974.281374 216.266071 248.208142 224.922408
356 974.453087 183.037010 243.674496 233.512913
357 1007.721528 119.533665 245.196153 243.007354
358 1007.884842 119.793910 245.441995 243.426305
359 1019.316862 175.252647 237.485995 241.960047
360 1028.858487 228.230664 229.558811 238.423598
361 1035.831269 249.696110 223.959455 234.552980
362 1035.847578 249.918813 223.971065 234.957665
363 1042.957343 227.543302 221.168256 233.319765
364 1046.942372 198.096775 217.141192 230.084222
365 1047.211705 198.373567 217.293437 230.298852
366 1050.164248 215.584860 213.442908 230.134546
367 1067.633604 243.109369 198.439160 226.506165
368 1067.888785 244.608982 197.728774 224.564067
369 1061.768155 234.923739 199.158749 221.684768
370 1065.579653 230.185303 196.628854 220.498279
371 1067.162932 232.597461 195.354263 218.759617
372 1066.920460 243.436221 194.400609 216.082530
373 1066.991579 243.699774 194.432315 216.350102
374 1067.222310 240.939294 194.264011 215.216218
375 1058.345689 247.113350 196.586128 211.413257
376 1058.410160 247.316319 197.057038 211.148867
377 1064.368407 244.129945 194.045818 209.343008
378 1064.972431 244.231497 193.859931 208.813445
379 1060.837541 241.495008 194.606759 205.425462
380 1063.322888 240.221690 192.431133 204.187296
381 1063.632906 233.799021 189.635446 201.216672
382 1064.177444 234.547687 188.049756 200.226549
383 1064.697987 235.550067 186.946457 199.276322
384 1068.001185 232.388202 181.890767 194.099136
385 1068.176961 233.914496 180.962085 192.531881
386 1071.783239 237.657505 177.808969 189.989556
387 1071.887455 237.996041 177.842884 189.338953
388 1072.695802 240.353029 177.117041 186.540897
389 1073.695131 242.660859 176.432293 183.397778
390 1074.725351 248.737176 175.226405 181.357117
391 1082.066667 238.115667 170.211264 172.519638
392 1086.818136 217.125667 166.906719 171.511854
393 1084.789660 227.974490 166.835791 167.229835
394 1089.273523 241.476933 163.440888 163.728057
395 1090.467330 241.232815 162.957550 163.744970
396 1090.476959 241.402973 162.959241 163.861529
397 1090.497882 241.475063 162.973014 163.963988
398 1090.864244 241.717334 162.616057 163.454186
399 1091.142000 246.044486 162.712645 161.383924
400 1091.314436 246.108831 162.928323 161.444222
401 1090.753296 226.144831 161.504527 161.917890
402 1090.998584 226.129703 161.959638 161.929774
403 1091.872073 232.767556 161.491819 159.140247
404 1091.877843 232.940634 161.483936 159.455447
405 1090.694427 227.136555 160.897626 158.999418
406 1090.757636 227.086147 160.968309 158.924797
407 1086.700768 217.213187 161.101913 157.853896
408 1084.376012 216.633408 161.804594 156.651492
409 1085.401930 214.084213 162.008412 156.312791
410 1084.714792 213.039293 162.905236 155.463130
411 1084.396597 211.057699 162.984432 154.692615
412 1081.620446 201.309472 163.299364 152.577260
413 1081.351486 201.368641 163.489366 152.912569
414 1081.098395 201.712038 163.604805 152.666700
415 1081.163918 201.896343 164.048274 152.871291
416 1073.169174 199.967676 165.651024 150.766311
417 1072.241547 200.027409 166.438606 150.654115
418 1064.218397 205.469545 171.354310 148.392461
419 1051.839625 215.349159 176.635010 144.237509
420 1041.042661 205.527385 178.166048 144.775846
421 1039.593474 204.902553 180.348069 145.117167
422 1035.682202 207.681475 182.925651 144.063463
423 1030.627764 205.143384 184.408579 144.189709
424 1027.956858 205.076882 184.877058 144.012856
425 1025.969142 205.515697 185.569983 144.057670
426 1024.339044 199.613786 186.619033 145.682044
427 1020.111377 199.589264 188.058190 145.413480
428 1012.107627 204.593083 189.677424 143.689256
429 1012.265427 204.748084 189.975312 143.974388
430 1012.271338 204.859664 189.958759 143.960731
431 1012.288470 204.878928 189.975312 143.974388
432 1012.415640 204.876524 189.962564 143.986521
433 1013.848274 211.001516 189.448569 143.837505
434 1013.888357 211.172569 189.470307 143.960497
435 1013.906122 211.192293 189.479931 143.973125
436 1014.364300 211.409706 189.558129 143.930251
437 1014.688518 211.625828 190.053435 143.931995
438 1014.933211 211.657942 190.489835 143.971745
439 1015.489359 211.491427 190.489835 144.112967
440 1015.756462 211.688554 190.455717 144.518121
441 1015.799487 213.444395 190.368422 144.836481
442 1015.999952 213.700377 190.354206 145.083537
443 1016.103161 213.903731 190.473321 145.475571
444 1016.253284 213.872285 190.459396 145.527134
445 1017.425387 215.740659 189.959172 146.423216
446 1018.960509 216.615634 190.067623 146.337227
447 1019.704481 216.443014 190.391922 146.628599
448 1020.203315 216.525472 190.413196 147.028620
449 1030.403519 216.334069 189.449310 148.255719
450 1031.385485 215.884366 189.318782 148.602016
451 1032.107028 215.820037 189.367676 148.953477
452 1032.822414 215.741031 189.335941 148.950209
453 1040.118593 214.867984 188.419928 148.765468
454 1041.229127 214.143841 187.982072 149.411209
455 1042.236938 213.875244 187.739132 149.516738
456 1044.005946 213.290461 187.520738 150.025799
457 1045.258193 213.366709 187.677832 150.521831
458 1053.175297 213.451889 185.714267 151.323874
459 1053.983094 212.343131 185.564994 151.878766
460 1054.463843 212.097074 185.881818 152.026310
461 1056.076911 212.203194 184.960613 152.513693
462 1058.351959 209.830558 184.196239 152.643121
463 1059.750580 208.009279 183.727276 153.127184
464 1060.085896 208.183778 183.866480 153.503155
465 1060.797180 208.299375 183.548535 154.027875
466 1061.100087 208.512032 183.941830 154.468240
467 1062.346379 207.397993 183.356582 154.434057
468 1066.309363 206.161025 181.622179 153.937630
469 1067.584917 204.971836 181.351999 153.861498
470 1070.345797 202.109086 179.955579 153.640443
471 1071.022862 202.183099 179.133865 153.942568
472 1071.202634 202.211419 179.476676 153.972610
473 1071.211000 202.224718 179.476676 153.972610
474 1071.214600 202.244354 179.468057 153.969283
475 1071.227276 202.259316 179.476676 153.972610
476 1071.234067 202.274707 179.473834 153.971501
477 1071.241304 202.291953 179.472054 153.970818
478 1071.251982 202.306147 179.476676 153.972610
479 1071.259416 202.278551 179.426254 153.948663
480 1072.522775 200.563478 178.636186 153.926097
481 1072.683335 200.624133 178.944051 153.959935
482 1070.546070 207.754360 178.470635 152.330363
483 1070.720208 207.766650 178.225213 152.496073
484 1070.810362 207.647480 178.368752 152.441477
485 1070.555926 207.718198 178.330408 152.434750
486 1070.617103 207.750626 178.455357 152.469102
487 1069.887600 207.765704 178.436589 152.394698
488 1069.905730 207.831619 178.458149 152.465692
489 1069.182457 207.266247 178.384498 152.602081
490 1067.216716 207.250088 178.594367 152.649081
491 1067.405833 207.438957 178.957895 152.965521
492 1067.543189 206.716166 178.816421 153.135779
493 1067.451817 206.798520 178.953576 153.468358
494 1066.872926 208.633063 178.812461 152.673985
495 1066.963410 208.795677 178.976741 152.972787
496 1066.775362 207.913900 178.855189 153.166624
497 1066.533862 209.088645 178.854975 153.086883
498 1066.582672 209.324862 178.939817 153.458103
499 1065.188771 207.876979 178.685352 153.515437
500 1065.172383 208.383458 178.951126 153.828446
501 1065.036918 208.571380 178.949983 153.889087
502 1063.270887 204.748910 178.918530 154.258521
503 1063.103069 204.845530 179.121151 154.428170
504 1061.887128 202.038998 180.017397 154.114610
505 1058.257368 186.814860 183.105656 152.384984
506 1056.265098 185.090268 183.991302 152.481901
507 1053.721745 180.920685 184.443674 151.516203
508 1048.605432 168.803907 187.410754 150.700904
509 1048.193794 168.968720 187.374866 150.923447
510 1045.132955 169.802911 188.423225 150.217564
511 1044.440462 169.698273 188.666069 150.385745
512 1044.013738 170.619748 189.008129 150.220960
513 1044.256194 170.758880 189.475377 150.473232
514 1044.113050 170.613070 189.531120 150.533521
515 1043.998031 170.786872 190.499509 150.925182
516 1043.455967 169.671486 191.087092 151.156036
517 1043.631101 169.840282 191.557711 151.461373
518 1042.825820 170.332896 192.355692 151.215754
519 1042.842689 164.202319 193.078477 152.188484
520 1042.952389 164.086040 193.517023 152.521030
521 1042.974350 164.479834 193.927873 152.953563
522 1043.214872 160.763703 193.928659 153.629334
523 1042.884115 160.684751 193.993774 153.994772
524 1042.458905 161.498894 193.840186 153.964965
525 1042.540579 161.514121 193.978307 153.970216
526 1041.869708 160.443821 194.443346 154.374611
527 1041.655331 160.899899 194.458144 154.474090
528 1041.672688 160.912456 194.474727 154.472521
529 1041.681754 160.925798 194.474727 154.472521
530 1041.682445 160.941917 194.519940 154.465102
531 1041.881153 160.992437 194.956949 154.469640
532 1035.534963 159.547761 195.848714 155.076508
533 1031.989495 159.254180 197.392480 155.501312
534 1026.853384 159.173113 198.732002 155.928485
535 1016.537955 163.177745 199.067277 155.226030
536 1007.729170 161.602508 200.131704 156.136214
537 993.737007 162.739997 200.802105 156.457785
538 985.665892 160.562711 200.889539 156.933243
539 978.229685 157.289155 199.462505 157.694710
540 959.435386 160.829362 194.796945 156.713211
541 929.228345 157.275297 195.301163 155.275656
542 921.434322 146.020145 194.619960 154.435002
543 925.367792 142.464334 193.913454 154.461337
544 926.322780 141.718625 193.034298 154.290265
545 928.448011 135.915486 191.258847 153.126184
546 932.105090 127.919073 189.471261 153.050600
547 933.299633 127.706165 189.045495 153.380876
548 933.645520 126.778362 189.249638 153.361209
549 933.899709 127.904664 189.424142 152.722008
550 933.999779 128.025304 189.461967 152.975954
551 933.607347 128.213524 189.299580 152.865068
552 933.111087 129.619158 188.715037 152.916020
553 933.049468 130.498735 188.710158 152.942241
554 932.827168 133.962197 188.094209 152.680657
555 931.753417 145.405315 187.346746 152.910570
556 931.800647 146.002651 187.363279 152.894177
557 931.922777 144.626958 186.780077 153.492242
558 934.330157 159.179818 184.931816 153.258949
559 941.935776 178.754008 181.986395 152.719249
560 941.939238 178.893990 181.976351 152.972787
561 943.317187 178.403761 181.900198 152.727713
562 946.027185 183.755754 180.723489 152.506963
563 953.626260 196.760038 180.132161 151.692372
564 957.705401 186.371441 180.066995 151.869262
565 958.571165 186.129114 180.426695 151.914511
566 961.654768 192.639660 178.931167 151.788911
567 959.417287 201.738792 179.304986 148.758554
568 958.716200 201.570574 179.525900 148.872084
569 958.816222 201.722384 179.881459 148.953271
570 955.974029 209.888828 179.924581 147.482854
571 952.242192 208.772973 179.638601 147.575658
572 952.359788 208.803316 179.965805 147.966471
573 952.089087 208.765556 179.971805 147.953267
574 952.037799 208.777003 179.970388 147.969224
575 952.047910 208.793782 179.974088 147.972752
576 951.221837 208.679233 180.055979 147.951870
577 951.487579 207.966605 180.346943 147.853161
578 952.001424 208.002586 180.439975 147.940938
579 954.002256 206.357573 180.311999 147.511967
580 951.807704 189.301876 180.734478 147.991673
581 952.024011 189.284586 180.951616 147.973225
582 952.681579 191.041629 180.600776 147.526653
583 953.011015 191.111032 180.887559 147.872589
584 951.181296 185.978430 180.281956 148.344772
585 951.056055 186.760748 180.211978 148.312197
586 950.582227 188.798549 180.340049 148.097103
587 950.845908 187.889521 180.209689 148.596840
588 951.395959 186.722994 180.272511 148.860183
589 951.266507 186.801982 180.399953 148.964788
590 951.091563 186.797329 180.454693 148.963275
591 950.853564 186.406848 180.496712 149.074345
592 950.299985 186.478178 180.465529 149.481800
593 949.828968 186.485688 180.319169 149.465319
594 949.742580 186.469345 180.478930 149.462011
595 949.107519 184.707800 180.320709 149.524922
596 948.331869 185.673842 179.977982 149.862556
597 947.617162 186.704511 179.823944 149.650526
598 947.911475 184.817695 179.327688 150.704842
599 947.936672 184.971646 179.460593 150.966123
600 947.565544 186.341863 179.389038 150.540675
601 947.617730 186.571137 179.476676 150.973143
602 947.564727 186.580900 179.473013 150.972056
603 947.570825 186.696374 179.466705 150.949908
604 947.576834 186.793783 179.463033 150.967297
605 947.911667 183.073245 178.996444 151.902889
606 947.919437 183.118394 178.974377 151.973777
607 948.147843 185.343645 178.514140 151.619151
608 948.122165 185.437179 178.922089 151.982533
609 948.157834 185.445522 178.976741 151.972965
610 948.046691 185.847651 179.075982 151.693724
611 948.255404 186.000398 179.476676 151.972965
612 948.263771 186.013524 179.476676 151.972965
613 948.248737 186.253568 179.490114 151.862869
614 948.250384 186.321742 179.476676 151.972965
615 948.250106 186.625611 179.426348 151.934740
616 948.939625 188.292873 179.028301 152.243277
617 949.157534 188.450707 179.469512 152.449672
618 949.167223 188.478460 179.472585 152.471306
619 949.189319 188.490771 179.478088 152.472571
620 949.196979 188.504093 179.476676 152.472876
621 949.205346 188.517262 179.476676 152.472876
622 949.213713 188.530431 179.476676 152.472876
623 949.220402 188.545811 179.473629 152.471713
624 949.223196 188.568920 179.463812 152.467953
625 949.237781 188.584835 179.476274 152.472724
626 949.266052 188.591674 179.471660 152.474600
627 949.287951 188.739411 179.487324 152.369355
628 949.719006 189.819850 179.509886 152.077561
629 949.960759 190.030676 179.976611 152.472876
630 950.046311 190.023586 179.965882 152.479465
631 950.065472 190.077521 179.989486 152.428220
632 951.750213 194.341463 179.524309 152.147654
633 951.984754 194.517244 179.976611 152.472876
634 952.732790 194.159509 179.869640 152.372439
635 955.437821 195.880598 179.459413 151.814607
636 955.408309 196.005809 179.592123 151.855839
637 957.019931 190.316536 178.800096 149.073469
638 957.184325 190.518716 178.980710 149.468684
639 957.435445 191.419625 178.879011 149.156945
640 957.510458 191.590133 178.986232 149.470523
641 957.572864 191.599205 179.001289 149.461284
642 957.807575 191.627253 179.511324 149.441409
643 958.088923 191.648764 179.977839 149.473467
644 958.135341 191.654082 179.976886 149.473716
645 958.305024 191.632321 179.957007 149.485386
646 958.632266 193.497300 179.449877 149.494882
647 958.666897 193.500237 179.485826 149.470637
648 958.367050 193.491537 179.678563 149.405487
649 958.524464 193.538408 179.976611 149.473410
650 958.532854 193.551318 179.976611 149.473410
651 958.535236 193.574194 179.964990 149.468947
652 958.547059 193.592401 179.972294 149.471799
653 958.557608 193.606116 179.976611 149.473410
654 958.556676 193.739138 179.911139 149.453770
655 958.546115 193.790789 179.938056 149.466402
656 958.501178 194.616184 179.887665 149.321426
657 958.509470 195.828579 179.738886 149.517344
658 958.626251 196.140567 179.955102 149.957907
659 958.645395 196.161227 179.976611 149.973321
660 958.617796 196.447823 179.958578 149.915013
661 958.572667 197.293491 179.870490 149.897518
662 958.626701 197.399764 179.972611 149.962721
663 958.628517 197.415535 179.976706 149.974072
664 958.629967 197.437025 179.964140 149.968629
665 958.674737 200.181261 179.796727 149.348323
666 957.872413 199.539081 180.012214 149.693160
667 955.708617 198.245374 180.462293 150.029619
668 955.623000 198.570543 180.300733 150.413280
669 955.648433 198.873839 180.396657 150.376946
670 955.696791 198.934978 180.476546 150.473232
671 955.652728 199.086881 180.537010 150.346353
672 955.713205 200.231100 181.069693 150.017968
673 955.751285 200.427759 181.465001 150.464326
674 956.424734 200.363505 181.666462 150.408623
675 956.850207 200.398623 182.033724 150.440558
676 957.167800 200.418699 182.509355 150.457315
677 957.844307 200.425409 183.046379 150.421799
678 958.929672 200.396685 183.621038 150.295250
679 959.178429 200.495565 183.990279 150.463264
680 959.513860 200.702106 184.037315 150.281156
681 963.313211 200.667225 184.541243 150.369820
682 965.970315 201.136439 184.988691 150.045971
683 966.212545 201.618431 185.030240 150.395626
684 971.833478 202.061954 185.309534 150.684111
