43 151.001105 270.000899 137.990551 31.994023
44 151.005857 270.003875 137.991117 31.994449
45 151.020412 270.010476 137.998743 31.991396
46 153.368930 270.100266 138.488861 31.877202
47 154.711572 270.205207 138.619562 31.934415
48 156.618870 270.162759 139.344386 31.944714
49 160.024764 270.008901 139.708636 31.915176
50 160.496622 270.029044 140.042284 31.978558
51 162.232299 269.911897 140.580911 31.954507
52 166.939411 269.807069 141.143988 31.876091
53 167.163547 269.864551 141.471425 31.990218
54 168.472118 269.826688 141.594758 31.941945
55 171.809333 269.779500 142.101390 31.908531
56 172.150312 269.814371 142.468825 31.993724
57 178.381894 269.673506 142.596753 31.890045
58 178.583545 269.728471 142.990795 31.994449
59 179.027099 269.753496 142.945436 31.972563
60 181.154338 269.701414 143.028850 31.962126
61 183.640311 269.532320 143.212159 32.026376
62 184.646716 269.699820 143.403752 32.503479
63 189.195651 269.481019 143.098722 33.005108
64 189.807846 269.683929 143.405462 33.483623
65 193.096830 269.221372 143.035044 33.513840
66 194.195836 269.319022 143.308291 33.985346
67 197.323297 268.845079 142.867332 34.026491
68 202.284813 268.226068 142.441529 34.508364
69 202.432688 268.452987 142.440096 34.987563
70 203.687548 268.271291 142.346815 34.992076
71 207.143348 267.673377 142.266098 35.031897
72 209.229850 267.356978 142.415023 35.392886
73 211.002667 266.972909 142.339246 35.471971
74 213.924290 266.373165 142.495339 35.451607
75 214.232352 266.368889 142.498356 35.467749
76 218.390957 266.021470 142.467609 35.414645
77 218.507195 266.050816 142.473140 35.488589
78 221.201184 265.958148 142.600538 35.447121
79 222.397846 265.912450 142.945095 35.482163
80 225.748188 265.530765 142.844130 35.492054
81 225.826151 265.534724 142.990795 35.493842
82 229.294928 265.371746 142.899116 35.404585
83 232.057386 265.306567 142.749151 35.398117
84 233.444563 265.250182 142.726792 35.464823
85 234.927676 265.178472 142.686166 35.459741
86 238.859090 265.086271 142.351733 35.411148
87 241.874212 264.784335 141.807196 35.475702
88 242.455884 264.751919 141.830520 35.479651
89 245.741643 264.456795 141.141155 35.486630
90 245.956380 264.463678 141.475858 35.492865
91 252.423285 263.959544 140.890157 35.421782
92 254.163306 263.655760 140.627443 35.528092
93 255.954260 263.611003 140.763578 35.991290
94 257.709364 263.306000 140.831767 35.982755
95 260.718511 262.720891 140.674049 35.986339
96 262.964276 262.254770 140.896352 35.944958
97 266.079350 261.724805 140.817460 35.949739
98 266.264089 261.740884 140.990117 35.991082
99 273.482833 260.882775 140.487630 35.985192
100 273.500782 260.888303 140.492229 35.994567
101 274.439719 260.840836 140.499337 35.990957
102 280.215810 260.399999 140.110903 36.001734
103 281.605058 260.242273 140.158704 36.567631
104 287.558762 258.876530 139.744859 37.156096
105 289.455224 258.290903 139.611393 37.532253
106 289.994763 258.441496 139.948230 37.996947
107 294.169254 257.355124 139.754554 37.990302
108 296.509899 256.820991 139.607060 38.003997
109 299.594912 256.643945 139.564276 38.464631
110 304.392145 255.594118 139.146389 38.455630
111 305.785885 255.366237 139.286874 38.495243
112 309.034177 254.813240 138.957612 38.476797
113 311.358680 254.417076 138.670282 38.500701
114 316.571007 253.109414 138.462818 39.017531
115 317.963027 252.927874 138.295977 39.503520
116 324.485088 249.752126 137.787506 40.040218
117 324.591361 249.982001 137.991117 40.492974
118 326.876001 249.680562 138.081412 40.439841
119 330.943194 248.868318 138.328047 40.446780
120 333.353524 248.461350 138.484130 40.467330
121 335.109834 248.224232 138.707207 40.440813
122 341.825854 246.690876 138.702315 40.484614
123 341.974723 246.698554 138.991052 40.492974
124 345.130735 246.566852 139.075255 40.398628
125 347.262960 246.547102 139.525796 40.427119
126 353.049181 246.012729 139.984933 40.428534
127 353.145134 246.040552 139.989446 40.489958
128 361.797198 245.420628 139.522666 40.382684
129 362.058289 245.475097 139.990327 40.490825
130 366.819483 244.631502 139.690834 40.537735
131 368.649478 244.652388 139.879750 40.968162
132 372.766852 244.152485 139.756790 40.968385
133 376.397596 243.956424 140.058192 40.900675
134 377.664254 243.863023 140.356475 40.981765
135 385.183692 242.945017 140.283819 40.879066
136 385.291810 243.005469 140.490956 40.992888
137 391.664004 242.603215 140.347042 40.835367
138 395.248514 242.117741 140.174247 40.955447
139 396.192064 242.071828 140.498740 40.956874
140 406.106846 241.487599 140.647156 40.737007
141 406.289669 241.618288 140.990789 40.992280
142 412.927377 240.861486 140.800483 40.873093
143 413.027162 240.924924 140.990923 40.992888
144 419.874351 240.687816 141.244947 40.809083
145 420.177569 240.777110 141.473531 40.984643
146 428.239498 240.634716 141.699057 40.800313
147 429.145826 240.690042 141.929581 40.956807
148 436.207055 240.663142 142.089189 40.784923
149 437.734292 240.709912 142.319785 40.942880
150 446.359646 240.521805 142.730878 40.727490
151 447.165004 240.596747 142.886120 40.962002
152 456.482695 240.279249 143.224719 40.749987
153 456.738199 240.396794 143.470515 40.988424
154 463.692022 240.359053 143.295023 40.759365
155 464.638964 240.521101 143.409890 40.926978
156 477.306588 240.148048 143.415699 40.846514
157 477.348766 240.224775 143.490762 40.992888
158 484.261482 239.951231 143.088280 40.848604
159 487.851397 239.896884 142.992374 40.911191
160 496.466105 239.594431 142.532791 40.839597
161 497.665854 239.556105 142.733788 40.978262
