2 805.138393 454.635639 73.546676 60.574441
3 815.208433 453.900226 73.529091 58.866621
4 823.326137 449.435437 71.025638 60.566602
5 824.942350 452.797020 71.621718 59.645465
6 830.895166 457.428426 69.975536 55.901012
7 831.223941 457.669005 69.986976 55.619810
8 833.669230 456.965814 69.759190 54.961707
9 835.896703 453.724967 69.350523 54.775571
10 836.094166 453.700861 69.509100 54.520486
11 837.619158 453.992745 69.844022 54.225388
12 837.762346 454.144402 69.994629 54.490722
13 841.215203 450.693783 68.320275 56.219237
14 838.447758 450.265498 71.874179 56.976581
15 840.177734 453.498149 76.608167 55.128945
16 849.257646 455.422015 72.092257 54.118910
17 851.111673 455.095612 71.236372 54.249097
18 854.507214 455.416350 71.010286 52.740040
19 858.627553 452.986873 71.605732 51.650989
20 860.806631 453.254017 72.586282 50.882488
21 864.203297 453.409659 73.102857 49.723424
22 868.453222 452.793553 72.331046 48.800282
23 875.762819 448.774502 68.973433 46.979830
24 877.549083 448.486119 68.463428 46.628839
25 880.526413 455.258132 67.349532 45.920600
26 883.079751 460.041299 67.020267 43.719041
27 883.323277 460.183270 67.491126 43.989142
28 885.441685 452.788893 66.542612 43.243838
29 886.990388 451.088047 67.151162 42.880858
30 887.301400 451.636205 67.595761 42.729948
31 889.321008 455.681354 68.465233 42.334615
32 891.236873 456.970264 67.540864 42.061273
33 893.031071 457.874185 67.198731 41.952317
34 893.761429 458.113978 67.018458 41.567451
35 894.133215 458.224619 67.291795 42.004324
36 894.329641 456.126805 66.788672 41.215693
37 895.184230 455.629034 65.412752 40.678320
38 896.391183 455.040094 63.327913 40.338278
39 896.881323 456.105101 62.725565 39.828073
40 896.325567 456.170209 62.603444 39.842003
41 895.570877 455.059247 61.402809 38.622707
42 895.151626 452.362717 60.429608 39.025526
43 893.686395 448.706975 59.067702 38.434463
44 891.739120 449.002041 59.258720 38.120662
45 889.646177 453.607892 58.062278 38.649612
46 887.422171 460.006903 56.685357 38.419649
47 886.845124 459.727561 56.504677 38.539610
48 885.815997 459.610724 56.789031 39.004221
49 883.961432 460.399351 56.302878 39.515458
50 883.412836 459.616218 56.153955 40.439371
51 881.753640 456.277385 56.263154 39.042538
52 880.700127 455.825370 55.832756 38.993361
53 879.235525 468.005875 53.857946 39.370107
54 878.679497 467.441038 54.015738 39.515957
55 877.152640 462.836669 54.621695 39.727325
56 874.798947 454.786712 54.975201 39.453995
57 872.920396 453.522362 55.085429 39.209222
58 870.678131 458.087712 55.459631 39.107767
59 869.950737 459.186594 55.531419 39.441867
60 869.417739 458.719927 55.217122 39.138282
61 868.869353 458.314894 55.359191 39.134713
62 867.497603 461.144639 52.597944 38.754457
63 864.972235 470.020000 51.220059 37.945338
64 864.446329 470.873118 51.244007 37.591480
65 860.416067 462.642465 50.234088 37.223920
66 857.852837 462.563842 50.069661 37.193046
67 856.134386 462.723228 50.645727 37.601239
68 852.680562 460.167808 47.779276 38.520522
69 848.792555 458.182170 47.624464 40.049779
70 840.408343 458.614752 51.803162 41.278324
71 830.814666 461.432795 58.244739 39.989943
72 827.627060 461.982789 57.763179 39.253038
73 827.397498 464.960433 54.116525 38.471773
74 824.165587 462.523225 53.076951 38.030630
75 820.185615 458.915912 51.308105 37.479530
76 814.481763 456.134200 49.263234 37.348931
77 811.075361 456.703075 50.196143 36.844050
78 806.561358 456.185824 49.079329 37.761589
79 804.004639 458.093355 49.403896 38.112424
80 802.741404 459.975245 49.593694 38.407328
81 796.181092 462.006058 55.248706 38.072554
82 788.952339 459.851307 61.727533 37.886797
83 787.575737 460.737359 63.068301 38.239459
84 788.531234 460.836169 62.246267 38.620483
85 788.678771 461.061778 62.410712 38.982854
86 791.604847 459.856053 60.400122 39.005133
87 792.650306 459.585404 59.147247 39.100239
88 792.835385 459.736417 59.467636 39.455999
89 792.683864 458.063302 58.742612 38.934959
90 794.206182 457.776024 55.226325 39.354705
91 794.329213 458.745599 53.812179 39.574766
92 794.421262 458.958363 53.989816 39.990828
93 789.355357 452.309378 58.733312 38.896873
94 788.518625 452.012813 59.372708 38.965641
95 792.708188 454.290292 53.820227 39.188213
96 792.589840 453.928773 51.805225 39.393192
97 792.547019 453.921038 51.894183 39.270314
98 793.178263 454.131245 49.645808 38.650992
99 789.658446 461.405414 50.768528 38.041856
100 786.032913 463.963779 54.163840 37.042228
101 790.417309 464.087247 50.202286 36.806123
102 790.562356 464.183633 50.478660 36.987888
103 790.878138 465.027241 50.035636 36.609252
104 793.755271 465.485859 47.265178 36.171066
105 794.068908 463.512711 45.739336 36.860861
106 794.189658 463.497502 46.006300 36.952805
107 792.159413 463.705169 48.094081 36.023348
108 789.185035 464.892273 51.905371 36.671504
109 792.547512 465.029392 50.029043 36.379458
110 793.612257 463.565467 49.575717 36.233505
111 797.345097 465.106020 48.721924 36.281094
112 798.463674 465.331302 48.316089 36.261190
113 799.395728 463.351303 47.996675 35.858903
114 799.540779 462.676016 47.881684 35.884539
115 800.234482 460.278704 47.877894 35.844897
116 800.302156 460.371631 47.988988 35.996356
117 800.593783 459.398051 48.040727 36.002426
118 800.909924 459.617802 48.537546 36.460448
119 801.817945 458.249175 48.644541 36.183557
120 802.360019 456.176048 48.808066 36.343557
121 802.525184 456.292772 48.963471 36.494009
122 803.503477 459.425813 49.005068 36.172471
123 804.872237 462.979138 48.395649 36.632993
124 805.731875 460.665749 48.953469 36.832436
125 806.283884 460.192943 49.294635 36.816472
126 807.130122 463.406552 49.467522 36.455173
127 808.493508 461.260690 49.424851 36.219628
128 811.108810 455.974468 49.223590 35.864742
129 811.996141 454.021876 49.284562 35.601725
130 812.377365 454.230703 49.413590 35.995923
131 812.693227 454.030489 49.324428 35.985050
132 813.848953 448.286134 49.358117 35.086119
133 815.041143 444.968316 48.966874 35.609143
134 815.062547 445.164164 48.986817 35.992921
135 814.678664 449.918178 47.598251 35.898885
136 813.567996 448.318565 47.542099 36.219950
137 812.156102 447.905879 47.466966 36.590885
138 809.575055 447.967782 46.673811 36.772893
139 809.081356 447.881489 46.633415 37.000535
140 807.080042 451.987219 46.539852 37.472423
141 806.210902 459.091988 46.479998 38.230934
142 806.219299 459.226663 46.491231 38.491172
143 805.506075 458.063829 46.791166 37.715316
144 805.369872 458.133520 46.949671 37.851553
145 803.045622 457.662850 46.973292 37.086894
146 801.478259 460.861219 46.382738 37.171392
147 799.730217 463.961035 46.502182 36.943336
148 799.111624 463.901187 46.913873 36.897738
149 797.707356 465.791501 46.927219 36.971544
150 795.104052 463.539129 46.590146 35.250410
151 793.844461 464.578006 46.157956 35.040966
152 793.928252 465.127857 45.284669 34.960602
153 792.886355 458.384114 44.627613 34.358860
154 792.274022 457.367367 44.495221 34.167093
155 788.752728 460.264498 44.440011 33.814179
156 787.646365 458.550966 44.225667 33.970660
157 786.532409 457.497578 44.430526 33.907618
158 786.255078 457.203680 43.921504 34.043274
159 785.217798 455.935572 43.582760 34.102425
160 783.468660 453.142981 43.667552 34.102103
161 782.587733 456.043936 43.414972 34.450294
162 782.940213 460.140534 42.214352 35.102076
163 783.897593 464.599938 41.568020 35.831824
164 784.300797 466.017583 41.770953 35.779214
165 785.340521 460.966269 42.000691 35.107979
166 786.287115 456.908919 41.705000 33.876971
167 786.595834 457.678547 41.539063 34.251181
168 786.828017 457.801023 41.989598 34.491365
169 786.182051 451.429636 42.640040 33.999710
170 786.360548 451.429906 42.991891 33.992203
171 786.503719 458.898535 42.123733 33.802746
172 785.791689 455.373773 43.149672 33.873922
173 786.081601 450.697118 43.019904 33.169575
174 786.618875 454.261463 43.085446 32.626670
175 787.428682 458.752573 42.663209 32.760779
176 787.593909 458.872074 42.987737 32.993046
177 787.211271 459.209796 43.110970 33.005777
178 786.259639 465.557734 43.829340 33.799411
179 785.613782 460.683432 43.532085 34.070729
180 785.106262 454.780222 44.247886 33.282909
181 784.952087 453.133690 44.406009 33.444500
182 784.599993 455.769466 44.111380 34.022385
183 784.478577 456.342460 44.047088 34.908719
184 783.617674 452.824715 44.311946 35.115593
185 783.528969 449.021250 44.058559 34.888210
186 783.879848 449.096675 44.238507 34.921584
187 783.243097 455.137554 43.857313 35.097187
188 783.062653 463.784664 43.031235 35.137100
189 784.376069 472.937294 42.759911 34.690770
190 783.930455 462.237112 43.173962 34.085859
191 784.055337 456.626510 43.395641 33.984255
192 784.315530 452.320630 43.403888 33.661631
193 784.482648 452.454411 43.410841 33.975109
194 785.028505 453.142470 43.037129 34.119432
195 785.265500 453.630362 43.401308 34.430776
196 785.022322 452.614834 43.658632 34.171402
197 784.639368 451.018842 44.012467 34.120557
198 784.560844 452.521451 44.119242 34.552516
199 784.771088 450.047104 44.068867 34.956578
200 784.635177 451.250676 43.778314 35.076489
201 784.743781 451.462728 43.990598 35.491179
202 784.250202 457.401372 43.446125 35.961485
203 784.160695 456.928854 43.579132 35.621058
204 785.104590 455.615607 43.704405 35.458448
205 785.547298 456.325453 43.515976 34.834460
206 785.815712 456.016318 43.882323 34.935926
207 786.622109 455.887273 43.295810 33.270124
208 788.186469 458.926126 41.238882 33.886674
209 788.556547 452.991947 40.980526 34.983749
210 788.563522 453.000059 40.992366 34.992400
211 788.190652 449.847312 40.489048 34.389255
212 788.651402 444.255212 39.950897 34.427172
213 789.098248 442.459764 39.717445 34.417680
214 789.332373 445.750192 39.624178 34.130742
215 790.562646 452.602199 39.301842 34.915938
216 791.124413 447.763099 40.254563 34.599595
217 793.169608 440.153967 40.802876 34.567403
218 794.302445 443.216819 40.580223 35.228854
219 794.579332 443.797619 40.934921 35.392980
220 795.677479 445.588512 41.266176 35.529573
221 796.217605 446.016246 41.496252 35.895601
222 798.884528 450.695674 41.236592 36.565611
223 799.162422 451.283530 41.454365 36.859230
224 799.589800 451.321595 41.342402 36.913329
225 800.245573 454.772027 41.939712 35.748878
226 801.000032 456.197541 41.626469 35.311161
227 801.401017 455.664268 41.925781 35.240627
228 801.459398 455.939421 41.979983 35.176328
229 801.756319 459.813766 41.688730 35.050928
230 801.963348 460.826267 41.711164 34.350012
231 801.033317 457.447211 41.409367 33.184403
232 800.381955 454.005741 40.759303 32.756769
233 799.263675 458.444982 41.157237 32.562584
234 798.671885 464.025882 41.363357 33.185542
235 798.636094 462.575857 40.834374 32.951924
236 798.568186 461.769307 40.235313 31.989724
237 798.599065 461.491266 40.360444 31.748453
238 798.653386 462.416799 40.341036 31.698438
239 798.858067 462.875675 40.408338 31.863158
240 800.041110 462.720517 40.406021 31.969746
241 803.608286 463.176001 40.144707 31.675240
242 806.054376 462.660946 40.189694 31.562683
243 807.771713 462.863346 40.356325 31.830922
244 810.317087 462.393290 40.290139 31.687375
245 812.012644 461.112767 40.370998 31.854816
246 815.339459 458.782628 39.962279 32.109097
247 819.112183 461.324915 39.798199 32.288187
248 820.508956 461.968906 41.346127 32.211851
249 824.812020 460.426464 40.427296 31.899289
250 827.689433 457.091723 39.195572 32.003212
251 830.291782 453.228284 38.875013 32.376290
252 833.177065 455.604743 38.849267 31.623267
253 832.903683 459.221993 38.240775 31.129466
254 831.239660 463.253394 37.354134 29.675052
255 831.081388 463.454794 37.351411 29.820212
256 827.613328 462.957559 37.551230 29.491123
257 824.992756 461.970572 37.626679 29.525358
258 821.754850 461.543004 37.372505 29.663517
259 818.733342 461.319614 36.869062 30.120285
260 817.732808 461.587388 36.589183 30.246359
261 814.607978 462.726998 36.025755 30.564697
262 811.253783 463.041937 36.250528 30.584111
263 808.501748 463.240139 36.257067 30.930816
264 806.075927 463.663891 36.706893 30.799845
265 804.580127 462.958725 36.514606 31.080065
266 802.394216 462.681859 37.371131 30.892394
267 800.783813 462.456431 36.056798 30.552122
268 800.866315 462.959464 36.539834 30.547893
269 801.219724 463.050731 36.459555 31.072622
270 801.054033 463.293567 36.401757 31.444781
271 793.041840 468.297185 39.761980 30.851372
272 784.571552 473.509437 41.449215 29.926963
273 783.060167 475.180377 41.876659 28.726819
274 779.030076 477.561124 41.994424 28.376451
275 778.485041 477.751671 41.947473 28.160868
276 778.063731 478.031156 42.113844 28.066482
277 776.916164 477.395063 42.586315 27.752059
278 776.226467 477.205268 43.052484 27.423617
279 773.888790 477.140994 43.295413 27.089245
280 772.516411 479.785480 43.464006 27.116819
281 766.905846 485.975337 44.624625 27.242337
282 766.120814 488.550153 45.230764 26.870378
283 763.470157 489.276514 45.376419 26.687908
284 761.398840 492.069993 45.856562 26.650561
285 759.043418 493.690004 45.683051 26.833131
286 753.688259 501.916203 47.541320 26.725622
287 753.829964 502.517586 47.969014 26.898860
288 752.969133 508.754257 48.506589 26.730804
289 751.432036 509.337455 48.670581 26.955302
290 749.490328 515.930554 49.854454 27.124518
291 745.411185 527.088075 51.368852 27.911673
292 744.346753 532.622038 51.901808 28.747459
293 743.234434 540.442404 54.348591 28.788264
294 742.081230 545.080949 55.195569 28.329461
295 737.280119 556.032648 59.912060 27.273912
296 733.594623 567.425364 66.552810 26.394197
297 732.716408 573.760438 74.143053 25.589828
298 730.399742 591.836569 75.227113 25.846726
299 721.987422 615.345569 77.014265 26.304316
300 775.362863 610.889934 83.654658 27.859434
301 770.658941 614.881442 91.258608 27.295068
302 772.747185 618.473717 100.765604 29.071901
303 773.529548 624.258435 109.761869 31.633807
304 773.059146 631.587150 115.201338 35.667310
305 782.860042 635.770589 123.524019 38.749495
306 795.326000 636.720331 121.181064 43.602481
307 832.439694 625.037429 126.840537 44.714667
308 838.996313 619.096513 137.911247 44.091574
309 842.185829 611.825700 137.845210 45.665777
310 836.970981 608.817243 141.184147 44.343716
311 833.069340 604.904652 148.610889 43.475082
312 836.384867 598.694525 143.842359 45.272437
313 839.818960 601.049506 146.519804 43.766298
314 816.660226 590.107392 150.201403 42.150792
315 834.036536 603.733480 149.103896 40.040808
316 865.944355 633.262998 148.562275 41.739446
317 881.513567 661.103039 149.664633 44.819047
318 913.497128 659.550516 153.644471 53.099750
319 928.082167 657.673675 149.839819 57.089133
320 942.042246 660.455703 153.343542 55.751225
