29 442.794611 349.548290 18.002431 17.495120
30 443.058211 340.787843 17.622362 17.770191
31 442.612867 336.695532 17.487205 17.575627
32 443.293144 332.428173 16.631109 17.000744
33 443.945020 327.447073 16.219027 17.148501
34 444.087476 323.086427 15.880130 16.981648
35 441.615002 313.732663 15.790134 16.944018
36 442.038442 309.761491 15.302721 16.708021
37 442.205263 306.303244 15.117573 16.668334
38 442.264794 302.618189 15.156681 16.472534
39 442.346556 298.377873 14.802041 16.379596
40 441.903427 289.575429 15.059255 16.270220
41 441.815314 286.046726 14.989900 16.169596
42 442.141647 282.543758 14.159628 16.985303
43 442.352668 278.714339 14.014730 17.288949
44 442.512815 274.998494 14.131882 17.319266
45 442.158649 266.593772 14.388655 17.377899
46 442.352907 263.916940 14.075605 17.633559
47 442.244431 260.102508 14.406840 17.295873
48 441.554911 256.346860 14.059703 17.251759
49 441.802824 252.891387 14.023870 17.394373
50 441.537780 246.955789 14.458146 17.233073
51 441.391275 243.284153 14.119504 17.670131
52 441.445912 239.789367 13.954790 18.105041
53 441.359527 237.222621 13.839730 18.433202
54 441.094669 233.809538 13.921755 17.959623
55 441.203020 226.616928 13.980164 17.738255
56 441.278680 222.382189 13.967009 17.605631
57 441.330859 220.072513 14.049169 17.699501
58 441.693383 218.008808 14.383371 17.790613
59 441.726204 214.480450 14.176551 17.847952
60 440.693081 210.339374 15.019191 17.171448
61 440.676172 207.814830 15.569327 17.274859
62 440.542825 205.543054 16.123666 16.815807
63 440.520530 202.110867 16.267328 16.885995
64 440.835895 199.558491 15.824346 17.236115
65 441.123267 194.406086 15.559558 17.170646
66 441.065223 191.799132 15.747256 17.249296
67 440.955029 189.438312 15.765977 17.240462
68 440.932983 187.369558 15.801170 16.795989
69 440.671142 184.950658 15.596714 16.812849
70 440.241423 180.419232 16.345821 16.048124
71 439.180152 178.093953 16.279242 16.199346
72 439.980049 176.016292 16.543863 16.040022
73 439.123292 173.466880 16.777678 16.352180
74 439.682071 170.791362 16.710377 16.249331
75 439.506655 167.648081 16.591024 16.518308
76 439.593474 165.372542 16.856590 16.520905
77 438.653451 163.891288 16.869571 16.720457
78 438.918972 160.937710 16.064081 17.299666
79 439.229385 158.416891 16.245112 17.313737
80 439.370660 154.124973 16.443052 16.917104
81 439.083279 151.854282 16.284836 16.679660
82 439.364403 150.106515 16.478958 16.303802
83 439.902578 147.846648 16.515521 16.149937
84 438.869855 146.603190 16.741537 16.372548
85 440.004761 141.682287 16.770581 16.305597
86 439.651134 139.653254 16.604541 16.736195
87 440.375786 138.124114 17.160751 16.440291
88 439.432145 137.176872 17.352406 16.485846
89 439.477838 136.385965 17.304519 16.626902
90 441.403675 132.230486 18.042816 20.635560
91 440.746502 129.757957 22.988337 22.908603
92 437.083573 128.244929 26.180922 25.031975
93 435.184749 123.990803 30.497917 30.862386
94 432.977267 119.274091 35.480785 36.534893
95 428.129906 116.113587 44.162557 39.707523
96 428.225996 116.027097 44.641581 40.540648
97 426.886283 114.062083 46.894084 43.211042
98 426.210956 113.564364 48.528743 44.892870
99 425.311600 112.007866 51.090450 47.693195
100 425.727206 112.076710 51.730790 53.512939
101 426.757212 113.767274 51.867954 55.064174
102 427.789586 118.254852 51.358698 57.048579
103 428.272249 121.525234 51.924109 57.895641
104 428.314209 121.616979 52.006886 58.047702
105 432.035539 124.511472 52.467937 59.272144
106 432.050995 124.622174 52.490502 59.508072
107 432.065467 124.705057 52.498548 60.451415
108 432.062392 124.725539 52.511200 60.501515
109 432.298296 124.950613 52.996710 60.991213
110 432.310429 124.939977 53.143855 61.133146
111 432.463901 125.164926 53.647343 61.636378
112 432.558788 124.954037 54.333223 62.499314
113 432.516807 124.229069 54.932600 63.439792
114 432.882945 123.947900 56.071714 64.121077
115 433.309504 121.275655 57.145907 66.828214
116 434.479542 119.842311 57.822212 67.754956
117 434.709374 118.961048 58.456787 68.750566
118 434.679060 118.468765 60.256360 69.553296
119 435.008331 117.275873 61.097704 71.016362
120 435.518956 116.936385 63.236907 71.014769
121 440.544693 120.343043 67.641462 70.250423
122 441.871240 116.383381 67.852123 70.496305
123 442.472385 115.829075 67.522494 71.071678
124 443.189321 115.678517 67.511467 71.977897
125 443.873996 114.673515 67.443880 72.183111
126 444.501215 112.662040 66.773950 72.272497
127 448.461659 111.763409 65.086092 72.014379
128 449.556281 111.372892 64.481229 72.898814
129 450.401070 110.552456 64.212514 73.052061
130 451.608432 109.482503 64.419195 73.374484
131 451.917685 108.353318 64.476047 73.374533
132 455.372399 108.389994 63.301872 75.822323
133 455.910750 106.785590 63.340165 76.839676
134 457.270994 104.762623 63.587873 77.450823
135 459.997739 105.216786 63.973019 79.316129
136 460.713457 104.661690 64.064386 79.492289
137 461.060384 104.752686 64.872769 79.418114
138 460.991638 105.268779 65.731106 80.041641
139 463.003072 107.650726 67.369468 79.996514
140 461.823708 105.334144 70.152603 78.337551
141 462.131858 106.135839 70.919517 78.434622
142 462.406091 107.661672 71.289102 78.866082
143 461.103979 106.399395 73.111906 79.942507
144 462.212924 104.663852 73.545411 81.121155
145 462.394533 96.822476 72.694593 85.218474
146 462.029570 93.777965 73.062148 86.088293
147 461.652320 91.865560 73.989646 88.096995
148 461.148896 91.433922 74.500859 89.451220
149 459.984989 91.860866 76.228770 89.429771
150 459.974502 94.764122 76.288449 91.190540
151 457.869894 92.249558 76.430790 93.919509
152 457.853276 92.390588 76.520150 95.674311
153 458.604030 94.655524 77.620332 96.636607
154 458.243764 93.739271 78.167931 97.064773
155 458.591914 82.889484 80.780089 97.039384
156 455.873209 79.961221 84.600133 95.656333
157 452.965140 76.426038 86.535807 94.518970
158 452.465490 76.185871 88.847448 94.776800
159 452.481652 75.025383 89.397942 94.616019
160 449.691486 68.590714 92.842956 93.684864
161 449.485534 68.055242 93.238434 93.863103
162 449.698953 65.881736 95.419848 93.583485
163 449.092318 63.797264 97.020039 92.930983
164 449.248083 62.369277 98.322744 91.833283
165 449.673663 61.840272 98.799433 90.663851
166 450.001026 59.914796 98.734976 90.220980
167 451.412467 59.411798 98.855547 90.137931
168 451.215194 58.231037 99.106570 89.397490
169 451.896126 58.198987 99.113691 88.894449
170 452.227475 58.094265 99.448640 88.759000
171 453.332696 57.641157 100.061971 88.353662
172 454.973144 55.450980 99.606755 88.717200
173 455.804265 52.106472 98.107166 89.509355
174 455.596636 52.151002 99.034543 89.938717
175 455.850107 47.655423 99.355064 91.663939
176 452.381049 43.887801 99.955038 92.714894
177 452.949380 42.251070 99.307580 93.637024
178 452.989059 42.182618 99.450159 94.083101
179 452.888264 40.332189 99.181580 95.457747
180 452.583022 38.765220 99.107371 95.847605
181 452.196926 38.352503 99.294695 96.304536
182 452.101172 37.382214 99.484893 96.633378
183 451.418804 35.906940 99.019094 97.213542
184 452.346725 33.890229 98.341286 97.995884
185 451.890322 34.007897 98.714402 98.644875
186 452.250764 32.852413 99.152988 99.570911
187 451.567142 31.945966 99.337917 99.695716
188 451.394228 32.024589 99.516255 100.233917
189 450.996052 31.657515 99.862461 100.379965
190 449.702874 30.990027 100.056291 101.437290
191 449.474615 30.546026 100.421417 101.704950
192 449.135394 29.386611 100.596271 102.389999
193 448.210961 28.984980 100.862612 102.826867
194 447.947569 28.781085 100.884270 103.086677
195 447.964757 28.614769 101.003718 103.455395
196 448.053075 28.264868 101.367135 103.472219
197 448.173647 28.193334 101.521702 103.696409
198 448.473480 28.480930 101.924539 104.524247
199 448.686213 28.849013 101.540557 105.647628
200 449.391083 30.360778 101.235342 107.203384
201 449.950707 33.044728 95.805638 109.089260
202 447.118434 28.964593 93.909032 112.946734
203 442.064664 31.438644 91.017794 113.490585
204 439.342970 32.127122 87.205719 115.255464
205 438.044421 26.173032 84.762325 122.654136
206 442.022510 38.040663 85.420045 119.992801
207 445.607945 34.824965 89.356798 120.089544
208 453.332363 42.313151 84.582961 125.456219
209 456.087869 49.124435 85.492762 122.512760
210 457.922960 57.325127 85.543081 119.976026
211 461.883606 66.104449 86.798065 116.637617
212 464.123179 70.622746 86.178953 113.124155
213 463.460238 71.485660 86.811662 112.033629
214 463.349008 72.430130 87.133872 111.378949
215 463.051128 74.600910 87.471486 110.798616
216 462.177610 77.674878 88.230078 109.451506
217 461.696408 79.663957 88.746930 108.106302
218 461.335592 80.597399 89.091918 107.804683
219 461.099088 81.996788 89.668548 106.994354
220 459.889505 85.632826 90.606111 105.159376
221 459.428907 90.478557 91.048274 103.299682
222 459.577465 92.037057 91.671189 101.329283
223 457.860311 96.834424 92.630249 97.488529
224 457.373781 99.584918 92.956763 94.523964
225 456.864948 101.629540 93.629183 92.407739
226 457.216689 101.946909 94.234678 90.393274
227 457.582280 104.584807 96.967790 86.409226
228 458.596372 105.370583 100.825547 82.905573
229 460.462461 106.114420 104.408491 80.467987
230 464.539710 107.599961 106.268389 79.356495
231 465.259942 110.326442 108.304676 78.343584
232 466.067837 112.000094 109.646457 77.859162
233 467.926689 113.257460 111.093505 77.737955
234 468.922225 115.201224 112.382993 77.778841
235 470.555052 117.262031 114.322534 78.634759
236 474.235341 116.335024 113.675703 80.195597
237 475.789786 116.846052 114.486267 80.764084
238 476.588775 116.162257 114.517608 81.084957
239 477.078615 116.006953 115.401418 81.928231
