5 330.530934 109.430694 76.412008 133.761520
6 330.545865 109.785628 76.412008 133.761520
7 330.560795 110.140561 76.412008 133.761520
8 330.575726 110.495495 76.412008 133.761520
9 330.590656 110.850429 76.412008 133.761520
10 330.605587 111.205362 76.412008 133.761520
11 330.620517 111.560296 76.412008 133.761520
12 330.635448 111.915230 76.412008 133.761520
13 330.650378 112.270163 76.412008 133.761520
14 330.665308 112.625097 76.412008 133.761520
15 330.680239 112.980031 76.412008 133.761520
16 330.695169 113.334964 76.412008 133.761520
17 330.710100 113.689898 76.412008 133.761520
18 330.725030 114.044832 76.412008 133.761520
19 330.739961 114.399766 76.412008 133.761520
20 330.754891 114.754699 76.412008 133.761520
21 330.769822 115.109633 76.412008 133.761520
22 330.784752 115.464567 76.412008 133.761520
23 330.799683 115.819500 76.412008 133.761520
24 330.814613 116.174434 76.412008 133.761520
25 330.829544 116.529368 76.412008 133.761520
26 330.844474 116.884301 76.412008 133.761520
27 330.859404 117.239235 76.412008 133.761520
28 330.874335 117.594169 76.412008 133.761520
29 330.889265 117.949102 76.412008 133.761520
30 330.904196 118.304036 76.412008 133.761520
31 330.919126 118.658970 76.412008 133.761520
32 330.934057 119.013903 76.412008 133.761520
33 330.948987 119.368837 76.412008 133.761520
34 330.963918 119.723771 76.412008 133.761520
35 330.978848 120.078705 76.412008 133.761520
36 330.993779 120.433638 76.412008 133.761520
37 331.008709 120.788572 76.412008 133.761520
38 331.023640 121.143506 76.412008 133.761520
39 331.038570 121.498439 76.412008 133.761520
40 331.053500 121.853373 76.412008 133.761520
41 331.068431 122.208307 76.412008 133.761520
42 331.083361 122.563240 76.412008 133.761520
43 331.098292 122.918174 76.412008 133.761520
44 331.113222 123.273108 76.412008 133.761520
45 331.128153 123.628041 76.412008 133.761520
46 331.143083 123.982975 76.412008 133.761520
47 331.158014 124.337909 76.412008 133.761520
48 331.172944 124.692843 76.412008 133.761520
49 331.187875 125.047776 76.412008 133.761520
50 331.202805 125.402710 76.412008 133.761520
51 331.217736 125.757644 76.412008 133.761520
52 331.232666 126.112577 76.412008 133.761520
53 331.247597 126.467511 76.412008 133.761520
54 331.262527 126.822445 76.412008 133.761520
55 331.277457 127.177378 76.412008 133.761520
56 331.292388 127.532312 76.412008 133.761520
57 331.307318 127.887246 76.412008 133.761520
58 331.322249 128.242179 76.412008 133.761520
59 331.337179 128.597113 76.412008 133.761520
60 331.352110 128.952047 76.412008 133.761520
61 331.367040 129.306981 76.412008 133.761520
62 331.381971 129.661914 76.412008 133.761520
63 331.396901 130.016848 76.412008 133.761520
64 331.411832 130.371782 76.412008 133.761520
65 331.426762 130.726715 76.412008 133.761520
66 331.441693 131.081649 76.412008 133.761520
67 331.456623 131.436583 76.412008 133.761520
68 331.471553 131.791516 76.412008 133.761520
69 331.486484 132.146450 76.412008 133.761520
70 331.501414 132.501384 76.412008 133.761520
71 331.516345 132.856317 76.412008 133.761520
72 331.531275 133.211251 76.412008 133.761520
73 331.546206 133.566185 76.412008 133.761520
74 331.561136 133.921119 76.412008 133.761520
75 331.576067 134.276052 76.412008 133.761520
76 331.590997 134.630986 76.412008 133.761520
77 331.605928 134.985920 76.412008 133.761520
78 331.620858 135.340853 76.412008 133.761520
79 331.635789 135.695787 76.412008 133.761520
80 331.650719 136.050721 76.412008 133.761520
81 331.665649 136.405654 76.412008 133.761520
82 331.680580 136.760588 76.412008 133.761520
83 331.695510 137.115522 76.412008 133.761520
84 331.710441 137.470455 76.412008 133.761520
85 331.725371 137.825389 76.412008 133.761520
86 331.740302 138.180323 76.412008 133.761520
87 331.755232 138.535257 76.412008 133.761520
88 331.770163 138.890190 76.412008 133.761520
89 331.785093 139.245124 76.412008 133.761520
90 331.800024 139.600058 76.412008 133.761520
91 331.814954 139.954991 76.412008 133.761520
92 331.829885 140.309925 76.412008 133.761520
93 331.844815 140.664859 76.412008 133.761520
94 331.859745 141.019792 76.412008 133.761520
95 331.874676 141.374726 76.412008 133.761520
96 331.889606 141.729660 76.412008 133.761520
97 331.904537 142.084593 76.412008 133.761520
98 331.919467 142.439527 76.412008 133.761520
99 331.934398 142.794461 76.412008 133.761520
100 331.949328 143.149394 76.412008 133.761520
101 331.964259 143.504328 76.412008 133.761520
102 331.979189 143.859262 76.412008 133.761520
103 331.994120 144.214196 76.412008 133.761520
104 332.009050 144.569129 76.412008 133.761520
105 332.023981 144.924063 76.412008 133.761520
106 332.038911 145.278997 76.412008 133.761520
107 332.053842 145.633930 76.412008 133.761520
108 332.068772 145.988864 76.412008 133.761520
109 332.083702 146.343798 76.412008 133.761520
110 332.098633 146.698731 76.412008 133.761520
111 332.113563 147.053665 76.412008 133.761520
112 332.128494 147.408599 76.412008 133.761520
113 332.143424 147.763532 76.412008 133.761520
114 332.158355 148.118466 76.412008 133.761520
115 332.173285 148.473400 76.412008 133.761520
116 332.188216 148.828334 76.412008 133.761520
117 332.203146 149.183267 76.412008 133.761520
118 332.218077 149.538201 76.412008 133.761520
119 332.233007 149.893135 76.412008 133.761520
120 332.247938 150.248068 76.412008 133.761520
121 332.262868 150.603002 76.412008 133.761520
122 332.277798 150.957936 76.412008 133.761520
123 332.292729 151.312869 76.412008 133.761520
124 332.307659 151.667803 76.412008 133.761520
125 332.322590 152.022737 76.412008 133.761520
126 332.337520 152.377670 76.412008 133.761520
127 332.352451 152.732604 76.412008 133.761520
128 332.367381 153.087538 76.412008 133.761520
129 332.382312 153.442472 76.412008 133.761520
130 332.397242 153.797405 76.412008 133.761520
131 332.412173 154.152339 76.412008 133.761520
132 332.427103 154.507273 76.412008 133.761520
133 332.442034 154.862206 76.412008 133.761520
134 332.456964 155.217140 76.412008 133.761520
135 332.471894 155.572074 76.412008 133.761520
136 332.486825 155.927007 76.412008 133.761520
137 332.501755 156.281941 76.412008 133.761520
138 332.516686 156.636875 76.412008 133.761520
139 332.531616 156.991808 76.412008 133.761520
140 332.546547 157.346742 76.412008 133.761520
141 332.561477 157.701676 76.412008 133.761520
142 332.576408 158.056610 76.412008 133.761520
143 332.591338 158.411543 76.412008 133.761520
144 332.606269 158.766477 76.412008 133.761520
145 332.621199 159.121411 76.412008 133.761520
146 332.636130 159.476344 76.412008 133.761520
147 332.651060 159.831278 76.412008 133.761520
148 332.665990 160.186212 76.412008 133.761520
149 332.680921 160.541145 76.412008 133.761520
150 332.695851 160.896079 76.412008 133.761520
151 332.710782 161.251013 76.412008 133.761520
152 332.725712 161.605946 76.412008 133.761520
153 332.740643 161.960880 76.412008 133.761520
154 332.755573 162.315814 76.412008 133.761520
155 332.770504 162.670747 76.412008 133.761520
156 332.785434 163.025681 76.412008 133.761520
157 332.800365 163.380615 76.412008 133.761520
158 332.815295 163.735549 76.412008 133.761520
159 332.830226 164.090482 76.412008 133.761520
160 332.845156 164.445416 76.412008 133.761520
161 332.860086 164.800350 76.412008 133.761520
162 332.875017 165.155283 76.412008 133.761520
163 332.889947 165.510217 76.412008 133.761520
164 332.904878 165.865151 76.412008 133.761520
165 332.919808 166.220084 76.412008 133.761520
166 332.934739 166.575018 76.412008 133.761520
167 332.949669 166.929952 76.412008 133.761520
168 332.964600 167.284885 76.412008 133.761520
169 332.979530 167.639819 76.412008 133.761520
170 332.994461 167.994753 76.412008 133.761520
171 333.009391 168.349687 76.412008 133.761520
172 333.024322 168.704620 76.412008 133.761520
173 333.039252 169.059554 76.412008 133.761520
174 333.054183 169.414488 76.412008 133.761520
175 333.069113 169.769421 76.412008 133.761520
176 333.084043 170.124355 76.412008 133.761520
177 333.098974 170.479289 76.412008 133.761520
178 333.113904 170.834222 76.412008 133.761520
179 333.128835 171.189156 76.412008 133.761520
180 333.143765 171.544090 76.412008 133.761520
181 333.158696 171.899023 76.412008 133.761520
182 333.173626 172.253957 76.412008 133.761520
183 333.188557 172.608891 76.412008 133.761520
184 333.203487 172.963825 76.412008 133.761520
185 333.218418 173.318758 76.412008 133.761520
186 333.233348 173.673692 76.412008 133.761520
187 333.248279 174.028626 76.412008 133.761520
188 333.263209 174.383559 76.412008 133.761520
189 333.278139 174.738493 76.412008 133.761520
190 333.293070 175.093427 76.412008 133.761520
191 333.308000 175.448360 76.412008 133.761520
192 333.322931 175.803294 76.412008 133.761520
193 333.337861 176.158228 76.412008 133.761520
194 333.352792 176.513161 76.412008 133.761520
195 333.367722 176.868095 76.412008 133.761520
196 333.382653 177.223029 76.412008 133.761520
197 333.397583 177.577963 76.412008 133.761520
198 333.412514 177.932896 76.412008 133.761520
199 333.427444 178.287830 76.412008 133.761520
200 333.442375 178.642764 76.412008 133.761520
201 333.457305 178.997697 76.412008 133.761520
202 333.472235 179.352631 76.412008 133.761520
203 333.487166 179.707565 76.412008 133.761520
204 333.502096 180.062498 76.412008 133.761520
205 333.517027 180.417432 76.412008 133.761520
206 333.531957 180.772366 76.412008 133.761520
207 333.546888 181.127299 76.412008 133.761520
208 333.561818 181.482233 76.412008 133.761520
209 333.576749 181.837167 76.412008 133.761520
210 333.591679 182.192100 76.412008 133.761520
211 333.606610 182.547034 76.412008 133.761520
212 333.621540 182.901968 76.412008 133.761520
213 333.636471 183.256902 76.412008 133.761520
214 333.651401 183.611835 76.412008 133.761520
215 333.666331 183.966769 76.412008 133.761520
216 333.681262 184.321703 76.412008 133.761520
217 333.696192 184.676636 76.412008 133.761520
218 333.711123 185.031570 76.412008 133.761520
219 333.726053 185.386504 76.412008 133.761520
220 333.740984 185.741437 76.412008 133.761520
221 333.755914 186.096371 76.412008 133.761520
222 333.770845 186.451305 76.412008 133.761520
223 333.785775 186.806238 76.412008 133.761520
224 333.800706 187.161172 76.412008 133.761520
225 333.815636 187.516106 76.412008 133.761520
226 333.830567 187.871040 76.412008 133.761520
227 333.845497 188.225973 76.412008 133.761520
228 333.860428 188.580907 76.412008 133.761520
229 333.875358 188.935841 76.412008 133.761520
230 333.890288 189.290774 76.412008 133.761520
231 333.905219 189.645708 76.412008 133.761520
232 333.920149 190.000642 76.412008 133.761520
233 333.935080 190.355575 76.412008 133.761520
234 333.950010 190.710509 76.412008 133.761520
235 333.964941 191.065443 76.412008 133.761520
236 333.979871 191.420376 76.412008 133.761520
237 333.994802 191.775310 76.412008 133.761520
238 334.009732 192.130244 76.412008 133.761520
239 334.024663 192.485178 76.412008 133.761520
240 334.039593 192.840111 76.412008 133.761520
241 334.054524 193.195045 76.412008 133.761520
242 334.069454 193.549979 76.412008 133.761520
243 334.084384 193.904912 76.412008 133.761520
244 334.099315 194.259846 76.412008 133.761520
245 334.114245 194.614780 76.412008 133.761520
246 334.129176 194.969713 76.412008 133.761520
247 334.144106 195.324647 76.412008 133.761520
248 334.159037 195.679581 76.412008 133.761520
249 334.173967 196.034514 76.412008 133.761520
250 334.188898 196.389448 76.412008 133.761520
251 334.203828 196.744382 76.412008 133.761520
252 334.218759 197.099316 76.412008 133.761520
253 334.233689 197.454249 76.412008 133.761520
254 334.248620 197.809183 76.412008 133.761520
255 334.263550 198.164117 76.412008 133.761520
256 334.278480 198.519050 76.412008 133.761520
257 334.293411 198.873984 76.412008 133.761520
258 334.308341 199.228918 76.412008 133.761520
259 334.323272 199.583851 76.412008 133.761520
260 334.338202 199.938785 76.412008 133.761520
261 334.353133 200.293719 76.412008 133.761520
262 334.368063 200.648652 76.412008 133.761520
263 334.382994 201.003586 76.412008 133.761520
264 334.397924 201.358520 76.412008 133.761520
265 334.412855 201.713454 76.412008 133.761520
266 334.427785 202.068387 76.412008 133.761520
267 334.442716 202.423321 76.412008 133.761520
268 334.457646 202.778255 76.412008 133.761520
269 334.472576 203.133188 76.412008 133.761520
270 334.487507 203.488122 76.412008 133.761520
271 334.502437 203.843056 76.412008 133.761520
272 334.517368 204.197989 76.412008 133.761520
273 334.532298 204.552923 76.412008 133.761520
274 334.547229 204.907857 76.412008 133.761520
275 334.562159 205.262790 76.412008 133.761520
276 334.577090 205.617724 76.412008 133.761520
277 334.592020 205.972658 76.412008 133.761520
278 334.606951 206.327591 76.412008 133.761520
279 334.621881 206.682525 76.412008 133.761520
280 334.636812 207.037459 76.412008 133.761520
281 334.651742 207.392393 76.412008 133.761520
282 334.666673 207.747326 76.412008 133.761520
283 334.681603 208.102260 76.412008 133.761520
284 334.696533 208.457194 76.412008 133.761520
285 334.711464 208.812127 76.412008 133.761520
286 334.726394 209.167061 76.412008 133.761520
287 334.741325 209.521995 76.412008 133.761520
288 334.756255 209.876928 76.412008 133.761520
289 334.771186 210.231862 76.412008 133.761520
290 334.786116 210.586796 76.412008 133.761520
291 334.801047 210.941729 76.412008 133.761520
292 334.815977 211.296663 76.412008 133.761520
293 334.830908 211.651597 76.412008 133.761520
294 334.845838 212.006531 76.412008 133.761520
295 334.860769 212.361464 76.412008 133.761520
296 334.875699 212.716398 76.412008 133.761520
297 334.890629 213.071332 76.412008 133.761520
298 334.905560 213.426265 76.412008 133.761520
299 334.920490 213.781199 76.412008 133.761520
300 334.935421 214.136133 76.412008 133.761520
301 334.950351 214.491066 76.412008 133.761520
302 334.965282 214.846000 76.412008 133.761520
303 334.980212 215.200934 76.412008 133.761520
304 334.995143 215.555867 76.412008 133.761520
305 335.010073 215.910801 76.412008 133.761520
306 335.025004 216.265735 76.412008 133.761520
307 335.039934 216.620669 76.412008 133.761520
308 335.054865 216.975602 76.412008 133.761520
309 335.069795 217.330536 76.412008 133.761520
310 335.084725 217.685470 76.412008 133.761520
311 335.099656 218.040403 76.412008 133.761520
312 335.114586 218.395337 76.412008 133.761520
313 335.129517 218.750271 76.412008 133.761520
314 335.144447 219.105204 76.412008 133.761520
315 335.159378 219.460138 76.412008 133.761520
316 335.174308 219.815072 76.412008 133.761520
317 335.189239 220.170005 76.412008 133.761520
318 335.204169 220.524939 76.412008 133.761520
319 335.219100 220.879873 76.412008 133.761520
320 335.234030 221.234807 76.412008 133.761520
321 335.248961 221.589740 76.412008 133.761520
322 335.263891 221.944674 76.412008 133.761520
323 335.278821 222.299608 76.412008 133.761520
324 335.293752 222.654541 76.412008 133.761520
325 335.308682 223.009475 76.412008 133.761520
326 335.323613 223.364409 76.412008 133.761520
327 335.338543 223.719342 76.412008 133.761520
328 335.353474 224.074276 76.412008 133.761520
329 335.368404 224.429210 76.412008 133.761520
330 335.383335 224.784143 76.412008 133.761520
331 335.398265 225.139077 76.412008 133.761520
332 335.413196 225.494011 76.412008 133.761520
333 335.428126 225.848944 76.412008 133.761520
334 335.443057 226.203878 76.412008 133.761520
335 335.457987 226.558812 76.412008 133.761520
336 335.472917 226.913746 76.412008 133.761520
337 335.487848 227.268679 76.412008 133.761520
338 335.502778 227.623613 76.412008 133.761520
339 335.517709 227.978547 76.412008 133.761520
340 335.532639 228.333480 76.412008 133.761520
341 335.547570 228.688414 76.412008 133.761520
342 335.562500 229.043348 76.412008 133.761520
343 335.577431 229.398281 76.412008 133.761520
344 335.592361 229.753215 76.412008 133.761520
345 335.607292 230.108149 76.412008 133.761520
346 335.622222 230.463082 76.412008 133.761520
347 335.637153 230.818016 76.412008 133.761520
348 335.652083 231.172950 76.412008 133.761520
349 335.667014 231.527884 76.412008 133.761520
350 335.681944 231.882817 76.412008 133.761520
351 335.696874 232.237751 76.412008 133.761520
352 335.711805 232.592685 76.412008 133.761520
353 335.726735 232.947618 76.412008 133.761520
354 335.741666 233.302552 76.412008 133.761520
355 335.756596 233.657486 76.412008 133.761520
356 335.771527 234.012419 76.412008 133.761520
357 335.786457 234.367353 76.412008 133.761520
358 335.801388 234.722287 76.412008 133.761520
359 335.816318 235.077220 76.412008 133.761520
360 335.831249 235.432154 76.412008 133.761520
361 335.846179 235.787088 76.412008 133.761520
362 335.861110 236.142022 76.412008 133.761520
363 335.876040 236.496955 76.412008 133.761520
364 335.890970 236.851889 76.412008 133.761520
365 335.905901 237.206823 76.412008 133.761520
366 335.920831 237.561756 76.412008 133.761520
367 335.935762 237.916690 76.412008 133.761520
368 335.950692 238.271624 76.412008 133.761520
369 335.965623 238.626557 76.412008 133.761520
370 335.980553 238.981491 76.412008 133.761520
371 335.995484 239.336425 76.412008 133.761520
372 336.010414 239.691358 76.412008 133.761520
373 336.025345 240.046292 76.412008 133.761520
374 336.040275 240.401226 76.412008 133.761520
375 336.055206 240.756160 76.412008 133.761520
376 336.070136 241.111093 76.412008 133.761520
377 336.085066 241.466027 76.412008 133.761520
378 336.099997 241.820961 76.412008 133.761520
379 336.114927 242.175894 76.412008 133.761520
380 336.129858 242.530828 76.412008 133.761520
381 336.144788 242.885762 76.412008 133.761520
382 336.159719 243.240695 76.412008 133.761520
383 336.174649 243.595629 76.412008 133.761520
384 336.189580 243.950563 76.412008 133.761520
385 336.204510 244.305496 76.412008 133.761520
386 336.219441 244.660430 76.412008 133.761520
387 336.234371 245.015364 76.412008 133.761520
388 336.249302 245.370297 76.412008 133.761520
389 336.264232 245.725231 76.412008 133.761520
390 336.279162 246.080165 76.412008 133.761520
391 336.294093 246.435099 76.412008 133.761520
392 336.309023 246.790032 76.412008 133.761520
393 336.323954 247.144966 76.412008 133.761520
394 336.338884 247.499900 76.412008 133.761520
395 336.353815 247.854833 76.412008 133.761520
396 336.368745 248.209767 76.412008 133.761520
397 336.383676 248.564701 76.412008 133.761520
398 336.398606 248.919634 76.412008 133.761520
399 336.413537 249.274568 76.412008 133.761520
400 336.428467 249.629502 76.412008 133.761520
401 336.443398 249.984435 76.412008 133.761520
402 336.458328 250.339369 76.412008 133.761520
403 336.473259 250.694303 76.412008 133.761520
404 336.488189 251.049237 76.412008 133.761520
405 336.503119 251.404170 76.412008 133.761520
406 336.518050 251.759104 76.412008 133.761520
407 336.532980 252.114038 76.412008 133.761520
408 336.547911 252.468971 76.412008 133.761520
409 336.562841 252.823905 76.412008 133.761520
410 336.577772 253.178839 76.412008 133.761520
411 336.592702 253.533772 76.412008 133.761520
412 336.607633 253.888706 76.412008 133.761520
413 336.622563 254.243640 76.412008 133.761520
414 336.637494 254.598573 76.412008 133.761520
415 336.652424 254.953507 76.412008 133.761520
416 336.667355 255.308441 76.412008 133.761520
417 336.682285 255.663375 76.412008 133.761520
418 336.697215 256.018308 76.412008 133.761520
419 336.712146 256.373242 76.412008 133.761520
420 336.727076 256.728176 76.412008 133.761520
421 336.742007 257.083109 76.412008 133.761520
422 336.756937 257.438043 76.412008 133.761520
423 336.771868 257.792977 76.412008 133.761520
424 336.786798 258.147910 76.412008 133.761520
425 336.801729 258.502844 76.412008 133.761520
426 336.816659 258.857778 76.412008 133.761520
427 336.831590 259.212711 76.412008 133.761520
428 336.846520 259.567645 76.412008 133.761520
