92 253.345623 482.829730 131.030045 130.875423
93 253.700792 483.076036 131.019624 130.364081
94 254.198612 483.750755 131.026590 129.866881
95 254.287799 484.200287 130.981400 129.334184
96 254.393015 484.403621 130.521244 128.863551
97 254.847625 484.907597 130.526423 128.380722
98 255.329285 485.512687 130.524955 127.885163
99 255.601920 486.565168 130.501618 127.365167
100 256.028838 487.334379 130.517178 126.871271
101 256.097207 488.587903 130.485745 126.354884
102 256.293984 489.208202 130.014671 125.881431
103 256.483494 489.843704 129.992450 125.367510
104 256.636675 490.316684 129.520244 124.892336
105 256.780768 492.185561 129.500308 124.378419
106 257.485736 493.330990 129.537105 123.932892
107 257.468546 493.472843 129.505825 123.388879
108 257.922162 494.639140 129.527924 122.919256
109 258.752716 495.075928 129.533813 122.448898
110 259.212937 495.409704 129.525290 121.924502
111 258.426509 498.966354 129.507635 121.349479
112 258.998022 499.605995 129.528972 120.943695
113 259.130225 499.942753 129.517243 120.430845
114 259.631994 500.412461 129.519525 119.949262
115 276.462848 467.055786 129.562433 120.376219
116 276.764436 467.109655 129.540898 119.932180
117 317.715888 400.303146 132.851858 123.696705
118 330.890904 377.220610 132.522915 123.923991
119 375.871767 396.800414 132.696120 124.782698
120 375.940894 393.680674 132.408082 124.327207
121 375.708004 390.694317 131.925401 123.857319
122 375.256933 385.446939 131.425159 123.388707
123 374.666146 378.940194 130.941219 122.904469
124 374.661737 374.941781 130.438178 122.398921
125 375.465461 370.402034 129.922444 121.923334
126 376.083450 366.357026 129.418012 121.414483
127 376.016214 362.569423 128.933286 120.920898
128 375.810689 360.574584 128.452808 120.379287
129 375.735537 358.135434 127.959285 119.897555
130 376.970549 359.129106 127.432233 119.385138
131 377.411904 356.463952 126.924291 118.934664
132 378.373957 354.222529 126.423612 118.442085
133 361.643111 351.301389 125.947759 118.036584
134 356.948106 358.079666 125.349840 117.656479
135 341.504458 389.527870 124.923625 117.707672
136 332.055506 400.232057 124.640977 117.333914
137 320.715585 421.954314 124.867725 117.181440
138 321.896359 418.065663 124.494082 116.976107
139 314.264507 413.392760 124.009403 116.531666
140 317.917997 413.019626 123.914447 116.361512
141 323.780942 412.399170 123.395270 115.852053
142 327.280162 413.962150 122.947724 115.387573
143 330.672865 414.324854 122.421584 114.858920
144 332.068045 414.890725 121.986489 114.391520
145 333.661878 415.854445 121.485956 113.887161
146 335.893046 417.646127 120.971250 113.400633
147 339.080657 419.551090 120.489414 112.923308
148 340.230830 420.778420 120.023425 112.445333
149 341.778835 421.396628 119.989501 111.901819
150 342.835974 421.865504 119.501055 111.420617
151 344.966100 422.251958 119.493793 110.904797
152 346.401117 422.668681 119.000416 110.413574
153 348.533145 423.719283 118.984216 109.906515
154 350.499873 425.500338 118.479252 109.428361
155 352.307666 426.782978 117.980830 108.923196
156 353.854161 427.665490 117.491028 108.425268
157 355.176715 428.281817 117.000552 107.928065
158 356.702272 429.300910 116.983430 107.423238
159 358.670341 430.530424 116.472177 106.919629
160 360.349726 432.312333 115.962622 106.432385
161 362.039407 433.455402 115.464431 105.932361
162 362.992079 434.260009 115.002395 105.446202
163 364.156432 434.912603 115.000616 104.943728
164 364.986386 435.252201 115.005864 104.451086
165 366.274068 435.719857 114.987673 103.945223
166 366.796170 435.789680 114.516975 103.459611
167 367.432564 435.947948 114.516503 102.960008
168 367.992544 436.427344 114.501752 102.455603
169 356.048866 437.252479 114.534484 102.038041
170 349.798013 437.649397 114.590351 101.978207
171 324.223077 436.074316 114.687236 101.682660
172 323.328155 436.052186 114.545215 101.464653
173 315.126905 433.822531 114.564216 101.042978
174 313.807243 433.747324 114.544014 100.968536
175 301.358498 432.491352 114.609089 100.555194
176 301.215181 432.965312 114.558935 100.458584
177 301.034646 433.689072 114.557422 99.945776
178 301.206917 434.226667 114.555053 99.455824
179 302.335642 432.066897 114.513860 99.026382
180 303.640118 434.460384 114.465363 98.906796
181 303.671381 432.377187 114.024879 98.522479
182 302.931634 434.097450 114.013211 98.457178
183 301.004950 434.080629 114.048836 97.993718
184 290.598610 439.565896 113.961223 97.414015
185 290.528262 439.557315 113.555166 96.991507
186 289.659669 441.631476 113.507987 96.446858
187 289.565744 445.224883 113.472703 95.912787
188 288.552673 448.853571 112.976834 95.392223
189 287.135834 452.308425 112.483724 94.929510
190 285.618938 455.845781 111.969218 94.413684
191 283.691219 459.107096 111.478402 93.939557
192 283.482814 460.703521 111.010515 93.520863
193 282.991051 462.674491 111.009574 93.511415
194 283.219400 464.053049 110.973760 93.508860
195 278.419512 465.768162 110.533326 93.584552
196 277.875578 467.069291 110.476480 93.485749
197 274.053229 468.403066 110.031718 93.055869
198 272.816556 469.339135 110.043626 93.021517
199 266.105008 469.036205 110.047552 93.111484
200 265.500271 470.642933 110.047926 93.053805
201 255.532561 468.686154 110.048590 93.207251
202 252.312112 471.344991 110.058775 93.078255
203 248.108924 471.732952 110.039527 93.037661
204 246.758066 469.820924 110.046999 93.039511
205 246.539327 467.670734 110.038500 93.072455
206 246.394104 470.294354 110.023588 93.060127
207 247.121072 473.336671 110.036339 93.091679
208 247.287366 475.460353 110.047494 93.063609
209 248.706168 477.932841 110.023346 93.087386
210 250.176937 479.663672 109.971230 93.046614
211 253.116082 481.170540 109.438018 93.043992
212 255.474518 482.365818 108.959672 93.014691
213 257.380287 482.976453 108.483392 93.011989
214 257.843911 482.926367 108.034632 93.009212
215 258.536629 483.040081 108.032516 93.013858
216 260.274562 486.593285 107.998003 93.057893
217 261.012343 488.019300 107.520452 93.024955
218 261.950590 489.055537 107.556351 93.038691
219 262.222888 490.106934 107.564174 93.049396
220 262.702331 490.118771 107.552365 93.036417
221 262.013369 490.905351 107.577116 93.054773
222 262.254192 491.470319 107.526467 93.067952
223 261.681336 492.609126 107.544430 93.085727
224 261.883032 493.187141 107.542993 93.046132
225 261.145549 492.374414 107.508211 93.069646
226 260.341685 492.731936 107.556202 93.068117
227 260.344746 493.295225 107.543971 93.049199
228 259.665204 494.559644 107.568505 93.091403
229 259.119455 495.210685 107.557196 93.043662
230 258.908466 495.471579 107.554858 93.034522
231 258.399116 495.662190 107.558674 93.032556
232 258.530388 495.727455 107.573078 93.028539
233 258.679764 495.747950 107.571832 93.028503
234 258.751177 495.874860 107.576343 93.036154
235 258.976503 495.763546 107.560837 93.028842
236 259.145240 496.063616 107.577646 93.026279
237 259.206248 496.323094 107.578321 93.022658
238 259.106536 496.466426 107.567161 93.012917
239 254.115787 496.382657 107.579495 93.056155
240 254.445994 496.395831 107.546417 93.037380
241 262.685666 492.387828 108.016938 93.316170
242 264.250501 488.286502 107.995183 93.133589
243 265.570115 484.276468 107.497509 93.133589
244 266.882468 480.266433 106.999836 93.133589
245 268.346604 475.899600 106.505081 93.130102
246 267.819970 470.873534 106.564056 93.073538
247 267.813768 478.908666 106.635578 93.054951
248 263.125383 481.091833 106.382797 92.908915
249 258.280708 486.652563 105.942502 92.346688
250 254.733952 491.943592 105.452125 91.832787
251 252.850163 498.829331 105.040905 91.444658
252 251.650463 500.611982 105.016521 91.084741
253 250.826881 500.489969 105.014137 91.124013
254 250.067424 501.795037 105.020093 91.096783
255 249.219221 500.988961 105.019615 91.125841
256 248.309930 501.320165 105.017417 91.099048
257 247.440473 501.691372 105.020616 91.103324
258 246.447992 501.002923 105.022030 91.122853
259 245.469449 501.119973 105.020817 91.106151
260 244.556578 501.697448 105.023061 91.097547
261 243.581317 501.430029 105.015158 91.103572
262 242.225798 502.456483 105.018689 91.077560
263 241.043197 502.641586 105.016687 91.096941
264 240.387464 502.096513 105.008724 91.107643
265 239.329223 502.191307 105.012783 91.103585
266 238.347228 502.183342 105.012622 91.100667
267 237.364937 501.935638 105.010343 91.103494
268 236.583717 501.756574 105.012663 91.108677
269 235.892443 501.369134 105.009131 91.099074
270 235.081541 501.253083 105.011088 91.096635
271 234.388458 501.085045 105.013789 91.104257
272 233.352812 500.612204 105.010072 91.107154
273 232.315820 500.152270 105.010288 91.104380
274 231.270781 500.346520 105.008487 91.080972
275 230.071132 500.689086 105.010937 91.092311
276 229.296880 500.025292 105.007914 91.105850
277 228.234627 500.094377 105.005861 91.090845
278 226.959190 500.961646 105.016239 91.092940
279 226.282321 500.811991 105.013261 91.101736
280 225.633800 500.237592 105.014373 91.110470
281 224.279468 501.856857 105.023348 91.081063
282 223.908957 501.236886 105.012119 91.107364
283 223.343298 501.352352 105.016717 91.103228
284 222.584593 501.763599 105.004729 91.085863
285 221.754561 502.560265 105.012979 91.072996
286 220.907526 503.245558 105.022749 91.081945
287 220.069798 504.732744 105.014936 91.061172
288 219.855749 505.303511 104.993124 91.038977
289 219.298692 505.308578 104.502691 91.074004
290 218.543035 508.004280 104.516675 91.031364
