4 129.987375 580.977283 38.340225 89.548234
5 132.388301 585.758943 38.336138 89.502864
6 136.277927 588.111659 38.351691 89.580468
7 136.375257 588.095750 38.355565 89.553801
8 137.393826 587.884109 38.358153 89.567285
9 139.861505 586.978539 38.363279 89.628078
10 139.930587 587.044393 38.354718 89.541317
11 140.224912 586.842422 38.353522 89.549882
12 140.986363 586.468653 38.340061 89.560371
13 139.966010 584.448536 38.343357 89.621796
14 139.277352 582.648623 38.334682 89.592210
15 138.828544 582.635092 38.335980 89.547226
16 140.839312 584.421701 38.282989 89.532429
17 140.862679 583.842979 38.323845 89.565448
18 142.199711 585.055758 38.305579 89.546286
19 143.372051 585.760241 38.301531 89.584893
20 144.156958 586.198739 38.319498 89.555603
21 144.742009 587.090855 38.298216 89.581756
22 146.299005 587.393254 38.307123 89.556260
23 148.266995 588.614013 38.305777 89.563139
24 148.202615 587.775413 38.330225 89.540188
25 148.586532 586.988255 38.320706 89.556809
26 149.146146 587.430217 38.321272 89.540295
27 149.551114 588.051826 38.329456 89.536703
28 149.822816 586.988114 38.330262 89.569400
29 149.888796 586.591771 38.333456 89.553376
30 149.099606 588.821732 38.337392 89.594746
31 147.822741 588.784067 38.338769 89.595231
32 148.022573 590.081900 38.335648 89.568478
33 146.335401 589.657188 38.337085 89.598231
34 145.422261 590.698377 38.335470 89.595407
35 144.508349 590.676973 38.331504 89.589489
36 144.179447 591.149424 38.327042 89.563735
37 144.194103 589.772023 38.326439 89.593274
38 144.075510 591.995759 38.324062 89.566225
39 144.483990 590.479365 38.327295 89.597960
40 143.884365 590.682127 38.333124 89.580966
41 143.271094 590.903356 38.331354 89.580773
42 143.579385 589.226797 38.324806 89.596098
43 143.339690 589.868154 38.335083 89.568696
44 142.595786 589.899330 38.332812 89.584888
45 141.610114 590.171619 38.335182 89.592570
46 140.146755 591.355889 38.327776 89.581618
47 139.692538 590.197119 38.322871 89.591197
48 139.818805 592.834958 38.303044 89.533742
49 139.735921 589.867156 38.335534 89.617783
50 139.221043 591.688983 38.321233 89.556191
51 139.048642 590.943949 38.329000 89.578928
52 138.729618 590.828835 38.324242 89.577353
53 138.289812 590.588389 38.325031 89.582253
54 139.285316 593.599476 38.290052 89.515164
55 139.081433 591.614119 38.330214 89.609921
56 139.072371 592.993983 38.316970 89.563285
57 138.907339 592.010076 38.324508 89.592270
58 139.445065 590.445365 38.317205 89.609299
59 138.487611 591.294003 38.305706 89.581039
60 137.921892 592.363447 38.323297 89.574031
61 138.079375 590.901686 38.328499 89.584940
62 137.783713 591.059662 38.333713 89.570825
63 137.461209 591.298166 38.331828 89.575469
64 137.436059 591.844373 38.325562 89.563602
65 137.514394 590.164512 38.322893 89.592304
66 136.998716 590.456954 38.318176 89.570958
67 136.535576 590.472511 38.315033 89.578408
68 135.996160 590.632972 38.312017 89.576164
69 135.656804 590.544482 38.306980 89.569799
70 135.430169 590.584025 38.317714 89.574572
71 135.249665 590.510069 38.323739 89.577863
72 135.155831 590.374613 38.321501 89.576451
73 135.235458 590.110194 38.318215 89.573855
74 135.316329 589.750368 38.314070 89.572782
75 134.582280 587.186865 38.318571 89.643434
76 134.550453 586.259516 38.315698 89.583949
77 134.902533 585.884224 38.317576 89.575417
78 135.102060 585.204438 38.319966 89.579494
79 135.550481 587.650963 38.319785 89.568276
80 134.754909 585.601731 38.322492 89.606608
81 135.487304 588.949722 38.310229 89.581116
82 133.762624 587.090885 38.330223 89.627074
83 132.689533 585.615009 38.313787 89.617483
84 132.939082 588.621231 38.307685 89.607101
85 130.578946 587.513247 38.289490 89.631816
86 131.209029 586.175333 38.270658 89.634554
87 131.136544 585.788312 38.316544 89.589764
88 132.184702 588.626681 38.309967 89.584871
89 131.446448 586.781360 38.311672 89.630658
90 131.728848 588.461189 38.312851 89.563246
91 132.002289 590.012560 38.290400 89.570958
92 131.275845 590.856516 38.315935 89.573718
93 131.228148 592.046290 38.306488 89.566830
94 131.532203 594.240118 38.299706 89.551934
95 130.295482 593.113824 38.321969 89.600960
96 130.435970 592.832087 38.300428 89.595287
97 129.960057 592.490818 38.308259 89.600965
98 130.336566 592.484977 38.305417 89.585481
99 130.380809 592.153031 38.308858 89.597789
100 131.109107 592.457945 38.300442 89.597673
101 131.888341 593.332527 38.294030 89.593377
102 131.468559 594.215304 38.308775 89.584721
103 129.808548 594.620882 38.321778 89.601020
104 128.121641 594.166102 38.323410 89.615822
105 125.754837 593.254975 38.316787 89.630962
106 124.065254 591.056271 38.292651 89.653918
107 122.188179 591.516116 38.288917 89.610183
108 121.179533 592.314024 38.266663 89.584687
109 120.907163 590.620921 38.305313 89.668337
110 120.709997 588.254541 38.298379 89.659553
111 120.877299 588.694299 38.271607 89.631486
112 121.403480 588.363628 38.258520 89.662527
113 122.287968 587.974667 38.260460 89.661977
114 123.352049 586.930032 38.260128 89.686143
115 128.247974 586.624239 38.249329 89.843745
116 133.240767 589.100102 38.248044 89.752580
117 134.784555 589.306922 38.269678 89.661896
118 137.153556 589.972118 38.257348 89.646111
119 139.718368 589.212362 38.256208 89.630211
120 142.524912 589.852691 38.262243 89.645760
121 143.102829 588.804793 38.273667 89.637039
122 145.999093 588.431593 38.267445 89.720441
123 147.359216 587.399582 38.265692 89.681255
124 146.254446 588.742113 38.300810 89.622817
125 146.598778 588.448735 38.266098 89.669024
126 146.755256 588.729030 38.271849 89.645923
127 147.241023 587.846558 38.273467 89.665355
128 147.375431 586.983994 38.281144 89.657514
129 144.818765 588.966157 38.309678 89.629413
130 144.283805 589.085567 38.301588 89.639082
131 144.046353 589.131203 38.294419 89.631237
132 143.763005 589.573291 38.323010 89.600595
133 144.014439 590.025846 38.307336 89.611878
134 143.247893 588.847805 38.282407 89.626692
135 143.828999 589.578299 38.315999 89.594707
136 144.458788 590.184642 38.312355 89.599325
137 143.590039 588.726005 38.288049 89.631610
138 144.118856 593.302521 38.273221 89.566928
139 143.067230 591.818896 38.311786 89.626980
140 143.599229 590.235882 38.291873 89.640357
141 142.299796 590.396053 38.309836 89.592077
142 141.071533 590.334571 38.302902 89.588137
143 140.092365 589.758799 38.287305 89.598510
144 141.315468 589.527631 38.293446 89.616230
145 141.249256 588.547159 38.317752 89.616410
146 140.220076 591.236808 38.260175 89.572795
147 140.715598 591.437789 38.291480 89.612041
148 141.257678 590.948350 38.278337 89.630087
149 141.829868 589.144567 38.299273 89.652823
150 141.246677 587.601395 38.319726 89.654471
151 142.286612 586.835150 38.296956 89.607380
152 143.095499 586.287621 38.305017 89.588438
153 144.254548 584.680534 38.292982 89.643833
154 144.377733 586.004337 38.319763 89.589163
155 145.796265 585.604079 38.315188 89.591287
156 147.710329 587.203969 38.313715 89.609406
157 147.509047 587.669500 38.327108 89.616015
158 147.453224 588.213947 38.326390 89.610638
159 146.733268 587.948992 38.327086 89.625671
160 146.635412 587.570923 38.327576 89.636177
161 145.974681 588.049286 38.329817 89.597815
162 146.870868 588.184765 38.318250 89.619182
163 147.602980 588.319277 38.321325 89.614822
164 148.431978 588.565201 38.317325 89.610397
165 148.052199 589.614803 38.325586 89.610693
166 146.252044 591.206402 38.320346 89.592313
167 143.062660 590.863603 38.319830 89.604574
168 141.634198 590.863451 38.296053 89.592802
169 140.300914 590.178719 38.276312 89.621306
170 138.248311 587.950207 38.284849 89.630293
171 141.103200 584.126630 38.296951 89.763571
172 139.351465 585.281581 38.301224 89.607852
173 139.738225 587.137422 38.291697 89.617152
174 140.724620 588.834939 38.299974 89.547316
175 142.512995 588.920673 38.287228 89.650094
176 143.583431 589.267240 38.290903 89.616221
177 144.165370 589.602810 38.301592 89.612286
178 144.659247 590.307098 38.307139 89.599681
179 143.151997 588.860896 38.274789 89.640790
180 143.744284 590.094777 38.302963 89.597754
181 142.250863 588.300872 38.275778 89.665265
182 143.230609 590.678368 38.290066 89.571752
183 142.498567 587.663790 38.261444 89.607840
184 142.119713 590.556100 38.302763 89.565589
185 142.574202 587.689709 38.270133 89.616011
186 143.326339 590.634457 38.303321 89.557483
187 143.650388 590.825254 38.258672 89.606509
188 143.720354 592.361293 38.274043 89.555037
189 141.604099 593.084777 38.307756 89.596218
190 139.551811 593.151948 38.315597 89.608355
191 138.030026 593.108775 38.303802 89.610689
192 137.643681 593.434442 38.289211 89.613384
193 136.590724 594.199623 38.303290 89.607814
194 136.151220 594.618863 38.301962 89.609054
195 135.476355 594.388161 38.298423 89.638318
196 135.218047 594.033238 38.299200 89.630851
197 134.846863 593.661390 38.302078 89.634001
198 134.874209 592.769510 38.266010 89.660964
199 135.621009 593.204841 38.286475 89.653909
200 135.003572 593.180141 38.279007 89.644163
201 135.058142 592.663149 38.261038 89.644232
202 136.058922 588.707856 38.280959 89.703429
203 135.906570 588.921300 38.276900 89.609200
204 138.412841 589.015072 38.259559 89.576670
205 142.270779 589.277995 38.274128 89.598639
206 146.036082 589.981176 38.270063 89.576842
207 145.558401 591.508917 38.308147 89.583429
208 144.569455 591.407375 38.300086 89.607423
209 144.181103 590.953187 38.262630 89.618671
210 143.636008 591.084181 38.287828 89.593815
211 144.170927 588.628570 38.266660 89.629267
212 146.350576 588.281048 38.300694 89.598218
213 146.829308 588.384152 38.325443 89.611196
214 147.556052 588.750464 38.323581 89.588588
215 147.903681 589.499818 38.325894 89.587957
216 147.485205 590.389644 38.316669 89.587970
217 145.466721 591.536638 38.307286 89.587051
218 146.257766 592.424436 38.267873 89.567825
219 143.753572 591.884913 38.334539 89.637391
220 142.227927 590.573334 38.324246 89.622341
221 140.938057 591.117323 38.308089 89.589068
222 140.613262 590.234906 38.269742 89.617654
223 139.806548 591.131757 38.301375 89.569005
224 140.185383 590.468623 38.260671 89.602647
225 139.131123 591.314047 38.308979 89.586936
226 140.190962 592.446486 38.262224 89.562263
227 139.710400 591.615495 38.276806 89.636829
228 140.606529 591.524534 38.256309 89.563869
229 141.420028 593.266373 38.272839 89.541574
230 139.356649 593.238639 38.325927 89.618504
231 137.467192 592.880096 38.319305 89.623529
232 136.388421 591.744741 38.312992 89.635825
233 138.269688 594.426901 38.260724 89.506220
234 136.957583 594.799610 38.292497 89.601892
235 136.759883 594.475449 38.285802 89.617109
236 137.156085 593.860901 38.281421 89.621109
237 136.052316 593.273025 38.314073 89.605501
238 134.612053 593.515696 38.276241 89.596682
239 133.553135 593.951429 38.266621 89.591270
240 133.302772 595.276112 38.264106 89.564070
241 128.532136 595.050430 38.297640 89.632932
242 124.474427 592.704946 38.301802 89.675697
243 122.456789 592.536057 38.298581 89.601110
244 120.301428 590.753856 38.304968 89.618350
245 116.247017 588.640178 38.319245 89.647717
246 113.987305 590.575278 38.295774 89.615998
247 111.182186 588.705292 38.331919 89.648403
248 109.334151 590.068665 38.306912 89.629396
249 106.548954 586.759967 38.329942 89.676517
250 107.856012 587.805172 38.314356 89.601497
251 107.083924 588.052009 38.316060 89.632653
252 106.062356 586.998261 38.321468 89.635142
253 104.559565 586.404394 38.323131 89.615702
254 104.505837 588.371213 38.312720 89.577095
255 103.184518 587.946377 38.323840 89.620955
256 102.290796 587.134676 38.313789 89.627624
257 100.100222 588.030602 38.311487 89.621070
258 99.836205 585.351606 38.314573 89.627907
259 100.198226 586.123232 38.308138 89.543012
260 100.784972 587.210557 38.299668 89.566864
261 98.008760 583.805409 38.320152 89.686319
262 98.318685 583.215166 38.327396 89.572490
263 98.319957 583.182428 38.327515 89.570842
264 98.443423 583.992238 38.323695 89.563607
265 98.543894 581.266666 38.313851 89.615290
266 96.565447 578.065541 38.319344 89.636447
267 97.397040 577.909390 38.319421 89.577005
268 97.786305 578.501482 38.321988 89.571486
269 98.292296 579.488807 38.319465 89.564615
270 98.334650 580.643964 38.322059 89.551994
271 97.715799 580.985087 38.334704 89.566345
272 96.535602 580.587479 38.319957 89.582082
273 96.187809 581.437872 38.326008 89.545479
274 95.140226 580.606917 38.319204 89.589901
275 94.347896 581.223036 38.324299 89.561251
276 93.575434 579.990250 38.311500 89.598407
277 93.387931 580.836871 38.313442 89.554410
278 93.166383 580.043301 38.306150 89.585635
279 93.441189 581.708945 38.310723 89.533364
280 93.772188 584.842353 38.303235 89.524404
281 93.882040 586.007625 38.290914 89.582060
282 95.034016 586.992032 38.287555 89.565388
283 94.475239 588.254962 38.305394 89.530060
284 93.037179 589.051140 38.311287 89.555487
285 91.920631 590.587340 38.307422 89.571992
286 91.784279 592.527167 38.306275 89.542943
287 88.457199 589.228676 38.335356 89.660295
288 88.517524 590.135175 38.295243 89.567821
289 89.771448 592.692172 38.296113 89.554346
290 86.491879 591.492875 38.332239 89.617869
291 87.388607 593.147307 38.291785 89.527172
292 82.564536 594.723160 38.338373 89.579000
293 77.555828 594.448227 38.335470 89.603797
294 73.152411 595.114694 38.335421 89.586326
295 69.957323 596.960949 38.331178 89.572160
296 64.581789 598.591963 38.334256 89.595982
297 59.383291 599.184416 38.351559 89.617693
298 54.106712 599.474121 38.330451 89.601385
299 48.750657 599.022098 38.326562 89.639018
300 44.021921 598.259361 38.343253 89.613358
301 38.762186 596.929762 38.353544 89.619804
302 33.563802 595.178202 38.353724 89.646339
303 27.173118 593.658581 38.359991 89.625658
304 23.230695 594.097253 38.327464 89.628636
305 18.275914 595.387159 38.344326 89.628048
306 12.819503 595.250485 38.351451 89.656579
307 9.469272 594.318340 38.342668 89.669805
308 8.278179 593.474167 38.342108 89.575511
309 8.083153 593.674022 38.336727 89.527661
310 6.954677 594.734028 38.328663 89.559131
311 4.735675 595.331397 38.329107 89.566735
312 2.481644 596.592859 38.315048 89.550200
313 0.691476 595.873785 38.315805 89.576795
314 0.000000 595.625640 37.592531 89.564929
315 0.000000 595.839429 36.121772 89.544784
316 0.000000 596.954024 33.178354 89.561135
317 0.000000 596.166315 31.106225 89.602059
318 0.000000 595.963315 29.511919 89.572898
319 0.000000 596.102974 27.659281 89.572237
320 0.000000 596.429346 25.784986 89.561259
321 0.000000 596.470510 23.698502 89.576215
322 0.000000 596.728669 21.760543 89.577142
323 0.000000 596.286309 20.000450 89.593120
324 0.000000 598.138788 18.620805 89.544617
325 0.000000 598.846402 18.025976 89.513520
326 0.000000 599.589773 17.701216 89.522382
327 0.000000 599.910829 17.084290 89.518786
328 0.000000 600.527722 16.952342 89.526339
329 0.000000 600.961860 16.202197 89.540454
330 0.000000 602.201981 15.749831 89.523305
331 0.000000 604.157667 15.152697 89.493801
332 0.000000 605.007191 14.768142 88.981215
333 0.000000 605.764231 14.221317 88.474739
334 0.000000 606.489786 13.694766 87.984268
335 0.000000 607.408795 13.310165 87.497387
336 0.000000 608.130086 12.953099 86.991811
337 0.000000 608.977223 12.356945 86.509214
338 0.000000 610.867747 11.787639 86.506530
339 0.000000 613.207873 11.024908 86.512379
340 0.000000 614.592073 11.081336 86.514706
341 0.000000 615.914856 11.035675 86.519178
342 0.000000 616.812034 11.032581 86.531840
343 0.000000 617.984966 10.788190 86.525770
344 0.000000 619.278044 10.208514 86.530027
345 0.000000 619.987995 9.935796 86.550599
346 0.000000 620.913349 9.060687 86.546031
347 0.000000 621.786464 8.726792 86.566048
348 0.000000 622.294576 8.313862 86.576411
349 0.000000 622.891977 8.023757 86.561692
350 0.000000 623.444167 8.176459 86.564189
351 0.000000 624.583305 8.025923 86.551943
352 0.000000 625.662921 8.273572 86.551520
353 0.000000 627.003298 8.334981 86.556739
354 0.000000 628.261995 8.183705 86.552109
355 0.000000 629.026409 8.277921 86.565409
356 0.000000 629.946354 8.378900 86.551263
357 0.000000 630.804789 8.216608 86.568189
358 0.000000 630.932183 8.192626 86.591034
359 0.000000 631.536621 8.144226 86.574830
360 0.000000 631.927869 8.240053 86.580817
361 0.000000 632.387714 8.177142 86.580364
362 0.000000 633.109027 8.189609 86.575183
363 0.000000 633.927936 8.140548 86.072064
364 0.000000 634.644380 8.211944 85.355620
365 0.000000 635.099416 8.279706 84.900584
366 0.000000 635.639632 8.192566 84.360368
367 0.000000 635.979526 8.282369 84.020474
368 0.000000 636.496463 8.170675 83.503537
369 0.000000 637.011950 8.202372 82.988050
370 0.000000 637.477336 8.279414 82.522664
371 0.000000 638.739798 8.203900 81.260202
372 0.000000 639.561437 8.388626 80.438563
373 0.000000 640.776056 8.292576 79.223944
374 0.000000 642.649318 8.317635 77.350682
375 0.000000 644.407357 8.295025 75.592643
376 0.000000 646.020235 8.244973 73.979765
377 0.000000 647.536551 8.343546 72.463449
378 0.000000 648.104307 8.309804 71.895693
379 0.000000 649.315823 8.328833 70.684177
380 0.000000 650.509884 8.310974 69.490116
381 0.000000 651.444365 8.317551 68.555635
382 0.000000 652.634778 8.425366 67.365222
383 0.000000 653.635785 8.354170 66.364215
384 0.000000 654.901411 8.345829 65.098589
385 0.000000 655.965992 8.269083 64.034008
386 0.000000 657.041076 8.309027 62.958924
387 0.000000 657.784928 8.336632 62.215072
388 0.000000 658.393888 8.346660 61.606112
389 0.000000 658.740461 8.357035 61.259539
390 0.000000 658.696387 8.374108 61.215185
391 0.000000 657.878927 8.353504 61.231909
392 0.000000 657.771395 8.321202 61.221936
393 0.000000 657.920970 8.354880 61.229282
394 0.000000 658.089730 8.354131 61.229191
395 0.000000 658.240587 8.354813 61.229164
396 0.000000 658.522344 8.352437 61.220411
397 0.000000 658.843092 8.338419 61.156908
398 0.000000 658.930230 8.388040 61.069770
399 0.000000 659.195970 8.375857 60.804030
400 0.000000 659.316567 8.377408 60.683433
401 0.000000 659.492387 8.377560 60.507613
402 0.000000 659.637611 8.355814 60.362389
403 0.000000 659.375081 8.379182 60.221533
404 0.000000 659.591894 8.362973 60.212881
405 0.000000 659.606316 8.394004 60.214243
406 0.000000 659.976424 8.348809 60.023576
407 0.000000 660.491124 8.369862 59.508876
408 0.000000 661.138162 8.319932 58.861838
409 0.000000 661.833315 8.388052 58.166685
410 0.000000 661.849646 8.363410 58.150354
411 0.000000 661.306960 8.370256 58.234178
412 0.000000 660.694378 8.367648 58.234524
413 0.000000 661.186813 8.338810 58.209399
414 0.000000 660.677882 8.381040 58.223533
415 0.000000 660.911449 8.318123 58.209803
416 0.000000 661.417721 8.367066 58.200202
417 0.000000 661.919387 8.381115 58.080613
418 0.000000 662.196489 8.357727 57.803511
419 0.000000 662.443304 8.326654 57.556696
420 0.000000 662.804597 8.342744 57.195403
421 0.000000 663.075925 8.367037 56.924075
422 0.000000 663.464294 8.358331 56.535706
423 0.000000 662.352143 8.374878 56.740216
424 0.000000 661.337465 8.410635 56.751605
425 0.000000 660.950580 8.357882 56.733307
426 0.000000 660.652718 8.380336 56.731358
427 0.000000 660.399456 8.376099 56.728861
428 0.000000 660.148112 8.378209 56.728850
429 0.000000 659.817375 8.343142 56.727252
430 0.000000 659.487865 8.373655 56.731733
431 0.000000 659.151772 8.376145 56.729681
432 0.000000 658.609814 8.394707 56.737895
433 0.000000 658.041242 8.385321 56.740507
434 0.000000 657.602766 8.379416 56.733163
435 0.000000 657.155868 8.380377 56.732663
436 0.000000 657.539837 8.414684 56.706837
437 0.000000 657.324390 8.365637 56.731742
438 0.000000 657.984235 8.426334 56.711074
439 0.000000 657.653550 8.338072 56.734000
440 0.000000 657.227317 8.365952 56.737004
441 0.000000 657.458409 8.368935 56.711430
442 0.000000 657.669203 8.338076 56.717760
443 0.000000 657.409585 8.348293 56.735019
444 0.000000 657.025764 8.340838 56.739738
445 0.000000 657.160630 8.358012 56.722223
446 0.000000 657.420664 8.353656 56.718587
447 0.000000 657.764079 8.335342 56.723982
448 0.000000 658.147429 8.350673 56.718304
449 0.000000 658.480921 8.334194 56.723555
450 0.000000 658.390391 8.396912 56.734582
451 0.000000 658.421750 8.377378 56.725004
452 0.000000 658.454505 8.388019 56.722786
453 0.000000 658.219068 8.374032 56.736985
454 0.000000 658.152370 8.338227 56.739553
455 0.000000 658.081542 8.355953 56.739665
456 0.000000 657.912924 8.342577 56.746027
457 0.000000 657.578885 8.344232 56.751004
458 0.000000 657.166795 8.347973 56.749707
459 0.000000 657.352588 8.346288 56.734044
460 0.000000 657.244938 8.343682 56.743266
461 0.000000 657.339510 8.343037 56.738971
462 0.000000 657.178884 8.340795 56.739453
463 0.000000 656.039389 8.336472 56.762447
464 0.000000 656.147541 8.318800 56.741350
465 0.000000 656.525748 8.290828 56.734952
466 0.000000 655.177916 8.386740 56.769943
467 0.000000 655.826319 8.218977 56.741336
468 0.000000 656.167712 8.375781 56.747120
469 0.000000 656.658388 8.294927 56.743548
470 0.000000 656.149586 8.373166 56.753067
471 0.000000 656.174450 8.285979 56.749180
472 0.000000 656.405087 8.300429 56.736332
473 0.000000 655.112932 8.357356 56.774854
474 0.000000 655.042821 8.282344 56.752151
475 0.000000 654.627721 8.315053 56.751194
476 0.000000 654.355272 8.269530 56.748104
477 0.000000 654.282980 8.328063 56.748286
478 0.000000 654.752171 8.283272 56.747413
