45 1215.883221 306.196415 297.883116 258.165754
46 1154.494595 286.081658 279.196128 263.602484
47 1103.533804 292.092779 255.887707 261.176424
48 1074.516025 293.398524 246.110571 258.613334
49 1055.156396 280.700557 254.422150 250.634561
50 1065.295982 219.723863 257.485419 253.588039
51 1066.894278 221.275377 257.867571 255.578344
52 1072.772835 222.165954 263.142280 254.488513
53 1072.956470 222.148701 263.455571 254.463460
54 1077.575477 220.433984 264.529309 254.596878
55 1097.978881 203.971232 268.235925 255.340972
56 1145.438532 192.986851 276.613298 260.613260
57 1145.906631 193.141092 277.074324 260.946161
58 1145.911247 193.159561 277.373765 260.942888
59 1147.036066 193.800956 277.396233 261.906800
60 1134.287420 182.613030 264.588664 275.654320
61 1133.410079 180.110036 262.004984 277.725842
62 1145.717692 177.463922 259.896244 281.835194
63 1148.148379 176.368304 259.039942 282.821385
64 1188.403945 180.708120 270.717853 283.062331
65 1193.834317 181.877591 270.584006 283.864914
66 1219.826632 180.750525 285.557977 283.839065
67 1231.736013 178.724791 288.493911 285.009095
68 1246.038596 175.203768 285.890454 287.680697
69 1285.152791 175.558674 286.968947 280.883386
70 1285.641525 175.348275 286.553862 280.689569
71 1289.081293 175.386168 288.965240 279.118817
72 1291.652893 166.959094 292.466853 283.816636
73 1296.334175 160.160707 290.190380 283.300222
74 1319.197887 172.422554 284.976149 289.816874
75 1319.398304 173.762064 286.068326 295.265587
76 1321.733759 173.372758 285.900265 302.953458
77 1321.686173 173.641547 285.907974 303.158048
78 1321.661516 174.200416 285.754115 303.821235
79 1316.764452 206.773910 290.716326 296.681640
80 1326.157392 220.027193 291.198898 284.020270
81 1329.803452 225.280270 291.064144 280.652515
82 1330.904810 227.491792 290.886866 279.689552
83 1336.036218 242.705652 286.901305 270.888096
84 1343.012124 261.905171 276.213989 241.779892
85 1344.676890 263.157677 274.619884 240.356042
86 1346.160089 264.480555 272.704972 238.601965
87 1346.374735 264.740658 272.764836 238.693482
88 1340.885588 274.806820 276.574466 219.437689
89 1340.472105 276.466679 277.482753 216.584661
90 1340.791302 277.539254 277.867816 213.553468
91 1340.308805 279.181685 279.469462 210.673587
92 1339.678098 279.525139 280.923587 207.810288
93 1335.237071 279.249014 286.402835 200.828458
94 1321.309921 282.270150 298.399640 194.257452
95 1321.365510 282.373849 298.449670 194.472075
96 1321.394190 282.366750 298.454239 194.465545
97 1321.501988 282.361468 298.313056 194.446904
98 1329.562641 283.690228 290.136898 194.240129
99 1329.749455 283.802588 290.451019 194.472075
100 1357.716788 289.392472 274.124011 197.193449
101 1357.922112 289.483498 274.397983 197.494877
102 1364.266896 290.468214 268.477040 198.837648
103 1372.325751 290.264623 259.439185 201.598712
104 1377.389153 294.543792 254.820355 203.482093
105 1378.247507 294.164387 254.148177 203.776942
106 1378.452495 294.172892 254.377820 204.018258
107 1383.409194 287.628736 250.838330 205.708988
108 1394.759627 274.238204 246.311847 205.345288
109 1395.603752 272.366459 245.482030 204.251372
110 1395.096955 270.009433 245.209776 201.878572
111 1393.373733 265.804788 245.161359 197.643541
112 1395.529329 252.742027 242.274467 195.695898
113 1395.632117 253.053829 242.254476 195.488745
114 1395.731232 252.966896 242.257737 194.772713
115 1395.857196 253.097686 242.424561 194.918231
116 1395.928542 253.238184 242.458603 194.937413
117 1396.511344 253.240002 241.469745 194.911331
118 1403.634463 250.747149 232.118779 194.943606
119 1408.128673 250.151986 227.678730 194.845927
120 1409.552589 249.946047 225.515806 194.256943
121 1409.612508 249.701039 226.009537 193.991619
122 1409.507441 247.697433 226.400032 192.562099
123 1409.555232 247.897784 226.466314 192.960032
124 1409.408688 247.523431 226.497235 192.513338
125 1409.325784 247.784119 226.488098 192.865471
126 1409.321259 247.887505 226.442196 192.885304
127 1409.324164 247.922398 226.459682 192.854409
128 1408.814997 248.022784 226.738472 192.748612
129 1408.795846 248.176988 227.061373 192.897111
130 1408.461443 248.268604 227.823955 192.711920
131 1408.103533 248.524975 228.227951 192.670921
132 1404.555036 251.871778 229.934880 190.624431
133 1404.005618 252.738241 230.278272 190.178495
134 1403.759173 253.525827 230.607130 189.805202
135 1403.774908 253.712448 231.111857 189.695895
