2 168.244288 24.634925 30.157210 59.948677
3 168.461832 24.661159 30.376365 60.130377
4 170.521579 21.888770 30.207783 61.592556
5 174.010897 17.724840 29.453453 63.008200
6 171.976718 16.545884 28.881874 65.942169
7 171.026295 16.097497 28.559278 67.367580
8 167.497336 15.845457 27.751745 69.419291
9 163.899272 15.595294 27.829825 70.316021
10 160.780769 15.396577 27.794741 72.131091
11 159.090022 15.269854 27.783552 73.028620
12 155.147090 14.846069 28.010909 75.356068
13 153.290850 13.031596 27.854256 76.020113
14 152.183247 12.588248 27.891745 77.795693
15 150.918369 14.098291 28.054288 79.479546
16 152.037718 17.166745 28.421600 80.753932
17 154.113488 20.310586 30.625052 81.529401
18 153.705268 19.314774 32.920879 84.672963
19 148.691222 18.944298 41.468388 88.458268
20 148.614219 18.879836 41.742946 88.460678
21 148.803068 18.914157 42.024485 88.483508
22 148.875973 20.960659 42.515706 88.294739
23 145.018596 24.732076 43.168317 88.726214
24 140.660447 29.557130 44.203777 88.628217
25 133.363471 35.376152 47.122782 89.140578
26 122.543026 37.763784 48.378245 88.030254
27 122.634088 38.008443 48.412443 88.423242
28 123.355090 38.015704 47.850695 88.311053
29 127.480294 39.531932 47.177378 88.313442
30 129.915257 41.216331 46.423389 89.344896
31 136.283317 51.045040 45.615260 90.619493
32 140.858498 63.215528 46.857334 87.739737
33 143.945918 67.364127 46.628581 85.028778
34 145.128513 69.237167 46.629193 84.656689
35 144.634102 82.990456 48.774681 83.530032
36 144.589113 85.965060 49.160312 83.245264
37 145.887518 87.956035 48.294695 83.224378
38 145.992634 95.271375 48.052540 84.091843
39 148.962014 103.682842 48.453437 85.930215
40 152.943835 106.509022 48.082838 86.898924
41 156.471694 111.281733 48.601507 88.691781
42 161.969790 114.577756 49.651407 87.595281
43 167.205825 116.127115 49.946702 87.211351
44 168.640775 115.964581 50.094705 86.409037
45 170.761197 114.092447 50.302318 85.470527
46 175.180810 113.858126 50.030714 84.383806
47 177.040525 114.759703 50.668528 83.647712
48 173.340615 115.778093 51.923585 81.610632
49 175.117817 116.481751 52.417453 79.171467
50 175.316672 116.109774 52.744614 75.876113
51 170.574415 113.656043 52.733862 73.458544
52 174.968226 113.925103 51.412327 72.346109
53 167.365749 105.911291 51.636572 70.110085
54 166.387590 104.416631 51.750743 70.553612
55 165.576219 102.085669 51.680309 70.567043
56 165.314154 95.170929 52.581976 69.378450
57 165.318124 87.529651 53.367635 68.369791
58 164.092287 81.285148 53.423304 67.733930
59 160.523506 80.080567 53.929377 67.824117
60 156.181677 73.773677 57.378458 65.489922
61 162.669936 76.560621 66.249591 63.798976
62 161.538303 53.623559 65.887173 66.740315
63 160.348955 52.970871 68.784504 66.739585
64 162.630835 50.810564 76.928526 66.005446
65 163.516779 48.748552 79.616004 65.170667
66 161.887953 43.403409 77.867577 65.798973
67 159.140239 40.976397 77.202814 65.927062
68 157.212899 40.569024 77.505802 65.879519
69 156.842251 39.830559 77.965020 65.765706
70 155.746360 39.628266 78.415829 63.775058
71 155.352662 40.090188 79.291116 63.587231
72 155.625134 48.772884 82.651903 62.963422
73 155.282783 49.816182 83.057364 62.902914
74 154.092675 49.885101 83.633033 62.776470
75 154.053132 50.063142 84.307301 62.753011
76 150.852279 49.334174 84.777762 62.410051
77 150.902277 49.301275 85.312220 62.235630
78 151.069153 49.483868 85.720490 62.380654
79 151.218282 49.572479 86.076455 62.436861
80 151.422642 49.625876 86.578636 62.426329
81 151.900487 49.718099 87.088811 62.417910
82 153.116827 50.023667 87.309967 62.572321
83 153.811273 50.177157 87.487091 62.936683
84 158.341846 50.225530 87.455231 62.569005
85 158.718065 50.549333 87.411868 62.953296
86 159.978635 50.655093 87.305641 62.958766
87 160.157058 50.688658 87.441521 62.983261
88 160.844065 51.055687 87.336119 63.013293
89 161.330700 51.770114 87.418252 63.484857
90 162.751103 52.862657 87.163736 63.612393
91 163.442261 57.807999 86.604294 66.081482
92 164.089350 56.788838 86.601318 66.847310
93 163.820580 56.543645 86.242574 68.181063
94 164.482617 58.821243 85.370376 70.539365
95 165.227209 56.671249 84.801303 71.673002
96 165.977163 57.283158 84.503882 72.807093
97 167.155757 59.262857 83.959545 74.781576
98 166.847519 57.860945 83.317943 75.964905
99 165.604388 57.077553 82.818392 76.928727
100 165.252138 56.797311 82.468079 77.665787
101 164.405692 57.300641 81.768160 79.113363
102 164.288373 57.236394 81.775011 79.693531
103 164.397223 57.389323 81.738894 80.309952
104 163.839578 57.393869 81.571523 80.959500
105 163.190536 57.496048 81.517389 81.744930
106 163.042255 57.843872 81.550386 82.677399
107 162.141914 57.712695 81.461447 83.586079
108 161.753988 58.613152 80.981030 84.633647
109 160.891919 58.945888 80.613275 85.309139
110 160.816340 59.023942 80.664950 85.838200
111 160.886046 59.005168 80.673343 86.453942
112 160.981354 58.966823 80.648326 86.814760
113 161.059191 58.946998 80.666928 87.403618
114 161.263520 58.823736 80.797183 87.717215
115 161.179763 58.559552 80.804436 88.089177
116 161.272674 58.621458 80.840874 88.588384
117 161.317658 58.872908 80.796603 89.247540
118 161.349532 58.917344 80.813308 89.836738
119 161.163172 59.346409 80.718564 90.331212
120 160.799876 59.231605 80.715949 90.931305
121 160.218563 59.044596 80.616458 91.461168
122 160.280461 59.007445 80.737825 91.813953
123 160.485510 58.997864 80.816487 92.180745
124 160.650354 58.827559 80.917627 92.506969
125 161.016865 58.656461 81.154638 92.770528
126 161.401718 58.510895 81.710641 92.743504
127 161.634120 57.606732 82.479456 92.418746
128 159.281208 54.891946 83.208284 91.496745
129 158.800053 50.127912 83.782733 90.920206
130 149.161255 52.034176 83.433588 91.278934
131 145.451703 51.073298 80.519692 93.013580
132 146.266799 50.556324 79.001847 93.830748
133 147.119209 49.842393 78.034315 95.589238
134 147.405601 49.939884 76.772144 97.397282
135 147.128532 50.427204 76.177423 97.974586
136 147.236610 50.412863 76.383478 98.041450
137 147.287721 50.626235 76.428700 98.482565
138 147.437631 51.351931 76.337129 98.721292
139 147.407053 51.525779 76.222486 98.997493
140 147.494285 51.963167 75.906936 99.421331
141 147.408492 52.272342 75.625920 99.813822
142 147.392245 52.614421 75.629004 100.284104
143 147.548175 53.025563 75.651886 101.068903
144 147.617743 53.412521 75.402514 101.891402
145 147.673175 53.694297 74.758670 102.542725
146 147.795052 53.855063 74.423565 103.293954
147 147.746555 54.073177 73.901748 104.110759
148 147.464222 54.386392 73.400156 104.924727
149 147.039004 55.055270 72.733532 105.571190
150 146.815323 55.439460 72.353229 106.267468
151 146.393950 55.597657 71.759859 106.711466
152 143.288366 59.410748 70.179703 108.224319
153 139.108215 62.979615 68.366980 110.293980
154 135.350386 64.173524 67.195501 111.272827
155 135.111064 64.061729 67.256145 111.625969
156 134.633576 64.053177 67.176835 112.189799
157 134.610347 64.154854 67.335260 112.513352
158 134.692559 64.369986 67.332691 113.005884
159 134.783867 64.606956 67.437037 113.507967
160 134.818748 64.823945 67.417545 113.986975
161 134.862953 64.821075 67.450938 113.982518
162 134.889515 64.824190 67.459596 113.969292
163 134.864675 64.851883 67.473736 113.957730
164 134.872770 64.871208 67.470224 113.970749
165 134.776421 64.861660 67.506650 113.959203
166 132.050509 64.463702 68.850629 113.377590
167 131.660796 64.617119 69.244865 113.380631
168 131.705549 64.588321 69.496650 113.073326
169 131.705746 64.802048 69.469730 113.464064
170 131.699032 64.833881 69.483108 113.396391
171 131.045552 65.038470 69.693681 113.193545
172 129.284346 64.934601 69.774124 113.070561
173 129.280863 64.984360 69.461473 113.550582
174 129.260835 65.126421 69.194984 114.011448
175 128.962143 65.129937 69.167587 114.846724
176 128.883383 64.859779 68.971069 115.824332
177 128.886902 64.891293 68.847300 116.085403
178 129.320796 62.196135 67.908148 118.320435
179 129.516888 60.035429 67.417687 119.217695
180 128.968465 55.787289 66.574960 119.786050
181 128.988137 51.834690 66.195582 120.101944
182 129.120289 51.608287 66.318713 120.571347
183 129.209566 51.821765 66.472308 120.953859
184 129.022313 51.925248 66.980785 120.978796
185 128.973640 51.831833 68.775962 121.037815
186 129.050977 52.058372 68.983184 121.442122
187 129.057329 52.082479 68.975590 121.428507
188 128.668754 49.862087 69.133440 121.069219
189 126.339091 44.766997 69.334355 122.094675
190 122.640519 43.154717 70.264431 123.448007
191 120.563932 43.763849 71.208095 122.856174
192 120.708364 43.836184 71.468859 122.961056
193 120.592581 43.862219 71.522928 122.754868
194 120.828919 43.985295 71.969039 122.960675
195 120.841585 44.053761 71.971401 122.957437
196 120.717645 44.353136 72.065990 122.703408
197 120.859832 44.600318 72.513344 122.877361
198 121.101608 44.662060 72.968205 122.961056
199 120.440391 44.644951 73.180158 122.942974
200 118.218605 45.914988 74.130116 122.952434
201 114.892329 48.319831 75.683995 122.166435
202 111.559143 51.676184 77.301640 121.573565
203 111.656675 51.889820 77.466245 121.961372
204 111.350337 52.019281 77.887117 121.974473
205 110.977323 52.175123 78.317162 121.954351
206 110.999781 52.257582 78.506659 121.938190
207 111.006463 51.892490 77.396789 122.087756
208 110.888238 52.115038 77.573045 122.413982
209 110.422477 52.284610 78.092470 122.434584
210 110.059103 52.381759 78.378762 122.512862
211 109.420385 52.637275 77.906677 123.224838
212 109.184645 52.742019 77.646909 123.542377
213 108.082953 52.435233 77.429760 123.982374
214 108.116425 52.444471 77.466245 123.960739
215 108.131654 52.464528 77.466245 123.960739
216 108.146884 52.484584 77.466245 123.960739
217 108.162113 52.504640 77.466245 123.960739
218 108.177342 52.524696 77.466245 123.960739
219 108.182630 52.496457 77.398936 123.977437
220 108.183495 52.410065 77.387687 123.970430
221 108.187375 52.337293 77.378714 123.976373
222 108.068214 51.825950 77.287203 123.906537
223 108.113027 51.661785 77.407993 123.887267
224 108.092190 51.486636 77.424904 123.965274
225 108.051974 51.294178 77.439139 123.905679
