326 514.338719 54.347553 28.887226 120.198340
327 513.564878 55.343350 29.855099 118.866237
328 504.053388 58.989421 30.746032 116.156787
329 502.209802 61.356912 31.875331 114.856786
330 501.236936 62.453185 32.962321 114.006833
331 495.920569 63.882685 33.449666 114.437376
332 494.408867 63.873551 33.808788 114.828046
333 492.893174 63.854840 34.273955 115.019209
334 482.483978 63.883975 37.111987 115.996856
335 482.683575 63.873627 37.532778 115.946164
336 482.550276 63.787236 38.123612 115.923485
337 482.629087 63.814088 38.596544 115.917595
338 473.164136 67.262340 39.245765 113.684477
339 470.459309 66.886417 38.829300 113.549355
340 470.496957 66.777565 38.699346 114.203549
341 466.749184 65.095840 38.373066 116.592719
342 466.818751 65.053111 38.257368 117.268394
343 462.220918 65.470134 37.265406 115.981060
344 462.303863 65.424391 37.254168 115.858642
345 462.391570 65.441587 37.252275 115.855140
346 456.095042 66.732067 38.026544 115.911897
347 456.286217 66.792607 38.508421 115.923131
348 449.031173 68.393056 39.719175 115.891094
349 448.125116 69.016344 39.950277 115.668536
350 447.996129 69.230513 39.955301 115.919005
351 433.968789 75.070430 40.732654 115.012611
352 433.847327 75.293146 41.026444 115.321497
353 434.057188 75.391981 41.486457 115.421276
354 423.202010 84.755984 42.166924 112.735118
355 422.536367 86.151740 42.709943 112.210852
356 413.919720 91.689335 45.333233 109.787589
357 413.520632 92.809450 46.473918 108.764984
358 412.862404 95.126618 47.762742 107.312161
359 412.534260 98.591451 48.897633 105.826079
360 412.032889 100.737948 49.941951 104.303698
361 401.548922 101.624022 50.918784 104.452891
362 401.452124 101.820719 51.303526 104.472659
363 401.505932 101.972223 51.638969 104.416610
364 393.545315 96.405176 51.033114 106.159177
365 393.382909 95.932140 51.229103 106.827160
366 393.513186 96.009972 51.478517 106.954269
367 393.518878 96.024537 51.478665 106.954137
368 381.139777 95.491741 51.225665 108.130740
369 379.548728 95.628727 50.646783 108.839813
370 378.554542 95.438773 50.293158 109.204788
371 374.076380 95.753311 48.651875 110.030350
372 372.882762 96.230144 47.937013 110.686883
373 372.613374 95.922690 47.164410 111.606285
374 358.446271 92.858966 47.118897 111.409727
375 356.408059 92.568866 47.332886 111.363908
376 350.862281 94.216163 47.248437 110.508248
377 343.512849 94.991333 47.544935 109.774066
378 341.235400 96.049823 48.022478 109.293722
379 336.577291 99.159378 48.858691 108.133427
380 333.527815 99.418319 49.233919 107.642374
381 330.224108 99.590422 49.472816 107.435171
382 328.224973 98.779892 49.513978 106.855390
383 325.491991 97.410235 50.062208 106.182543
384 321.981170 92.695929 50.621283 106.372895
385 321.578069 90.611613 50.883117 106.308299
386 318.696850 89.417145 50.558608 106.949065
387 317.847817 86.445110 50.756893 107.096303
388 316.309257 81.655316 50.238647 111.012883
389 316.636701 79.155918 49.650946 116.120519
390 317.957730 81.538639 49.036698 122.158162
391 310.367457 80.783129 49.188702 123.877467
392 310.493757 80.734819 49.470439 124.019997
393 306.782777 84.580613 48.904159 131.409724
394 307.517466 83.623859 48.245623 136.029348
395 310.844372 82.436355 47.525912 139.461725
396 310.905317 82.565388 47.729853 139.622920
397 312.327356 83.044562 47.426692 140.069975
398 312.682620 83.195963 47.233390 140.674061
399 306.643245 86.323247 47.523532 139.211043
400 306.878174 86.469328 47.990588 139.422193
401 305.840421 86.884535 47.923222 139.329719
402 305.011620 87.133718 48.029194 139.315124
403 305.237373 87.228990 48.493259 139.423623
404 301.101581 89.506200 48.466614 138.905069
405 301.049937 89.546680 48.410590 138.936344
406 301.026305 89.571522 48.410590 138.936344
407 301.002673 89.596363 48.410590 138.936344
408 291.563663 92.092926 48.503275 137.621958
409 291.808652 92.283533 48.990392 137.923030
410 291.810082 92.323604 48.990392 137.923030
411 285.878448 93.567017 48.723706 136.867929
412 286.013221 93.634627 48.990392 136.923587
413 286.014651 93.674408 48.990392 136.923587
414 286.016081 93.714189 48.990392 136.923587
415 286.017511 93.753969 48.990392 136.923587
416 286.018941 93.793750 48.990392 136.923587
417 286.020371 93.833531 48.990392 136.923587
418 286.021801 93.873311 48.990392 136.923587
419 263.275857 94.176750 50.662101 136.058767
420 264.283113 97.145479 50.577927 137.809817
421 264.733711 97.640656 50.729987 138.948163
422 264.876713 97.756384 50.927068 139.101184
423 264.922092 98.052876 50.948860 139.552956
424 261.765113 99.767935 50.074533 141.670552
425 262.580622 102.610969 49.941104 143.869017
426 262.307824 102.855538 49.784644 144.097778
427 262.401603 103.128742 49.968753 144.443093
428 262.403682 103.228751 49.969022 144.443038
429 258.747963 105.748164 49.273577 144.639825
430 258.833589 105.914520 49.409039 144.975621
431 258.852653 105.913407 49.412743 144.970048
432 258.869052 105.915634 49.411421 144.970352
433 250.651224 109.768607 49.393514 144.474429
434 250.659660 109.796806 49.324969 144.475436
435 250.702499 109.825142 49.325892 144.473927
436 242.963026 111.249649 49.433165 144.884513
437 242.860242 111.636319 49.171199 145.175460
438 242.860339 111.890239 49.160144 145.605874
439 237.955947 113.758231 49.322012 146.156996
440 237.347919 114.718330 49.216204 146.426371
441 237.062328 116.169378 49.263571 148.151146
442 237.153722 116.461811 49.397738 148.570747
443 237.187483 116.738151 49.406580 148.984980
444 234.443556 120.581589 49.247210 148.397770
445 234.476956 120.806246 49.422729 148.404151
446 234.427895 121.022628 49.428845 148.405851
447 234.382987 121.222505 49.434762 148.409412
448 234.384504 121.311056 49.460259 148.408832
449 222.204944 130.517867 49.584819 148.959432
450 222.311690 130.709642 49.900219 148.859771
451 218.791572 133.796073 49.686823 147.911491
452 217.037699 135.384095 49.827790 147.090011
453 216.286895 136.140561 49.901035 146.949064
454 212.838669 142.369274 49.020178 143.273396
455 212.869697 143.399917 49.118708 142.371810
456 208.882959 148.845806 48.452154 138.461454
457 207.845628 152.978912 47.539767 135.832698
458 207.762783 153.576452 47.387226 135.185531
459 203.979332 159.782519 46.080050 130.448639
460 204.329105 160.292321 45.729888 129.660312
461 204.502393 161.170536 45.295705 128.809926
462 204.668319 161.698224 45.082641 128.190441
463 197.923575 168.687948 45.056966 125.966681
464 195.615521 171.050856 44.523179 125.665809
465 195.599373 171.491040 44.463191 125.911109
466 193.098436 174.002905 43.873476 125.652891
467 191.965428 174.500317 43.533942 126.308560
468 191.844264 174.695112 43.598471 126.674403
469 189.143952 179.421876 42.879579 127.217307
470 188.929083 179.492230 42.166264 128.100714
471 188.320047 181.342338 41.760379 130.249728
472 188.322602 181.444537 41.594915 130.932579
473 186.590016 183.245508 41.284165 131.253992
474 186.573118 183.105205 41.230695 131.699223
475 186.578368 183.010268 41.257715 132.171405
476 185.056596 182.366937 41.090383 133.005207
477 184.251389 181.989233 41.228259 133.929302
478 183.942161 181.883896 41.219160 134.143421
479 183.746687 181.882980 41.238508 134.691365
480 183.533258 181.924864 41.253149 135.103872
481 182.232638 181.296483 41.025632 135.630838
482 181.752964 181.221852 41.167812 136.149771
483 181.416173 181.079837 41.205993 136.587941
484 173.853639 182.210945 40.974140 137.150291
485 173.861517 182.376712 40.982229 137.442801
486 171.384925 182.448106 39.548543 139.666081
487 171.610751 182.531439 39.917887 140.096951
488 171.654564 182.670570 39.946012 140.538717
489 168.467046 187.373008 39.859333 142.157925
490 168.526023 187.481105 39.967781 142.559693
491 168.479642 187.602236 39.920912 143.341116
492 168.437252 187.639192 39.882769 143.849322
493 168.419328 187.653117 39.904051 144.295285
494 167.775207 189.716157 39.754267 145.596418
495 167.890897 189.972528 39.968920 146.197785
496 167.907152 190.117020 39.982210 146.480168
497 167.916221 190.122410 39.977980 146.546203
498 167.924406 190.351768 39.991899 146.919089
