2 542.107772 125.129681 61.300684 134.886040
3 542.579017 117.940274 60.659024 137.441688
4 547.574610 70.134359 60.767388 148.192161
5 547.680497 70.150198 60.978860 148.422080
6 547.686867 70.190865 60.988039 148.417173
7 548.885167 69.221298 60.662398 148.597513
8 550.292120 68.927041 60.729237 148.905313
9 551.100617 68.538926 60.775756 149.080100
10 551.208538 68.750594 60.988039 149.416615
11 551.210318 68.794004 60.988039 149.416615
12 551.313159 68.319656 60.942338 149.444375
13 551.358264 68.264391 60.979747 149.407369
14 551.371538 68.278235 60.987365 149.410927
15 551.375177 68.311536 60.987635 149.415639
16 551.380260 68.330192 60.987027 149.415952
17 551.460604 68.122668 60.990320 149.374093
18 551.541882 67.929551 60.990870 149.373401
19 551.545182 67.943812 60.983045 149.413008
20 551.549872 67.982532 60.987632 149.417278
21 551.552726 68.012166 60.987327 149.417286
22 551.557820 68.017559 60.985983 149.416188
23 551.568261 67.994836 60.984601 149.407826
24 551.576868 67.942433 60.980151 149.407213
25 551.587566 67.892753 60.980372 149.406521
26 551.598349 67.836269 60.980957 149.411276
27 551.611631 67.732931 60.982085 149.428535
28 551.623986 67.629112 60.982670 149.429369
29 551.631365 67.621819 60.985206 149.416516
30 551.634562 67.665279 60.988039 149.416615
31 551.636342 67.708690 60.988039 149.416615
32 551.647485 67.563880 60.976274 149.388535
33 551.657685 67.578644 60.986021 149.414334
34 551.661751 67.598501 60.986012 149.417271
35 551.665665 67.624161 60.987048 149.417870
36 551.668278 67.661569 60.987655 149.417442
37 551.674677 67.650002 60.985992 149.413593
38 551.682185 67.631828 60.985599 149.413871
39 551.688932 67.619146 60.985009 149.405145
40 551.699252 67.569508 60.979886 149.381492
41 551.711074 67.541379 60.980480 149.386682
42 551.723935 67.478746 60.978010 149.378954
43 551.737042 67.440008 60.980326 149.387495
44 551.749374 67.389836 60.979633 149.384622
45 551.759028 67.384900 60.984526 149.413878
46 551.765500 67.378252 60.985145 149.414933
47 551.770511 67.387687 60.984988 149.418668
48 551.775908 67.391540 60.984988 149.418690
49 551.782838 67.371986 60.984194 149.412345
50 551.787879 67.396915 60.986992 149.417385
51 551.792073 67.410399 60.986800 149.417670
52 551.795790 67.424304 60.985262 149.417036
53 551.800425 67.436850 60.985311 149.416901
54 551.804995 67.450135 60.985334 149.416986
55 551.811394 67.447066 60.985826 149.415689
56 551.817224 67.448388 60.986073 149.416038
57 551.821020 67.472904 60.986512 149.417521
58 551.824634 67.498645 60.986963 149.417891
59 551.826953 67.541418 60.988039 149.416615
60 551.829658 67.570228 60.987074 149.418383
61 551.832857 67.598006 60.987091 149.418262
62 551.835112 67.640592 60.988039 149.416615
63 551.836892 67.684003 60.988039 149.416615
64 551.838672 67.727413 60.988039 149.416615
65 551.846051 67.661847 60.979630 149.387395
66 551.853019 67.697526 60.986149 149.414790
67 551.857705 67.696311 60.983525 149.403926
68 551.862943 67.709146 60.983423 149.407341
69 551.867628 67.747769 60.987408 149.417799
70 551.870003 67.786532 60.987987 149.415924
71 551.872123 67.825732 60.987981 149.415838
72 551.889218 67.681590 60.974598 149.410499
73 551.899397 67.692536 60.985029 149.415368
74 551.902810 67.734716 60.988016 149.416302
75 551.909739 67.722145 60.985614 149.412274
76 551.918555 67.707153 60.985456 149.411048
77 551.931476 67.663333 60.976986 149.403577
78 551.941057 67.662200 60.983228 149.408339
79 551.946165 67.685247 60.985279 149.416451
80 551.957001 67.656668 60.985134 149.408275
81 551.966895 67.639455 60.985579 149.411404
82 551.970481 67.676603 60.987597 149.416915
83 551.972983 67.712158 60.987655 149.416879
84 551.977791 67.710176 60.985762 149.411704
85 551.981449 67.744280 60.987219 149.418284
86 551.984337 67.775764 60.987271 149.418155
87 551.987135 67.803876 60.986428 149.417941
88 551.990448 67.828873 60.986003 149.417899
89 551.993976 67.853819 60.985995 149.417884
90 551.999054 67.861415 60.986137 149.418647
91 552.003763 67.873049 60.986288 149.418804
92 552.021387 67.752317 60.981815 149.414976
93 552.041413 67.639694 60.981370 149.409180
94 552.048337 67.659084 60.986701 149.417392
95 552.052063 67.682566 60.987129 149.416893
96 552.055194 67.712236 60.987469 149.416444
97 552.072519 67.568361 60.978470 149.396783
98 552.081230 67.589373 60.986812 149.415796
99 552.090910 67.530105 60.983575 149.410492
100 552.100013 67.493563 60.985096 149.420358
101 552.108588 67.447718 60.984921 149.420593
102 552.114400 67.452398 60.986486 149.416587
103 552.119281 67.460436 60.986460 149.416958
104 552.124320 67.467889 60.986466 149.416829
105 552.155378 67.229743 60.971637 149.355501
106 552.192765 67.026176 60.972315 149.356463
107 552.210397 67.027954 60.987385 149.393198
108 552.222726 67.000908 60.986981 149.389512
109 552.238727 66.916037 60.979363 149.354881
110 552.245386 66.982387 60.987877 149.415589
111 552.247573 67.021592 60.987975 149.415803
112 552.249746 67.060169 60.987975 149.415710
113 552.251910 67.098906 60.987972 149.415739
114 552.255562 67.114982 60.986946 149.416074
115 552.258308 67.152603 60.987958 149.415575
116 552.260533 67.190653 60.987967 149.415610
117 552.264348 67.204490 60.986908 149.415781
118 552.268747 67.217393 60.986888 149.415760
119 552.273817 67.223919 60.986867 149.414605
120 552.291155 67.131420 60.978798 149.373202
121 552.313003 67.056195 60.978810 149.373736
122 552.319605 67.117844 60.987850 149.416865
123 552.321776 67.156489 60.987772 149.416965
124 552.324493 67.187534 60.987533 149.416444
125 552.328949 67.194060 60.986355 149.417300
126 552.333875 67.201884 60.986381 149.417499
127 552.340972 67.183139 60.986844 149.419987
128 552.346424 67.176110 60.986861 149.418676
129 552.351880 67.167192 60.986925 149.419709
130 552.354217 67.209056 60.988039 149.416615
131 552.355997 67.252466 60.988039 149.416615
132 552.358120 67.290794 60.987894 149.416166
133 552.360165 67.331662 60.988004 149.416145
134 552.362158 67.372471 60.988002 149.416131
135 552.364393 67.409408 60.987685 149.416915
136 552.367150 67.440365 60.987431 149.416986
137 552.370168 67.469225 60.987321 149.417093
138 552.373454 67.494796 60.987173 149.417136
139 552.375690 67.537583 60.988028 149.416594
140 552.377476 67.581004 60.988039 149.416615
141 552.379256 67.624414 60.988039 149.416615
142 552.388899 67.597806 60.986239 149.407847
143 552.398694 67.580244 60.986219 149.408531
144 552.407190 67.542138 60.982356 149.397339
145 552.413950 67.563050 60.986896 149.414847
146 552.420098 67.554463 60.985564 149.408489
147 552.426236 67.565074 60.986844 149.413529
148 552.432134 67.569309 60.986806 149.412780
149 552.435909 67.593479 60.987021 149.417100
150 552.439563 67.616116 60.987303 149.415689
151 552.443113 67.638946 60.987295 149.415617
152 552.445614 67.677295 60.987632 149.417514
153 552.448052 67.713049 60.987539 149.417621
154 552.452435 67.704188 60.983039 149.412310
155 552.456916 67.746857 60.988002 149.416116
156 552.459974 67.767013 60.986140 149.417834
157 552.463987 67.789654 60.986774 149.418711
158 552.467307 67.817673 60.987091 149.418369
159 552.498570 67.588161 60.974336 149.405409
160 552.507225 67.636789 60.988010 149.416672
161 552.509028 67.680036 60.988031 149.416637
162 552.510813 67.723435 60.988039 149.416615
163 552.513122 67.758384 60.987417 149.417977
164 552.515731 67.792830 60.987434 149.417956
165 552.518198 67.829446 60.987591 149.417606
166 552.520432 67.868704 60.987769 149.417207
167 552.524907 67.866858 60.983793 149.412901
168 552.530899 67.871691 60.983799 149.413522
169 552.534799 67.916648 60.988039 149.416615
170 552.536489 67.959267 60.987705 149.416238
171 552.538437 68.002867 60.988039 149.416615
172 552.540415 68.043119 60.987807 149.417122
173 552.542506 68.083168 60.987810 149.417114
174 552.544602 68.123107 60.987804 149.417129
175 552.548865 68.102679 60.979648 149.400355
176 552.556842 68.098466 60.980616 149.403049
177 552.564631 68.095658 60.982024 149.412402
178 552.571414 68.091188 60.982007 149.412994
179 552.578247 68.085360 60.981873 149.412773
180 552.583433 68.125538 60.987670 149.417407
181 552.585616 68.165052 60.987786 149.417179
182 552.587523 68.208181 60.988039 149.416615
183 552.589303 68.251591 60.988039 149.416615
184 552.591083 68.295001 60.988039 149.416615
185 552.592517 68.335339 60.986745 149.415126
186 552.594671 68.377057 60.987010 149.415432
187 552.598630 68.386883 60.983531 149.414577
188 552.604403 68.395335 60.983601 149.414199
189 552.608403 68.439953 60.988039 149.416615
190 552.610183 68.483363 60.988039 149.416615
191 552.611963 68.526774 60.988039 149.416615
192 552.613743 68.570184 60.988039 149.416615
193 552.615523 68.613594 60.988039 149.416615
194 552.617303 68.657005 60.988039 149.416615
195 552.619084 68.700415 60.988039 149.416615
196 552.620864 68.743825 60.988039 149.416615
197 552.626134 68.743679 60.984188 149.423516
198 552.632260 68.750740 60.985009 149.420700
199 552.637976 68.759095 60.984991 149.420572
200 552.660050 68.527077 60.969229 149.447091
201 552.671634 68.532637 60.984366 149.416516
202 552.675655 68.558497 60.985442 149.416637
203 552.678897 68.591260 60.986259 149.416473
204 552.681637 68.628262 60.986893 149.416423
205 552.684138 68.669409 60.987868 149.416993
206 552.686193 68.709600 60.987815 149.417107
207 552.732213 68.211353 60.955424 149.553173
208 552.754190 68.366860 60.985541 149.926987
209 552.757851 68.394970 60.987298 149.917974
210 552.760671 68.426949 60.987254 149.918067
211 552.763457 68.459811 60.987321 149.917924
212 552.766082 68.494776 60.987472 149.917595
213 552.768696 68.528869 60.987397 149.917760
214 552.771365 68.562629 60.987373 149.917810
215 552.774278 68.592623 60.987100 149.918404
216 552.777240 68.622650 60.986995 149.918103
217 552.779883 68.659858 60.987641 149.917223
218 552.782232 68.697040 60.987606 149.917288
219 552.784574 68.734548 60.987635 149.917231
220 552.788052 68.742459 60.983543 149.915657
221 552.794026 68.740549 60.982266 149.913690
222 552.798693 68.785428 60.988039 149.916337
223 552.800473 68.828983 60.988039 149.916337
224 552.802254 68.872539 60.988039 149.916337
225 552.804034 68.916094 60.988039 149.916337
226 552.805814 68.959650 60.988039 149.916337
227 552.886778 68.248067 60.909536 150.139024
228 552.935122 68.349291 60.980506 150.422014
229 552.941050 68.383871 60.987594 150.417048
230 552.944210 68.408705 60.986847 150.418211
231 552.947389 68.438412 60.987097 150.418139
232 552.950941 68.458509 60.986344 150.424626
233 552.955532 68.464024 60.985035 150.433554
234 552.959353 68.490315 60.987408 150.417457
235 552.961600 68.530862 60.987865 150.416460
236 552.963776 68.569402 60.987679 150.416854
237 552.966027 68.608026 60.987696 150.416818
238 552.968278 68.646516 60.987687 150.416840
239 552.970234 68.689826 60.988039 150.416058
240 552.972014 68.733527 60.988039 150.416058
241 552.973795 68.777227 60.988039 150.416058
242 552.976392 68.813709 60.984901 150.427554
243 552.980707 68.841334 60.984985 150.426815
244 552.985076 68.868547 60.984598 150.428258
245 552.988577 68.906148 60.988039 150.416058
246 552.990357 68.949848 60.988039 150.416058
247 552.992137 68.993549 60.988039 150.416058
248 552.993917 69.037250 60.988039 150.416058
249 552.995697 69.080950 60.988039 150.416058
250 552.997477 69.124651 60.988039 150.416058
251 552.999458 69.165108 60.987804 150.416589
252 553.003636 69.173838 60.985660 150.418268
253 553.009311 69.173038 60.985427 150.418648
254 553.015103 69.172091 60.985427 150.418663
255 553.030362 69.029445 60.977850 150.448588
256 553.047251 68.911107 60.978903 150.440967
257 553.055115 68.921886 60.986355 150.419632
258 553.059020 68.945069 60.986582 150.419215
259 553.062811 68.968460 60.986582 150.419215
260 553.068970 68.977356 60.980695 150.435491
261 553.076665 68.983933 60.984779 150.424619
262 553.083046 68.957416 60.986280 150.450705
263 553.089688 68.906151 60.983569 150.464419
264 553.093715 68.925463 60.988028 150.416094
265 553.095501 68.969146 60.988039 150.416058
266 553.097281 69.012846 60.988039 150.416058
267 553.101254 69.035714 60.982443 150.431853
268 553.107170 69.053677 60.985125 150.425315
269 553.111938 69.064854 60.986789 150.422796
270 553.127901 68.832403 60.970392 150.426672
271 553.159851 68.471086 60.962486 150.443615
272 553.180188 68.429990 60.982719 150.430324
273 553.189887 68.403864 60.983380 150.429363
274 553.194930 68.425900 60.986949 150.418483
275 553.197256 68.468387 60.988039 150.416058
276 553.199734 68.500864 60.987219 150.417866
277 553.203210 68.519857 60.985928 150.419179
278 553.207396 68.540252 60.986457 150.419560
279 553.211474 68.556833 60.986056 150.419897
280 553.218661 68.524266 60.981105 150.410288
281 553.229237 68.490340 60.981408 150.413108
282 553.319171 67.862520 60.898809 150.682898
283 553.381844 67.849453 60.969749 150.936530
284 553.393694 67.867997 60.986957 150.918191
285 553.396614 67.900975 60.987335 150.917334
286 553.399418 67.933170 60.987251 150.917536
287 553.403873 67.936601 60.984433 150.917269
288 553.408850 67.956755 60.986361 150.919040
289 553.413209 67.958476 60.982827 150.915462
290 553.432746 67.802573 60.971306 150.906937
291 553.452181 67.719737 60.975227 150.901854
292 553.460367 67.770546 60.988039 150.915779
293 553.462148 67.814392 60.988039 150.915779
294 553.463928 67.858238 60.988039 150.915779
295 553.467220 67.853331 60.981338 150.913511
296 553.473570 67.856686 60.982149 150.915008
297 553.479104 67.887863 60.987091 150.917888
298 553.482263 67.916059 60.986978 150.918133
299 553.485478 67.944133 60.986978 150.918133
300 553.487879 67.985369 60.987932 150.916002
301 553.489748 68.028548 60.987999 150.915872
302 553.492212 68.061619 60.987260 150.917507
303 553.495150 68.092202 60.987138 150.917780
304 553.499626 68.121511 60.980634 150.937696
305 553.505714 68.149343 60.985614 150.924750
306 553.510857 68.174022 60.980328 150.941030
307 553.516492 68.205242 60.988039 150.915779
308 553.518272 68.249088 60.988039 150.915779
309 553.520053 68.292934 60.988039 150.915779
310 553.521833 68.336780 60.988039 150.915779
311 553.523613 68.380626 60.988039 150.915779
312 553.525393 68.424472 60.988039 150.915779
313 553.527173 68.468318 60.988039 150.915779
314 553.529136 68.509211 60.987827 150.916254
315 553.531023 68.552820 60.988039 150.915779
316 553.532803 68.596665 60.988039 150.915779
317 553.538411 68.619551 60.975753 150.950275
318 553.551733 68.617449 60.970954 150.962681
319 553.564743 68.619253 60.979371 150.942045
320 553.575796 68.619940 60.972059 150.962379
321 553.591975 68.601518 60.967635 150.974432
322 553.603957 68.616038 60.988039 150.915779
323 553.605801 68.658868 60.987964 150.915944
324 553.612692 68.673319 60.973537 150.952291
325 553.622523 68.692249 60.984837 150.927594
326 553.628281 68.717385 60.980474 150.936760
327 553.633844 68.750740 60.988039 150.915779
328 553.635624 68.794586 60.988039 150.915779
329 553.637448 68.837748 60.987990 150.915887
330 553.639637 68.875347 60.987591 150.916772
331 553.641789 68.916284 60.987868 150.916160
332 553.643780 68.957916 60.987891 150.916103
333 553.645733 69.000001 60.987923 150.916038
334 553.647572 69.043718 60.988039 150.915779
335 553.650515 69.066056 60.986143 150.918623
336 553.655882 69.070477 60.983098 150.918990
337 553.660942 69.099664 60.987091 150.917888
338 553.663970 69.129948 60.987132 150.917802
339 553.666203 69.172782 60.988039 150.915779
340 553.670843 69.203243 60.979497 150.936955
341 553.677258 69.233448 60.986576 150.921193
342 553.688193 69.206724 60.972937 150.949930
343 553.704851 69.174992 60.974680 150.947481
344 553.717503 69.165251 60.980259 150.932793
345 553.726350 69.175374 60.977940 150.947489
346 553.734407 69.193083 60.983106 150.934024
347 553.743761 69.199970 60.971687 150.961529
348 553.758276 69.195567 60.973295 150.957684
349 553.771547 69.195376 60.974677 150.953969
350 553.781052 69.205230 60.986088 150.921633
351 553.785106 69.229135 60.985090 150.925319
352 553.788230 69.267044 60.987554 150.915203
353 553.790174 69.310472 60.987746 150.915433
354 553.805848 69.276275 60.956288 150.990179
355 553.836598 69.208384 60.957475 150.987421
356 553.866462 69.142469 60.958763 150.983929
357 553.883497 69.136457 60.986178 150.916988
358 553.886781 69.164801 60.986262 150.916880
359 553.890014 69.189109 60.985445 150.916564
360 553.895645 69.179633 60.980267 150.916045
361 553.903763 69.166701 60.979508 150.914980
362 553.919152 69.160884 60.959982 150.988724
363 553.945345 69.116076 60.958051 150.993851
364 553.972780 69.068332 60.957600 150.994945
365 553.990486 69.061196 60.987210 150.917615
366 553.993461 69.091516 60.987126 150.917816
367 554.005119 68.973929 60.970183 150.906901
368 554.023817 68.888160 60.972533 150.907585
369 554.041701 68.795216 60.971922 150.907174
370 554.051540 68.843364 60.988039 150.915779
371 554.053812 68.880535 60.987001 150.919055
372 554.074721 68.792418 60.952146 151.003679
373 554.151979 68.481868 60.910665 151.617334
374 554.192447 68.674948 60.988039 151.915221
375 554.194227 68.719084 60.988039 151.915221
376 554.196007 68.763221 60.988039 151.915221
377 554.201327 68.788570 60.976879 151.945865
378 554.212303 68.797692 60.976501 151.947540
379 554.221228 68.816217 60.984273 151.924933
380 554.225331 68.853976 60.986879 151.917395
381 554.227691 68.897025 60.988039 151.915221
382 554.229800 68.935826 60.987653 151.916076
383 554.232196 68.972693 60.987548 151.916323
384 554.252709 68.614997 60.958580 151.901646
385 554.273812 68.631421 60.977082 151.943299
386 554.286204 68.623850 60.976012 151.945684
387 554.293998 68.652755 60.988039 151.915221
388 554.295778 68.696891 60.988039 151.915221
389 554.297559 68.741028 60.988039 151.915221
390 554.300715 68.762927 60.986373 151.918859
391 554.305771 68.776426 60.984392 151.922136
392 554.311388 68.789527 60.985451 151.919780
393 554.316784 68.802131 60.984793 151.920860
394 554.322840 68.812775 60.984008 151.922295
395 554.327110 68.845648 60.987484 151.916468
396 554.329831 68.878376 60.987260 151.916961
397 554.332001 68.921642 60.988039 151.915221
398 554.333781 68.965778 60.988039 151.915221
399 554.345608 68.836936 60.970145 151.916787
400 554.356335 68.880289 60.988039 151.915221
401 554.358115 68.924425 60.988039 151.915221
402 554.360334 68.961430 60.987525 151.916366
403 554.413170 68.210954 60.925979 151.898420
404 554.446614 68.253184 60.987295 151.916888
405 554.449624 68.267633 60.984261 151.915997
406 554.454030 68.289232 60.985198 151.916439
407 554.457231 68.332759 60.988039 151.915221
408 554.459011 68.376895 60.988039 151.915221
409 554.460791 68.421032 60.988039 151.915221
410 554.462638 68.464603 60.987769 151.916221
411 554.466075 68.500556 60.983353 151.927600
412 554.470198 68.538502 60.988039 151.915221
413 554.471978 68.582639 60.988039 151.915221
414 554.478531 68.591644 60.978257 151.934029
415 554.485202 68.626376 60.988039 151.915221
416 554.486982 68.670512 60.988039 151.915221
417 554.488762 68.714649 60.988039 151.915221
418 554.490543 68.758785 60.988039 151.915221
419 554.492323 68.802921 60.988039 151.915221
420 554.494103 68.847057 60.988039 151.915221
421 554.503480 68.855751 60.965439 151.971132
422 554.516718 68.867598 60.987591 151.915236
423 554.519013 68.891491 60.985084 151.913540
424 554.522271 68.936468 60.988039 151.915221
425 554.523908 68.942263 60.980788 151.909727
426 554.529239 68.949340 60.980657 151.909611
427 554.534579 68.962100 60.981649 151.910495
428 554.531808 68.661112 60.956169 151.900660
429 554.549530 68.682834 60.982687 151.911778
430 554.538192 67.828441 60.850655 152.086011
431 554.594341 67.691837 60.924728 152.497579
432 554.613254 67.353130 60.925662 152.495135
433 554.631717 67.015214 60.925610 152.495273
434 554.659903 66.997224 60.983557 152.421283
435 554.660074 67.020104 60.984113 152.419327
436 554.659742 67.043643 60.984360 152.420549
437 554.660346 67.066636 60.982818 152.418054
438 554.661307 67.084747 60.982010 152.419967
439 554.666102 67.126516 60.988039 152.414942
440 554.667882 67.170797 60.988039 152.414942
441 554.669662 67.215079 60.988039 152.414942
442 554.672966 67.250518 60.983426 152.427435
443 554.677260 67.286793 60.987205 152.418069
444 554.680429 67.322406 60.985154 152.423283
445 554.683652 67.362517 60.988039 152.414942
446 554.685432 67.406799 60.988039 152.414942
447 554.687212 67.451080 60.988039 152.414942
448 554.688992 67.495362 60.988039 152.414942
449 554.690772 67.539643 60.988039 152.414942
450 554.692552 67.583924 60.988039 152.414942
451 554.694332 67.628206 60.988039 152.414942
452 554.699935 67.652766 60.976166 152.446865
453 554.712154 67.658238 60.974153 152.451766
454 554.725458 67.660991 60.973953 152.452152
455 554.734282 67.686667 60.988039 152.414942
456 554.736062 67.730949 60.988039 152.414942
457 554.737842 67.775230 60.988039 152.414942
458 554.739622 67.819512 60.988039 152.414942
459 554.741403 67.863793 60.988039 152.414942
460 554.742962 67.907202 60.987923 152.415422
461 554.744800 67.951243 60.988039 152.414942
462 554.746979 67.992165 60.986443 152.420905
463 554.749705 68.032207 60.987443 152.417175
464 554.751877 68.074572 60.987661 152.416367
465 554.751865 68.109437 60.986443 152.418062
466 554.752579 68.144094 60.986623 152.418047
467 554.755068 68.186823 60.988039 152.414942
468 554.756848 68.231104 60.988039 152.414942
469 554.755242 68.175305 60.969988 152.438379
470 554.764448 68.180977 60.978813 152.440757
471 554.769364 68.168611 60.971803 152.459307
472 554.780071 68.187663 60.985840 152.419429
473 554.783710 68.226720 60.985936 152.419392
474 554.791847 68.214608 60.971570 152.438437
475 554.801742 68.246408 60.987810 152.414848
476 554.804001 68.257381 60.983202 152.410892
477 554.808275 68.302451 60.987952 152.415146
478 554.810369 68.341221 60.987571 152.415422
479 554.812651 68.380005 60.987591 152.415444
480 554.814655 68.424035 60.988039 152.414942
481 554.816436 68.468317 60.988039 152.414942
482 554.818216 68.512598 60.988039 152.414942
483 554.819996 68.556880 60.988039 152.414942
484 554.821776 68.601161 60.988039 152.414942
485 554.823556 68.645442 60.988039 152.414942
486 554.825717 68.687470 60.986774 152.418709
487 554.827423 68.727075 60.987670 152.416469
488 554.828696 68.767859 60.987679 152.416440
489 554.829952 68.808614 60.987673 152.416455
490 554.754486 68.738510 60.972146 152.445018
491 554.676451 68.656226 60.969540 152.451905
492 554.663554 68.533457 60.927660 152.541522
493 554.570882 68.374643 60.885970 153.073292
494 554.590617 68.475424 60.940840 153.503396
495 554.564027 68.545658 60.928792 154.023432
496 554.498352 68.452421 60.897006 154.596171
497 554.782529 71.084333 59.797965 168.128775
498 555.038061 71.271914 59.504371 174.177364
499 555.360878 70.352751 59.735358 177.616417
500 555.513832 69.373536 59.793749 182.554220
501 555.654460 68.983940 59.834003 186.835392
502 555.733974 68.997932 59.971430 187.057344
503 555.746019 69.127743 59.965751 187.625563
504 555.761163 69.235643 59.967167 188.076719
505 555.753931 69.258932 59.930351 189.587046
506 555.770270 69.356056 59.940442 190.827206
507 555.887264 69.354957 59.930620 193.283191
508 555.928892 69.460012 59.955920 193.896928
509 555.947739 69.522381 59.971910 194.175161
510 555.958019 69.676574 59.975286 194.559403
511 555.967978 69.878945 59.977604 194.958604
512 555.975045 69.901884 59.988235 194.891237
513 555.976796 69.958506 59.988235 194.891237
514 555.978547 70.015128 59.988235 194.891237
515 555.980298 70.071750 59.988235 194.891237
516 555.982049 70.128373 59.988235 194.891237
517 555.983800 70.184995 59.988235 194.891237
518 555.985551 70.241617 59.988235 194.891237
519 555.987302 70.298239 59.988235 194.891237
520 555.989052 70.354861 59.988235 194.891237
521 555.990803 70.411483 59.988235 194.891237
522 555.992554 70.468106 59.988235 194.891237
523 555.994305 70.524728 59.988235 194.891237
524 555.996056 70.581350 59.988235 194.891237
525 555.997807 70.637972 59.988235 194.891237
526 555.999558 70.694594 59.988235 194.891237
527 556.001309 70.751216 59.988235 194.891237
528 556.003060 70.807838 59.988235 194.891237
529 556.004811 70.864461 59.988235 194.891237
530 556.006562 70.921083 59.988235 194.891237
531 556.008313 70.977705 59.988235 194.891237
532 556.010064 71.034327 59.988235 194.891237
533 556.011815 71.090949 59.988235 194.891237
534 556.013566 71.147571 59.988235 194.891237
535 556.015317 71.204193 59.988235 194.891237
536 556.017068 71.260816 59.988235 194.891237
537 556.019768 71.306996 59.984419 194.909769
538 556.024192 71.345965 59.985171 194.906133
539 556.028259 71.386520 59.985088 194.906533
540 556.032530 71.425070 59.984427 194.909750
541 556.036860 71.465007 59.985518 194.904432
542 556.040539 71.508783 59.985950 194.902321
543 556.044051 71.553057 59.985746 194.903325
544 556.047754 71.595862 59.985394 194.905036
545 556.050925 71.645585 59.988235 194.891237
546 556.052676 71.702207 59.988235 194.891237
547 556.054427 71.758829 59.988235 194.891237
548 556.056178 71.815451 59.988235 194.891237
549 556.057929 71.872073 59.988235 194.891237
550 556.059680 71.928696 59.988235 194.891237
551 556.061431 71.985318 59.988235 194.891237
552 556.063182 72.041940 59.988235 194.891237
553 556.064933 72.098562 59.988235 194.891237
554 556.068346 72.136922 59.981561 194.923651
555 556.076249 72.146393 59.976923 194.946172
556 556.085977 72.150042 59.978917 194.936511
557 556.092387 72.184028 59.988235 194.891237
558 556.094138 72.240650 59.988235 194.891237
559 556.095889 72.297272 59.988235 194.891237
560 556.097640 72.353894 59.988235 194.891237
561 556.100003 72.403794 59.985775 194.903167
562 556.104583 72.436868 59.981812 194.922452
563 556.111011 72.461778 59.982347 194.919821
564 556.115849 72.502537 59.987658 194.894036
565 556.114206 72.602801 59.977223 195.022827
566 556.117318 72.885938 59.978219 195.517274
567 556.124852 73.120983 59.985120 195.905904
568 556.129208 73.158731 59.984030 195.911185
569 556.134078 73.194167 59.984153 195.910596
570 556.138419 73.235065 59.986032 195.901428
571 556.141272 73.286604 59.988235 195.890680
572 556.143023 73.343516 59.988235 195.890680
573 556.144774 73.400429 59.988235 195.890680
574 556.146525 73.457341 59.988235 195.890680
575 556.147085 73.511459 59.987251 195.891811
576 556.147984 73.564647 59.987120 195.891951
577 556.125004 73.643317 59.971793 195.879446
578 556.106432 73.730249 59.969676 195.878315
579 556.094176 73.784475 59.974906 195.887156
580 556.033169 73.812812 59.959662 195.901259
581 555.971922 73.834789 59.961791 195.901073
582 555.984060 73.882711 59.989348 195.886997
583 555.983000 73.938446 59.989117 195.887754
584 555.982019 73.993755 59.989137 195.887708
585 555.980538 74.046528 59.985987 195.892325
586 555.979068 74.096141 59.984851 195.890745
587 555.974423 74.127413 59.984542 195.900175
588 555.970527 74.155437 59.984296 195.900353
589 555.967725 74.185577 59.984465 195.900185
590 555.964452 74.214933 59.984376 195.900231
591 555.961870 74.245836 59.984456 195.900119
592 555.848512 74.098959 59.985054 195.925709
593 555.715346 73.912090 59.986562 195.924138
594 555.470226 73.866280 59.990759 195.856688
595 555.165390 73.826663 59.998384 195.862315
596 554.888064 73.780634 59.996821 195.867745
597 554.507103 73.914454 59.982396 195.817837
598 554.032746 74.122576 59.990484 195.766340
599 553.531738 74.362605 59.991566 195.759583
600 553.017733 74.297230 59.975887 195.841688
601 552.494744 74.186073 59.981604 195.836136
602 551.706111 73.804228 60.006077 195.761368
603 550.511826 73.228789 60.477455 195.770490
604 550.068675 73.089735 60.497565 195.933148
605 549.921538 73.079487 60.484759 195.902848
606 549.726849 73.067248 60.488380 195.901652
607 549.661477 72.919698 60.479096 196.062497
608 549.618600 72.979734 60.479512 196.561494
609 549.653117 73.016965 60.504922 197.005890
610 549.907311 72.850873 60.994677 197.755441
611 549.919932 72.679620 60.987324 198.217926
612 549.976908 72.554277 61.068032 198.754283
613 550.219341 72.414241 61.525979 199.157983
614 550.458373 72.473435 61.984597 199.495167
615 550.378119 71.780715 61.981904 200.121868
616 550.347380 71.022949 62.005706 201.482111
617 550.595719 70.813564 62.481970 201.602895
618 550.601054 70.901935 62.478396 201.975159
619 550.622805 70.601755 62.496847 202.129976
620 550.637077 70.127459 62.518829 202.926175
621 550.875975 69.974309 62.984691 203.014007
622 550.894305 70.052858 62.993673 203.504881
623 550.902477 70.235720 62.994121 203.923396
624 550.901436 70.219519 62.981738 203.931626
625 550.906697 70.250934 62.985767 203.895303
626 550.909476 70.305626 62.987647 203.886218
627 550.905162 70.260136 62.972068 203.979076
628 550.909653 70.144841 62.972110 203.991751
629 550.920327 70.102429 62.975081 203.951888
630 550.908886 70.032985 62.958219 203.998716
631 550.911866 69.950379 62.962659 203.985273
632 550.939338 69.699196 62.934655 204.390159
633 550.975612 69.604297 62.950466 204.690521
634 550.987618 69.546974 62.965976 205.226256
635 551.002593 69.536126 62.961205 205.687210
636 551.019608 69.465407 62.965174 206.292790
637 551.032684 69.571385 62.987647 206.384823
638 551.034522 69.631347 62.987647 206.384823
639 551.036361 69.691308 62.987647 206.384823
640 551.042687 69.701524 62.969617 206.473128
641 551.058398 69.663491 62.968136 206.480395
642 551.088426 69.582507 62.945879 206.563531
643 551.121786 69.734866 62.959382 207.011706
644 551.142107 69.936912 62.971317 207.463717
645 551.154376 69.932217 62.978551 207.429038
646 551.162547 69.950205 62.980480 207.419559
647 551.168522 69.986656 62.985430 207.395189
648 551.171937 70.036222 62.985767 207.393546
649 551.177138 70.085481 62.987455 207.383909
650 551.188673 70.086535 62.976881 207.458503
651 551.203456 70.059642 62.976655 207.450637
652 551.217853 70.028044 62.971879 207.473384
653 551.233680 69.991079 62.971269 207.471395
654 551.252510 69.936863 62.986644 207.403579
655 551.280364 69.720567 62.985163 207.487563
656 551.373188 68.813426 62.974754 207.805311
657 551.387628 68.876751 62.987073 207.881358
658 551.395447 68.906883 62.987085 207.880019
659 551.405425 68.915080 62.987064 207.889551
660 551.441603 68.619180 62.976112 208.104062
661 551.490803 68.377790 62.977596 208.615089
662 551.499215 68.555277 62.981432 208.914273
663 551.505636 68.583988 62.981720 208.912818
664 551.584452 67.813176 62.960779 209.126318
665 551.626428 67.682683 62.977286 209.477483
666 551.640985 67.610767 62.983180 209.418684
667 551.680742 67.307948 62.981522 209.380113
668 551.729349 66.949022 62.979035 209.393210
669 552.005392 64.554771 62.922038 209.335389
670 552.156233 63.855959 62.960869 209.320444
671 552.296304 63.102143 62.959517 209.317168
672 552.406001 62.479483 62.986878 209.275521
673 552.571270 61.323845 62.974456 209.164944
674 552.615846 61.158775 62.978235 209.392011
675 552.680188 60.754160 62.953082 209.530389
676 552.714765 60.892465 62.975183 209.924908
677 552.738565 60.831668 62.974940 209.925629
678 552.762081 60.773183 62.975285 209.924678
679 552.790267 60.755559 62.958174 209.993241
680 552.887747 60.330838 62.916487 210.219838
681 553.020140 59.981143 62.904786 210.778930
682 553.081980 60.034893 62.960881 210.984727
683 553.112802 59.992072 62.968100 210.955740
684 553.139744 59.967457 62.967968 210.955952
685 553.178243 59.890458 62.962059 210.982574
686 553.220489 59.797090 62.960779 210.987906
687 553.272730 59.624780 62.970007 210.951012
688 553.321108 59.475124 62.969443 210.951756
689 553.336023 59.491066 62.987332 210.881730
690 553.357714 59.497802 62.968655 210.949392
691 553.384273 59.481754 62.974754 210.926774
692 553.472268 59.139873 62.950919 211.048103
693 553.514881 59.296748 62.970470 211.438309
694 553.537021 59.298135 62.969253 211.450754
695 553.553001 59.310757 62.979608 211.412643
696 553.565276 59.337532 62.977043 211.422768
697 553.577932 59.366477 62.979813 211.409567
698 553.591000 59.395577 62.976550 211.422688
699 553.611776 59.385331 62.962404 211.485225
700 553.645796 59.305946 62.950946 211.535963
701 553.688854 59.426594 62.946627 212.051829
702 553.725253 59.605021 62.962993 212.479167
703 553.751201 59.575150 62.966685 212.464110
704 553.771533 59.548967 62.970671 212.441807
705 553.792731 59.536792 62.966628 212.468700
706 553.816726 59.509550 62.965558 212.472449
707 553.844686 59.472571 62.960596 212.490141
708 553.873992 59.428670 62.962044 212.485419
709 553.904512 59.386857 62.960418 212.488509
710 553.937107 59.339456 62.958273 212.496930
711 553.973726 59.279434 62.953542 212.514885
712 554.031839 59.386858 62.919317 213.158799
713 554.108686 59.447794 62.920476 213.640083
714 554.197333 59.459300 62.904774 214.214536
715 554.279165 59.498360 62.925736 214.615292
716 554.354777 59.573861 62.919470 215.139345
717 554.419972 59.669763 62.940096 215.564245
718 554.472251 59.814368 62.945326 216.041982
719 554.523029 59.964330 62.942884 216.552908
720 554.555213 60.128689 62.964243 216.992198
721 554.576054 60.075059 62.965231 216.988514
722 554.604902 59.996191 62.950961 217.045208
723 554.638478 60.143584 62.954209 217.533997
724 554.661130 60.331159 62.971194 217.963493
725 554.673404 60.326086 62.978776 217.924262
726 554.682354 60.335130 62.976890 217.934023
727 554.692197 60.339907 62.977103 217.932931
728 554.701885 60.345759 62.977289 217.931985
729 554.711303 60.354184 62.978007 217.928264
730 554.721353 60.352848 62.974018 217.948908
731 554.733506 60.339943 62.973585 217.951112
732 554.745001 60.336144 62.977097 217.932983
733 554.754843 60.340244 62.976688 217.935062
734 554.764897 60.343191 62.976655 217.935260
735 554.775323 60.341892 62.975231 217.942630
736 554.786400 60.337594 62.975466 217.941403
737 554.795549 60.355104 62.982745 217.903783
738 554.801152 60.390343 62.982369 217.905696
739 554.805629 60.440001 62.987647 217.878409
740 554.807468 60.503301 62.987647 217.878409
741 554.809330 60.566332 62.987551 217.878887
742 554.812956 60.609040 62.980663 217.914542
743 554.819594 60.638983 62.982399 217.905551
744 554.824831 60.679648 62.984535 217.894501
745 554.830744 60.705443 62.977536 217.930717
746 554.840570 60.708286 62.975871 217.939303
747 554.852111 60.696504 62.972320 217.957640
748 554.865368 60.676228 62.972561 217.956445
749 554.877808 60.664721 62.975361 217.941954
750 554.888043 60.669866 62.978593 217.925249
751 554.896235 60.688375 62.980311 217.916351
752 554.902346 60.725625 62.985217 217.890977
753 554.906096 60.774482 62.984847 217.892889
754 554.910975 60.811333 62.981056 217.912505
755 554.917103 60.845964 62.983655 217.899033
756 554.921067 60.897445 62.987128 217.881081
757 554.923255 60.958360 62.987287 217.880270
758 554.925274 61.020730 62.987647 217.878409
759 554.929801 61.052576 62.976848 217.934251
760 554.939518 61.058953 62.977695 217.929885
761 554.948811 61.067513 62.977695 217.929885
762 554.955626 61.105076 62.987647 217.878409
763 554.957464 61.168377 62.987647 217.878409
764 554.960048 61.222977 62.984655 217.893867
765 554.966606 61.240814 62.974697 217.945395
766 554.977942 61.235238 62.975505 217.941216
767 554.988922 61.231199 62.975313 217.942204
768 554.999946 61.227270 62.975520 217.941143
769 555.008197 61.255118 62.986247 217.885654
770 555.011973 61.300305 62.982673 217.904126
771 555.017483 61.336891 62.982889 217.903014
772 555.022491 61.378658 62.984478 217.894792
773 555.026749 61.424006 62.984295 217.895738
774 555.031156 61.468185 62.984057 217.896975
775 555.035393 61.515145 62.985223 217.890935
776 555.039234 61.562941 62.984472 217.894823
777 555.044769 61.593368 62.979176 217.922203
778 555.052880 61.610946 62.979470 217.920696
779 555.060585 61.632282 62.980498 217.915384
780 555.067660 61.657656 62.980975 217.912921
781 555.074496 61.684262 62.980975 217.912921
782 555.079727 61.729652 62.987422 217.879584
783 555.081678 61.792365 62.987647 217.878409
784 555.085259 61.835271 62.980648 217.914625
785 555.092682 61.856045 62.979266 217.921746
786 555.100790 61.873332 62.979290 217.921632
787 555.108901 61.890521 62.979239 217.921892
788 555.116918 61.908982 62.979719 217.919407
789 555.124631 61.929403 62.979969 217.918129
790 555.132336 61.949112 62.979503 217.920540
791 555.140274 61.967595 62.979497 217.920582
792 555.149345 61.972855 62.974961 217.944012
793 555.160684 61.966399 62.974961 217.944012
794 555.170893 61.973146 62.979497 217.920582
795 555.179177 61.987616 62.978121 217.927671
796 555.188116 61.998936 62.978257 217.926964
797 555.196506 62.016233 62.980191 217.916975
798 555.204178 62.035594 62.979185 217.922172
799 555.212366 62.052221 62.979137 217.922411
800 555.222287 62.048718 62.972266 217.957952
801 555.235430 62.029949 62.973129 217.953493
802 555.246252 62.035521 62.980720 217.914251
803 555.253456 62.058635 62.980008 217.917931
804 555.261064 62.079347 62.979810 217.918929
805 555.269492 62.091130 62.976920 217.933887
806 555.279073 62.098863 62.978094 217.927817
807 555.290122 62.085579 62.969833 217.970520
808 555.305740 62.045797 62.968073 217.979636
809 555.320965 62.016353 62.973186 217.953201
810 555.332227 62.016581 62.978833 217.923981
811 555.340960 62.028000 62.977656 217.930062
812 555.350363 62.035402 62.977328 217.931788
813 555.359947 62.041732 62.977256 217.932162
814 555.369556 62.048021 62.977304 217.931912
815 555.381646 62.025111 62.967235 217.983960
816 555.398848 61.975251 62.966922 217.985613
817 555.413720 61.953691 62.976914 217.933908
818 555.423257 61.961955 62.978281 217.926860
819 555.432819 61.965448 62.975433 217.941580
820 555.443282 61.967694 62.977530 217.930727
821 555.453664 61.964066 62.973648 217.950779
822 555.462796 61.987730 62.986464 217.884542
823 555.466239 62.036103 62.983577 217.899459
824 555.471059 62.077819 62.983847 217.898035
825 555.477072 62.104695 62.978512 217.925644
826 555.485728 62.118058 62.978614 217.925124
827 555.495727 62.115350 62.973008 217.954137
828 555.507955 62.104841 62.975313 217.942214
829 555.517766 62.115127 62.980398 217.915883
830 555.524488 62.144971 62.982591 217.904542
831 555.530194 62.179529 62.982264 217.906226
832 555.536599 62.181229 62.971702 217.956122
833 555.548390 62.156556 62.971512 217.958046
834 555.560543 62.144758 62.975553 217.938888
835 555.568771 62.145428 62.976574 217.929075
836 555.576783 62.156754 62.978533 217.921081
837 555.583178 62.198718 62.987647 217.878409
838 555.585017 62.262019 62.987647 217.878409
839 555.587609 62.316494 62.984616 217.894074
840 555.591426 62.366546 62.985791 217.888025
841 555.594277 62.424073 62.987311 217.880124
842 555.596494 62.484062 62.986806 217.882775
843 555.599090 62.541240 62.986295 217.885405
844 555.601961 62.596854 62.986208 217.885842
845 555.606193 62.636844 62.980921 217.913201
846 555.613419 62.659048 62.979512 217.920488
847 555.621254 62.647982 62.969394 217.965686
848 555.634246 62.614422 62.969434 217.965790
849 555.649758 62.580612 62.969304 217.973243
850 555.665295 62.543501 62.969458 217.972484
851 555.681341 62.499930 62.967105 217.984626
852 555.695013 62.490019 62.980750 217.913669
853 555.701844 62.517633 62.981447 217.910457
854 555.707615 62.555180 62.984304 217.895686
855 555.711155 62.609489 62.987527 217.879033
856 555.713447 62.667863 62.986064 217.886600
857 555.716077 62.727068 62.987647 217.878409
858 555.717916 62.790368 62.987647 217.878409
859 555.720244 62.847952 62.985680 217.888555
860 555.723066 62.906179 62.987647 217.878409
861 555.725016 62.968170 62.987200 217.880738
862 555.730380 62.991689 62.974390 217.946964
863 555.742289 62.980410 62.973810 217.949958
864 555.754327 62.969527 62.974465 217.946590
865 555.766872 62.950556 62.971107 217.963950
866 555.780997 62.924080 62.971512 217.961861
867 555.792026 62.932495 62.983129 217.901777
868 555.797328 62.970026 62.982814 217.903409
869 555.803236 62.948529 62.967009 217.986050
870 555.819100 62.912635 62.972074 217.958482
871 555.831657 62.901023 62.975679 217.940187
872 555.839480 62.933435 62.987647 217.878409
873 555.841319 62.996736 62.987647 217.878409
874 555.843391 63.057303 62.986710 217.883264
875 555.847167 63.088477 62.978440 217.926237
876 555.855637 63.104132 62.979497 217.920540
877 555.862768 63.132137 62.982766 217.903659
878 555.868465 63.166222 62.981952 217.907869
879 555.875891 63.182735 62.976640 217.935312
880 555.886027 63.165401 62.970975 217.964002
881 555.898854 63.122610 62.968250 217.978565
882 555.913284 63.101965 62.976024 217.938534
883 555.923617 63.103789 62.976866 217.934168
884 555.933472 63.108483 62.977097 217.932962
885 555.941670 63.131825 62.983294 217.900925
886 555.946697 63.172028 62.983583 217.899417
887 555.953235 63.176092 62.972296 217.958077
888 555.965083 63.146991 62.971596 217.961850
889 555.977951 63.118821 62.971720 217.961008
890 555.991058 63.102152 62.974369 217.947058
891 556.002915 63.091565 62.974066 217.948638
892 556.014245 63.073742 62.971879 217.956621
893 556.026080 63.046710 62.970665 217.961881
894 556.038446 63.016164 62.970212 217.963305
895 556.049002 63.037017 62.987647 217.878409
896 556.050841 63.100317 62.987647 217.878409
897 556.055293 63.133036 62.977151 217.932692
898 556.064891 63.139808 62.977560 217.930582
899 556.074297 63.147490 62.977512 217.930831
900 556.083651 63.155941 62.977815 217.929251
901 556.092806 63.165744 62.978007 217.928253
902 556.100044 63.171887 62.978566 217.925717
903 556.107649 63.167189 62.974790 217.945395
904 556.118530 63.166404 62.977145 217.932723
905 556.128552 63.168254 62.975871 217.939293
906 556.139156 63.167433 62.976088 217.938201
907 556.147588 63.191326 62.984382 217.895301
908 556.152372 63.230817 62.982375 217.905686
909 556.157871 63.268494 62.983535 217.899688
910 556.164368 63.277631 62.972729 217.952515
911 556.175765 63.259793 62.972546 217.951975
912 556.185154 63.286311 62.987647 217.878409
913 556.187017 63.349331 62.987551 217.878918
914 556.188672 63.409186 62.986383 217.882931
915 556.191143 63.470225 62.987647 217.878409
916 556.192981 63.533526 62.987647 217.878409
917 556.196899 63.560288 62.975126 217.940332
918 556.206860 63.558022 62.975787 217.936757
919 556.216702 63.559352 62.976400 217.934574
920 556.228366 63.545371 62.970761 217.965759
921 556.242809 63.516307 62.970930 217.964854
922 556.253006 63.536385 62.987647 217.878409
923 556.254844 63.599685 62.987647 217.878409
924 556.257656 63.651593 62.983736 217.898638
925 556.265305 63.659685 62.972167 217.958472
926 556.278124 63.645002 62.974619 217.945779
927 556.288974 63.645387 62.977617 217.930301
928 556.298609 63.650174 62.976466 217.936237
929 556.308808 63.652139 62.976520 217.935966
930 556.320371 63.637970 62.970930 217.964854
931 556.334837 63.608100 62.970497 217.967089
932 556.338050 63.526229 62.961701 218.003212
933 556.339400 63.645262 62.953530 218.532611
934 556.346029 63.765276 62.954638 219.018317
935 556.362578 63.910433 62.961250 219.510341
936 556.377278 64.072818 62.964618 219.995458
937 556.384491 63.949907 62.955335 220.041385
938 556.400752 64.081411 62.960662 220.514531
939 556.418574 64.244056 62.963798 221.002656
940 556.424677 64.377054 62.957817 221.520892
941 556.434419 64.523030 62.963278 221.995236
942 556.438225 64.430394 62.961863 221.984481
943 556.444253 64.350132 62.963047 221.980385
944 556.460062 64.292794 62.967652 221.981147
945 556.467133 64.214158 62.965249 221.988557
946 556.473391 64.130906 62.964747 221.986313
947 556.489518 64.090230 62.972029 221.958705
948 556.465289 63.714916 62.945773 222.307041
949 556.489251 63.792415 62.980416 222.412354
950 556.493073 63.738014 62.962248 222.511564
951 556.422617 63.041351 62.935482 223.691314
952 556.450971 63.125070 62.968259 223.976181
953 556.463195 63.067435 62.968223 223.974846
954 556.476091 63.018083 62.969761 223.970029
955 556.488675 62.975251 62.970446 223.967113
956 556.424899 62.049211 62.885614 224.679279
957 556.479539 62.155220 62.971059 224.956634
958 556.491137 62.120855 62.970921 224.957514
959 556.479286 61.600593 62.905741 225.422051
960 556.411372 60.210891 62.897243 226.550805
961 556.447021 60.313640 62.959715 226.990832
962 556.463625 60.307140 62.983219 226.893079
963 556.468233 60.351249 62.983817 226.888554
964 556.472536 60.397696 62.983841 226.888413
965 556.463766 60.364427 62.964615 226.947892
966 556.464653 60.298281 62.963903 226.952135
967 556.465897 60.230012 62.963903 226.952135
968 556.467141 60.161744 62.963903 226.952135
969 556.479433 60.155401 62.978545 226.909456
970 556.484429 60.173310 62.979194 226.895070
971 556.485291 60.173505 62.973474 226.917465
972 556.494889 60.205247 62.983736 226.890351
973 556.496866 59.941255 62.933295 227.202131
974 556.522009 59.848170 62.941490 227.621259
975 556.535381 59.865677 62.944530 228.068341
976 556.540676 59.847815 62.929585 228.593921
977 556.454519 59.055394 62.889432 229.277848
978 556.451116 58.522887 62.898715 229.684747
979 556.471207 58.352856 62.923877 230.094998
980 556.469696 58.126693 62.924871 230.728802
981 556.481954 58.044935 62.938999 231.084055
982 556.502925 58.135963 62.958442 231.492207
983 556.515290 58.027915 62.959412 231.489016
984 556.526058 57.916959 62.958625 231.491909
985 556.528709 57.723951 62.948552 231.527012
986 556.547232 57.842219 62.957910 231.989280
987 556.564153 57.788372 62.970888 231.939642
988 556.572824 57.740769 62.967517 231.951203
989 556.581886 57.635248 62.954729 232.014072
990 556.594743 57.754499 62.957838 232.484823
991 556.606022 57.638983 62.957946 232.484102
992 556.595272 57.381123 62.926196 232.588758
993 556.602374 57.342706 62.933874 233.069895
994 556.607646 57.312262 62.932219 233.572094
995 556.587532 57.269247 62.944458 234.019705
996 556.553344 57.209810 62.944211 234.529050
997 556.548230 57.008410 62.914035 235.139589
998 556.551699 56.756649 62.918845 235.617944
999 556.569776 56.764495 62.951526 235.993203
1000 556.572102 56.597484 62.954440 235.981713
1001 556.587675 56.529250 62.968370 235.929374
1002 556.575107 56.445266 62.968121 235.929048
1003 556.567744 56.366430 62.967709 235.932570
1004 556.568316 56.269764 62.957432 235.972227
1005 556.575649 56.125327 62.951899 236.016621
1006 556.571642 56.156844 62.944701 236.528813
1007 556.591565 56.254756 62.954428 236.987558
1008 556.607264 56.133298 62.955585 236.989061
1009 556.622409 56.010705 62.955543 236.989580
1010 556.637633 55.888111 62.955546 236.989321
1011 556.652983 55.766269 62.955609 236.989354
1012 556.669162 55.694801 62.967637 236.935934
1013 556.678335 55.644969 62.967054 236.939155
1014 556.688042 55.595177 62.967376 236.937550
1015 556.660183 55.189944 62.931705 237.088114
1016 556.669204 55.129152 62.944184 237.542706
1017 556.695513 55.302882 62.970800 237.955320
1018 556.709347 55.280384 62.972726 237.949441
1019 556.722254 55.260109 62.972510 237.950429
1020 556.733599 55.204852 62.964831 237.976610
1021 556.749138 55.144153 62.966460 237.969438
1022 556.763709 55.126081 62.976484 237.921070
1023 556.773340 55.130785 62.976052 237.922999
1024 556.783115 55.134456 62.976052 237.922000
1025 556.792368 55.127403 62.973546 237.930795
1026 556.802942 55.115180 62.973435 237.934314
1027 556.811388 55.134087 62.982889 237.869898
1028 556.815044 55.188799 62.983961 237.866800
1029 556.818128 55.248976 62.985121 237.863861
1030 556.821398 55.313686 62.985815 237.873484
1031 556.824267 55.367513 62.984048 237.876356
1032 556.825790 55.321943 62.960328 237.969665
1033 556.838758 55.227062 62.959974 237.969824
1034 556.852006 55.132374 62.959974 237.970437
1035 556.862076 55.085078 62.974423 237.883290
1036 556.866062 55.086088 62.974586 237.885253
1037 556.869460 55.083903 62.974366 237.903763
1038 556.870056 55.060309 62.972098 237.908404
1039 556.877629 55.059146 62.974883 237.904988
1040 556.885375 55.067544 62.976658 237.905669
1041 556.891351 55.072730 62.976448 237.901232
1042 556.893817 55.065893 62.972113 237.908212
1043 556.895903 55.047031 62.969890 237.907531
1044 556.908131 55.058947 62.976523 237.914658
1045 556.916520 55.059299 62.974787 237.922182
1046 556.925699 55.054867 62.974607 237.923022
1047 556.931571 54.972447 62.956531 237.987380
1048 556.949060 54.899554 62.965522 237.947785
1049 556.959922 54.858489 62.969602 237.908336
1050 556.969131 54.837636 62.969515 237.911934
1051 556.978644 54.816289 62.969632 237.912013
1052 556.989875 54.766496 62.962431 237.980231
1053 557.003658 54.680462 62.962578 237.973308
1054 557.017926 54.600771 62.963005 237.975782
1055 557.031968 54.565987 62.974150 237.911230
1056 557.041400 54.572036 62.975490 237.906555
1057 557.044799 54.490745 62.957276 237.968950
1058 557.056403 54.340181 62.951028 237.987323
1059 557.073094 54.147815 62.949342 238.023730
1060 557.094986 54.294537 62.962485 238.477869
1061 557.110683 54.229225 62.966123 238.464245
1062 557.117623 54.115249 62.956717 238.492085
1063 557.128624 53.992232 62.957955 238.482793
1064 557.139685 53.877499 62.958526 238.481906
1065 557.147508 53.720609 62.947384 238.541021
1066 557.163242 53.788703 62.947987 239.036355
1067 557.183120 53.920016 62.961710 239.488842
1068 557.194289 53.822664 62.961329 239.487952
1069 557.205631 53.725849 62.961341 239.487723
1070 557.221827 53.662267 62.967739 239.452092
1071 557.235077 53.621159 62.968592 239.446405
1072 557.244580 53.542731 62.961031 239.474875
1073 557.257843 53.442141 62.959094 239.487072
1074 557.276578 53.402182 62.972603 239.435624
1075 557.288934 53.378125 62.969638 239.447204
1076 557.302631 53.351773 62.970698 239.442956
1077 557.312178 53.262175 62.957093 239.496722
1078 557.328582 53.148664 62.957730 239.492360
1079 557.344547 53.034581 62.957153 239.495249
1080 557.365742 52.978542 62.968710 239.465271
1081 557.381396 52.934705 62.967829 239.470501
1082 557.394477 52.881447 62.968746 239.461274
1083 557.407173 52.836423 62.969394 239.454228
1084 557.419135 52.787030 62.967826 239.462393
1085 557.432073 52.695994 62.957576 239.499566
1086 557.448974 52.574140 62.955801 239.512048
1087 557.454308 52.637642 62.950820 239.999290
1088 557.462622 52.455795 62.950980 239.998341
1089 557.480803 52.179907 62.939741 240.074890
1090 557.472654 51.273490 62.866205 240.810345
1091 557.471630 50.434714 62.856027 241.205553
1092 557.180397 49.500690 62.915697 241.220263
1093 557.201745 49.324420 62.949390 241.469011
1094 557.205703 49.019228 62.949279 241.468977
1095 557.195940 48.149557 62.905546 241.595372
1096 557.195970 47.815920 62.919350 242.001096
1097 557.059559 47.098599 62.930528 242.506209
1098 556.860293 45.904100 62.906829 243.072790
1099 556.788046 45.354817 62.919926 243.482514
1100 556.474588 43.423016 62.803089 244.083963
1101 556.124256 41.438878 62.769681 245.155380
1102 556.222758 41.554459 62.953374 245.389960
1103 556.232309 41.547681 62.955068 245.400063
1104 556.239863 41.538322 62.954891 245.394081
1105 556.203445 41.167114 62.931336 245.150729
1106 556.179687 40.960754 62.929305 245.174470
1107 556.198557 41.128623 62.973483 245.313494
1108 556.194969 41.225587 62.975000 245.317158
1109 556.185365 41.182139 62.952806 245.294753
1110 556.193854 41.070548 62.945161 245.335420
1111 556.204006 41.078549 62.952397 245.313775
1112 556.215275 41.117133 62.972471 245.354209
1113 556.215674 41.139118 62.971164 245.347337
1114 556.219797 41.207770 62.981210 245.336017
1115 556.218483 41.274765 62.976481 245.332447
1116 556.219812 41.343710 62.977902 245.333618
1117 556.219395 41.410723 62.977328 245.333465
1118 556.218835 41.481851 62.979783 245.330153
1119 556.216726 41.553745 62.979293 245.328490
1120 556.214600 41.626869 62.979158 245.327390
1121 556.212308 41.700039 62.979092 245.326957
1122 556.212200 41.637727 62.968926 245.328736
1123 556.218527 41.659934 62.977932 245.340185
1124 556.222047 41.737078 62.984862 245.350159
1125 556.223473 41.786748 62.978296 245.381754
1126 556.228137 41.820375 62.978154 245.382538
1127 556.230161 41.878497 62.984715 245.345570
1128 556.228749 41.953394 62.984078 245.348567
1129 556.212167 41.903958 62.971521 245.331674
1130 556.211092 41.830846 62.971660 245.352231
1131 556.206504 41.645201 62.965561 245.383007
1132 556.205624 41.320642 62.963209 245.357463
1133 556.207777 41.047849 62.963215 245.366887
1134 556.213882 40.908397 62.969178 245.350299
1135 556.219314 40.930370 62.977926 245.372061
1136 556.218836 40.926349 62.975646 245.381953
1137 556.215993 40.949200 62.981086 245.348496
1138 556.209759 40.992420 62.981870 245.344130
1139 556.202764 41.032567 62.981495 245.344844
1140 556.195155 40.942439 62.969253 245.336837
1141 556.197494 40.923733 62.971795 245.348157
1142 556.205489 40.975059 62.980260 245.353448
1143 556.208287 41.012045 62.978208 245.356831
1144 556.208419 41.071713 62.982934 245.340466
1145 556.202629 41.162835 62.979518 245.350650
1146 556.198069 41.251850 62.978494 245.355462
1147 556.194273 41.366496 62.987458 245.335338
1148 556.186747 41.483536 62.987879 245.336076
1149 556.178892 41.600934 62.987912 245.335889
1150 556.176615 41.646653 62.980155 245.343978
1151 556.179433 41.706472 62.981540 245.348122
1152 556.170999 41.750055 62.982685 245.326933
1153 556.163522 41.811443 62.983186 245.332107
1154 556.165263 41.881225 62.982615 245.350697
1155 556.163687 41.953476 62.983658 245.340150
1156 556.163291 42.030358 62.984169 245.348356
1157 556.158719 42.123505 62.982597 245.359430
1158 556.154424 42.214346 62.982162 245.358330
1159 556.150603 42.303994 62.982153 245.359184
1160 556.152092 42.387442 62.985674 245.362661
1161 556.151372 42.471084 62.985442 245.361994
1162 556.150206 42.546140 62.986473 245.348742
1163 556.149367 42.626006 62.986449 245.351423
1164 556.148605 42.704439 62.986455 245.351634
1165 556.143917 42.827964 62.983192 245.366583
1166 556.139269 42.972625 62.981378 245.362790
1167 556.123198 43.338548 62.965480 245.354233
1168 556.112427 43.666923 62.967565 245.357709
1169 556.100470 44.010616 62.967655 245.348684
1170 556.066104 44.317990 62.942823 245.436786
1171 556.051731 44.542061 62.949757 245.437008
1172 556.065050 44.602858 62.975634 245.396481
1173 556.066136 44.683228 62.976021 245.394573
1174 556.023043 45.043292 62.931808 245.456487
1175 556.036612 45.149416 62.963732 245.419730
1176 556.038461 45.243927 62.972606 245.387537
1177 556.031325 45.363677 62.978993 245.341730
1178 556.022557 45.499436 62.980903 245.339705
1179 556.012931 45.636218 62.979948 245.343814
1180 555.988392 45.943288 62.972302 245.267301
1181 555.985520 46.117455 62.984745 245.332822
1182 555.988810 46.203865 62.987647 245.363071
1183 555.990648 46.275151 62.987647 245.363071
1184 555.992487 46.346437 62.987647 245.363071
1185 555.879515 46.614272 62.968776 245.227956
1186 555.762257 46.912451 62.956825 245.225790
1187 555.733511 47.077885 62.985331 245.289286
1188 555.692615 47.222985 62.982838 245.292107
1189 555.648920 47.367260 62.984054 245.287588
1190 555.602540 47.515703 62.983439 245.286663
1191 555.560205 47.661962 62.984099 245.288138
1192 554.679220 47.397866 63.075108 244.313456
1193 554.705594 47.316853 63.514558 244.096645
1194 554.917919 47.370827 63.980157 244.306944
1195 554.832217 46.802146 63.970581 244.174432
1196 554.763061 46.435825 63.970694 244.228854
1197 554.740089 46.179515 63.968283 244.229461
1198 554.716900 45.981219 63.969144 244.241119
1199 554.708134 46.000006 63.977094 244.295892
1200 554.674925 45.447904 63.976675 244.054790
1201 554.633972 44.918385 63.973526 244.046245
1202 554.640586 45.100051 63.980127 244.344870
1203 554.634333 45.055666 63.978812 244.314534
1204 554.624551 44.974568 63.978140 244.295087
1205 554.616941 44.932154 63.978745 244.304554
1206 554.606570 44.842429 63.977548 244.290774
1207 554.603727 44.875924 63.980536 244.335170
1208 554.603175 44.897073 63.979089 244.340848
1209 554.563603 44.725137 63.982364 244.267118
1210 554.544744 44.596011 63.977042 244.276142
1211 554.514497 44.386511 63.978616 244.266593
1212 554.414099 44.110189 63.979602 244.288104
1213 554.378491 44.133850 63.978009 244.352728
1214 554.338513 44.115511 63.978250 244.348589
1215 553.951130 43.507529 63.992343 243.985736
1216 553.946356 43.493881 63.980460 243.850958
1217 553.929057 43.505935 63.970099 243.796239
1218 553.906642 43.465812 63.969653 243.789817
1219 553.885572 43.439151 63.970239 243.791644
1220 553.717408 42.923158 63.988129 243.515886
1221 553.525477 42.683859 63.988589 243.510057
1222 553.361514 42.432314 63.979794 243.612805
1223 553.201976 42.130628 63.979761 243.612944
1224 553.204808 42.286553 63.971808 243.831365
1225 553.214497 42.373674 63.987451 243.863907
1226 553.216365 42.444524 63.987451 243.863907
1227 553.173420 42.813994 63.964948 243.708327
1228 553.140208 43.243302 63.964709 243.714737
1229 553.126567 43.513939 63.974841 243.782475
1230 553.133345 43.635826 63.987326 243.856077
1231 553.132449 43.743751 63.986346 243.843221
1232 553.134869 43.824944 63.987451 243.863907
1233 553.136737 43.895794 63.987451 243.863907
1234 553.138604 43.966645 63.987451 243.863907
1235 553.140472 44.037495 63.987451 243.863907
1236 553.142340 44.108345 63.987451 243.863907
1237 553.144207 44.179196 63.987451 243.863907
1238 553.146075 44.250046 63.987451 243.863907
1239 553.147943 44.320896 63.987451 243.863907
1240 553.149810 44.391746 63.987451 243.863907
1241 553.151678 44.462597 63.987451 243.863907
1242 553.200131 44.890497 63.977951 243.759985
1243 553.236857 45.215754 63.980280 243.796472
1244 553.385600 46.140426 63.950839 243.840347
1245 553.447796 46.265559 63.960486 243.949482
1246 553.496197 46.332959 63.966730 243.924490
1247 553.509008 46.366002 63.985110 243.877241
1248 553.512397 46.425648 63.986038 243.871959
1249 553.515329 46.487877 63.986020 243.872063
1250 553.517912 46.554649 63.987451 243.863907
1251 553.519780 46.625499 63.987451 243.863907
1252 553.521647 46.696350 63.987451 243.863907
1253 553.523515 46.767200 63.987451 243.863907
1254 553.531086 46.779632 63.982053 243.852261
1255 553.541970 46.750812 63.976599 243.847328
1256 553.555893 46.732080 63.977325 243.846385
1257 553.605709 46.180467 63.951529 243.851121
1258 553.669041 45.590104 63.948898 243.863954
1259 553.690176 45.649215 63.985135 243.859707
1260 553.694325 45.694987 63.983258 243.856205
1261 553.698857 45.753039 63.984753 243.858963
1262 553.703291 45.788339 63.980325 243.861348
1263 553.709533 45.829869 63.981854 243.858602
1264 553.715219 45.868572 63.981073 243.859195
1265 553.720526 45.938556 63.986444 243.869620
1266 553.723251 46.001989 63.986029 243.872005
1267 553.725830 46.068790 63.987451 243.863907
1268 553.727697 46.139641 63.987451 243.863907
1269 553.729486 46.209397 63.987152 243.863372
1270 553.731503 46.280515 63.987451 243.863907
1271 553.733371 46.351365 63.987451 243.863907
1272 553.735238 46.422216 63.987451 243.863907
1273 553.737106 46.493066 63.987451 243.863907
1274 553.740365 46.540879 63.983221 243.869702
1275 553.744348 46.608832 63.987451 243.863907
1276 553.746215 46.679683 63.987451 243.863907
1277 553.750399 46.694895 63.974619 243.891901
1278 553.761125 46.694028 63.974347 243.893053
1279 553.769825 46.737985 63.984180 243.871668
1280 553.772926 46.792133 63.984515 243.858602
1281 553.777204 46.830301 63.980576 243.862127
1282 553.785195 46.849476 63.973334 243.916916
1283 553.796490 46.846642 63.974377 243.915042
1284 553.805590 46.882966 63.984656 243.879824
1285 553.807977 46.928511 63.983136 243.856147
1286 553.811496 46.996237 63.985553 243.860510
1287 553.814312 47.068786 63.987451 243.863907
1288 553.816180 47.139637 63.987451 243.863907
1289 553.818048 47.210487 63.987451 243.863907
1290 553.819915 47.281337 63.987451 243.863907
1291 553.821783 47.352187 63.987451 243.863907
1292 553.823651 47.423038 63.987451 243.863907
1293 553.825518 47.493888 63.987451 243.863907
1294 553.827066 47.560317 63.986252 243.861743
1295 553.829295 47.628957 63.986560 243.862313
1296 553.831388 47.697579 63.986627 243.862418
1297 553.836271 47.725590 63.979239 243.873308
1298 553.846026 47.728016 63.977219 243.877276
1299 553.853010 47.792182 63.987451 243.863907
1300 553.854878 47.863032 63.987451 243.863907
1301 553.856745 47.933882 63.987451 243.863907
1302 553.865986 47.887407 63.966089 243.911401
1303 553.881343 47.864690 63.971503 243.899242
1304 553.893748 47.861839 63.973212 243.908399
1305 553.902735 47.910444 63.987451 243.863907
1306 553.904603 47.981294 63.987451 243.863907
1307 553.908146 48.030527 63.980716 243.902279
1308 553.915155 48.059329 63.980331 243.904501
1309 553.920661 48.108847 63.987134 243.865734
1310 553.922657 48.178353 63.987335 243.863710
1311 553.924449 48.247452 63.986951 243.863012
1312 553.929173 48.287639 63.980835 243.889434
1313 553.936299 48.321863 63.982254 243.884513
1314 553.943478 48.340432 63.979269 243.880359
1315 553.949437 48.403057 63.987451 243.863907
1316 553.951921 48.466786 63.986682 243.862465
1317 553.966597 48.426861 63.966464 243.919952
1318 553.987371 48.393644 63.970633 243.913332
1319 554.000392 48.371055 63.971323 243.899871
1320 554.011013 48.379467 63.978784 243.855682
1321 554.020581 48.360188 63.973398 243.863675
1322 554.029454 48.412027 63.983664 243.857043
1323 554.033371 48.460678 63.982407 243.856612
1324 554.037904 48.509533 63.982553 243.854995
1325 554.058099 48.217051 63.948422 243.867037
1326 554.090632 48.018560 63.956049 243.865245
1327 554.107716 48.082052 63.985635 243.860638
1328 554.110046 48.148370 63.985779 243.860906
1329 554.112143 48.212333 63.985178 243.859824
1330 554.114158 48.271589 63.983752 243.857252
1331 554.116847 48.331572 63.983603 243.856996
1332 554.120086 48.398257 63.985385 243.860196
1333 554.122480 48.463994 63.985565 243.860522
1334 554.125291 48.536537 63.987451 243.863907
1335 554.126890 48.603687 63.986450 243.862116
1336 554.128889 48.670338 63.986069 243.861418
1337 554.131341 48.740967 63.987051 243.863186
1338 554.133180 48.809025 63.986600 243.862383
1339 554.135238 48.876867 63.986417 243.862651
1340 554.138038 48.905262 63.979395 243.849259
1341 554.144416 48.939108 63.979224 243.848945
1342 554.149940 49.006898 63.984509 243.863396
1343 554.152986 49.066858 63.984290 243.866258
1344 554.156190 49.124107 63.983905 243.867770
1345 554.159260 49.175376 63.983395 243.856589
1346 554.162738 49.228710 63.982858 243.855600
1347 554.166795 49.298351 63.985922 243.865548
1348 554.169238 49.365786 63.986749 243.862663
1349 554.171157 49.433128 63.986334 243.861895
1350 554.175729 49.460505 63.976761 243.894333
1351 554.185630 49.454734 63.975845 243.881336
1352 554.193789 49.498324 63.984302 243.858160
1353 554.198068 49.548162 63.983606 243.856868
1354 554.201590 49.618809 63.986438 243.862092
1355 554.203756 49.687693 63.986670 243.862500
1356 554.205917 49.757886 63.987079 243.863244
1357 554.207861 49.827555 63.987042 243.863186
1358 554.209777 49.896637 63.986874 243.862872
1359 554.214747 49.884048 63.973682 243.873401
1360 554.229182 49.807462 63.967688 243.881290
1361 554.252784 49.611362 63.956311 243.894682
1362 554.272621 49.609140 63.977631 243.866653
1363 554.281547 49.626633 63.978613 243.864210
1364 554.290394 49.639100 63.974765 243.888818
1365 554.305145 49.556039 63.964413 243.902326
1366 554.329692 49.403500 63.960306 243.899452
1367 554.346514 49.397799 63.975394 243.864955
1368 554.356465 49.394815 63.973856 243.861150
1369 554.371081 49.314872 63.965265 243.877951
1370 554.387399 49.282504 63.968146 243.893320
1371 554.403573 49.223382 63.966751 243.896683
1372 554.415684 49.276355 63.987045 243.863186
1373 554.417605 49.345483 63.986887 243.862895
1374 554.419569 49.405182 63.984970 243.859416
1375 554.423416 49.432983 63.979291 243.849050
1376 554.434930 49.378125 63.972552 243.842348
1377 554.445379 49.410633 63.979520 243.850760
1378 554.451927 49.446159 63.980048 243.850655
1379 554.465925 49.354698 63.963763 243.885432
1380 554.481218 49.356821 63.978235 243.847875
1381 554.490339 49.361772 63.976218 243.843209
1382 554.497241 49.413419 63.981039 243.852319
1383 554.502244 49.452541 63.979996 243.850376
1384 554.510519 49.453600 63.973853 243.873448
1385 554.522439 49.428905 63.973218 243.861138
1386 554.535604 49.395228 63.971918 243.861266
1387 554.545263 49.451948 63.984430 243.858439
1388 554.548779 49.508371 63.984219 243.858032
1389 554.552369 49.556876 63.981967 243.861429
1390 554.557977 49.595655 63.981918 243.853797
1391 554.563844 49.629501 63.980664 243.851982
1392 554.568675 49.661357 63.977414 243.854762
1393 554.575732 49.681561 63.975562 243.856787
1394 554.591433 49.583730 63.964389 243.894367
1395 554.619566 49.347118 63.957404 243.874763
1396 554.650734 49.128197 63.957300 243.880417
1397 554.680586 48.927613 63.958038 243.879172
1398 554.701750 48.866582 63.971704 243.863570
1399 554.717005 48.801893 63.963425 243.910959
1400 554.734945 48.734824 63.965204 243.906351
1401 554.751745 48.677574 63.965784 243.906468
1402 554.764492 48.701885 63.982523 243.854960
1403 554.769355 48.741211 63.980402 243.857206
1404 554.775569 48.794830 63.981247 243.888748
1405 554.780255 48.849328 63.986380 243.861999
1406 554.782389 48.911708 63.984784 243.865560
1407 554.785591 48.981732 63.987451 243.863907
1408 554.787458 49.052582 63.987451 243.863907
1409 554.789326 49.123433 63.987451 243.863907
1410 554.790977 49.189652 63.986319 243.861860
1411 554.793286 49.252777 63.985440 243.862162
1412 554.795149 49.307292 63.983029 243.855961
1413 554.798324 49.369655 63.984070 243.857846
1414 554.801245 49.434740 63.985062 243.859626
1415 554.803898 49.481460 63.980676 243.865978
1416 554.808644 49.524398 63.980081 243.869353
1417 554.813238 49.579320 63.983868 243.857473
1418 554.816183 49.643521 63.984772 243.859114
1419 554.818484 49.704272 63.984061 243.857834
1420 554.821556 49.771376 63.985611 243.860615
1421 554.823416 49.831074 63.983978 243.857671
1422 554.826385 49.896270 63.985071 243.859649
1423 554.828781 49.960128 63.984976 243.859463
1424 554.834169 49.978121 63.975787 243.881523
1425 554.841783 50.004445 63.978882 243.865885
1426 554.847547 50.051304 63.980869 243.872040
1427 554.852719 50.101346 63.984167 243.857939
1428 554.856039 50.164290 63.985114 243.859672
1429 554.859866 50.195314 63.979233 243.858265
1430 554.872041 50.145191 63.970871 243.865769
1431 554.888955 50.084650 63.969586 243.867968
1432 554.928506 49.619710 63.939096 243.949330
1433 554.964244 49.445903 63.960358 243.902989
1434 554.985377 49.362947 63.968994 243.871726
1435 554.992228 49.310759 63.963004 243.875182
1436 555.003152 49.297565 63.969366 243.847863
1437 555.012954 49.315611 63.971396 243.904466
1438 555.021397 49.306739 63.971997 243.900103
1439 555.030561 49.324797 63.977481 243.878451
1440 555.036743 49.362616 63.980139 243.869422
1441 555.041586 49.397549 63.977994 243.873750
1442 555.039567 49.396682 63.966129 243.856450
1443 555.043264 49.400976 63.966180 243.860149
1444 555.054180 49.440592 63.978680 243.866700
1445 555.054873 49.432081 63.959198 243.902919
1446 555.071319 49.439923 63.972394 243.904781
1447 555.079367 49.469441 63.981738 243.856252
1448 555.082714 49.522594 63.981564 243.856228
1449 555.086973 49.564753 63.978140 243.875286
1450 555.095343 49.558918 63.968149 243.917055
1451 555.108122 49.542845 63.970889 243.905944
1452 555.115472 49.509918 63.965823 243.919371
1453 555.126060 49.474781 63.967224 243.917963
1454 555.136018 49.436916 63.966696 243.924304
1455 555.148452 49.453053 63.980273 243.881604
1456 555.154013 49.488842 63.979803 243.881395
1457 555.161315 49.529552 63.980798 243.901174
1458 555.167849 49.564480 63.982065 243.894600
1459 555.171757 49.610967 63.985004 243.859521
1460 555.174012 49.672492 63.984326 243.858299
1461 555.176881 49.738386 63.985345 243.860126
1462 555.179011 49.800225 63.984494 243.858590
1463 555.181619 49.863565 63.984692 243.858951
1464 555.183889 49.923432 63.983801 243.857357
1465 555.186920 49.988401 63.984970 243.859451
1466 555.188670 50.042758 63.982376 243.854797
1467 555.191937 50.102457 63.983188 243.856252
1468 555.194944 50.163476 63.983743 243.857252
1469 555.197247 50.211580 63.980252 243.858358
1470 555.200862 50.258864 63.980368 243.851179
1471 555.204611 50.313204 63.981250 243.852761
1472 555.208093 50.369162 63.981900 243.853936
1473 555.211286 50.424986 63.982022 243.854181
1474 555.215246 50.459756 63.975714 243.879347
1475 555.221359 50.488646 63.979047 243.848771
1476 555.225958 50.529949 63.978638 243.848014
1477 555.226278 50.561392 63.970328 243.834215
1478 555.229533 50.595372 63.971957 243.835111
1479 555.232391 50.631452 63.971570 243.833727
1480 555.240829 50.673517 63.972916 243.867921
1481 555.249180 50.696636 63.974368 243.879801
1482 555.257318 50.703564 63.977060 243.845955
1483 555.263880 50.727672 63.976892 243.844117
1484 555.269163 50.769673 63.977029 243.864536
1485 555.270788 50.777347 63.975558 243.861243
1486 555.274327 50.809761 63.978989 243.849201
1487 555.279245 50.838901 63.974490 243.890958
1488 555.286573 50.847720 63.974384 243.889655
1489 555.293931 50.861228 63.975348 243.883524
1490 555.266749 50.610282 63.936792 243.873460
1491 555.259925 50.363507 63.938934 243.881255
1492 555.284303 50.394223 63.978775 243.856624
1493 555.288794 50.431682 63.977472 243.857171
1494 555.293826 50.480746 63.980627 243.851668
1495 555.297418 50.534458 63.981143 243.852587
1496 555.300694 50.586896 63.980920 243.852191
1497 555.299531 50.615413 63.972244 243.832261
1498 555.301821 50.639631 63.970523 243.828398
1499 555.309779 50.698835 63.977325 243.843954
1500 555.314842 50.753914 63.980469 243.851377
1501 555.318656 50.809738 63.981677 243.853529
1502 555.323613 50.866533 63.981805 243.878637
1503 555.328541 50.904922 63.980090 243.882698
1504 555.334666 50.892310 63.964951 243.936020
1505 555.348956 50.855736 63.966077 243.937463
1506 555.362698 50.818464 63.966031 243.937533
1507 555.374070 50.835875 63.982944 243.855821
1508 555.377029 50.894736 63.983102 243.856089
1509 555.379908 50.953463 63.983102 243.856089
1510 555.382592 51.009479 63.982364 243.854774
1511 555.385569 51.065140 63.982092 243.854297
1512 555.389610 51.133826 63.985559 243.860522
1513 555.391886 51.198981 63.985449 243.860312
1514 555.394581 51.240738 63.978751 243.883605
1515 555.400006 51.272955 63.979749 243.876310
1516 555.404910 51.309390 63.979898 243.875368
1517 555.408293 51.321641 63.974380 243.870702
1518 555.413009 51.332549 63.972656 243.871354
1519 555.418466 51.343317 63.972913 243.870656
1520 555.427572 51.410363 63.987335 243.863710
1521 555.429498 51.481312 63.987451 243.863907
1522 555.430975 51.546787 63.985992 243.861278
1523 555.433175 51.613472 63.985962 243.861243
1524 555.434433 51.666980 63.982385 243.854821
1525 555.428012 51.731181 63.975854 243.840498
1526 555.425552 51.794632 63.974207 243.850993
1527 555.432821 51.855092 63.982880 243.855717
1528 555.435775 51.913505 63.982968 243.855868
1529 555.438679 51.971772 63.982950 243.855821
1530 555.441745 52.032145 63.983511 243.856833
1531 555.444554 52.092338 63.983603 243.856996
1532 555.448346 52.166644 63.987451 243.863907
1533 555.450213 52.237494 63.987451 243.863907
1534 555.452081 52.308344 63.987451 243.863907
1535 555.453949 52.379195 63.987451 243.863907
1536 555.455618 52.447322 63.986710 243.862581
1537 555.457368 52.512099 63.985626 243.860638
1538 555.459593 52.576905 63.985370 243.860184
1539 555.462025 52.643043 63.985669 243.860708
1540 555.464033 52.705138 63.984644 243.858881
1541 555.466374 52.765680 63.983975 243.857671
1542 555.469583 52.834192 63.985974 243.861243
1543 555.471630 52.898649 63.985355 243.860161
1544 555.474546 52.971372 63.987451 243.863907
1545 555.476091 53.037778 63.986249 243.861743
1546 555.478291 53.105999 63.986444 243.862104
1547 555.480000 53.168618 63.984976 243.859475
1548 555.482431 53.232400 63.984933 243.859393
1549 555.485557 53.305507 63.987451 243.863907
1550 555.487065 53.371378 63.986096 243.861487
1551 555.489485 53.441704 63.986978 243.863058
1552 555.486468 53.500100 63.979120 243.882349
1553 555.491360 53.543765 63.979718 243.897253
1554 555.493380 53.580793 63.978439 243.892622
1555 555.499812 53.613621 63.980557 243.879126
1556 555.504980 53.652149 63.980310 243.876706
1557 555.510781 53.687734 63.978958 243.886863
1558 555.517228 53.720463 63.979617 243.885083
1559 555.522537 53.774152 63.985669 243.860708
1560 555.524932 53.842658 63.986349 243.861708
1561 555.527015 53.909989 63.986200 243.861662
1562 555.523185 53.948453 63.970300 243.833913
1563 555.522929 54.001293 63.968854 243.805815
1564 555.531568 54.088042 63.983148 243.851877
1565 555.527745 54.153203 63.977991 243.829189
1566 555.527107 54.229999 63.978342 243.830783
1567 555.517419 54.314386 63.971085 243.804779
1568 555.511882 54.414463 63.972925 243.809096
1569 555.507609 54.496477 63.978333 243.818252
1570 555.499726 54.564907 63.980704 243.822883
1571 555.490698 54.630824 63.980786 243.823267
1572 555.482467 54.702157 63.971213 243.805629
1573 555.482554 54.787290 63.972906 243.813424
1574 555.484898 54.871933 63.981094 243.838869
1575 555.489364 54.947321 63.985291 243.860021
1576 555.488470 54.991225 63.982401 243.852401
1577 555.480702 55.050085 63.976175 243.818404
1578 555.476403 55.122035 63.976575 243.821941
1579 555.474371 55.190902 63.981104 243.841243
1580 555.471112 55.230803 63.980792 243.850109
1581 555.457702 55.260210 63.980325 243.828991
1582 555.452485 55.317919 63.980344 243.836030
1583 555.441775 55.355470 63.978699 243.834425
1584 555.443725 55.422144 63.982993 243.849410
1585 555.433210 55.442290 63.981281 243.845652
1586 555.432835 55.487514 63.982550 243.852563
1587 555.428407 55.516543 63.979248 243.842639
1588 555.424671 55.553652 63.979022 243.837822
1589 555.428086 55.607783 63.980188 243.850155
1590 555.428572 55.646324 63.980283 243.847991
1591 555.428167 55.683677 63.980740 243.847886
1592 555.421879 55.700978 63.975677 243.837438
1593 555.418357 55.718256 63.977261 243.844221
1594 555.414758 55.713410 63.975894 243.853366
1595 555.415626 55.706633 63.973605 243.865222
1596 555.416976 55.704492 63.976685 243.849725
1597 555.407653 55.744772 63.978024 243.835926
1598 555.401112 55.800479 63.979022 243.837357
1599 555.377653 55.822428 63.968005 243.818276
1600 555.386317 55.883180 63.977634 243.844535
1601 555.391079 55.935932 63.979913 243.850388
1602 555.386941 55.985316 63.980948 243.836449
1603 555.383134 56.036631 63.981046 243.839486
1604 555.366452 56.022635 63.973047 243.861325
1605 555.252780 55.723183 63.949103 243.764476
1606 555.249151 55.736988 63.967273 243.865234
1607 555.240893 55.596434 63.957239 243.907014
1608 555.241973 55.462691 63.959631 243.908632
1609 555.241006 55.324720 63.959348 243.909376
1610 555.253971 55.316593 63.974066 243.883873
1611 555.259068 55.319949 63.974277 243.883023
1612 555.252798 55.339158 63.974948 243.822685
1613 555.242134 55.379333 63.972958 243.817066
1614 555.245260 55.445786 63.980743 243.842720
1615 555.241171 55.445751 63.972604 243.882395
1616 555.240089 55.415733 63.971640 243.884396
1617 555.244760 55.413639 63.977307 243.845001
1618 555.248324 55.444494 63.978174 243.845059
1619 555.251919 55.475263 63.978046 243.845140
1620 555.256778 55.531889 63.981046 243.852424
1621 555.259114 55.579580 63.980627 243.850783
1622 555.252760 55.521273 63.965424 243.908131
1623 555.254316 55.442098 63.967026 243.899743
1624 555.252114 55.377041 63.971600 243.879626
1625 555.258300 55.406187 63.980103 243.849096
1626 555.258163 55.435995 63.978860 243.845641
1627 555.251225 55.420306 63.976340 243.842604
1628 555.248437 55.427089 63.977307 243.846478
1629 555.245681 55.423988 63.976389 243.848096
1630 555.246315 55.430969 63.977646 243.842907
1631 555.246707 55.433540 63.976544 243.844838
1632 555.249536 55.475181 63.979816 243.852482
1633 555.250683 55.512733 63.979807 243.852866
1634 555.211979 55.343853 63.957724 243.791481
1635 555.208920 55.415221 63.982816 243.824721
1636 555.201307 55.445477 63.980176 243.845815
1637 555.204054 55.504036 63.981097 243.849178
1638 555.206227 55.557852 63.980893 243.849492
1639 555.210104 55.618423 63.982709 243.855379
1640 555.210022 55.628255 63.973047 243.891470
1641 555.210705 55.608638 63.969177 243.897986
1642 555.215646 55.602902 63.976285 243.868748
1643 555.217219 55.604851 63.975024 243.872890
1644 555.222361 55.632851 63.978152 243.860545
1645 555.221475 55.607277 63.972308 243.860510
1646 555.224585 55.611681 63.977216 243.846746
1647 555.223184 55.606946 63.964429 243.871703
1648 555.227645 55.582576 63.963867 243.873785
1649 555.232266 55.570441 63.976447 243.852342
1650 555.225009 55.534949 63.975076 243.842092
1651 555.213359 55.464943 63.972977 243.834146
1652 555.219259 55.511174 63.979614 243.848072
1653 555.221240 55.537119 63.978531 243.845757
1654 555.192564 55.404918 63.973279 243.820789
1655 555.168403 55.226772 63.953696 243.841080
1656 555.129458 54.942062 63.958710 243.767443
1657 555.136050 54.969380 63.972696 243.844442
1658 555.132673 54.921084 63.969385 243.853192
1659 555.138932 54.952626 63.978207 243.854262
1660 555.124560 54.835184 63.968921 243.839195
1661 555.126962 54.844195 63.976566 243.847165
1662 555.128959 54.867139 63.975949 243.863779
1663 555.132360 54.891154 63.977374 243.861546
1664 555.137103 54.940602 63.981149 243.851191
1665 555.055940 54.803858 63.971240 243.768211
1666 555.054878 54.904022 63.980591 243.830783
1667 555.059281 54.953691 63.977567 243.886386
1668 555.049484 54.887797 63.965521 243.914647
1669 555.061053 54.915860 63.982727 243.855426
1670 555.064862 54.985157 63.985883 243.861092
1671 555.066116 55.038125 63.982220 243.854506
1672 555.058715 55.009835 63.972650 243.867828
1673 555.053048 54.955128 63.971350 243.868387
1674 555.060415 54.963028 63.972388 243.891319
1675 555.056137 54.900450 63.968170 243.862372
1676 555.066003 54.949427 63.981311 243.852878
1677 555.058688 54.947455 63.975888 243.852796
1678 555.056944 54.957030 63.977454 243.853925
1679 555.058903 55.007717 63.981293 243.845757
1680 555.061592 55.063791 63.981824 243.853064
1681 555.062147 55.109219 63.981445 243.850074
1682 555.020961 55.067578 63.961719 243.759671
1683 554.975444 55.046566 63.963321 243.745546
1684 554.997818 54.949648 63.964783 243.828747
1685 555.001715 54.977763 63.977158 243.857834
1686 555.000056 55.001795 63.978827 243.850190
1687 555.002290 55.046217 63.980862 243.849934
1688 555.003750 55.091034 63.980576 243.849736
1689 555.006279 55.156591 63.983112 243.851575
1690 555.004530 55.190931 63.980188 243.847293
1691 554.997633 55.200361 63.978082 243.840370
1692 555.002143 55.254823 63.979813 243.850202
1693 555.005780 55.304266 63.979785 243.850143
1694 555.009454 55.354063 63.979877 243.850306
1695 555.011654 55.376448 63.977081 243.843011
1696 555.013885 55.383528 63.975580 243.839207
1697 555.011032 55.397513 63.974664 243.842162
1698 555.010470 55.421236 63.975607 243.840300
1699 555.009416 55.445879 63.975604 243.840265
1700 555.014421 55.501581 63.981461 243.851993
1701 555.014404 55.540005 63.980392 243.848398
1702 555.017124 55.584345 63.978464 243.847514
1703 555.020608 55.628604 63.978580 243.847502
1704 555.022624 55.644061 63.973721 243.864210
1705 555.022036 55.666673 63.979010 243.838509
1706 555.015963 55.699088 63.976486 243.831179
1707 555.000837 55.708140 63.967758 243.824605
1708 554.989444 55.711845 63.968195 243.822720
1709 554.998996 55.764696 63.976791 243.857590
1710 555.003370 55.806268 63.979404 243.848805
1711 555.005996 55.846681 63.979181 243.848049
1712 554.973284 55.792998 63.942572 243.812284
1713 554.952413 55.750217 63.944562 243.802766
1714 554.976693 55.780060 63.971475 243.870539
1715 554.991911 55.713538 63.971976 243.852878
1716 554.997494 55.753742 63.979871 243.848340
1717 555.001507 55.809700 63.981302 243.852866
1718 555.004832 55.863779 63.981403 243.853041
1719 555.003752 55.910126 63.981656 243.845745
1720 555.000976 55.929358 63.977847 243.849166
1721 554.969044 55.794057 63.976431 243.816461
1722 554.975174 55.864093 63.981345 243.852913
1723 554.979347 55.908037 63.980307 243.851004
1724 554.985153 55.946758 63.979211 243.861231
1725 554.996231 55.890940 63.974005 243.849573
1726 555.002667 55.946805 63.982318 243.853925
1727 554.908752 55.780898 63.975882 243.733528
1728 554.916236 55.872225 63.978317 243.849282
1729 554.922668 55.904000 63.977847 243.852168
1730 554.935905 55.835506 63.970294 243.862756
1731 554.953773 55.742881 63.969446 243.856810
1732 554.965193 55.746761 63.973645 243.850935
1733 554.974354 55.759187 63.974408 243.851865
1734 554.982264 55.801038 63.980063 243.850551
1735 554.997671 55.659971 63.965192 243.843779
1736 554.991940 55.604246 63.971207 243.814762
1737 554.989555 55.647336 63.979422 243.840219
1738 554.997857 55.654148 63.976382 243.841150
1739 554.969090 55.641216 63.979205 243.818427
1740 554.985118 55.534862 63.970578 243.827153
1741 555.006842 55.389427 63.968561 243.833110
1742 555.016116 55.454663 63.981433 243.852156
1743 555.018225 55.510249 63.980948 243.849981
1744 555.017915 55.568830 63.981113 243.843651
1745 555.021624 55.631507 63.982486 243.855007
1746 555.024791 55.690472 63.983020 243.855949
1747 555.024684 55.730304 63.980746 243.853250
1748 555.024877 55.770089 63.980783 243.851644
1749 555.024272 55.797414 63.978336 243.857043
1750 555.023217 55.826390 63.977463 243.859137
1751 555.028102 55.870818 63.980261 243.864419
1752 555.012431 55.805866 63.971432 243.850202
1753 554.992468 55.686382 63.965417 243.847991
1754 555.000708 55.716604 63.978949 243.847223
1755 555.001284 55.757192 63.980695 243.856787
1756 555.003854 55.808414 63.981851 243.853797
1757 555.002098 55.875582 63.981778 243.842744
1758 555.000732 55.949103 63.982120 243.843011
1759 554.941868 55.620250 63.944000 243.883477
1760 554.966548 55.623339 63.975189 243.868294
1761 554.975578 55.636068 63.975427 243.868852
1762 554.992240 55.484780 63.959424 243.881104
1763 554.987153 55.407088 63.957877 243.842476
1764 554.990161 55.425175 63.974347 243.837357
1765 554.992694 55.455443 63.978104 243.846141
1766 554.992207 55.477153 63.977982 243.845559
1767 554.855761 55.031679 63.946600 243.677983
1768 554.927240 54.018955 63.926340 243.789375
1769 554.965666 53.987512 63.973447 243.848980
1770 554.976187 54.013702 63.978439 243.861464
1771 554.984733 54.034103 63.977820 243.873436
1772 555.001188 53.903270 63.965466 243.905502
1773 555.010496 53.886038 63.971576 243.890121
1774 555.017244 53.940071 63.985126 243.852168
1775 555.013682 54.010671 63.982410 243.840987
1776 555.011433 54.086780 63.982358 243.840836
1777 555.014950 54.156775 63.984088 243.857869
1778 555.017648 54.218905 63.984268 243.858195
1779 555.018711 54.279581 63.983237 243.852342
1780 555.021548 54.340530 63.983194 243.856252
1781 555.024473 54.401816 63.983774 243.857031
1782 555.026474 54.460421 63.982932 243.854227
1783 555.029197 54.520485 63.983087 243.855333
1784 555.032273 54.586979 63.984946 243.858451
1785 555.035394 54.660557 63.987451 243.863907
1786 555.037262 54.731407 63.987451 243.863907
1787 555.038223 54.789750 63.984061 243.857822
1788 555.040718 54.848937 63.983459 243.856740
1789 555.043489 54.908315 63.983368 243.856577
1790 555.046388 54.968880 63.983670 243.857124
1791 555.048336 55.013279 63.979263 243.854728
1792 555.040260 55.054280 63.978998 243.831167
1793 555.027531 55.096892 63.979156 243.826885
1794 555.018244 55.151035 63.979547 243.829550
1795 555.008155 55.144205 63.971072 243.882000
1796 555.002111 55.113780 63.971124 243.879114
1797 555.006247 55.159912 63.981775 243.843698
1798 555.005300 55.225230 63.981696 243.843826
1799 555.004193 55.289786 63.981561 243.843360
1800 555.006677 55.339601 63.979050 243.848747
1801 555.009864 55.384883 63.979218 243.848468
1802 555.013255 55.443255 63.981787 243.851249
1803 555.015315 55.501412 63.981656 243.850306
1804 555.017379 55.560051 63.981625 243.850132
1805 555.021525 55.629063 63.985083 243.859649
1806 555.023881 55.692467 63.984851 243.859242
1807 555.017186 55.715597 63.979858 243.850202
1808 555.013450 55.750601 63.979883 243.848154
1809 555.009974 55.787524 63.979947 243.848305
1810 554.996661 55.816599 63.981567 243.834087
1811 554.965921 55.808885 63.983261 243.816786
1812 554.976066 55.752567 63.966632 243.895473
1813 554.996028 55.628551 63.965137 243.894972
1814 554.995127 55.621018 63.970395 243.836845
1815 554.963055 55.602455 63.980237 243.804989
1816 554.976901 55.485519 63.961118 243.890784
1817 554.996437 55.408281 63.973203 243.842953
1818 554.990124 55.400555 63.978555 243.848293
1819 554.981111 55.410939 63.978305 243.846851
1820 554.994372 55.322439 63.961002 243.931238
1821 554.974150 55.196213 63.964789 243.890353
1822 554.993043 55.071604 63.964911 243.856845
1823 554.873085 54.782351 63.955655 243.743440
1824 554.890493 54.908513 63.986118 243.861499
1825 554.892329 54.962231 63.983127 243.856112
1826 554.897049 54.977048 63.977484 243.844559
1827 554.907550 54.948705 63.973126 243.854937
1828 554.918771 54.940538 63.975397 243.851191
1829 554.935467 54.793590 63.962305 243.840428
1830 554.949133 54.841229 63.979779 243.850039
1831 554.954129 54.872055 63.977478 243.845873
1832 554.960424 54.944232 63.985367 243.860173
1833 554.962437 54.994738 63.982159 243.854379
1834 554.966157 55.050516 63.982733 243.855402
1835 554.972337 55.068445 63.974408 243.885897
1836 554.982746 55.067287 63.973547 243.886386
1837 554.991282 55.099661 63.981802 243.853680
1838 554.994668 55.157626 63.982568 243.855146
1839 554.997674 55.214881 63.982578 243.855170
1840 554.998356 55.229041 63.971854 243.893716
1841 555.003622 55.218680 63.971246 243.893681
1842 555.012188 55.250850 63.981329 243.852889
1843 555.015930 55.303288 63.981522 243.853227
1844 555.009819 55.258965 63.968347 243.888713
1845 555.018367 55.259658 63.975009 243.882128
1846 555.024722 55.279768 63.977087 243.875519
1847 555.028631 55.302381 63.979770 243.847956
1848 555.031880 55.345872 63.980225 243.849678
1849 555.035148 55.399415 63.981528 243.852657
1850 555.031915 55.416518 63.978516 243.859637
1851 555.028625 55.419590 63.977905 243.859335
1852 555.017627 55.410701 63.975739 243.846921
1853 555.005188 55.414593 63.976291 243.840370
1854 555.002418 55.429869 63.976935 243.858811
1855 554.994358 55.449282 63.977954 243.834355
1856 554.980900 55.453767 63.977740 243.832470
1857 555.016011 54.937373 63.941760 243.896485
1858 555.039146 54.970189 63.981552 243.853331
1859 555.041009 55.017682 63.981073 243.851225
1860 555.042971 55.065310 63.980945 243.850888
1861 555.045047 55.113350 63.980963 243.850970
1862 555.037765 55.114984 63.977811 243.838625
1863 555.028303 55.098672 63.975568 243.833727
1864 555.026182 55.099469 63.974872 243.865629
1865 555.019352 55.019974 63.968710 243.866211
1866 555.024655 55.036327 63.977719 243.857380
1867 555.017237 55.085112 63.979202 243.822592
1868 555.005908 55.143973 63.978955 243.817740
1869 554.995953 55.206341 63.979053 243.820544
1870 555.001135 55.286656 63.984137 243.857974
1871 555.003787 55.348420 63.984180 243.858043
1872 554.996801 55.345377 63.972446 243.876997
1873 554.997200 55.327180 63.970935 243.889679
1874 555.000740 55.321631 63.978766 243.845280
1875 554.999327 55.346599 63.979877 243.842732
1876 554.998402 55.381928 63.980054 243.844768
1877 554.995582 55.396483 63.977606 243.844605
1878 554.994566 55.415017 63.978119 243.844803
1879 554.973771 55.359502 63.969968 243.818206
1880 555.007513 54.626572 63.933508 243.843500
1881 555.029650 54.653931 63.978058 243.852657
1882 555.028128 54.683030 63.978870 243.847619
1883 555.028753 54.720605 63.978329 243.852342
1884 555.030213 54.769907 63.975049 243.848398
1885 555.034367 54.829757 63.980405 243.847828
1886 555.035430 54.889216 63.979962 243.847316
1887 555.031372 54.970457 63.982523 243.833471
1888 554.997306 55.013744 63.978680 243.782522
1889 554.986714 55.069265 63.978986 243.832086
1890 554.992170 55.094909 63.974966 243.841068
1891 554.978189 55.127125 63.978336 243.803569
1892 554.983934 55.171029 63.975546 243.842302
1893 554.990994 55.196545 63.975626 243.842488
1894 554.989085 55.187272 63.973068 243.869504
1895 554.985354 55.151518 63.970505 243.863675
1896 554.985249 55.129918 63.973117 243.868980
1897 554.995779 55.032051 63.965363 243.844978
1898 554.915683 54.822496 63.969766 243.709676
1899 554.927775 54.908577 63.973569 243.877765
1900 554.940466 54.861421 63.967609 243.899778
1901 554.955572 54.809564 63.968539 243.890516
1902 554.967823 54.845714 63.982281 243.877532
1903 554.973570 54.882096 63.981305 243.877229
1904 554.979863 54.917512 63.980972 243.878695
1905 554.985492 54.946541 63.980661 243.858171
1906 554.996559 54.874743 63.968219 243.876089
1907 555.006599 54.919607 63.982059 243.854227
1908 555.009744 54.975739 63.982150 243.854379
1909 554.972523 54.834981 63.970609 243.793389
1910 554.986114 54.861764 63.978717 243.849317
1911 554.999163 54.781303 63.972568 243.839916
1912 555.007530 54.851153 63.983926 243.857566
1913 555.010202 54.911957 63.983862 243.857462
1914 555.013214 54.981318 63.986026 243.860498
1915 555.013008 55.028334 63.982010 243.852843
1916 555.012637 55.074536 63.982108 243.849410
1917 555.006221 55.078009 63.977881 243.847014
1918 555.001265 55.077863 63.977722 243.846385
1919 555.001838 55.093728 63.978540 243.846164
1920 555.000535 55.138557 63.982224 243.844861
1921 555.000241 55.187365 63.982108 243.850353
1922 554.990461 55.225864 63.979321 243.836042
1923 554.981623 55.277116 63.979028 243.829957
1924 554.986753 55.348827 63.983304 243.856450
1925 554.991742 55.359438 63.976865 243.842895
1926 554.997129 55.416338 63.980814 243.851993
1927 555.000357 55.473936 63.983142 243.855379
1928 555.003106 55.533076 63.983298 243.856287
1929 555.005775 55.590133 63.982678 243.855333
1930 555.006010 55.618860 63.979367 243.846862
1931 555.009835 55.673834 63.981332 243.852494
1932 555.009883 55.713835 63.981082 243.849364
1933 555.009555 55.750362 63.980728 243.848189
1934 555.009162 55.806733 63.982007 243.844780
1935 554.997627 55.852545 63.978040 243.831819
1936 554.985508 55.901336 63.972946 243.820172
1937 555.002731 55.796669 63.966440 243.864873
1938 554.998460 55.799868 63.976831 243.827642
1939 554.970677 55.691653 63.972699 243.828922
1940 554.983888 55.686627 63.972430 243.894751
1941 554.996382 55.671897 63.973990 243.895298
1942 554.984649 55.677650 63.976270 243.834541
1943 554.991940 55.716063 63.976285 243.864419
1944 554.984611 55.779071 63.980270 243.822162
1945 554.994564 55.754144 63.972824 243.867398
1946 554.997175 55.776872 63.980240 243.850830
1947 554.983364 55.783824 63.979874 243.842476
1948 554.988703 55.836303 63.981396 243.852947
1949 554.994679 55.857531 63.978949 243.847083
1950 554.979423 55.866076 63.980670 243.821557
1951 554.986760 55.865314 63.974539 243.840533
1952 555.016720 55.397839 63.954736 243.809864
1953 555.008160 55.285853 63.972250 243.819846
1954 555.012141 55.313126 63.977545 243.845792
1955 555.008692 55.304376 63.976828 243.838218
1956 555.005340 55.303975 63.977579 243.838264
1957 555.010646 55.367158 63.981912 243.853960
1958 555.013089 55.419026 63.981680 243.852913
1959 555.014473 55.462307 63.980029 243.849224
1960 555.013890 55.472005 63.976999 243.845303
1961 555.017599 55.502930 63.978787 243.846420
1962 555.012162 55.491447 63.972610 243.847851
1963 555.011065 55.481982 63.974002 243.851028
1964 555.007731 55.502331 63.979083 243.837427
1965 555.011531 55.559964 63.980804 243.851505
1966 555.012348 55.600331 63.980228 243.848561
1967 555.012622 55.635550 63.979181 243.849969
1968 555.013064 55.668715 63.979321 243.851621
1969 555.015066 55.709687 63.979877 243.850807
1970 554.947937 55.457752 63.933075 243.832447
1971 554.988497 55.148539 63.941022 243.942954
1972 555.005160 55.123111 63.979288 243.851621
1973 555.001472 55.135811 63.978687 243.853599
1974 554.999513 55.155654 63.979364 243.853378
1975 554.982218 55.009393 63.958301 243.881395
1976 554.972786 54.845749 63.960123 243.863105
1977 554.994372 54.789622 63.972552 243.883547
1978 555.002023 54.827686 63.981219 243.852715
1979 555.005371 54.881596 63.981335 243.852936
1980 554.947808 54.825958 63.970807 243.780428
1981 554.958575 54.878198 63.974313 243.862430
1982 554.967659 54.888530 63.974078 243.863430
1983 554.976817 54.899118 63.974261 243.862860
1984 554.985185 54.940497 63.980753 243.860161
1985 554.995431 54.888472 63.971002 243.866514
1986 555.002996 54.938624 63.981665 243.850446
1987 554.985229 54.909874 63.978510 243.834413
1988 554.992840 54.943324 63.979703 243.848456
1989 554.972575 54.907006 63.979163 243.825547
1990 554.977824 54.986495 63.984595 243.858788
1991 554.984138 54.961137 63.974179 243.859637
1992 554.992330 55.003674 63.981140 243.852470
1993 554.996328 55.066095 63.983612 243.857020
1994 554.999176 55.127428 63.983936 243.857601
1995 554.963748 55.020230 63.971652 243.793866
1996 554.995408 54.688167 63.954395 243.783930
1997 555.012379 54.779331 63.982114 243.854332
1998 555.015445 54.834678 63.981946 243.854018
