17 504.159859 309.744276 40.493542 132.464759
18 503.712345 309.692271 40.554958 133.779629
19 501.323068 309.870609 40.874819 140.962894
20 501.355676 309.835932 40.995629 141.177236
21 501.335887 309.953181 40.992536 141.584320
22 500.738822 309.283521 40.872899 143.366399
23 500.066864 308.889821 40.769883 144.331959
24 500.035275 308.769916 40.883171 145.061215
25 498.856363 307.702279 40.658849 147.005452
26 498.552713 307.611298 40.882704 148.008490
27 498.093545 307.458774 40.856897 148.930470
28 498.104588 307.459620 40.959386 149.057450
29 497.932475 307.589512 40.907525 149.604913
30 496.910909 307.349683 40.833044 150.552742
31 496.520618 307.183880 40.915400 151.099709
32 496.213659 307.160722 40.896117 151.535795
33 496.230052 307.332311 40.982766 151.987367
34 496.190718 307.231699 40.981066 151.997007
35 496.087919 306.946338 40.964759 152.043893
36 496.030486 307.049186 40.965568 152.505585
37 495.960590 307.126296 40.974420 153.018947
38 495.481288 306.624330 40.943404 153.725783
39 495.363090 306.474992 41.006923 154.083743
40 495.304734 306.177359 41.607451 154.653804
41 494.439571 305.440665 42.315338 155.326319
42 493.747512 304.971639 42.893600 155.700311
43 493.511421 304.738764 43.199192 156.164811
44 493.606885 304.838181 43.543557 156.499881
45 493.618079 304.535368 44.137179 156.589819
46 493.355701 304.198238 44.703302 157.158381
47 491.343314 302.871103 45.313256 157.632908
48 491.419004 303.015676 45.503367 157.975944
49 491.392421 302.622426 46.068311 157.955738
50 491.412009 302.425264 46.495526 158.007843
51 491.226883 302.358885 46.437750 158.476571
52 489.988834 300.949086 46.224266 158.329192
53 490.105260 301.014129 46.483832 158.456799
54 488.486649 300.058965 46.275583 157.841075
55 486.671922 299.274207 46.616685 157.171807
56 485.853087 299.243377 47.065903 157.159315
57 484.450698 298.897739 47.612205 156.909805
58 484.492753 298.780713 48.017585 156.772221
59 484.453225 298.514663 48.330304 156.996130
60 484.484241 298.456259 48.484864 156.960292
61 483.523649 298.256740 48.546246 156.799508
62 479.428198 297.738719 48.454787 157.635576
63 479.240542 297.827388 48.605624 157.936066
64 468.066425 300.526921 53.542447 154.839604
65 468.091142 300.479410 56.374172 149.960337
66 470.094543 298.850405 56.486936 148.735299
67 470.944106 298.731776 56.321056 148.862443
68 479.091675 297.705637 59.489528 150.233307
69 467.501297 296.485099 62.374562 154.202290
70 469.387071 296.933214 61.376339 155.339934
71 469.649928 296.569433 60.279344 155.722941
72 469.860839 296.224858 59.219564 156.593315
73 470.826631 295.664834 56.851548 157.470322
74 471.199081 295.499278 55.855068 157.689182
75 470.981853 294.678481 54.612663 158.543588
76 470.651901 293.469035 53.339878 159.810250
77 470.717635 293.169997 52.304769 160.279610
78 469.307355 291.334158 51.009984 160.498607
79 469.299115 291.164233 50.996078 160.677065
80 468.697807 291.088294 50.208874 161.286340
81 466.994718 290.173359 49.686318 162.007237
82 466.491135 290.151592 49.525924 162.592177
83 465.956789 289.915661 49.358010 163.282264
84 463.873689 288.347485 48.457127 163.915339
85 463.895135 288.389753 48.496878 163.971550
86 463.886194 288.405370 48.480035 163.957286
87 462.142664 287.376624 47.928595 164.451206
88 462.121066 287.420913 47.933851 164.427443
89 460.495201 286.941137 47.496964 164.275113
90 460.496728 287.053517 47.496942 164.471464
91 460.195941 287.381074 47.418579 164.332657
92 457.513509 286.488916 47.393675 163.995468
93 457.566681 286.491119 47.496942 163.971550
94 457.567997 286.505696 47.496643 163.971120
95 456.445538 286.746951 47.635312 163.661545
96 455.216938 286.906841 48.101672 163.537643
97 453.189021 286.071487 48.252372 163.692614
98 453.312845 286.225118 48.496878 163.971550
99 452.475939 285.843386 48.465867 163.698995
100 452.478616 285.976629 48.495268 163.963378
