2 169.096517 25.265143 30.612509 60.573016
3 169.239308 26.418449 30.783827 62.203570
4 170.579915 25.352833 30.289424 64.103299
5 173.282321 20.212521 30.106942 66.652378
6 170.159297 19.926116 30.527118 68.158875
7 169.379525 19.564119 31.310354 68.822704
8 165.300803 18.744886 30.708841 69.765140
9 163.155220 19.324172 30.612262 71.309553
10 159.785711 21.819542 30.720274 73.069013
11 157.932437 22.675385 31.017190 73.697854
12 154.237214 18.998469 31.184162 73.655066
13 152.775652 18.649745 31.325728 74.331381
14 150.828088 19.415359 31.418867 74.705789
15 150.306822 19.743839 31.526041 75.197968
16 150.609244 20.641447 31.940030 76.610320
17 153.973092 25.467650 32.370091 81.507731
18 152.199610 29.502926 33.673991 82.099323
19 148.628957 31.797771 39.573205 80.794368
20 149.176225 34.091129 42.924065 79.141445
21 147.512268 34.290099 44.212809 80.876736
22 146.707325 31.292903 44.692841 81.815812
23 145.167351 31.340950 45.510545 81.343207
24 140.597954 34.367824 46.399230 80.775561
25 132.505933 39.227442 47.813593 79.422774
26 126.796106 44.078956 49.130925 78.437719
27 126.969168 44.135254 49.502233 78.474730
28 127.213214 44.133856 49.988239 78.473465
29 127.478990 44.419271 50.116544 80.335940
30 128.273982 48.303087 50.072956 82.728414
31 129.819904 62.188442 49.826653 85.227773
32 139.166226 65.322489 48.098168 85.348606
33 141.875846 67.702067 47.662840 85.474560
34 144.458880 72.216237 47.243786 86.393539
35 147.642819 83.177503 47.018717 86.821697
36 147.410830 87.630548 47.261555 85.430616
37 147.423463 88.713262 47.545657 85.076200
38 147.655182 93.268683 47.885598 84.673107
39 147.648733 100.360506 47.956913 84.286494
40 147.752024 104.418514 48.014818 83.877336
41 147.360393 112.622337 48.517310 84.113778
42 146.248719 114.096152 49.558067 84.823913
43 143.962826 116.415845 50.862257 84.598138
44 138.172332 119.323751 53.512184 84.364484
45 136.718592 119.346011 55.640526 84.583478
46 135.338891 119.562406 59.657793 85.463786
47 134.747624 119.893787 64.502810 84.818537
48 134.082792 120.243715 67.882000 84.255621
49 132.954816 120.595839 70.380136 83.951366
50 131.333507 120.761628 74.092705 83.384798
51 130.826870 120.541788 75.791392 83.601495
52 129.542087 118.936966 77.680787 84.068905
53 129.134645 113.414868 79.565964 86.748037
54 128.731416 107.468283 81.129471 90.110417
55 128.089152 103.605205 82.235137 90.611207
56 125.290575 99.936131 84.690608 90.938804
57 117.890880 94.988292 87.865577 91.000547
58 121.470140 82.550341 89.358098 90.881183
59 121.526466 82.546752 89.484316 90.916548
60 121.518009 82.460020 89.525406 90.887849
61 126.042193 97.616562 93.962447 92.819933
62 130.347427 99.650562 91.952195 92.404759
63 134.134756 99.035006 89.353637 91.694929
64 135.759210 98.843455 87.573589 91.725498
65 145.609924 91.761159 86.523264 93.001534
66 145.291607 94.277337 85.752319 94.356201
67 144.809104 92.838302 84.378404 94.215809
68 139.383521 94.978344 82.098480 94.698143
69 136.102856 93.392643 80.555663 95.232414
70 132.751774 91.566651 80.200371 95.612620
71 132.607982 91.180048 80.313650 96.053096
72 132.552199 90.458098 80.275768 96.584686
73 132.571852 90.200467 80.429993 97.112238
74 132.547688 89.860378 80.381788 97.742468
75 132.565987 89.838496 80.468459 98.044356
76 132.526801 89.960516 80.464689 98.511817
77 132.536668 90.186910 80.481064 98.966535
78 132.544247 90.190094 80.481207 98.974952
79 132.545856 90.184920 80.481064 98.966535
80 132.541470 90.181094 80.487836 98.971199
81 128.971293 88.410810 80.861337 99.508437
82 123.670810 81.438364 80.919624 100.665731
83 124.042703 78.881542 80.729560 101.416430
84 126.068254 70.213787 80.498767 102.398333
85 126.156865 69.170853 80.442545 102.381198
86 126.177904 69.211692 80.481026 102.465376
87 126.179602 69.210680 80.481064 102.465352
88 126.181282 69.209680 80.481064 102.465352
89 126.273293 68.946267 80.481491 102.494521
90 127.132094 66.381633 80.410531 102.627864
91 129.370430 61.777546 80.093645 102.949624
92 129.572453 61.768517 80.478470 102.966814
93 129.575429 61.766697 80.481064 102.965183
94 129.577109 61.765693 80.481064 102.965183
95 129.578788 61.764688 80.481064 102.965183
96 129.602616 61.757702 80.465910 103.007745
97 129.659079 62.010398 80.457711 103.512531
98 129.747386 62.224715 80.433659 104.042142
99 129.833609 62.410018 80.443370 104.516977
100 130.002039 62.604882 80.391922 105.068067
101 130.337738 62.761974 80.317934 105.607560
102 130.433124 62.906770 80.475441 105.965528
103 130.443269 62.891187 80.478850 105.965604
104 130.446056 62.889436 80.481064 105.964169
105 130.447735 62.888402 80.481064 105.964169
106 130.449415 62.887369 80.481064 105.964169
107 130.451094 62.886335 80.481064 105.964169
108 130.452773 62.885301 80.481064 105.964169
109 130.425552 62.907483 80.450406 105.997149
110 130.365687 62.946872 80.398839 106.027512
111 130.403151 63.165226 80.478946 106.470937
112 130.405890 63.160719 80.481064 106.464000
113 130.407569 63.159680 80.481064 106.464000
114 130.409248 63.158642 80.481064 106.464000
115 130.410928 63.157603 80.481064 106.464000
116 130.412607 63.156565 80.481064 106.464000
117 130.414286 63.155526 80.481064 106.464000
118 130.415966 63.154488 80.481064 106.464000
119 130.417645 63.153449 80.481064 106.464000
120 130.419324 63.152411 80.481064 106.464000
121 130.421004 63.151372 80.481064 106.464000
122 130.422683 63.150334 80.481064 106.464000
123 130.424363 63.149295 80.481064 106.464000
124 130.426042 63.148257 80.481064 106.464000
125 130.388430 62.874802 80.500395 106.325611
126 130.196901 62.202240 81.031710 106.235867
127 128.707872 58.967393 81.544295 106.299894
128 128.982097 58.943444 81.972395 106.471236
129 127.796245 61.700289 81.412247 108.505183
130 127.816730 61.481433 81.356517 110.856499
131 127.261286 59.020693 80.921540 114.279328
132 130.343764 50.793953 75.524341 126.796076
133 132.270671 50.505744 74.287069 127.390958
134 136.342406 51.418593 70.856880 127.847940
135 136.476981 51.490967 70.898478 127.999921
136 136.519271 51.460862 70.974134 127.955817
137 136.525999 51.460596 70.982832 127.957062
138 138.324127 51.938675 70.317630 126.717072
139 138.472457 52.092124 70.361609 126.900218
140 138.755030 52.434106 69.539484 125.962654
141 138.965404 52.893849 69.133214 123.777550
142 137.921722 53.248728 68.811566 122.055180
143 137.849736 53.441196 68.888486 122.313909
144 137.734200 53.428170 68.836505 122.322151
145 137.744347 53.446193 68.878086 122.394694
146 137.657726 53.475697 68.632112 122.009013
147 137.793032 53.797863 68.836659 122.198883
148 137.726299 54.164723 68.649507 121.923305
149 137.403323 54.917205 68.408357 120.966327
150 137.142544 55.746159 67.867876 119.877228
151 137.095096 56.047230 67.676033 119.618397
152 134.124053 58.537070 66.848092 119.438953
153 131.072258 64.722469 65.421496 117.271449
154 130.592239 65.050425 65.242017 117.259818
155 130.586011 65.141577 65.371758 117.378413
156 130.212563 65.081893 65.262865 117.326004
157 129.993141 65.131408 65.329587 117.327825
158 129.503860 65.512496 65.217727 116.963596
159 129.619589 65.596447 65.452598 116.874925
160 129.620187 65.853742 65.422090 116.727661
161 129.652805 65.968995 65.484593 116.960451
162 129.654171 65.967855 65.484593 116.960451
163 129.655538 65.966714 65.484593 116.960451
164 129.656904 65.965573 65.484593 116.960451
165 129.658271 65.964432 65.484593 116.960451
166 129.577395 65.821473 65.504900 116.824412
167 129.574396 65.134127 65.973526 116.475145
168 129.569744 65.062649 65.962839 116.406029
169 129.578965 65.075743 65.982087 116.448054
170 129.579028 64.995701 65.975434 116.394530
171 129.579189 64.468023 65.897939 116.133138
172 129.520615 63.831458 65.739547 116.032278
173 129.545592 62.396101 65.521659 115.923892
174 129.742245 61.683999 65.717476 115.681961
175 129.778691 61.143501 65.590197 115.667352
176 129.897478 60.155711 65.389272 115.301998
177 129.788938 59.111406 65.142903 114.784503
178 129.913839 58.572805 65.343939 114.626077
179 130.076107 54.052982 64.563868 113.669990
180 130.135683 47.321612 63.498627 111.999540
181 129.948706 46.395204 63.375855 111.125593
182 129.912367 46.186008 63.437198 111.072870
183 129.937364 46.379029 63.484991 111.461390
184 129.885189 46.391774 63.602695 111.076214
185 130.158179 46.218831 65.022549 109.775900
186 130.330757 46.619100 65.703060 109.570863
187 130.333562 47.128711 66.268359 109.444018
188 130.157745 47.323070 67.352898 108.124321
189 130.354384 39.931050 68.787229 106.531548
190 126.825809 40.219119 72.003391 104.225350
191 123.521740 44.190638 73.500317 102.867910
192 119.564282 46.382853 74.046161 101.850594
193 110.735143 46.154890 74.493671 100.783555
194 110.731099 46.245058 74.482476 100.965859
195 110.732654 46.244073 74.482476 100.965859
196 110.734208 46.243088 74.482476 100.965859
197 110.735762 46.242103 74.482476 100.965859
198 110.737316 46.241118 74.482476 100.965859
199 110.738870 46.240133 74.482476 100.965859
200 110.739213 46.246026 74.483808 100.962835
201 110.571581 47.342283 74.494561 100.377366
202 110.041985 49.679082 74.505801 99.654342
203 109.983613 51.511890 74.960868 99.205060
204 109.912181 52.097755 75.072438 99.134111
205 110.079560 52.403113 75.458869 99.420619
206 110.021283 52.789263 75.352525 99.521241
207 111.577000 56.974680 72.569873 103.532629
208 111.805576 57.148588 72.855201 104.021820
209 112.099818 57.364303 72.285957 104.871554
210 112.432115 57.161269 71.902874 105.248292
211 112.561435 56.287184 71.064288 105.705059
212 112.712225 54.695744 70.206960 106.104072
213 112.440848 51.624202 69.084774 106.440142
214 112.641916 50.671553 69.028491 106.160865
215 112.715373 49.980224 69.039885 106.254880
216 112.829897 49.182289 68.999497 105.993733
217 112.820920 48.281875 68.497047 105.380473
218 112.907092 48.059480 67.945207 104.943109
219 113.016213 47.626625 67.678974 104.592182
220 113.141114 47.023059 67.537955 104.566772
221 113.368943 46.926809 67.602441 104.713542
222 113.530317 46.105369 67.425197 104.380239
223 113.617063 45.605959 67.260066 104.225963
224 113.848090 44.871634 67.233106 104.093795
225 114.070591 44.414909 67.166149 104.214701
