64 752.920100 263.734658 103.333243 120.511424
65 752.924164 263.871352 103.559426 121.243379
66 748.963116 261.740141 105.886905 123.824723
67 737.212968 257.538808 108.674625 126.913812
68 717.593738 246.201038 111.342891 128.700496
69 714.093641 246.162501 112.848664 131.738182
70 699.583594 243.321045 111.743261 133.296735
71 684.032112 237.925747 112.085401 137.761040
72 683.151040 237.019251 112.688007 137.955036
73 683.031449 236.846757 113.074239 137.993762
74 672.739683 233.900187 115.154626 137.389113
75 667.456661 234.391212 117.188105 137.525813
76 666.741457 234.925876 117.810251 137.810256
77 666.610875 235.199563 118.101106 137.936315
78 666.759072 235.282502 118.529089 137.976186
79 666.852708 235.317262 119.043698 137.972040
80 666.730659 235.533614 119.615525 137.938566
81 666.890115 235.583388 120.016531 137.983957
82 665.720791 235.049064 121.228538 137.724066
83 664.974121 234.925284 122.374140 137.860582
84 664.096667 235.560350 127.119837 137.324987
85 668.643704 237.667085 135.799296 136.570320
86 670.406191 237.995633 137.134360 137.021009
87 670.429117 238.377169 137.886434 137.535353
88 670.475654 238.611453 138.022959 137.997631
89 670.714201 238.612565 138.491454 137.987464
90 670.718501 238.618761 138.491454 137.987464
91 670.743504 238.633537 138.503031 137.987688
92 670.621050 238.929761 139.246901 137.906842
93 670.575675 239.144238 139.611073 137.940573
94 670.502135 239.224166 140.193943 137.954207
95 670.536823 239.324882 140.566044 137.962676
96 668.349108 240.377390 142.236663 137.641233
97 668.327320 240.717979 142.571401 137.962255
98 667.259097 242.002141 143.349087 137.858713
99 667.160717 242.197686 143.562507 137.958879
100 667.379491 242.218174 143.991115 137.987464
101 667.383961 242.224370 143.991115 137.987464
102 667.388431 242.230565 143.991115 137.987464
103 666.459976 243.349965 144.291007 137.980693
104 665.889541 245.103195 144.552366 138.411292
105 665.475964 246.115315 145.102350 138.654789
106 666.949893 246.249590 145.245057 139.292979
107 667.087653 246.362553 145.488379 139.507510
108 666.800632 247.700458 145.443657 140.693521
109 666.758161 248.713352 145.379432 141.670471
110 666.670354 249.067260 145.516186 141.994570
111 666.887324 249.104664 145.991896 141.996513
112 666.791133 248.881052 145.900634 141.977195
113 666.801084 248.590938 145.943630 141.938938
114 667.061509 247.490799 145.993811 141.787449
115 667.059459 247.539554 145.988924 141.962468
116 667.062999 247.548292 145.989522 141.980709
117 667.064784 247.540888 145.989766 141.977818
118 667.069929 247.551904 145.990991 141.987101
119 667.074461 247.558279 145.990991 141.987101
120 667.079516 247.596939 145.994410 142.006710
121 667.082415 247.918913 145.992168 142.539710
122 667.086359 248.148983 145.990991 142.987010
123 667.090891 248.155403 145.990991 142.987010
124 667.095423 248.161822 145.990991 142.987010
125 667.099955 248.168242 145.990991 142.987010
126 667.104488 248.174662 145.990991 142.987010
127 667.109020 248.181082 145.990991 142.987010
128 667.087605 248.137943 145.991416 142.993188
129 667.068770 248.098357 145.988123 142.994552
130 666.767525 247.859301 146.039738 143.028543
131 666.859829 247.959758 146.487677 143.516114
132 666.820940 248.168899 146.475208 144.001998
133 666.660839 248.379707 146.463220 144.522676
134 666.306383 248.802479 146.510639 145.026606
135 666.551091 249.039100 146.990930 145.486783
136 666.555654 249.045632 146.990930 145.486783
137 666.560063 249.052483 146.990874 145.486880
138 666.520305 249.127216 147.004521 145.488663
139 665.325392 249.841092 147.485722 146.550001
140 663.923280 250.896361 147.397601 148.125748
141 663.574360 251.198603 147.456231 148.728441
142 663.378815 251.392344 147.368941 149.334227
143 662.131338 252.617629 146.240686 152.282388
144 661.831391 252.825127 146.057332 153.113853
145 661.755855 253.146027 146.200587 153.946413
146 661.824311 253.230965 146.410423 154.136629
147 661.840304 253.433794 146.471568 154.522249
148 661.759697 253.722529 146.399169 155.133111
149 661.801618 253.900598 146.476654 155.496404
150 661.746794 254.012002 146.413622 155.736028
151 661.524598 254.398218 146.340475 157.834783
152 661.050753 254.670142 146.353783 159.653026
153 661.075430 254.899392 146.470639 160.060707
154 660.988776 255.211689 146.480021 160.674800
155 659.903749 255.784038 146.404492 162.294133
156 659.118602 256.160427 146.550297 163.545852
157 658.540389 256.414747 146.959962 164.837755
158 657.843448 256.637616 147.010528 165.773438
159 657.670304 256.780010 147.566704 166.518243
160 657.555539 257.066478 148.009845 167.174449
161 657.327894 257.329370 148.502797 167.693709
162 656.200339 257.327634 148.603449 169.263377
163 655.751033 257.261545 148.577317 170.577795
164 654.352773 257.345202 148.000437 172.579430
165 654.142280 257.292739 147.900569 173.524960
166 653.507138 257.512911 147.175636 174.742238
167 653.517787 257.633347 147.346413 175.049083
168 653.575316 257.818603 147.447468 175.516402
169 653.578724 258.010820 147.438318 176.021300
170 653.552306 258.025542 147.296068 176.720100
171 653.630936 258.088283 147.412491 177.090494
172 653.661636 258.265435 147.461457 177.506052
173 653.670794 258.490919 147.468055 178.001086
174 653.598603 258.553743 147.349268 178.590708
175 653.569109 258.497983 147.318026 179.107486
176 653.562213 258.507897 147.354979 179.577589
177 653.423139 258.268242 147.180862 180.205367
178 653.185275 257.289284 146.851040 180.748318
179 653.246955 257.383373 146.958742 181.000665
180 653.259355 257.610409 146.968499 181.491873
181 653.265054 257.586059 146.962892 181.492721
182 653.277489 257.568650 146.970833 181.484439
183 652.907923 256.449256 146.448380 181.670097
184 652.834089 256.362307 146.318093 182.027111
185 652.855752 256.419546 146.375648 182.526116
186 652.772563 256.334930 146.301391 183.049442
187 652.637150 256.141917 146.129215 183.569378
188 651.960805 255.086913 145.611437 184.231637
189 651.532476 254.296576 145.242609 184.650220
190 651.404001 254.125602 145.146267 185.048351
191 651.392890 254.040204 145.162509 185.552957
192 651.046241 253.818883 144.724167 186.156967
193 650.955334 253.786012 144.678195 186.551233
194 650.483516 253.738003 144.076043 187.190143
195 650.315488 253.639267 144.003382 187.615210
196 650.188793 253.824741 144.201257 188.067628
197 650.082231 253.948751 144.254347 188.561004
198 649.949538 254.159633 144.286235 189.058291
199 649.805269 254.342075 144.279883 189.570111
200 649.487936 254.453637 144.148595 190.094141
201 649.343874 254.560651 144.218683 190.553385
202 648.762684 254.634102 144.030667 191.095211
203 648.527232 254.731750 144.082097 191.617878
204 648.387907 254.007220 143.960076 192.148508
205 647.976264 253.582120 143.501351 192.619292
206 647.690623 253.065282 143.369865 193.154426
207 647.185057 252.648809 143.020675 193.628751
208 647.278322 252.629263 143.339096 194.048853
209 647.151087 252.517682 143.274837 194.561555
210 647.015713 252.502717 143.233022 195.077697
211 646.953435 252.510272 143.286853 195.571315
212 646.897496 252.220632 143.174319 196.057973
213 646.932435 252.020442 143.224859 196.541180
214 646.728826 251.009809 142.661390 197.173351
215 645.643743 246.978376 140.735847 197.855663
216 644.855775 243.038366 137.911335 198.456878
217 644.390874 235.667611 136.259135 198.453904
218 644.449147 234.691406 135.924776 198.541013
219 644.401417 233.381803 135.475313 198.883256
220 644.232267 232.078390 135.094137 198.926982
221 644.244084 230.529259 135.054317 198.867001
222 643.980867 225.786513 134.442091 198.973563
223 643.898663 225.383380 134.271168 199.002249
224 643.921675 225.271811 134.277851 199.503368
225 643.955871 225.209096 134.322828 199.993286
226 643.918266 224.699491 134.222810 199.976025
227 643.866029 223.030475 133.812009 200.029621
228 643.810846 222.193741 133.569589 200.442378
229 643.944462 221.809898 133.727911 200.540537
230 643.858212 220.741342 133.159011 201.285693
231 643.748733 219.904407 132.908129 201.661015
232 643.600903 219.416633 132.572788 202.092227
233 643.481742 218.792550 132.403991 202.647070
234 642.874383 217.267027 131.797934 203.101047
235 642.448115 214.880513 130.682960 203.667339
236 642.208454 213.364496 129.493128 203.943503
237 641.728885 212.484879 128.515013 203.891344
238 641.529888 212.108328 128.474989 203.833378
