291 369.256143 446.820416 50.495377 104.893648
292 370.239148 457.091559 47.893874 105.766950
293 370.817207 459.451967 46.526889 105.695377
294 371.546493 458.890461 45.376822 105.558163
295 371.371213 460.671195 45.019991 105.426262
296 371.400930 462.842249 45.065605 105.242693
297 371.489498 462.376065 45.127793 105.367076
298 371.066670 460.807582 44.942714 104.021437
299 370.727327 455.122572 44.386293 102.949710
300 370.645349 457.241039 44.196656 99.938617
301 371.587460 462.805893 43.652304 95.840816
302 371.844241 461.651967 43.378401 92.696649
303 371.376399 451.503156 42.486862 91.624915
304 371.348343 447.444419 42.314485 91.330835
305 371.222248 435.968860 41.916984 90.896968
306 371.226101 436.149992 41.926588 90.866591
307 371.227820 436.516212 41.846107 90.706109
308 371.258772 436.203794 41.909894 90.713399
309 371.203030 435.996339 41.855081 90.780184
310 372.518355 437.262987 41.659855 90.276999
311 372.737184 437.318322 41.993906 90.403858
312 372.776089 437.299389 41.996037 90.439391
313 372.989258 436.559360 41.991512 90.392698
314 373.446382 435.653457 41.926542 90.374125
315 373.784145 432.838496 41.854481 90.679597
316 376.367529 423.967070 41.520670 91.146939
317 376.767391 423.800799 41.908572 91.514324
318 377.852483 421.082698 41.542419 92.589143
319 378.082429 421.283093 41.993962 92.990550
320 378.083503 421.273548 41.994058 92.995885
321 378.086438 421.275579 41.995161 92.988905
322 378.088765 421.280687 41.995129 92.989086
323 378.091165 421.286117 41.995161 92.988905
324 378.093548 421.291638 41.995161 92.988905
325 377.771493 419.631503 41.926651 92.769632
326 377.667027 418.344364 41.974063 92.683131
327 377.608604 418.150635 41.990733 92.858940
328 377.474531 416.588754 41.997847 92.477477
329 377.450594 416.197583 41.996115 92.204123
330 377.424573 415.976634 41.997715 92.227001
331 379.139041 407.307374 42.073938 91.699882
332 379.373201 407.410656 42.513712 91.948414
333 379.616802 407.434198 42.995393 91.986177
334 379.619331 407.439899 42.995231 91.987506
335 380.515272 401.257530 43.240094 90.873404
336 380.158201 397.399212 43.576552 90.684187
337 380.062225 395.344147 44.046984 91.014463
338 377.643247 387.947137 44.191302 92.132748
339 377.718928 388.068165 44.543928 92.491452
340 377.799642 387.857605 45.054183 92.554010
341 374.943227 380.206856 45.380261 93.084040
342 374.909805 375.585713 45.160645 93.585678
343 374.451509 371.555749 45.503287 93.713655
344 374.663673 371.639402 46.002479 93.964218
345 374.860186 371.527724 46.497916 93.957611
346 372.180649 368.986024 46.813264 93.554422
347 372.772356 367.452014 46.679240 94.023917
348 372.925802 367.684892 46.995751 94.481399
349 372.921318 367.689290 46.995932 94.482174
350 371.072748 367.366467 47.141743 94.275177
351 369.421943 366.785519 47.618046 94.133297
352 368.908429 366.804965 47.852593 94.320468
353 368.820134 366.615871 47.926076 94.235982
354 368.703427 366.400440 47.937801 94.259563
355 365.352482 363.724437 47.568951 94.923376
356 364.842794 361.696066 47.418059 95.232821
357 364.455308 360.466632 47.167429 95.587469
358 364.615723 360.666425 47.489812 95.976599
359 364.614719 360.670535 47.488222 95.976004
360 364.615437 360.677663 47.491635 95.978146
361 364.619579 360.688562 47.494528 95.988547
362 364.621380 360.693556 47.494227 95.986752
363 364.561284 360.481918 47.410074 96.151822
364 364.494627 360.257423 47.360552 96.779287
365 364.490861 360.196707 47.437994 97.101924
366 364.320764 359.623943 47.360679 97.676273
367 363.806849 358.256874 47.237920 98.282763
368 363.051074 346.572144 46.284224 99.777298
369 363.148751 346.664894 46.476295 99.964852
370 363.150464 346.664558 46.477275 99.965105
371 359.550269 342.826438 45.912688 100.708184
372 359.135792 342.554413 45.833995 100.928727
373 357.277024 339.347477 45.556010 101.008014
374 357.458699 339.710044 45.959755 101.480708
375 357.456927 339.776399 45.972621 101.481003
376 356.492032 340.086963 45.727347 101.907031
377 356.525016 340.379903 45.862984 102.060962
378 355.317971 339.959378 45.815842 102.363270
379 355.201431 339.847499 45.866743 102.417566
380 355.075380 339.699611 45.879130 102.429751
381 353.923084 340.733092 45.897796 103.070576
382 353.314396 337.101071 45.856864 103.172802
383 353.326892 341.701069 45.924139 104.204025
384 352.135525 334.100646 45.546688 105.316880
385 352.553783 335.160774 46.118130 105.150019
386 351.231138 329.613209 46.479980 104.936881
387 352.326764 328.451240 46.359337 104.875000
388 351.414284 326.392283 46.683756 104.171687
389 351.346529 325.924696 46.990800 104.352669
390 352.015112 322.990569 47.137021 103.997754
391 352.282277 322.876408 47.588909 103.855130
392 352.586116 322.818002 48.098774 103.837272
393 352.587465 320.727074 48.672557 103.707289
394 352.524170 320.131017 49.157969 103.619622
395 352.018841 316.264707 49.487544 103.472222
396 351.709536 315.558116 49.603862 103.167906
397 351.058248 313.313163 50.406976 102.762282
398 351.064404 313.021383 50.542278 102.967373
399 351.279702 312.961884 50.997055 102.995884
400 351.275273 312.896380 50.996394 103.032003
401 351.265495 313.005734 50.998196 103.564030
402 351.214395 312.808096 51.001094 104.178815
403 351.454467 312.905420 51.492991 104.517724
404 351.433276 312.995307 51.492441 105.057623
405 351.337081 312.659731 51.490415 105.691189
406 347.657877 303.083677 52.406636 105.839955
407 347.701965 303.161860 52.495644 105.986980
408 347.593298 303.063702 52.563376 105.972301
409 347.467589 302.809947 53.174392 105.963729
410 343.900984 299.471669 53.769417 106.208457
411 344.016229 299.617411 53.993779 106.487294
412 344.019293 299.623733 53.993779 106.487294
413 341.817373 294.727135 53.670299 106.561895
414 341.903078 294.693309 54.027837 107.013383
415 342.080209 294.641022 54.497084 107.535954
416 342.606716 289.313106 54.626757 107.321915
417 342.793290 289.402118 54.993664 107.487175
418 342.816201 289.099018 55.003457 107.227117
419 343.063221 289.234516 55.493201 107.484858
420 343.482054 286.557150 55.448479 106.538844
421 344.650238 285.323286 55.589275 105.949394
422 344.852895 285.346491 55.992654 105.982203
423 344.856520 285.355359 55.993549 105.987354
424 344.859698 285.361652 55.993549 105.987354
425 344.862875 285.367945 55.993549 105.987354
426 342.943371 279.127540 55.023748 106.063186
427 343.181449 279.345916 55.493606 106.487294
428 343.158497 279.243497 55.456146 106.501579
429 343.180196 279.492539 55.493548 106.986893
430 342.613010 277.482664 55.270577 107.328166
431 342.752534 276.327295 55.395275 107.519084
432 342.820021 276.432806 55.433228 108.007869
433 342.805089 276.366723 55.407131 108.497610
434 342.797586 276.051102 55.408282 108.499690
435 342.410860 271.906123 54.770997 109.101306
436 341.004482 271.804834 54.846835 109.396241
437 341.077786 271.857946 54.990658 109.487751
438 341.082077 271.864389 54.993409 109.487651
439 341.085325 271.870532 54.993664 109.486936
440 341.088446 271.877033 54.993664 109.486936
441 343.249369 260.515693 52.531366 111.108593
442 343.537585 260.799723 52.943761 111.538190
443 343.737589 260.728021 53.031679 111.783301
444 344.059303 260.553859 53.499408 111.810970
445 346.184841 260.120543 53.357298 111.821315
446 349.090604 259.520268 53.017014 111.807472
447 349.336370 259.532049 53.491737 111.903053
448 350.207108 258.772302 53.266780 111.923032
449 350.390566 258.723313 53.489347 111.959097
450 350.475132 258.663346 53.489574 111.967369
451 353.860208 254.800619 51.443779 117.074188
452 353.926193 256.202738 50.373582 120.234420
453 354.731866 247.767818 48.146045 135.018175
454 352.775105 248.966925 49.043198 153.535216
455 352.681253 244.046933 49.205481 162.174663
456 352.814990 244.149387 49.461765 162.703362
457 352.827343 244.149811 49.411855 163.409002
458 352.892663 241.089184 48.656026 167.463048
459 353.095230 240.777205 48.789645 167.878297
460 353.234416 240.422837 48.585072 168.685137
461 350.961071 240.052410 48.675376 168.990338
462 350.865692 239.765263 48.748165 169.149534
463 349.947044 239.526961 48.816187 169.894768
464 349.711716 239.593114 48.828606 170.131451
465 349.615404 239.761893 48.888068 170.588406
466 347.862394 236.854117 49.026239 171.732140
467 348.099233 236.987998 49.494297 171.979480
468 348.102041 236.998209 49.494297 171.979480
469 348.101819 236.991688 49.493372 171.987025
470 348.105091 236.998127 49.494297 171.979480
471 348.070285 234.758401 49.401701 172.743647
472 348.024119 233.491533 49.434803 173.499090
473 347.773805 231.596086 49.516676 173.555744
474 347.837237 231.128545 49.984505 173.910285
475 347.901516 230.293269 49.931991 174.053358
476 348.414515 222.998115 49.468811 176.129472
477 348.365715 221.128115 49.538932 177.030270
478 348.635781 220.189610 49.950693 177.609040
479 348.734328 219.059880 49.931190 177.995883
480 348.889912 218.114889 49.924202 177.984374
481 349.351974 214.121854 49.540355 178.841980
482 349.550333 213.749445 49.865286 179.330985
483 349.592279 213.492148 49.912829 179.732674
484 349.606040 213.164703 49.873078 180.337787
485 350.046830 209.783103 49.156778 184.050841
486 350.190676 204.745019 48.629588 187.595293
487 350.849594 202.545709 47.861661 191.285172
488 350.462256 201.960888 47.607026 192.249289
489 350.255472 201.786867 47.677542 192.811071
490 349.993068 200.755064 47.639026 193.490987
491 349.335948 197.972505 47.308763 193.198874
492 349.086140 196.882350 47.202831 193.515067
493 349.093646 196.635078 47.242343 193.763933
494 349.262519 196.856876 47.293538 193.213242
495 351.607558 193.486201 45.224385 188.562085
496 352.465407 193.154142 44.992910 188.366161
497 352.903122 194.577282 44.715321 187.150467
498 353.845721 193.119647 44.905264 186.574808
499 353.895966 193.312591 44.996663 186.946642
500 353.899596 193.322007 44.997060 186.951011
501 354.777646 193.074038 45.536189 184.290114
502 355.077250 193.031541 46.347324 182.853266
503 356.427762 192.575303 46.852667 181.129312
504 356.268034 193.612389 47.438314 180.251860
505 356.217605 194.226046 47.683563 179.808598
506 355.976121 193.133875 48.443282 178.552491
507 356.004438 193.357579 48.494413 178.978644
508 355.834705 192.317303 48.676440 177.644009
509 355.744105 191.870604 49.078105 177.269073
510 355.710023 191.514258 49.474180 177.033811
511 354.642439 187.625825 49.466426 176.153332
512 354.655543 187.781780 49.482397 176.465519
513 354.057038 186.232534 49.352309 176.554385
514 353.638306 185.972092 49.375773 176.826971
515 353.696815 186.035970 49.477489 176.963691
516 353.149635 184.440747 49.237636 176.428661
517 352.606948 184.262040 49.406422 176.238173
518 353.046005 183.765570 48.631788 174.784320
519 353.443249 183.686272 48.353983 174.475205
520 352.685557 179.518895 47.810904 173.537898
521 352.912596 179.943846 47.864731 173.481755
522 353.136911 180.073624 47.864413 173.069913
523 353.545801 177.897891 47.764533 170.485579
524 353.961488 177.755378 47.746092 169.368050
525 354.122694 177.836831 47.897765 169.070154
526 354.245648 177.911007 47.990785 169.302596
527 354.317533 177.883890 47.987137 169.321355
528 356.196232 176.089499 48.280504 167.066716
529 356.305938 176.306093 48.494413 167.480016
530 356.308690 176.316037 48.494413 167.480016
531 356.400371 176.232261 48.528226 167.329445
532 356.648441 176.297619 48.998664 167.445960
533 356.843826 175.379854 48.948618 167.395929
534 356.964290 175.165770 48.970761 167.454482
535 357.455923 167.438993 48.624648 166.922938
536 357.643594 167.442446 48.966027 166.979224
537 357.659826 167.427909 48.973305 166.975712
538 357.672091 167.419874 48.976782 166.974231
539 357.682483 167.414826 48.978455 166.973626
540 355.967258 158.322395 48.463123 165.179657
541 356.009834 158.570795 48.451344 165.316377
542 356.057011 158.745437 48.453742 165.327346
543 356.079895 158.827289 48.490171 165.478842
544 356.084529 158.832636 48.489447 165.478606
545 356.089553 158.838717 48.490044 165.478811
546 356.805267 157.106731 47.163837 164.303775
547 357.370175 157.116693 46.056198 164.109621
548 357.584440 156.968575 46.099836 164.202674
549 357.716601 156.573847 45.718928 164.165729
550 357.910346 156.331715 45.483991 164.221617
551 357.807239 149.977910 45.227339 163.264598
552 357.943530 150.095565 45.494758 163.480494
553 357.946112 150.105271 45.494758 163.480494
554 357.948694 150.114977 45.494758 163.480494
555 358.617368 150.097085 45.535924 162.804852
556 359.640212 150.123254 45.968228 162.333334
557 359.701643 150.203224 45.979399 162.435501
558 359.711904 150.235427 45.994701 162.480613
559 359.714514 150.245074 45.994701 162.480613
560 359.717125 150.254721 45.994701 162.480613
561 359.068346 142.379482 45.731114 161.469994
562 359.202749 142.394439 45.994701 161.480732
563 357.393429 142.230417 45.323908 161.117172
564 357.481214 142.416756 45.490128 161.479138
565 357.321149 142.302093 45.167219 161.101708
566 356.957799 140.734871 44.708722 160.459998
567 357.110095 140.780679 44.738933 160.134206
568 355.435600 140.062315 44.117871 159.152097
569 355.627000 140.241074 44.414321 159.307716
570 355.671229 140.342296 44.419492 159.319733
571 352.947485 138.124129 42.824349 159.782698
572 353.164309 138.499496 42.774571 159.456306
573 353.242544 138.104467 42.062598 158.445855
574 353.338016 138.023726 41.345067 157.331047
575 353.103258 136.872071 39.979605 155.781640
576 353.107331 137.011415 39.640249 155.435398
577 353.233579 136.978288 39.531155 154.766630
578 353.352531 136.968971 40.134300 154.481745
579 353.492858 136.954893 40.526992 154.369204
580 352.167768 134.043630 42.988499 151.925614
581 352.162354 134.091267 43.007383 151.943024
582 352.383035 134.146036 43.523964 151.896442
583 352.595832 134.210861 44.017999 151.902805
584 352.811603 134.252914 44.513313 151.920903
585 348.694932 127.932589 45.658553 152.562736
586 348.865186 128.151885 45.994367 152.981608
587 348.867963 128.161037 45.994701 152.981746
588 344.277224 121.590350 44.345581 154.725229
589 344.354395 121.727691 44.494873 154.981508
590 344.356920 121.736893 44.494873 154.981508
591 342.148906 116.813416 43.326985 156.054707
592 342.240508 117.056450 43.485974 156.443076
593 341.961218 117.301571 43.335110 155.822368
594 341.839192 117.531677 43.380528 155.505478
595 338.335165 116.672185 43.476574 155.020477
596 338.138502 117.241290 43.689314 154.783336
597 337.947804 118.094536 44.201240 153.585404
598 338.059183 118.334262 44.527023 153.855146
599 338.125475 118.332213 45.079001 153.731529
600 332.774033 111.809094 45.320515 154.694778
601 332.877897 111.996494 45.461110 154.907842
602 332.909128 112.072772 45.466931 154.918300
603 332.118997 109.571681 44.185282 152.615782
604 331.852389 109.314650 43.418512 152.322727
605 331.954294 109.356435 43.465140 152.229905
606 332.496030 108.383207 43.479979 151.430018
607 332.674506 108.373452 43.518050 151.165135
608 332.919430 108.528019 43.994935 151.475344
609 332.925554 108.526238 43.995846 151.474925
610 332.830431 107.596986 44.624016 150.875521
611 333.018159 107.652616 44.998899 150.980963
612 333.018579 107.658477 44.997148 150.981596
613 333.019685 107.662235 44.999440 150.983641
614 333.019044 107.662494 45.002564 150.986248
615 330.928236 101.138097 45.899857 151.232057
616 330.952745 101.248518 46.018877 151.479888
617 331.022065 101.133503 46.627348 151.457371
618 324.289123 93.244144 48.091879 152.976675
619 324.584356 93.267975 48.395674 152.921689
620 324.741581 93.319825 48.388453 152.925074
621 324.786566 93.294364 48.460470 153.004472
622 324.793567 93.411402 48.437935 153.538295
623 324.809371 93.612558 48.482260 153.954618
624 324.799506 93.599656 48.478883 153.949897
625 324.797155 93.598867 48.484820 153.959179
626 322.827747 92.509882 49.383864 153.301579
627 322.656432 92.075116 49.535783 153.610106
628 323.003289 91.854954 50.055492 153.906645
629 323.216186 91.693222 50.475347 154.075673
630 321.982481 87.163176 51.634328 152.408456
631 320.963805 87.113855 53.116325 148.975513
632 320.947523 87.044663 53.710563 148.759116
633 320.062304 87.423331 55.458996 147.965495
634 320.070862 87.427570 55.507021 147.971150
635 319.864137 87.298939 56.478048 147.110999
636 319.843826 87.479703 56.519735 147.426044
637 319.926569 87.329236 57.146126 147.074349
638 318.973489 85.303417 58.206576 146.118214
639 318.905290 85.324893 58.650814 146.247259
640 318.684783 85.070378 59.228196 146.285372
641 317.659053 83.735508 60.178676 145.749230
642 317.792501 83.832663 60.515304 145.975933
643 318.007260 83.816752 61.015524 145.976065
644 318.212290 83.786043 61.511132 145.963311
645 316.317921 78.811737 62.049564 147.710443
646 316.539413 78.951463 62.493211 147.983952
647 316.541950 78.958626 62.493181 147.982371
648 316.460717 78.700678 62.484160 148.103148
649 316.217893 78.227731 62.493205 148.723159
650 316.210442 78.318591 62.491024 149.012277
651 316.214877 78.562410 62.492800 149.482164
652 316.216915 78.570016 62.493801 149.481907
653 316.219961 78.579020 62.492800 149.482164
654 316.223507 78.587895 62.492800 149.482164
655 316.227054 78.596770 62.492800 149.482164
656 316.135191 78.556807 62.589478 149.398922
657 315.966535 78.309508 63.296616 149.179650
658 315.167594 77.203146 64.240419 149.174097
659 314.464435 76.297339 65.108504 149.267953
660 313.899782 75.958158 66.297281 149.145411
661 313.627900 75.919054 66.856937 149.249112
662 313.241002 75.685139 67.364534 149.307411
663 310.652750 70.304798 69.226928 149.344409
664 309.864237 69.996246 70.216080 148.891322
665 309.584263 69.919720 70.821365 148.625097
666 308.581932 69.659536 71.677549 148.352078
667 307.839058 68.887208 72.419932 148.228563
668 307.769389 68.925697 72.566179 148.429211
669 307.726408 68.678275 73.112364 148.411685
670 307.319445 68.157982 73.718567 148.369277
671 307.453080 68.218358 73.996143 148.481235
672 307.443794 68.214959 73.998363 148.481993
673 307.435071 68.214361 73.997466 148.481674
674 307.428494 68.217059 73.996546 148.481384
675 307.424339 68.222224 73.995346 148.481426
676 307.412121 68.197069 73.996951 148.490327
677 307.403430 68.185017 73.996870 148.483820
678 307.401103 68.190367 73.994019 148.481710
679 307.382859 68.151474 73.994072 148.494448
680 306.968743 67.401253 74.087573 148.550148
681 306.884545 66.988851 74.539688 149.119611
682 306.822222 66.617624 75.021504 149.562412
683 306.106761 66.190520 75.998336 149.498212
684 305.797552 66.045511 76.166568 149.251358
685 305.063206 65.372100 76.927774 149.132957
686 304.674667 65.229732 77.225017 149.292562
687 304.570673 65.193643 77.640465 149.338135
688 304.740596 65.267953 77.997519 149.480774
689 304.727833 65.268142 78.000286 149.480196
690 304.975751 65.276746 78.492199 149.481907
691 304.959004 65.271984 78.504642 149.479263
692 305.182310 65.264852 79.002275 149.472191
693 305.372210 65.176759 79.492737 149.486227
694 305.305597 65.061046 79.492957 149.485999
695 305.259140 64.958292 79.488203 149.502210
696 305.133666 64.870295 79.480595 150.043366
697 305.112868 65.052425 79.495307 150.476777
698 305.080767 65.003424 79.493575 150.480495
699 305.051901 64.957990 79.494101 150.479447
700 305.023951 64.915743 79.494355 150.478952
701 305.026705 64.926224 79.490841 150.482045
702 305.027778 64.932611 79.489678 150.475579
703 305.032871 64.944779 79.490841 150.482045
704 305.037382 64.953713 79.490841 150.482045
705 305.041894 64.962648 79.490841 150.482045
706 305.046405 64.971582 79.490841 150.482045
707 305.050916 64.980517 79.490841 150.482045
708 305.055427 64.989452 79.490841 150.482045
709 305.059938 64.998386 79.490841 150.482045
710 305.052565 64.999420 79.498745 150.480387
711 305.029272 64.988824 79.505785 150.480401
712 305.245461 64.960237 80.006573 150.489917
713 305.455981 64.915883 80.503988 150.490793
714 305.651227 64.821172 80.995288 150.503696
715 305.573813 64.918990 80.997246 150.999849
716 304.675008 63.347095 81.243284 151.343178
717 304.188407 62.468915 81.634685 151.706327
718 303.341243 61.121765 82.287026 152.333521
719 302.755611 60.251938 82.666872 152.742979
720 302.056326 59.068917 83.220712 153.400485
721 301.574304 57.935420 83.605341 153.888802
722 301.714745 57.865852 83.993764 154.022713
723 301.654141 57.954597 83.993307 154.526971
724 301.575520 57.992516 83.997669 155.041641
725 301.514445 58.083550 84.007102 155.520724
726 301.588594 57.963372 84.530292 156.058996
727 301.374781 57.453975 85.042489 156.627019
728 301.583910 57.622273 85.501158 156.983859
729 301.767337 57.481874 85.987800 157.013146
730 301.743259 57.677056 85.994681 157.486452
731 301.718340 57.650920 85.997708 157.477665
732 301.691425 57.627166 85.997314 157.478386
733 301.630231 57.489204 85.984384 157.515749
734 301.594476 57.631556 85.992639 158.005990
735 301.566748 57.807903 85.993590 158.497650
736 301.539623 57.747973 85.993906 158.489759
737 301.483455 57.614693 85.987575 158.509825
738 301.487433 57.858173 85.989367 158.977058
739 301.489026 57.867014 85.989535 158.975458
740 301.491950 57.877624 85.989342 158.976929
741 301.469221 57.836459 85.993053 158.978187
742 301.439400 57.783353 85.994009 158.981205
743 301.414461 57.762250 85.996596 158.964556
744 301.385099 57.741851 85.996945 158.966155
745 301.332463 57.670803 85.995506 158.970196
746 301.275999 57.588947 85.995182 158.970280
747 301.224323 57.517815 85.995682 158.969158
748 301.182755 57.473341 85.998044 158.964988
749 301.163635 57.477193 85.995034 158.964085
750 301.155296 57.487689 85.991286 158.969461
