2 337.810470 523.971361 88.944159 129.928242
3 337.234537 523.297691 88.851249 130.001339
4 336.682609 523.406780 88.904204 130.329242
5 336.020749 523.563098 88.947554 130.265254
6 335.239812 523.664815 88.908006 130.344643
7 332.175864 524.063754 89.071017 130.009929
8 315.075960 526.137399 90.863092 128.572038
9 315.122952 526.375683 90.976959 128.975881
10 314.332833 527.040521 90.941147 128.682979
11 314.015643 527.448862 90.860477 128.840087
12 311.657811 528.156130 90.826935 128.488983
13 298.591230 532.024974 91.773880 126.579061
14 297.882755 532.696219 91.576374 126.676982
15 290.727516 536.631317 91.944414 125.143470
16 290.726882 536.872675 91.943514 125.454298
17 290.727295 536.983525 91.882642 125.442054
18 290.640425 537.299416 91.751008 125.322260
19 281.848381 543.301271 92.196897 122.572789
20 273.163836 547.578797 92.352187 120.029205
21 273.178621 547.177268 92.313584 120.621060
22 273.158931 547.323863 92.402752 120.955175
23 273.207635 547.346368 92.494248 120.988853
24 273.999619 547.279866 92.250449 121.003993
25 279.112311 548.128408 91.129106 120.980618
26 281.093912 546.588748 91.407124 121.334627
27 281.135512 546.671267 91.491217 121.487156
28 277.381842 546.726702 92.179625 120.749744
29 275.059103 546.589665 93.052027 120.548080
30 272.390542 547.215104 94.048859 120.471175
31 269.520284 547.856812 94.864819 120.082372
32 268.605359 548.220185 95.113172 120.331065
33 267.106879 548.926202 95.668887 120.132579
34 267.272518 549.110005 95.994031 120.488899
35 267.362876 549.175468 95.993056 120.457084
36 268.047574 552.823942 95.810239 120.308955
37 268.573297 553.511458 95.939104 120.350245
38 268.962627 554.407417 95.988158 120.221859
39 269.566159 556.126187 95.959415 120.286971
40 270.378277 559.351294 95.765456 120.241573
41 270.506669 559.639008 95.966615 120.428561
42 271.436915 560.206946 95.080522 120.480533
43 272.552923 560.512771 94.757686 120.430320
44 272.706805 560.555701 94.947009 120.474327
45 272.360358 560.820052 94.858629 120.353934
46 269.845120 562.073193 94.612372 120.117973
47 269.923461 562.347240 94.900971 120.448109
48 269.810133 562.537271 94.886280 120.406658
49 269.654044 562.756048 94.870792 120.403371
50 265.100737 564.384143 94.661354 119.773737
51 265.115004 564.546541 94.885116 119.972328
52 260.901924 564.864143 94.401231 119.801130
53 256.402831 564.838695 93.549562 119.913019
54 252.663814 564.338093 92.837757 120.064631
55 248.850053 561.607137 92.050373 121.472066
56 247.486606 560.743795 91.625530 121.690087
57 242.525895 558.011517 90.707044 123.112400
58 241.419024 555.815998 90.348354 123.836082
59 240.692222 554.959433 89.828596 124.197570
60 240.087557 554.021723 89.360712 124.742648
61 239.499776 553.557536 89.048141 125.023484
62 239.131822 553.169435 88.892007 125.578664
63 238.022647 552.550275 87.517394 125.976058
64 238.276744 551.553532 85.607031 126.493407
65 238.473303 551.556925 85.994653 126.488346
66 238.908389 551.494114 85.266818 126.432424
67 240.787918 551.218751 84.155456 126.647048
68 242.302329 551.001586 83.788612 127.152837
69 245.565481 549.989412 81.275737 129.362241
70 255.106576 559.804316 75.407763 137.294032
71 255.217382 560.078904 75.239042 137.596741
72 248.592811 557.748551 73.517666 143.226754
73 247.938361 545.807757 72.769357 150.972572
74 248.235588 542.586762 71.898104 155.205099
75 249.626504 539.933414 71.235908 158.404369
76 250.253951 538.835570 71.087645 159.902899
77 254.876814 537.545314 70.503774 162.110138
78 255.725566 532.126699 70.007640 166.670973
79 255.620385 528.429803 69.673710 169.239963
80 271.799036 529.029214 70.635715 168.255215
81 282.190130 530.823749 72.641156 161.062377
82 280.967521 535.465369 73.921742 157.303615
83 278.145905 541.561901 75.859965 152.736034
84 273.549379 540.965221 81.357771 148.865265
85 271.584945 536.989794 83.331740 154.131673
86 261.948966 517.222157 84.859263 166.366180
87 256.519912 507.623890 84.683970 177.234780
88 252.397517 498.080261 84.354878 185.952806
89 237.138690 482.268121 86.376522 190.248094
90 238.715287 450.593136 86.858068 188.848929
91 238.839681 450.028731 86.930310 188.795080
92 238.629782 449.770531 86.897292 188.675425
93 238.596125 449.623006 86.955279 188.894025
94 238.583389 449.462385 86.980436 188.903786
95 238.577237 450.190762 87.051620 189.029659
96 238.751197 450.469477 87.517303 189.438257
97 237.956222 453.264580 88.166038 189.349721
98 237.606991 452.576615 88.572394 189.101934
99 235.235584 453.861141 89.564593 188.707709
100 227.482530 458.765840 90.680659 188.348606
101 221.394603 474.886946 91.726836 191.297939
102 219.898512 484.460696 91.981610 191.526874
103 217.277571 493.020501 92.205987 192.071759
104 216.808056 493.908341 92.491492 192.617061
105 212.113854 496.448074 92.909617 193.713524
106 207.395405 494.429631 93.769924 195.367476
107 207.501393 494.501226 93.990744 195.482940
108 207.506102 494.509905 93.994155 195.481990
109 207.459450 494.528773 93.997526 195.482903
110 207.460768 494.537470 93.994155 195.481990
111 207.463771 494.546625 93.994155 195.481990
112 207.337443 494.776854 93.994352 195.462963
113 202.562863 496.881151 94.152931 195.979625
114 202.725051 496.908031 94.498089 195.982336
115 202.690516 497.024230 94.491700 196.015440
116 202.686727 497.287086 94.493926 196.479686
117 202.508577 498.041968 94.467975 196.452279
118 201.982131 500.012836 94.397950 196.203866
119 201.974865 501.503678 94.390276 196.305369
120 202.029808 501.601143 94.494124 196.481897
121 202.032827 501.610344 94.494124 196.481897
122 202.035846 501.619545 94.494124 196.481897
123 202.038685 501.631305 94.493709 196.482788
124 201.967236 503.032542 94.391790 196.233418
125 201.926077 503.547683 94.486892 196.470532
126 200.542455 505.395647 94.460134 196.226325
127 198.019567 507.053407 94.438875 196.022091
128 196.369156 508.195887 94.479141 196.199275
129 192.568578 509.074437 94.738454 196.235339
130 186.892092 510.009276 95.441240 196.387543
131 183.168056 511.076474 95.662639 196.035255
132 180.481281 511.383974 96.050739 196.495559
133 180.705994 511.386345 96.494000 196.481897
134 180.709077 511.395546 96.494000 196.481897
135 180.712160 511.404747 96.494000 196.481897
136 180.715243 511.413948 96.494000 196.481897
137 180.924679 511.046032 96.432565 196.564727
138 197.238718 505.522563 97.169354 192.525465
139 222.464643 511.836212 100.994087 176.896003
140 259.578889 507.174199 101.953791 168.146008
141 283.174864 500.872908 102.967767 161.801867
142 314.554697 493.155743 103.942522 159.162286
143 330.797844 479.210353 102.674793 159.029657
144 352.490770 472.292547 101.433944 159.633341
145 367.826338 458.556962 99.379075 165.422684
146 375.504190 462.128659 94.351967 174.674515
147 384.518507 450.859481 91.917985 178.202293
148 393.977473 448.070516 89.882714 180.580979
149 404.347974 445.090109 88.197671 182.949609
150 407.704864 441.946466 86.595658 185.826460
151 414.464103 442.067879 83.470860 190.110737
152 416.433219 441.824502 81.188440 193.193340
153 423.345835 441.325506 79.597958 194.423815
154 430.749237 440.061202 78.790073 194.303288
155 434.685268 439.108582 77.145220 196.127217
156 436.433843 436.970801 77.098304 196.680388
157 437.349150 436.341753 77.050137 197.240864
158 437.711414 436.040883 77.285876 197.567674
159 438.082570 435.996568 77.347095 197.823588
160 440.093566 433.881497 77.073592 197.782112
161 440.525679 433.251521 77.323212 197.986971
162 440.700093 432.521486 77.368282 197.954483
163 435.696072 434.065863 76.694631 197.877177
164 435.792462 433.838794 76.875179 198.020988
165 435.854036 433.667651 76.876824 198.523445
166 435.985459 433.278891 76.856769 198.981193
167 436.110904 432.529853 76.780006 199.105101
168 436.268490 431.410242 76.716699 199.762233
169 436.448839 430.658325 76.792692 200.100403
170 436.653144 428.948072 76.703188 200.736070
171 436.830340 428.744803 76.848923 201.034245
172 436.918821 428.751242 76.932159 201.516632
173 436.947693 428.878015 76.948770 201.997939
174 436.969662 428.734256 76.845141 201.999326
175 437.058844 428.635613 76.850766 201.976093
176 436.852948 428.693656 76.651546 201.966451
177 434.678676 428.052490 76.330222 202.323687
178 434.425428 429.205737 76.305849 202.653955
179 434.475184 429.624791 76.474181 202.998655
180 434.497691 429.475949 76.506971 203.188543
181 434.301960 430.752089 76.852976 204.282511
182 434.338894 430.610683 76.959267 204.668903
183 434.004191 430.764482 76.945667 205.187624
184 433.417682 431.714683 76.957097 205.695882
185 433.262204 432.281227 76.949412 206.078111
186 432.203092 436.024148 76.888096 206.242933
187 431.868135 437.250656 76.744824 206.378974
188 431.156414 437.620641 76.435396 206.686880
189 431.194801 437.147481 76.336090 207.183770
190 426.467505 439.013810 76.026624 207.270639
191 416.240377 444.641090 76.669771 205.663338
192 404.400265 446.546581 76.863696 205.100276
193 388.395898 446.899748 81.121164 202.914719
194 385.058274 446.683406 83.696750 210.930607
195 361.464976 439.208476 89.651769 213.068153
196 342.229299 363.343070 93.788710 220.131179
197 340.782788 316.557613 92.029666 227.796244
198 348.362893 309.907788 101.842829 250.607176
199 349.774663 308.202771 106.558350 250.675483
200 338.219489 292.174393 112.485620 251.181229
201 337.522733 291.768802 113.440045 252.751257
202 337.386067 291.373867 113.922983 253.456501
203 337.798770 291.807340 114.118498 254.241382
204 366.971776 332.221613 112.870047 261.192161
205 377.316799 325.828306 113.874784 269.338571
206 393.748452 308.059018 110.870348 294.464802
207 393.664653 307.066978 111.034023 295.353763
208 398.745578 311.134679 114.513823 298.447966
209 403.857201 303.776182 121.220062 299.743859
210 412.938696 308.865009 123.368688 280.404797
211 426.152869 298.012518 124.732131 274.104649
212 428.003918 297.687647 124.471903 275.341791
213 426.211743 293.812529 124.265402 281.383423
214 423.473966 291.423811 123.497304 317.769123
215 422.275972 277.240325 119.179627 366.882504
216 427.358900 279.221439 118.245090 365.383042
217 426.679687 279.117521 117.985113 364.499959
218 425.323634 263.438694 116.071417 362.683628
219 426.018830 263.544762 116.592710 356.680883
220 442.187638 260.280110 116.887416 352.339062
221 468.856427 262.312450 115.888999 350.363269
222 489.692222 260.122921 117.436968 357.917276
223 502.324305 267.397288 113.414277 367.595497
224 520.682184 292.609547 110.672296 367.735909
225 526.275935 270.796889 111.546073 369.447590
226 528.609767 237.107879 118.208730 372.716320
227 532.114772 208.527545 123.310254 371.211989
228 541.575307 172.186536 125.249380 389.758920
229 534.700846 189.649120 130.294471 388.149038
230 529.071212 184.778469 135.137971 383.522114
231 540.670411 200.525676 138.933348 376.680945
232 594.608059 219.495331 142.156258 364.191270
233 601.051644 231.790924 142.895839 340.541241
234 615.529571 241.734994 142.659293 329.383523
235 623.853021 249.357105 139.115701 327.219874
236 629.179815 270.655164 134.659994 330.166722
237 645.075824 297.506239 135.716974 322.715233
238 639.709769 305.489468 130.769704 325.853391
239 643.245750 309.225289 123.874916 327.928515
240 653.192735 315.469276 117.794891 323.873067
241 643.378133 312.383017 124.146854 309.726278
242 625.193498 309.049076 129.283713 300.795101
243 606.568222 296.181605 132.147845 298.722283
244 589.724995 292.808687 137.040175 292.207589
245 564.294150 296.679429 147.456839 279.292706
246 560.161455 292.868227 146.863102 272.291902
247 560.075919 291.624961 146.575378 271.979377
248 579.897436 288.946818 144.185403 269.507548
249 580.396810 288.574574 144.574636 271.209620
250 601.715551 288.919924 144.097166 274.600222
251 597.951285 291.521240 141.852638 282.731792
252 595.821032 300.868587 137.179324 292.207278
253 591.151634 313.767888 134.534661 292.996224
254 596.333977 333.201869 131.240185 287.227899
255 595.057363 335.586892 130.170943 286.446540
256 595.554869 335.885715 129.606790 286.106019
257 596.222528 336.490143 128.559417 286.314724
258 598.760997 337.334826 126.296892 286.215037
259 601.489217 356.895545 121.213636 284.802764
260 607.062986 368.855691 116.886608 288.125070
261 611.294817 367.662405 116.961957 285.094255
262 612.769477 384.386674 119.386359 269.587735
263 612.058122 400.810842 123.552756 251.881519
264 591.714710 425.638408 136.080006 228.971032
265 592.995285 443.471699 142.413315 206.739439
266 591.515959 434.254006 162.138440 199.498684
267 589.462049 433.671390 164.494808 199.166325
268 601.077942 429.960921 163.662029 200.943602
269 603.334097 429.491123 162.447587 203.009250
270 613.446956 425.998211 158.987759 206.803234
271 623.719842 443.379485 158.533111 187.762783
272 640.892193 442.953749 158.730212 187.730006
273 658.338370 446.629569 158.385828 185.983077
274 664.203466 448.481585 156.608477 184.220587
275 669.213800 446.198860 152.577428 184.347238
276 673.926287 418.435047 145.445193 190.484783
277 674.969570 417.387215 142.932427 190.470714
278 674.837449 417.787291 142.328112 190.200536
279 672.893455 431.303794 139.369556 175.538886
280 668.003281 430.275618 137.579031 161.465535
281 664.676102 435.751379 138.900126 155.309207
282 658.862056 446.144355 139.229980 151.093819
283 664.574081 455.830218 137.291550 153.874448
284 672.855757 445.242026 129.700309 181.861354
285 672.900835 430.334086 119.556810 194.070837
286 667.626279 428.706440 113.970497 195.490478
287 671.366875 418.547159 107.390322 202.104615
288 676.155954 419.012611 105.679481 199.326861
289 649.656070 436.472678 106.881862 178.721588
290 654.730729 440.092068 116.168327 157.629034
291 651.788724 441.790188 118.359265 155.721981
292 648.536427 437.368465 118.922342 155.030534
293 636.210664 428.120692 127.083285 153.357303
294 636.087911 428.552011 127.875821 152.889953
295 633.194415 428.188463 129.450543 150.933628
296 631.724333 416.300707 129.786133 150.028363
297 706.595003 408.484627 131.642530 148.368545
298 696.320385 408.976859 129.511757 147.628339
299 696.461990 408.970649 129.855479 147.927946
300 696.726918 406.503674 128.873706 136.867720
301 697.395638 406.486895 128.536593 137.170692
302 707.357991 398.595321 122.315904 146.020887
303 721.145440 400.157222 116.257106 146.912392
304 723.817902 389.020948 108.623049 156.113227
305 723.820229 388.386467 104.653991 157.933390
306 726.647157 380.487021 99.311470 161.558163
307 725.213541 380.463675 98.281500 161.710947
308 722.941185 379.534251 97.186823 153.098347
309 720.026258 385.201258 97.890334 145.864379
310 716.544155 391.110678 97.588743 139.209299
311 721.080256 391.303110 94.933547 139.745614
312 731.368939 393.534717 90.328255 138.229692
313 741.096104 397.132873 86.773379 135.119696
314 741.516083 399.694155 85.839275 133.676064
315 741.844515 399.809798 85.876964 134.056318
316 741.897167 404.495548 85.379254 128.873972
317 741.997825 403.651980 83.574245 127.563898
318 743.199868 402.610106 81.914099 126.307190
319 743.426337 402.737299 81.584137 126.993200
320 757.999451 401.399641 78.593399 130.813291
321 767.654373 395.495280 74.434542 134.926704
322 768.089107 373.563628 69.250823 156.657120
323 771.234320 359.359971 66.309810 174.068803
324 773.766569 354.970086 63.921243 174.399401
325 776.169712 350.517280 63.284711 171.127843
326 775.122570 348.556280 63.293127 170.201511
327 775.279885 351.112156 63.755514 167.926750
328 775.610560 352.509755 64.346463 166.518399
329 776.345848 351.236110 65.379219 165.621884
330 776.382774 351.178814 65.493894 166.015617
