2 606.994935 265.807941 76.913320 67.451251
3 607.051853 266.067692 76.892237 66.878694
4 607.108801 266.737532 76.838598 66.315921
5 607.517831 267.259906 76.551468 66.065156
6 610.286805 269.214162 75.488134 65.377890
7 610.435429 269.410633 75.277430 65.296046
8 612.631241 271.371351 74.279739 64.486538
9 616.083252 271.638238 73.080201 64.049545
10 621.806020 274.286377 74.131238 63.051131
11 625.518766 274.721076 72.839484 63.265518
12 625.594450 274.837123 72.956670 63.454575
13 625.625573 274.861904 72.943439 63.447142
14 629.376549 275.807306 71.888573 63.152650
15 636.487473 275.968763 72.843108 62.837004
16 637.601093 276.443566 72.745893 62.833616
17 638.105150 276.588984 72.713493 62.905510
18 641.716885 278.183439 72.198788 62.480815
19 642.950649 278.923468 72.127843 62.193894
20 643.956347 279.407247 72.106658 62.345788
21 649.543066 281.826803 72.294062 61.938530
22 649.622776 281.893872 72.466245 61.930312
23 649.721745 282.003995 72.385861 61.935163
24 657.151654 283.976929 74.260571 60.847221
25 660.802615 284.017055 72.639898 61.084908
26 666.510443 285.157187 72.211650 61.329279
27 666.650076 285.241392 72.456966 61.456006
28 668.591321 285.151149 71.756042 61.444370
29 674.227355 284.386346 71.644555 61.409809
30 675.654498 284.268066 71.574966 61.490466
31 675.883123 284.271686 71.942054 61.451287
32 679.153015 283.758193 70.937320 61.609639
33 679.212925 283.943886 70.948861 61.951826
34 682.130200 283.064143 70.709402 61.954197
35 687.510257 281.359915 71.776918 62.139086
36 687.566815 281.536554 71.988900 62.462476
37 689.723364 281.178666 71.154863 62.706545
38 693.213026 280.105084 71.186698 63.291636
39 694.089150 279.785821 71.190138 63.410171
40 699.682999 278.399022 71.621886 63.146769
41 699.822974 278.570094 71.987194 63.467465
42 701.136912 278.849784 71.575842 63.371853
43 707.915358 279.641311 75.604377 62.897581
44 713.254046 279.307419 74.031851 63.318633
45 714.406006 279.476929 73.679295 63.438270
46 714.678572 279.530530 73.818006 63.434606
47 716.323894 279.602645 72.834329 63.496173
48 722.728743 276.547698 73.204528 63.748789
49 724.055050 276.488535 72.997089 63.943954
50 731.806574 276.679400 75.247569 63.191095
51 731.928059 276.832660 75.455186 63.454575
52 735.784450 274.217788 74.027702 64.409195
53 742.354449 269.795494 74.539379 64.700332
54 744.502174 269.673841 74.429376 64.792703
55 751.707824 266.297797 74.295373 65.094942
56 751.773963 266.497980 74.477495 65.452648
57 753.176801 266.149592 73.713757 65.411030
58 758.191420 265.348754 73.557045 64.343098
59 762.525418 265.896630 72.969940 64.177231
60 766.876331 267.889144 74.028188 63.812484
61 767.095345 267.971772 74.468429 63.973221
62 772.637503 267.768173 73.299884 63.825729
63 776.122413 266.621989 72.163837 64.193195
64 777.316708 266.541738 72.039280 64.480821
65 780.824266 266.507882 71.847699 64.293289
66 780.899033 266.610773 71.954314 64.452153
67 787.181673 265.542253 72.931922 63.812053
68 789.564352 264.250469 72.057327 64.495474
69 793.731716 259.845087 71.676716 65.725033
70 797.353594 259.151220 72.113410 65.424699
71 797.536145 259.186668 72.463189 65.450430
72 802.137933 259.009629 73.321510 65.099954
73 806.360109 258.855575 73.566730 65.167917
74 811.062667 255.642742 73.451805 66.074172
75 813.496605 254.819388 72.949908 66.181632
76 813.513074 254.973143 72.964975 66.446417
77 817.290267 252.939662 72.667124 65.964614
78 820.930010 250.645213 72.812111 65.745265
79 825.950534 252.728597 72.942213 64.617490
80 827.448584 252.875183 72.709257 64.685425
81 827.589382 253.031249 72.956670 64.953502
82 831.551710 252.626422 72.946129 64.322487
83 836.793384 252.776487 73.330972 63.648176
84 840.133348 251.359510 73.268746 64.004840
85 844.607868 249.606049 72.506462 64.541379
86 844.824816 249.833038 72.975491 64.950214
87 845.141588 249.610137 72.944904 64.908368
88 851.674621 248.681030 74.768348 63.438061
89 855.846770 249.483370 74.530849 63.262990
90 861.575503 249.834392 74.285524 63.482247
91 861.678073 249.842075 74.455779 63.454575
92 868.535417 249.634648 74.739722 63.302737
93 868.660856 249.732086 74.955482 63.454575
94 868.523577 248.850611 74.926078 63.910534
95 868.555839 248.894142 74.955482 63.954218
96 868.573399 248.915831 74.955482 63.954218
97 873.959221 249.051039 78.169338 63.951050
98 881.278741 249.760591 77.201973 64.242700
99 887.970823 252.268909 75.612123 64.297764
100 887.975181 252.399436 76.033467 64.462718
101 888.170416 252.422494 76.466827 64.455139
102 884.380467 252.498664 76.219725 64.647626
103 883.389209 252.604506 76.681646 64.987726
104 883.531071 252.609227 76.961382 64.954857
105 884.654297 252.560118 76.215406 64.988089
106 885.157993 252.553440 76.186533 64.938067
107 891.968708 253.730357 75.436723 64.692157
108 894.734606 253.797723 74.725819 64.860451
109 898.305793 253.962989 74.080292 64.740047
110 898.445841 254.091856 74.494650 64.959552
111 898.383840 254.110390 74.491964 64.959655
112 898.383190 254.129342 74.455779 64.953502
113 898.482730 254.138792 74.423566 64.946113
114 906.295050 251.951811 75.637313 65.031844
115 913.229318 252.935458 76.817707 64.768646
116 913.309526 253.049062 76.958147 64.955619
117 916.132293 252.982571 75.744613 65.036462
118 916.257425 253.207006 75.954566 65.459541
119 916.275380 253.226005 75.954889 65.453145
120 916.293173 253.248203 75.954889 65.453145
121 916.312569 253.270768 75.953381 65.452301
122 920.063399 252.374417 74.894590 65.759476
123 924.814840 251.999142 74.795666 66.069032
124 924.912308 252.213377 74.955482 66.452429
125 924.469071 252.402598 75.207946 66.390183
126 924.593735 252.455693 75.465619 66.454224
127 924.502130 252.477049 75.524445 66.452052
128 924.748073 251.813947 75.985551 66.743064
129 931.526924 250.043373 78.532650 66.690350
130 937.572359 251.089310 78.516884 66.725141
131 937.802315 251.224548 78.957297 66.954391
132 939.593537 251.492800 77.847957 66.945909
133 943.551301 252.368755 76.548706 66.687155
134 943.819238 252.524548 76.926971 66.948976
135 952.275703 252.895978 78.014946 66.162867
136 952.487634 253.066101 78.464500 66.454443
137 952.501891 253.087833 78.452331 66.452480
138 956.387414 253.068212 77.109958 66.608203
139 961.623443 253.813898 76.720895 66.722684
140 962.616811 253.777286 76.577441 67.053912
141 962.917164 253.947563 76.919334 67.481229
142 968.047199 253.620893 77.454058 67.083510
143 972.062938 252.344535 76.530777 67.361270
144 972.524410 252.530943 76.817648 67.385525
145 977.337844 253.350933 77.127443 66.913320
146 977.519267 253.393014 77.453999 66.952071
147 985.032308 255.279207 78.373883 65.894909
148 988.898878 254.794088 77.923110 65.961268
149 995.644290 256.294485 78.229791 65.588469
150 997.377351 256.348496 77.922724 66.075676
151 997.437483 256.535880 77.989158 66.466178
152 1007.231793 257.174294 81.151686 65.361185
153 1012.863571 258.006804 79.807803 65.412201
154 1017.122294 257.368781 78.355259 65.833988
155 1017.195777 257.451664 78.448063 65.950159
156 1017.221281 257.476345 78.449205 65.950508
157 1022.645941 258.149843 78.635675 65.766537
158 1024.657034 258.024724 78.329924 66.033548
159 1028.075015 256.606875 77.921815 66.718990
160 1030.756784 255.578620 77.705351 67.031434
161 1030.902085 255.799803 77.961869 67.454920
162 1039.539143 255.631075 80.354775 66.108085
163 1041.670529 255.514308 79.813589 66.718274
164 1050.573656 254.625421 82.626816 66.304343
165 1056.666721 251.384839 84.196222 66.117223
166 1056.799020 251.568963 84.461633 66.464920
167 1070.522147 250.587113 88.452238 65.508074
168 1077.398360 251.258460 84.684732 65.849656
169 1080.148427 250.673111 82.590232 66.447625
170 1083.565095 249.730881 80.859214 67.070245
171 1083.630413 249.944491 80.951921 67.451714
172 1089.325949 247.518143 78.690991 68.303823
173 1095.847358 244.683772 84.619009 67.806626
174 1105.010646 244.907604 85.413965 67.513574
175 1111.813434 241.991724 83.140620 68.378026
176 1111.835155 242.198452 83.584995 68.319630
177 1119.279989 241.456558 82.449902 68.019914
178 1123.147882 239.525726 80.852346 69.065523
179 1126.649085 237.977302 79.879469 69.489031
180 1133.537052 237.169799 84.272060 67.993626
181 1133.459043 237.179179 84.581085 67.970766
182 1139.488723 237.492202 83.438622 67.874840
183 1146.810798 237.812532 83.454271 67.623453
184 1150.775974 235.479595 81.587439 69.100200
185 1151.424178 235.669112 81.791625 69.450207
186 1151.523228 235.692703 81.951328 69.450283
187 1155.062853 236.327149 81.342710 69.326100
188 1159.814463 236.109265 85.426826 68.895294
189 1166.510536 236.646251 85.643880 68.852189
190 1175.114661 235.733851 86.044153 69.204942
191 1175.337165 235.880074 86.448656 69.450283
192 1177.250858 235.647437 85.537267 69.670032
193 1184.399428 237.559870 84.945324 69.476377
194 1185.426200 237.915399 84.426281 69.512660
195 1190.048651 238.677105 83.267111 69.894851
196 1190.159864 238.728364 83.450437 69.949925
197 1198.659767 239.435730 81.340233 69.215506
198 1204.714516 239.021690 75.285484 70.562789
199 1212.113487 239.222440 67.886513 71.676953
200 1218.707102 238.565324 61.292898 72.491185
201 1221.503342 238.910107 58.496658 72.111937
202 1223.286743 239.782091 56.713257 72.176577
203 1226.868953 241.000165 53.131047 72.161539
204 1228.250571 240.957961 51.749429 72.432684
205 1231.689048 243.629083 48.310952 72.212908
206 1232.377470 243.643608 47.622530 72.122920
207 1235.192897 243.007035 44.807103 72.568561
208 1238.838691 241.439773 41.161309 73.830632
209 1240.300816 241.252092 39.699184 74.292019
210 1240.360394 238.667868 39.639606 76.228261
211 1240.425669 237.930676 39.574331 76.863507
212 1241.098781 237.717094 38.901219 78.701294
213 1243.168338 250.334670 36.831662 83.783840
214 1236.771317 279.709330 38.083957 89.154695
215 1222.926021 276.775520 45.293618 79.129379
216 1212.348447 287.616470 48.213617 71.024057
217 1218.498531 296.449145 50.712358 66.939630
218 1218.207449 299.534571 50.890476 64.462267
219 1224.298811 302.755011 51.580594 60.375335
220 1224.020526 303.796114 55.662065 58.048477
221 1220.486065 303.438444 57.739346 57.249276
222 1219.091131 302.375962 59.001336 56.480278
223 1221.146022 302.938516 58.273606 56.270598
224 1224.295247 304.734087 55.704753 56.006497
225 1226.349872 305.277751 53.650128 56.240606
226 1227.894566 305.462001 52.105434 56.321894
227 1229.106538 305.428700 50.893462 56.427940
228 1229.428188 308.044656 49.634038 55.273174
229 1233.341368 325.222968 46.658632 53.149268
230 1235.113271 332.800725 44.886729 53.638945
231 1236.694015 354.814340 43.305985 55.938900
232 1232.942053 385.702366 46.155392 58.053291
233 1210.986608 420.929711 51.970993 56.809470
234 1211.207252 436.542119 54.615914 56.861848
235 1213.679144 435.290913 56.742902 56.461635
236 1213.228406 434.699983 59.148421 56.218334
237 1208.753276 433.847520 66.801233 55.931094
238 1204.456867 437.322145 73.610606 55.803523
239 1200.402317 435.247733 78.629651 55.278854
240 1194.015681 436.423066 85.316061 55.638711
241 1187.900996 437.065465 91.492410 56.487944
242 1181.925487 437.414030 97.348106 57.224640
243 1176.959529 438.155488 102.458917 58.166905
244 1171.690819 437.731638 108.309181 58.680246
245 1167.163925 435.660447 112.836075 59.712911
246 1164.492109 435.441937 115.507891 60.363078
247 1162.709296 434.909634 117.290704 60.396950
248 1162.158546 434.712841 117.841454 60.745058
249 1161.280907 434.668873 118.719093 61.152323
250 1160.888862 434.789767 119.111138 61.468974
251 1160.396511 434.679043 119.603489 61.418032
252 1160.243261 434.862581 119.756739 61.451035
253 1159.960537 435.104415 120.039463 61.525581
254 1159.919703 436.267079 120.080297 62.033191
255 1160.130261 436.488228 119.869739 62.443274
256 1160.166512 436.503153 119.833488 62.440053
257 1160.424394 436.363444 119.552513 62.313527
258 1161.442426 436.240155 118.557574 62.306660
259 1162.065776 436.172093 117.934224 62.252113
260 1164.055909 438.002067 115.174265 61.739716
261 1165.445427 438.759088 113.865598 61.572612
262 1167.239976 432.261994 109.537221 62.389711
263 1166.634130 410.064096 106.024085 63.474131
264 1168.658472 376.602197 105.065249 64.452552
265 1167.800555 368.737051 104.287331 65.537320
266 1167.843068 368.888145 104.464621 66.017806
267 1168.047448 368.828213 104.262313 66.662274
268 1170.964063 357.384951 102.315909 69.615434
269 1086.069904 308.031421 104.408121 73.211148
270 1091.524415 311.841132 105.221999 77.406089
271 1085.169986 313.489464 109.027670 79.407459
272 1080.338261 314.340385 108.465417 80.756399
273 1081.453454 314.957010 107.261850 83.259284
274 1111.487903 317.796567 108.890766 85.063789
275 1123.558710 318.614104 113.363000 86.571094
276 1124.237706 319.034313 114.660019 86.977855
277 1139.648917 316.802172 119.486282 89.999316
278 1135.366875 317.394844 119.717273 90.223267
279 1122.571551 313.027034 120.287807 92.426755
280 1120.498531 312.528051 119.812746 92.802224
281 1118.943923 311.845618 118.445595 93.447689
282 1072.330985 300.965105 119.193658 94.210896
283 1013.159550 285.042669 119.247171 101.557289
284 1030.992222 289.764180 121.264871 102.712470
285 1044.760820 288.206088 121.727722 105.200229
286 1044.910269 288.161062 122.095929 105.693383
287 1059.923473 287.623212 121.394683 106.838578
288 1064.046052 287.557021 121.905463 107.134340
289 1068.181315 288.477344 123.139230 107.196597
290 1074.871858 289.290684 123.753289 107.317489
291 1074.994533 289.276775 123.950031 107.482305
292 1085.673615 286.818284 122.723845 108.559585
293 1103.641899 287.303674 124.908473 108.770181
294 1120.438189 287.275278 124.900031 108.688252
295 1126.109702 290.518694 125.960851 109.249216
296 1126.424992 291.329970 125.974736 109.413080
297 1126.484685 291.272517 125.945945 109.496162
298 1128.289428 292.532357 126.060093 109.572535
299 1132.156461 292.165487 125.607754 110.156370
300 1143.752793 289.949753 123.443509 111.093016
