5 349.938491 227.884857 51.024400 117.165451
6 351.500042 225.728248 51.232583 118.299049
7 352.839151 224.354797 51.274988 119.113025
8 359.144313 224.246633 50.839178 122.173187
9 359.202901 224.399876 50.915677 122.386049
10 359.223238 224.446688 50.915677 122.386049
11 355.883058 234.030984 50.458763 122.257892
12 353.862859 238.961377 50.514699 122.904215
13 352.522598 245.568425 50.967051 123.726222
14 352.278180 249.687631 50.750692 124.420742
15 352.478073 249.535964 50.884192 124.422070
16 352.953464 248.722068 50.747939 124.117925
17 355.066920 265.831346 51.030102 127.944802
18 360.204297 251.023862 52.803548 131.259229
19 362.860134 249.139460 54.732959 137.401245
20 363.010657 248.280833 55.147949 137.668260
21 362.908459 244.850389 55.754485 140.057749
22 362.347804 246.378003 56.487178 142.765852
23 364.736387 245.319043 56.438585 146.108269
24 372.638623 227.013621 54.804301 153.087964
25 375.492494 212.056051 51.645836 158.546790
26 376.046728 220.754816 49.942980 159.702953
27 377.355014 215.319798 48.032444 158.197113
28 377.769529 213.962373 48.000750 157.687151
29 377.809112 214.351863 48.289860 157.344050
30 373.703558 216.713302 47.645292 151.819844
31 373.339302 217.865636 47.704507 150.135877
32 370.958408 227.993196 46.970805 147.117763
33 370.948723 227.330340 46.885301 147.446392
34 369.591361 220.543489 48.230042 145.331928
35 368.978194 219.500991 48.840992 145.385593
36 368.445272 219.028050 49.063357 145.611119
37 367.310244 215.500269 49.191003 147.116467
38 367.335997 215.187034 49.363003 148.207351
39 367.327225 215.483030 49.290460 148.269987
40 364.535480 221.107100 48.655190 146.247163
41 364.528163 220.310748 48.801788 145.844947
42 364.138317 220.145606 48.911145 145.354256
43 363.981756 220.457734 48.912697 145.113104
44 364.006865 220.559067 48.907587 145.340503
45 364.041530 220.448389 48.901998 145.324809
46 364.293701 220.864872 48.904337 145.172541
47 368.400808 221.575786 47.969682 147.030269
48 369.247412 219.411288 47.795174 147.311809
49 370.728005 202.850732 47.547418 148.797097
50 370.589594 192.863398 47.770965 149.171775
51 371.602276 180.784113 47.489374 149.247857
52 372.617773 184.140590 47.050688 148.629484
53 372.961420 187.479396 47.180677 148.662142
54 373.535977 191.024433 46.714282 148.670916
55 373.658724 191.176613 46.922291 148.861398
56 373.677467 191.233551 46.922291 148.861398
57 373.696210 191.290490 46.922291 148.861398
58 373.714952 191.347428 46.922291 148.861398
59 373.723991 191.336430 46.921453 148.828659
60 373.743152 191.409738 46.922291 148.861398
61 373.761895 191.466676 46.922291 148.861398
62 373.780638 191.523615 46.922291 148.861398
63 374.006309 189.373062 46.861274 148.902358
64 377.364288 182.224802 46.502681 148.823728
65 377.689798 181.390342 46.875745 148.886052
66 378.635621 175.311782 46.628247 149.423088
67 379.266623 173.594406 46.703704 149.332760
68 379.582611 173.763870 46.904274 149.350325
69 380.386824 174.640631 46.834580 148.988572
70 381.501881 177.947845 47.014428 148.420605
71 381.724341 177.975221 47.421464 148.361863
72 381.743283 178.031969 47.421464 148.361863
73 381.768567 177.986764 47.424314 148.445561
74 381.660315 178.489085 47.441700 148.330261
75 381.669139 178.561634 47.421464 148.361863
76 381.000561 193.751452 47.545272 146.969959
77 380.415676 191.943882 48.504650 147.724776
78 380.591256 191.896610 48.963980 148.422203
79 380.585625 190.461733 48.820963 148.778086
80 380.747813 185.130243 48.784724 149.908998
81 380.680286 183.270761 48.562960 150.086360
82 377.628088 192.581855 47.611050 149.136247
83 373.874787 199.306844 47.598125 148.553043
84 367.759588 206.125273 48.672849 143.581958
85 361.328870 212.788315 49.258205 136.770481
86 353.770946 214.988139 52.064235 132.112995
87 347.368509 216.946158 53.755264 128.795955
88 339.067586 221.071575 55.259543 125.062845
89 336.607807 220.337003 55.671445 125.077394
90 330.778332 218.530750 55.935937 124.012559
91 328.752989 219.029924 55.860651 123.097414
92 325.105139 218.587592 55.711264 122.466338
93 324.909021 212.992875 55.358899 124.053593
94 324.964670 212.716630 55.328852 124.777193
95 326.835881 200.542438 54.622634 127.488691
96 327.126129 199.950825 54.852208 127.609300
97 329.268992 196.849929 54.758841 128.712579
98 331.679134 196.919794 54.816221 129.485053
99 331.752141 196.948466 54.915112 129.356288
100 334.175957 197.811543 55.071791 130.048405
101 334.366312 198.026512 55.408237 130.378607
102 338.138567 193.014419 54.695451 128.717476
103 338.279266 193.132368 54.905644 128.882008
104 340.593504 188.554135 55.228358 129.072855
105 344.223939 188.208261 55.166699 130.421069
106 345.298704 190.374934 55.466827 130.877601
107 351.040925 194.251255 56.558118 127.148136
108 358.281645 188.060151 56.568639 128.385565
109 362.040014 184.673641 56.343145 129.175768
110 366.465951 181.961633 55.763950 129.674939
111 369.207903 176.710692 55.125080 130.825332
112 370.774246 175.964703 55.472159 130.659244
113 377.202657 171.937756 54.580135 131.197823
114 377.434947 172.349958 54.900978 131.267644
115 377.460923 172.455225 54.909064 131.377677
116 379.506961 167.694982 54.644018 130.779743
117 379.691946 167.767250 54.909213 130.873201
118 382.222357 164.862730 56.333332 130.712583
119 384.034153 164.267995 57.287478 130.940795
120 387.697281 164.717392 58.066398 130.594535
121 389.819434 164.134350 58.080206 130.624363
122 392.431125 166.771678 58.641291 129.473770
123 399.068862 160.402542 60.026168 130.549275
124 401.497044 159.645095 60.780008 131.666833
125 403.763023 157.906314 61.225980 133.322378
126 404.978644 154.970808 61.263047 134.026501
127 408.753176 155.488416 61.142405 135.179955
128 415.719465 157.583900 58.663097 138.611209
129 415.858875 157.795310 58.905627 138.862687
130 415.880815 157.852434 58.902450 138.870700
131 417.664171 158.722337 58.880675 138.532525
132 419.729308 161.252331 59.085843 137.067755
133 419.914639 161.478046 59.404923 137.355593
134 424.360779 165.866539 59.701480 136.957167
135 427.294839 170.810498 59.764709 134.281188
136 430.144386 176.649002 60.776874 132.572916
137 432.224830 178.101143 61.788283 132.542892
138 440.381377 171.454267 61.496740 134.978607
139 441.484645 170.945762 61.539569 135.309975
140 446.152066 163.390929 62.241218 137.271497
141 446.290621 163.399556 62.394390 137.397981
142 448.988999 164.444624 62.034312 138.706634
143 450.648117 165.089252 62.092102 138.582984
144 450.824782 165.832072 62.362793 138.674656
145 450.866641 165.983211 62.396663 138.870700
146 450.891565 166.036328 62.396663 138.870700
147 450.724204 165.951914 62.416834 138.656601
148 450.610120 165.865451 62.429425 138.866989
149 450.618663 165.920424 62.396663 138.870700
150 450.643587 165.973541 62.396663 138.870700
151 450.629076 166.109535 62.414563 138.841590
152 450.780719 166.528984 62.392184 138.644552
153 453.629948 166.590850 62.188232 139.255445
154 456.784718 165.702727 62.471285 139.616335
155 461.217901 160.193849 61.797851 140.732720
156 461.303785 160.281675 61.891335 140.881829
157 462.560810 166.138372 61.167880 141.478753
158 463.682057 173.211202 61.138807 139.143970
159 463.836337 173.377643 61.398317 139.370235
160 462.414725 173.719064 61.742507 138.962295
161 462.283676 173.643069 61.980038 138.768443
162 462.267126 173.747315 61.897490 138.870700
163 462.291850 173.800432 61.897490 138.870700
164 462.316575 173.853549 61.897490 138.870700
165 462.331167 175.890795 61.925289 138.340696
166 462.564824 185.407789 65.743444 135.319975
167 466.721895 183.729089 67.039552 136.009629
168 469.789807 181.751426 66.926362 138.424719
169 477.775032 168.265617 65.993389 142.471670
170 477.750096 168.267959 65.890877 142.367445
171 477.859458 167.943087 65.812598 142.500143
172 478.881312 176.635895 64.327180 145.863570
173 478.940122 176.691996 64.393357 145.864189
174 478.871813 177.166528 64.390770 145.670942
175 477.989256 177.539431 64.412647 145.625948
176 474.194501 180.485407 64.740466 144.489542
177 473.670053 179.087833 65.231860 144.482809
178 472.315207 178.575171 66.094814 144.456984
179 471.718260 178.679659 66.483631 144.297198
180 471.697988 178.769071 66.390050 144.365584
181 471.724507 178.824290 66.390050 144.365584
182 471.768051 178.785883 66.374756 144.406333
183 474.186977 174.066092 65.945547 146.154967
184 474.261904 173.730108 65.803692 146.573866
185 474.282668 171.848040 65.736564 147.228237
186 474.153329 171.799789 65.782109 147.344887
187 467.798431 175.704697 64.872851 147.798101
188 463.627853 180.897112 64.510945 145.538297
189 456.261833 183.254327 65.038673 143.362054
190 452.453788 175.289121 66.486836 143.683307
191 449.265865 174.457476 67.060814 144.073375
192 445.169984 171.657799 69.579213 145.206173
193 445.226252 171.761760 69.913786 145.342695
194 444.422010 172.134617 69.855951 145.339379
195 444.375670 172.179565 69.899894 145.346941
196 444.395769 172.244022 69.884263 145.364654
197 444.644590 171.135160 69.645392 145.859450
198 446.436190 166.272796 69.128231 148.255192
199 446.841439 164.365202 69.039302 149.378267
200 446.929425 164.427687 69.308410 149.375925
201 446.673834 164.659901 69.173430 149.467921
202 445.413931 165.655911 69.224867 149.556132
203 440.356074 172.231061 68.663645 148.047352
204 434.385477 171.203073 69.078217 148.080810
205 434.166222 169.288068 69.463016 149.016200
206 429.987543 165.367076 71.435499 151.052485
207 429.637005 165.465799 71.525997 151.308417
208 429.679315 165.528671 71.870519 151.368919
209 429.713246 165.581641 71.880956 151.359073
210 429.741958 165.639535 71.880956 151.359073
211 429.873904 165.111794 71.813971 151.673848
212 438.494582 153.251186 70.235053 157.889997
213 438.608189 153.126976 70.353558 157.934431
214 438.711511 152.278482 70.270604 158.069064
215 438.796041 152.480799 70.383436 158.352561
216 438.780840 153.649616 70.147193 158.538205
217 434.744664 162.849814 69.972626 157.287246
218 432.299126 164.303376 69.889954 157.036404
219 429.463769 164.019720 70.658299 157.610069
220 426.483250 162.283021 72.528062 158.875695
221 425.290201 159.764245 73.526857 159.499506
222 425.495107 159.751259 73.877649 159.351631
223 425.524616 159.812210 73.877649 159.351631
224 425.425858 159.823443 74.192954 159.423526
225 429.971049 149.206202 78.115013 161.767831
226 432.781532 146.359770 78.316914 163.777120
227 438.767968 139.664804 77.641118 166.992982
228 440.230473 135.024544 77.434997 168.435674
229 441.956392 134.189658 76.714151 169.266583
230 448.952051 136.890218 74.361794 174.519528
231 448.989274 137.115934 74.376823 174.837213
232 449.018983 137.182808 74.376823 174.837213
233 448.064689 137.574990 74.303707 174.727547
234 447.081168 137.210504 74.454820 175.033078
235 445.558178 135.115323 74.447793 175.156750
236 445.495161 135.249633 74.388883 175.325324
237 445.182083 135.233696 74.442280 175.226342
238 445.179064 135.355963 74.376823 175.336747
239 445.179650 135.442117 74.388489 175.333693
240 445.203526 135.510709 74.376823 175.336747
241 445.233235 135.577775 74.376823 175.336747
242 445.262944 135.644840 74.376823 175.336747
243 444.507408 135.630111 74.424362 175.407294
244 437.677891 138.963558 74.638716 174.273999
245 437.826440 139.062080 74.875996 174.337678
246 437.852729 139.136859 74.870396 174.333925
247 431.055807 140.893902 74.998251 171.694997
248 428.745186 137.159050 74.487380 170.035053
249 425.232392 132.557431 73.922612 170.754488
250 417.900151 131.412734 74.862936 169.538631
251 417.555559 131.360228 75.023432 169.799865
252 410.086197 132.033146 75.400057 168.018156
253 409.807309 132.197618 75.419649 168.278186
254 408.976331 132.583698 75.311120 168.487948
255 409.055456 132.374458 75.356132 168.475671
256 409.344693 130.427729 75.202738 169.467812
257 409.515497 129.741697 75.263396 169.615780
258 409.336825 128.104109 75.109466 170.902994
259 406.315834 127.813328 75.034198 171.819338
260 404.546917 129.597773 74.210559 172.967124
261 403.314656 130.043767 73.191879 173.382717
262 401.756918 129.850318 72.594540 174.423785
263 397.887949 129.050421 72.119678 174.855748
264 397.376747 128.710897 72.671519 174.911221
265 396.837837 128.511848 73.119924 174.705492
266 394.269042 128.851671 73.456790 174.765958
267 394.175130 129.196518 73.409928 174.795539
268 393.681177 132.971654 73.331723 176.653885
269 394.115556 134.502880 73.324528 178.165786
270 398.163867 131.795579 73.094479 179.540017
271 399.190686 130.256308 73.439690 181.105654
272 401.688411 124.352918 72.708150 183.301220
273 404.857581 116.827513 71.350281 187.122370
274 405.849411 125.006181 70.138820 192.096823
275 406.546429 126.395152 69.949538 193.994920
276 406.549163 124.385854 69.667542 194.449997
277 401.328326 122.913703 69.417183 196.260621
278 400.904781 120.140338 69.687139 198.321087
279 396.171100 108.979627 72.155684 201.985737
280 394.990859 108.212433 73.283814 201.662741
281 395.060459 108.271863 73.403581 202.035976
282 394.081545 108.801790 73.494484 202.486318
283 390.313438 109.507394 73.759040 202.553900
284 390.557401 116.026754 73.519910 207.383427
285 390.427882 127.256003 74.042809 207.944455
286 390.715199 113.465265 74.157581 214.064293
287 390.856888 113.556361 74.358251 214.334805
288 391.121303 117.950024 74.033995 215.994559
289 391.416608 119.848649 74.178398 216.669273
290 391.479973 122.361871 74.174654 217.084931
291 389.093425 123.038650 74.515446 215.953062
292 386.023124 111.129628 74.215250 218.759635
293 384.467494 120.134562 75.070191 216.565726
294 381.995661 98.114371 75.813488 220.568031
295 381.528421 98.853540 76.051170 220.879349
296 381.697706 98.785585 76.390723 221.091270
297 381.719610 98.971572 76.373516 221.293958
298 381.378259 101.919411 76.418880 220.639181
299 381.396834 100.375777 76.335831 222.235266
300 381.504927 100.219647 76.429160 223.748138
301 381.079243 104.370407 76.395096 225.342044
302 382.088273 113.122000 76.013142 225.240667
303 383.482767 142.987509 75.365299 225.154538
304 383.627736 142.518037 75.323500 225.442118
305 383.701733 142.110322 75.326075 225.182570
306 381.419787 135.863871 76.078950 226.470784
307 380.834485 127.314656 76.306477 225.696561
308 378.087751 114.974072 76.501550 227.317268
309 376.937377 112.576691 77.613910 227.223928
310 374.004991 127.034613 78.192077 220.050767
311 374.165645 126.941279 78.358927 220.214012
312 374.162392 127.019862 78.389633 220.285488
313 373.860391 130.162017 78.717183 219.645107
314 373.985421 129.954979 78.830575 219.940991
315 374.037899 129.921258 78.861837 219.818463
316 374.072757 129.993364 78.869401 219.796035
317 373.040360 130.313232 78.754937 220.216061
318 370.101749 143.609350 77.746021 222.020267
319 370.033845 143.222962 77.755097 220.487789
320 368.703958 142.902379 77.246003 217.447595
321 362.404950 139.301511 77.311283 216.716590
322 362.482794 139.218875 77.376781 217.032584
323 361.939755 135.632265 77.428078 217.722110
324 360.479353 133.277978 77.435699 217.144945
325 360.478341 133.437460 77.371863 217.297678
326 360.515118 133.523116 77.371933 217.275764
327 360.621007 133.201230 77.347295 217.537284
328 365.357872 142.071695 77.532794 218.205541
329 365.612337 124.854633 77.889629 221.923606
330 365.454003 129.298464 77.887885 221.158176
331 365.562839 129.016522 77.850602 221.372031
332 364.822848 132.695247 78.436627 220.524668
333 370.668934 153.943210 77.299015 221.272178
334 373.786442 148.633943 76.638718 217.752580
335 374.136933 148.495573 76.800644 217.520081
336 374.190252 148.669680 76.813767 215.788048
337 374.209404 149.837265 76.945179 214.710789
338 374.206211 150.085262 76.884002 214.656773
339 374.229921 150.248007 76.875102 214.795544
340 374.305838 148.377351 76.853237 214.464179
341 375.499673 140.164407 76.469080 207.887261
342 375.132862 143.898470 76.750601 206.034944
343 374.261606 159.441829 79.737565 203.441264
344 374.561215 158.731595 79.860928 203.449085
345 374.823073 157.152013 79.891037 203.571593
346 374.973338 156.646237 79.806973 203.984193
347 375.071538 156.535786 79.852699 203.841977
348 375.076913 156.841769 79.876259 203.712524
349 374.617684 160.471057 79.449184 202.941611
350 374.610593 160.343845 79.353510 202.819898
351 372.597344 148.329788 76.965176 205.270812
352 366.177270 113.247233 75.565550 203.397438
353 365.692272 87.369030 74.985406 203.730238
354 364.274035 76.835290 75.020821 204.951882
355 364.475086 76.659143 75.361680 204.756589
356 364.175050 76.866880 75.311012 204.948827
357 358.580774 92.722725 74.154063 208.445226
358 358.702065 92.584597 74.376301 208.553886
359 357.838864 92.935576 74.132028 212.370586
360 357.751295 95.026000 74.449285 212.703902
361 355.239636 92.394514 75.096880 216.977733
362 354.384917 91.928613 75.738792 217.849477
363 354.368852 89.029362 75.765298 219.440120
364 354.398206 86.863739 75.836610 221.359251
365 354.624052 87.534328 75.881652 222.029555
366 354.684334 87.592104 75.887041 222.352961
367 354.682772 87.680265 75.940958 222.279256
368 354.681682 87.800790 75.880522 222.275914
369 358.504551 86.980141 75.269873 221.852113
370 359.819768 86.348479 75.016255 221.582941
371 361.767244 83.994370 74.981651 221.870314
372 362.829268 81.629585 74.496639 221.701481
373 363.196086 80.250077 74.701405 221.616424
374 365.284864 83.263315 76.253994 218.537474
375 365.325405 87.804670 77.617695 217.536326
376 370.906729 115.461456 78.080323 219.666638
377 371.351021 115.923998 78.455849 220.144296
378 372.198702 115.176448 79.921788 222.215359
379 374.308708 105.662226 81.493477 226.186018
380 376.271877 98.002887 82.663574 229.832970
381 381.182637 90.830127 82.783028 232.992997
382 381.812659 89.634704 83.270219 233.350319
383 382.179365 89.639555 83.926345 233.558454
384 388.056068 95.507387 84.701259 233.012897
385 391.266510 103.597417 84.594490 232.951265
386 391.648522 104.142247 84.860188 233.378539
387 392.387865 103.658718 84.649584 233.749472
388 392.603317 103.344011 84.776086 233.789683
389 394.762276 100.993073 84.145473 235.554531
390 400.644379 94.576800 83.022433 237.788136
391 401.023167 93.855024 83.184009 237.608719
392 402.462322 92.592149 82.589836 237.606335
393 403.351295 91.991404 82.476255 237.613451
394 403.507912 93.569688 82.298584 237.307898
395 403.920815 101.737130 82.095185 234.401954
396 404.086086 101.848492 82.359796 234.252893
397 404.123135 101.957711 82.364729 234.277817
398 404.253651 101.974573 82.384194 234.371756
399 404.988839 102.068361 82.324595 234.130698
400 409.794700 91.782759 81.227322 236.759747
401 410.236360 94.281234 81.293871 236.753366
402 411.615671 102.262910 81.294967 236.676135
403 413.146686 114.397606 81.027078 235.117642
404 414.535925 131.716176 81.059784 231.922052
405 415.131007 134.860351 81.420472 230.540718
406 417.905008 132.616852 81.015248 230.841980
407 419.577436 133.569600 81.154725 232.403160
408 428.776705 113.328128 80.171891 237.269419
409 435.728767 114.869731 79.605225 243.999746
410 445.870784 102.756083 79.291714 251.654611
411 454.994263 84.260380 79.803121 252.997040
412 463.786108 82.170219 80.160019 250.862806
413 468.407928 81.429714 80.832740 248.861568
414 478.815023 96.649132 84.129656 240.085176
415 487.429448 101.634475 86.682904 237.678246
416 498.762857 102.443353 87.727768 238.554873
417 509.725717 106.611398 89.305566 235.267881
418 520.380928 129.799585 86.791496 245.744675
419 529.945813 127.908986 88.259314 247.844819
420 537.031066 139.832844 91.126428 252.144114
421 543.105413 135.583857 94.502662 256.847152
422 553.978855 124.517461 96.762636 261.424099
423 567.388238 112.626888 98.454377 263.310541
424 583.989075 111.614872 98.272691 265.633806
425 596.100813 117.511037 97.494358 270.255742
426 606.717867 115.618673 94.836551 277.443581
427 619.942915 109.306130 93.269186 289.540298
428 630.312000 101.737413 91.925105 303.064929
429 641.837055 94.495063 90.098212 316.179939
430 654.890559 91.222472 88.318003 330.640533
431 665.032167 101.915499 84.908882 341.865799
432 668.583740 122.027289 80.350497 351.326302
433 673.075936 133.163243 76.809106 355.771061
434 677.345464 137.032146 74.201905 360.143305
435 679.089442 123.389509 72.876664 364.323945
436 679.213770 122.604538 72.710983 363.683385
437 678.730782 128.248051 71.946829 342.309654
438 674.421396 71.996814 72.934755 325.465004
439 665.333923 25.416800 76.655782 318.391732
440 616.000541 29.782051 77.076734 303.407080
441 620.798157 62.034995 80.446841 310.468199
442 632.187910 90.229830 80.793380 315.658442
443 638.632856 74.605973 83.622642 318.776168
444 656.672144 79.253749 87.345049 323.629622
445 663.663759 63.826947 86.409250 332.855111
446 664.011256 65.553870 86.278028 333.706935
447 666.626167 52.107556 85.027788 346.875778
448 673.672244 20.865669 81.129542 382.424974
449 680.013934 9.038808 77.095650 398.498467
450 681.372020 8.390639 76.033091 399.707480
451 682.185585 8.093212 75.622477 400.998497
452 682.631768 6.471226 75.405601 402.033040
453 682.735165 5.720946 75.095973 401.879443
454 679.564333 7.080010 75.938739 395.738743
455 676.563142 6.712852 76.684769 388.145720
456 670.342837 15.585851 78.311857 375.294273
457 661.971931 14.037297 81.283014 362.435320
458 658.621903 16.852060 85.100453 353.282105
459 658.284725 29.587055 87.922520 343.516026
460 653.615693 81.347370 92.595432 343.047811
461 651.752488 139.215647 96.192565 347.237622
462 649.171120 153.030947 98.047482 336.863890
463 646.523233 158.147819 98.913233 324.108025
464 645.316304 180.080357 100.067083 314.501359
465 644.721978 174.008535 101.080452 302.704475
466 644.970965 206.642002 100.474677 293.134662
467 647.873771 198.493850 101.756039 280.750456
468 647.424919 239.161451 100.024986 268.960056
469 646.519133 267.404596 102.491821 250.456712
470 644.007976 290.741274 104.300116 238.132420
471 641.959600 304.715165 106.132484 230.015247
472 639.970230 310.975321 108.332241 225.269227
473 639.040735 313.440447 109.356664 223.116712
474 638.104841 316.799358 110.074606 221.470656
475 637.301401 318.240019 111.242947 220.110703
476 636.804930 319.233572 111.970409 219.550236
477 636.333680 319.794515 112.343474 219.284522
478 635.627842 319.872675 113.079180 218.856327
479 634.730860 319.608736 114.376349 218.524417
480 632.754504 318.631672 116.465337 218.723278
481 627.133850 315.650580 121.598580 218.916918
482 615.731397 313.882980 130.613489 219.329844
483 603.996015 309.677568 142.938432 220.646331
484 591.343175 308.229754 155.376002 225.242819
485 584.310239 301.907340 164.273724 231.646682
486 581.621973 295.860842 167.997588 237.250354
487 580.791980 291.221582 169.148365 241.328331
488 581.011943 290.594922 169.270072 242.457431
489 581.079229 290.101362 169.264940 242.856427
490 581.122773 289.743625 169.291216 243.143576
491 575.657687 284.498810 173.161775 243.855528
492 564.119973 279.947680 173.943150 245.080026
493 521.719586 293.974370 189.356606 239.116620
494 531.932891 339.907895 188.150084 217.617214
495 567.152717 373.751735 181.524513 202.248265
496 568.860024 377.640856 180.122221 193.404807
497 568.959857 377.727454 180.204396 193.227210
498 564.327115 375.658109 180.698174 187.385548
499 563.326210 389.344998 179.826969 181.830901
500 561.039739 390.205382 181.301442 179.181956
501 558.777456 391.695920 183.789919 177.114535
502 558.800365 391.896000 183.697699 177.296478
503 558.872780 391.983033 183.695777 177.334887
504 558.946155 392.050863 183.695777 177.334887
505 559.019531 392.118692 183.695777 177.334887
506 559.092906 392.186522 183.695777 177.334887
507 558.951218 392.164998 184.299871 177.399644
508 558.889124 392.080067 184.615847 177.428438
509 558.906085 391.757421 185.760562 177.713628
510 559.000119 391.842364 185.744160 177.973230
511 559.092837 391.818692 185.709242 177.836714
512 559.168229 391.841753 185.687335 177.864451
513 559.832074 390.225228 185.095841 178.951641
514 564.477896 384.373392 182.237161 181.944896
515 566.954005 382.069101 180.152700 183.289164
516 570.148311 382.690224 177.709751 186.083391
517 575.000264 375.213649 173.867381 193.107953
518 578.126653 366.544628 170.916656 200.296082
519 579.008700 348.350400 168.031355 209.604526
520 585.064038 319.294924 161.008970 229.074529
521 596.437891 330.200096 154.947734 239.767394
522 607.673747 313.925187 147.914427 248.594124
523 591.449365 287.402138 143.341542 265.855235
524 572.804122 243.080614 145.146788 294.186486
525 581.396596 244.221045 142.728429 302.986602
526 595.837373 246.308352 140.538192 307.470017
527 610.018446 239.685681 137.513290 315.236312
528 611.393681 238.776119 137.026838 315.888848
529 610.920460 233.512205 137.110314 316.565308
530 601.173725 200.611400 138.732172 316.035729
531 600.333828 196.350572 140.219433 316.883983
