48 503.414888 294.576122 46.922291 106.900467
49 503.433631 294.617011 46.922291 106.900467
50 503.458805 294.671405 46.907616 106.886451
51 502.959135 295.127433 46.557616 106.764648
52 502.888841 295.514325 46.702288 106.839369
53 502.353725 295.739628 46.559953 106.855053
54 501.562800 296.036653 46.497690 106.726642
55 500.795193 297.311333 46.140674 105.717129
56 499.830988 299.586272 46.274654 103.877262
57 498.828182 301.917414 46.221187 101.234981
58 498.588275 302.090850 46.388778 101.184961
59 497.379146 302.570808 46.248430 100.666507
60 497.225020 302.663401 46.410922 100.792847
61 496.108757 302.841208 46.395552 100.015507
62 496.049777 303.052032 46.436463 100.397442
63 495.335475 302.943951 46.390164 99.966540
64 491.553623 302.965439 46.346947 98.844166
65 491.514977 302.988809 46.435022 98.903703
66 491.366528 302.951475 46.457373 98.903783
67 491.220740 302.915192 46.440676 98.881176
68 491.143404 302.929866 46.435472 98.899530
69 491.073346 302.927069 46.426415 98.900762
70 491.029986 302.942747 46.422738 98.902083
71 490.868109 302.856155 46.472016 98.940387
72 490.853447 302.876388 46.424104 98.907748
73 490.222753 302.553224 46.543792 98.984724
74 489.575494 302.082099 47.086228 98.956116
75 488.050740 301.570802 47.570602 99.172079
76 487.180899 301.105310 47.970458 99.567519
77 485.854953 300.369402 47.973582 100.121775
78 485.483176 300.222518 47.902041 100.459127
79 485.275151 300.116824 47.848954 100.576033
80 485.254466 300.220870 47.858821 101.070353
81 484.997299 300.359397 47.786492 101.670597
82 482.968652 300.331047 47.831367 102.256329
83 482.934643 300.410146 47.908083 102.521222
84 482.950801 300.639540 47.921681 102.904016
85 482.752386 300.649596 48.076483 102.961534
86 482.515102 300.633153 48.733734 102.986297
87 481.680269 300.567693 50.602756 103.197503
88 480.059125 301.056854 52.711625 103.443832
89 479.032376 301.219578 54.702334 103.231033
90 477.763072 302.782850 57.451081 101.620681
91 474.776507 305.307581 62.510174 98.502096
92 474.871325 305.548979 71.721284 98.747575
93 474.375430 306.482269 77.403910 98.953775
94 474.390311 306.497167 77.371863 98.907909
95 474.421216 306.534999 77.371863 98.907909
96 474.316911 306.559886 77.615950 98.941964
97 474.395006 306.568624 78.046008 98.927887
98 474.456329 306.583452 78.643244 98.938050
99 474.585928 306.600770 78.900705 98.914315
100 474.586103 306.586610 78.949353 98.979734
101 474.586211 306.535204 78.898193 98.999556
102 472.829701 306.434828 81.982488 99.261923
103 471.998439 306.410876 83.486986 99.803536
104 471.515166 306.535106 84.167597 99.943295
105 471.423857 306.566124 84.866809 99.955659
106 471.510998 306.590526 84.883631 99.933176
107 472.053602 307.126949 85.127292 99.749637
108 472.913192 307.927675 85.489049 99.581051
109 473.245224 308.162732 85.410764 99.916549
110 474.482809 308.355791 85.349813 99.871736
111 474.758978 308.507485 85.430357 99.870477
112 474.969720 308.646715 85.419187 99.881339
113 476.113731 308.892865 85.371670 99.839616
114 476.972964 309.157932 85.274980 99.871726
115 478.852133 309.469137 85.067443 99.870615
116 481.763852 309.656501 85.059436 99.992828
117 485.961108 309.781279 84.674954 100.199251
118 500.391361 308.633654 82.844991 103.181483
119 503.941244 308.498080 80.933406 103.493179
120 506.477367 308.322947 79.447790 103.809584
121 507.264456 308.241155 78.712958 104.043392
122 507.757582 308.347351 78.455655 104.377335
123 508.143786 308.335051 77.786477 104.288100
124 508.530490 308.331515 77.095076 104.288574
125 508.835835 308.432241 77.124930 104.360492
126 509.041806 308.185742 76.638962 104.241988
127 509.527472 307.808356 76.035734 104.395224
128 509.994874 307.389711 75.542605 104.318337
129 509.611162 306.518026 74.660246 104.427408
130 509.891013 305.786166 73.833314 104.869600
131 510.134670 305.413367 73.289789 105.355327
132 510.401124 305.131803 72.497315 105.761548
133 508.351522 303.715839 70.916638 106.422134
134 508.469229 303.548775 69.774521 106.733338
135 508.731658 303.449238 68.628654 107.245245
136 508.546463 303.446174 67.988159 107.772524
137 507.856810 303.204913 66.210579 108.009929
138 506.742057 303.345559 64.853298 108.347506
139 506.069478 303.770228 63.230089 108.513105
140 505.566858 304.385891 61.401236 108.850415
141 504.291173 305.142802 59.457040 108.115802
142 503.510026 305.562956 58.109185 108.157916
143 503.106403 306.063955 57.241432 108.292039
144 501.579930 306.501540 56.631917 107.948118
145 499.786185 305.986856 56.313408 106.932052
146 499.852095 306.011509 56.406942 106.900411
147 499.796953 306.066579 56.389789 106.892028
148 498.542216 306.376560 56.275671 106.527673
149 496.323942 306.420026 56.166995 106.660441
150 495.890648 306.602152 56.299592 106.854374
151 494.088686 306.087487 56.243284 106.745509
152 489.666532 305.120197 57.132029 106.463161
153 489.836835 305.120685 57.401810 106.402380
154 489.784014 305.132459 57.429834 106.430727
155 487.407115 304.665140 58.729816 106.061025
156 486.555761 304.665427 59.520333 106.340368
157 486.509366 304.643941 60.057392 106.482592
158 483.657718 304.586566 62.352049 106.649160
159 482.930887 304.753945 62.727875 107.023154
160 480.869788 306.042741 63.856161 107.030002
161 480.914321 306.268821 63.894183 107.400002
162 480.953387 306.299674 63.890314 107.401627
163 480.973666 306.347841 63.898712 107.397526
164 480.980697 306.420197 63.910410 107.387669
165 480.998335 306.472082 63.895987 107.397311
166 480.977371 306.555039 63.884555 107.403872
167 480.433274 306.686118 64.002759 107.508002
168 480.084561 307.055353 64.464375 107.991122
169 480.056855 307.033812 64.381749 107.873525
170 480.080973 307.073257 64.381343 107.877248
171 480.010779 307.129869 64.355192 107.855799
172 479.819817 306.953953 64.338399 107.890010
173 479.762464 305.829804 63.968343 108.404711
174 479.759210 305.852450 63.880240 108.443700
175 479.803520 305.848833 63.874341 108.462584
176 479.914888 305.672069 63.802573 108.840180
177 479.923889 305.517966 63.787466 109.485501
178 479.850188 305.573122 63.738562 109.652845
179 480.080916 305.497908 63.637332 110.427348
180 479.033981 305.929619 63.258939 110.798339
181 478.715673 306.269211 63.103092 110.927223
182 477.335305 306.453208 62.750258 111.392669
183 477.410714 306.484969 62.801422 111.541152
184 474.483207 306.505737 62.300850 112.585167
185 474.556305 306.703223 62.396210 112.896432
186 474.581456 306.745631 62.396663 112.894886
187 474.566933 306.786054 62.384117 112.895856
188 473.206543 306.787379 62.122229 113.015346
189 473.186398 307.103289 62.317106 113.395763
190 472.541326 307.322972 62.187698 113.311296
191 472.077126 307.338697 62.216052 113.601672
192 471.552514 306.898143 62.066326 114.308876
193 470.780850 306.024571 61.911595 115.104256
194 470.419856 304.925748 61.211832 115.449050
195 470.215480 303.639476 60.513928 115.062564
196 470.436747 303.846402 60.871616 115.359246
197 469.677313 303.285982 60.334124 114.669666
198 469.747987 303.461792 60.336287 114.840070
199 469.810841 303.544285 60.384256 114.880495
200 469.842824 303.594496 60.399970 114.893025
201 469.865589 303.635343 60.397760 114.888370
202 469.425924 303.343683 60.239987 114.778922
203 469.220340 303.272686 60.207100 114.803955
204 468.672567 302.856860 59.947286 114.557778
205 468.673250 303.068430 59.900797 114.893025
206 468.697176 303.112375 59.900797 114.893025
207 468.705016 303.160565 59.897166 114.890020
208 468.730758 303.206014 59.900797 114.893025
209 468.754684 303.249960 59.900797 114.893025
210 468.778611 303.293905 59.900797 114.893025
211 468.802538 303.337851 59.900797 114.893025
212 468.826465 303.381797 59.900797 114.893025
213 468.850391 303.425743 59.900797 114.893025
214 468.874318 303.469689 59.900797 114.893025
215 468.898245 303.513634 59.900797 114.893025
216 468.922171 303.557580 59.900797 114.893025
217 468.946098 303.601526 59.900797 114.893025
218 468.970025 303.645472 59.900797 114.893025
219 468.767934 303.674672 59.861930 114.826185
220 468.811294 303.752038 59.900797 114.893025
221 468.734699 303.850984 59.866542 114.903357
222 467.806553 304.008984 59.492798 116.468466
223 466.017362 301.848464 59.037772 119.645439
224 466.224382 301.887352 59.423078 120.135578
225 466.164044 301.816652 59.343623 120.971151
226 465.937542 301.683388 59.299496 121.449802
227 465.128443 301.875765 59.222688 121.997511
228 464.473974 302.198206 59.213953 122.365270
229 464.126715 302.364551 59.376815 122.712522
230 459.150521 303.232888 60.111569 123.255601
231 459.094631 303.439134 60.399347 123.564967
232 458.231228 303.646859 60.525629 124.091246
233 455.749282 305.088179 61.283788 124.734877
234 455.068567 304.023724 61.713724 126.164830
235 451.434500 303.392481 62.910488 127.484445
236 447.205326 302.975295 63.785508 128.181525
237 447.087624 303.061776 63.895816 128.397563
238 446.731415 303.005313 63.856305 128.519485
239 443.155515 306.150960 63.322552 128.367589
