141 462.281703 65.888893 45.576275 140.118404
142 461.723789 64.669956 46.622245 139.147412
143 458.392994 61.290395 47.188603 137.499128
144 457.573605 59.446255 48.037277 136.267986
145 457.175222 58.620344 48.901314 135.711781
146 453.501846 58.808259 48.717220 133.583208
147 453.203091 58.428267 49.121718 133.078841
148 451.257235 58.355137 49.806623 132.101439
149 450.664760 59.258335 50.581460 131.875804
150 450.246707 59.129598 51.515924 131.418531
151 446.310894 64.400925 53.257503 128.961557
152 445.983082 64.048781 54.090809 127.648096
153 444.256076 65.428639 54.856303 127.237842
154 443.851463 68.756459 56.088504 126.841401
155 439.085423 71.429780 58.349399 124.043549
156 438.384348 70.497266 58.950875 123.754740
157 437.739944 70.011169 59.623509 123.215640
158 428.863561 77.689436 63.536948 119.640166
159 427.001203 78.068125 64.573169 118.918156
160 425.931599 80.303295 65.233840 118.440411
161 416.983663 88.107324 66.599452 118.838918
162 416.283828 87.201360 66.344122 120.558935
163 409.109423 88.061582 65.801721 122.861926
164 406.700235 86.272363 65.877860 123.850339
165 399.541060 80.596198 65.809772 124.144248
166 395.127804 76.804913 67.067662 123.717797
167 392.689226 74.181790 69.625903 122.864084
168 388.467776 73.218541 71.448892 123.156498
169 385.550717 68.049766 73.725033 122.606907
170 382.664748 60.436836 75.672847 121.716500
171 376.748374 57.140722 77.009991 121.188512
172 374.407025 49.422446 78.645601 120.136773
173 372.549347 47.566097 79.422798 118.900759
174 372.029779 45.526378 79.830839 117.747810
175 372.037375 44.088836 80.305256 116.898876
176 370.199566 42.926803 81.097388 114.641011
177 370.009425 42.358309 82.233614 113.675671
178 369.262147 40.416535 83.483343 111.926655
179 369.449742 37.092863 85.240258 109.558951
180 368.133961 33.058580 88.871501 106.053064
181 368.016917 31.093649 92.697833 103.547762
182 368.449083 27.738465 97.350222 100.952981
183 368.438283 25.534732 100.915781 98.262159
184 367.782873 23.958194 103.675222 96.691404
185 367.017810 23.333616 106.011850 96.274592
186 366.482186 22.886830 108.102711 95.659913
187 366.408167 22.789696 109.836021 95.104834
188 366.450177 22.932419 111.306718 94.619437
189 366.695278 23.033669 112.770024 94.205111
190 365.571160 23.090473 115.514367 92.507447
191 365.669532 23.479951 117.269115 91.815904
192 365.953166 23.448521 118.820785 90.882704
193 365.849635 23.269722 120.166053 89.790794
194 365.999221 23.267213 121.183129 89.201238
195 365.957408 23.377851 121.787292 88.547178
196 365.844196 23.665565 122.683005 87.404639
197 365.862400 23.569225 122.992821 86.403822
198 365.495603 23.370009 123.211325 85.332067
199 365.090514 23.291056 123.489824 84.475334
200 364.409058 22.696262 123.551552 83.489664
201 363.852818 23.168216 124.358563 82.555694
202 362.819034 23.478963 125.092908 82.143238
203 361.976254 23.376530 125.692042 81.602043
204 360.983614 23.444330 126.141119 81.248161
205 359.854649 23.364179 126.714648 80.854032
206 359.209546 23.355450 127.642875 80.190414
207 358.241764 23.260661 128.187091 79.794837
208 357.239193 23.142845 128.901808 79.315262
209 354.500276 23.721895 129.845599 78.663059
210 353.506830 23.740623 130.516925 78.230169
211 352.591429 23.633861 131.244116 77.822362
212 351.361438 23.526288 132.157314 77.269386
213 350.127821 23.461325 133.259529 76.617218
214 349.037241 23.706660 134.555745 76.083785
215 348.641484 24.384703 136.136126 75.540536
216 347.735952 25.124580 137.899853 74.980630
217 346.884083 25.657189 138.815595 74.313061
218 345.388009 26.105099 139.684212 73.700361
219 344.529231 26.649588 141.183926 73.032731
220 343.208913 26.821339 141.985188 72.554694
221 341.625499 26.980713 142.258554 72.107790
222 339.903288 27.688955 142.834976 71.785175
223 338.259641 27.635864 142.462544 71.427448
224 336.896226 27.843602 142.617090 70.857341
225 335.196651 28.066146 143.001384 70.555360
226 334.084628 28.059475 143.538065 70.427119
227 333.176162 28.059243 143.983932 70.028841
228 332.030027 28.021005 144.371393 69.769455
229 330.805742 27.983320 145.329571 69.232916
230 329.567148 27.890074 146.719600 68.699403
231 327.648523 27.483589 148.312341 68.012026
232 326.585744 27.639601 149.772199 67.620559
233 325.676070 28.016485 150.808625 67.472090
234 324.306890 27.925554 151.308394 66.960416
235 323.021998 27.930263 152.401132 66.458419
236 321.908727 27.986977 153.878574 65.906011
237 320.702818 27.832779 155.316733 65.233968
238 319.166135 27.637882 155.876443 64.886781
239 317.964256 27.343653 156.897794 64.340284
240 317.370830 27.199248 159.189591 63.777188
241 316.620107 27.039810 160.223182 63.422626
242 315.520995 27.126457 160.914951 63.160664
243 314.186997 27.178977 161.530985 62.962954
244 313.647877 27.766118 163.306620 62.620081
245 312.793973 28.126889 164.817206 62.438653
246 312.501256 28.497777 166.627103 62.076303
247 311.515046 29.165034 168.471548 62.099910
248 309.826348 28.817605 168.195517 61.916941
249 309.164281 29.021993 168.833352 61.755858
250 308.168275 29.036401 168.819392 61.595102
251 307.426542 29.207876 169.567523 61.614679
252 306.510875 29.545997 170.215204 61.704651
253 305.683957 29.930520 170.440520 61.847858
254 303.573016 29.112735 170.339561 61.488063
255 303.521381 29.265621 171.297983 61.316244
256 302.741253 29.609813 172.387565 61.336355
257 302.173522 30.113500 173.582336 61.369496
258 300.910845 30.387521 174.402544 61.412551
259 299.402641 30.218078 174.335855 61.237848
260 297.123951 29.650715 173.930907 61.041924
261 294.777674 28.450344 173.709083 60.826971
262 293.849920 27.384251 174.092843 60.512457
263 293.786983 26.888932 174.934696 60.457061
264 292.939709 26.304807 174.382529 60.030664
265 292.654146 26.040160 174.499784 60.020134
266 292.144238 25.781603 174.252822 60.024796
267 292.747888 26.565477 174.995621 60.126173
268 292.728523 26.335140 175.378088 60.088699
269 292.643976 26.087480 175.756369 60.132191
270 292.501996 25.793438 176.172639 60.087753
271 294.322249 27.193093 177.485029 60.333405
272 296.000712 27.396240 179.326408 60.210925
273 297.170610 28.281328 181.725331 60.225817
274 298.169757 29.905103 185.439099 60.433022
275 298.227495 31.203527 188.101243 60.545180
276 298.613274 33.252823 190.593070 61.202882
277 297.267028 34.333970 194.931491 61.503850
278 298.127011 36.002750 198.594100 62.075601
279 299.024228 36.912119 202.237828 62.584350
280 299.459592 38.057206 205.734030 63.084946
281 299.428408 39.020449 206.972098 63.521029
282 298.747562 39.666582 208.314606 63.939136
283 298.688593 40.039339 209.980223 63.955600
284 298.213995 39.933798 212.425059 63.821552
285 297.797385 40.441348 214.299898 63.983395
286 297.391081 40.822786 215.991940 63.981717
287 296.721408 41.046204 217.302518 63.965521
288 296.126958 41.240176 217.887053 63.942041
289 295.652452 41.618735 218.780772 63.984882
290 295.343762 42.003378 219.872856 63.983237
291 294.916665 42.269365 220.433558 63.931250
292 294.647044 42.502824 220.790351 63.898108
293 294.220917 42.630336 220.700802 63.896786
294 293.997561 42.643448 220.723491 63.841064
295 293.722691 42.677783 220.738539 63.836075
296 293.356149 42.604832 220.720508 63.805151
297 292.888089 42.278853 220.721720 63.720523
298 292.929077 42.265369 221.243304 63.804706
299 292.807751 42.325308 221.078420 63.860742
300 292.774994 42.363016 221.070752 63.862518
301 292.519548 42.293155 220.777922 63.846353
302 291.859177 41.883845 220.189662 63.719281
303 291.172689 41.110371 219.049695 63.602249
304 290.558004 40.901642 218.896476 63.709485
305 289.895368 40.689020 218.555860 63.745538
306 289.595249 40.752881 219.247399 63.832266
307 289.217584 40.838579 219.992452 63.853131
308 288.379313 40.821007 220.342218 63.843723
309 287.836654 40.777872 221.306412 63.800876
310 286.943160 40.637404 221.919309 63.811911
311 287.219060 41.103482 223.354324 63.962067
312 286.468599 40.767096 222.871411 63.775244
313 285.969692 40.716605 223.263742 63.800998
314 286.349853 40.818077 224.417967 63.819031
315 286.601147 40.512498 225.105228 63.730414
316 286.832469 40.292360 226.403117 63.672070
317 286.546001 39.952534 227.183674 63.673425
318 286.333997 38.964418 227.691566 63.650732
319 286.281191 38.079210 228.350379 63.681924
320 285.935612 37.477661 228.208528 63.659122
321 285.316696 36.134926 227.823016 63.640347
322 284.570358 35.278766 227.857274 63.650586
323 284.514259 35.033328 228.746659 63.740964
324 284.091184 34.139070 229.531423 63.691843
325 283.557808 33.571841 229.959333 63.748456
326 282.661608 32.271143 230.009849 63.746796
327 282.697106 32.066196 229.913141 63.824170
328 282.850438 32.214914 229.719798 63.885596
329 282.831700 32.332022 229.694748 63.867767
330 282.898014 32.436945 229.887037 63.881360
331 282.920124 32.755624 229.874732 63.912576
332 282.825915 33.075041 229.706198 63.917209
333 282.652912 33.041315 230.297553 63.928882
334 282.004961 32.553827 230.262790 63.879102
335 282.085855 33.275363 229.990903 64.137491
336 281.738058 33.650682 230.092662 64.550987
337 281.900610 34.334219 230.439736 65.165395
338 282.863358 35.069996 232.125297 65.640273
339 282.708082 35.026083 232.342472 65.937942
340 282.864717 35.114509 232.714235 65.999924
341 282.480994 34.812020 232.473483 65.891462
342 282.138543 34.534365 232.390965 65.934266
343 282.184824 34.138301 232.435333 65.925794
344 282.208399 33.949349 232.267229 65.982921
345 282.354984 33.908356 231.834701 66.006851
346 282.674683 33.998190 231.368479 66.499106
347 283.089313 33.932367 230.777092 66.536095
348 283.136804 33.433689 230.221563 66.908344
349 282.927483 32.781860 230.171157 66.862297
350 283.587768 32.749299 230.394365 66.998502
351 282.843412 32.126290 229.908668 66.870262
352 283.988940 33.169077 229.401758 67.183114
353 283.119176 31.562239 230.133000 67.235478
354 283.994324 32.044064 230.363007 67.508150
355 283.583158 31.706415 230.464488 67.806446
356 284.719917 32.470011 230.486063 68.102456
357 284.701727 32.714577 230.377372 68.429473
358 285.589417 33.248077 229.983265 68.571647
359 286.597143 34.025847 229.260500 69.125527
360 285.859565 33.173195 229.499540 69.271575
361 286.728931 34.129871 229.285017 69.628670
362 285.744358 33.922476 229.029762 69.929398
363 286.203171 34.404733 228.783239 70.168912
364 285.621893 33.689007 229.473101 70.301935
365 285.941572 34.099689 229.359322 70.614399
366 286.210315 34.664954 229.326853 71.058902
367 285.399912 34.647143 229.349189 71.402577
368 285.798345 34.939973 229.732854 71.559882
369 285.144206 34.693477 229.832508 71.905950
370 285.464263 35.342082 229.244104 72.193418
371 285.018568 35.269634 229.065601 72.465706
372 284.638837 35.066299 229.044634 72.467777
373 284.714057 35.514434 228.648646 72.708952
374 284.562267 35.539362 228.954433 72.999997
375 284.610439 35.793073 228.814225 73.147688
376 284.069467 35.844088 229.173752 73.489156
377 284.073977 36.186678 229.404595 73.660080
378 283.984657 36.258381 230.095026 73.956775
379 284.444379 36.665722 230.346542 74.163011
380 284.631590 36.797104 230.503759 74.448443
381 285.664261 37.492336 231.356598 74.692915
382 285.868648 38.140374 231.423523 75.155236
383 285.462189 38.937467 231.014062 75.600879
384 285.107066 39.267026 230.700009 76.168572
385 284.884768 39.003959 230.117120 76.412186
386 285.212168 39.413854 230.330935 76.623577
387 285.118227 39.642171 229.875024 77.039907
388 285.243371 39.900059 229.690296 77.502188
389 285.500581 40.161038 229.604620 77.964949
390 285.955979 40.389472 229.552207 78.060513
391 286.040252 40.963514 229.501286 78.473498
392 286.199239 41.325928 229.279627 78.478806
393 286.409273 41.520662 229.384262 78.492570
394 286.559165 41.666420 229.046188 78.502691
395 286.407845 41.898262 228.764449 78.926291
396 286.224032 41.802533 228.289496 78.903587
397 286.162318 41.649219 228.065478 78.905162
398 286.185777 41.495016 228.243525 78.884198
399 285.958661 41.428997 228.389910 78.938447
400 285.849137 41.397532 228.487252 78.957519
401 285.412338 41.147973 228.431815 78.915035
402 285.036566 41.054172 228.291183 78.937626
403 284.609404 40.888695 228.093012 78.907697
404 284.334587 40.752052 228.165098 78.911908
405 283.466922 40.551686 227.441458 78.869172
406 283.109991 40.883715 226.856483 79.063881
407 282.719329 40.966569 226.307500 79.403295
408 282.535612 40.800909 225.899673 79.347710
409 282.641027 40.706037 225.674538 79.370410
410 282.743560 40.711195 225.833050 79.462531
411 283.112117 41.228874 225.714077 79.532040
412 282.942516 41.293439 225.626874 80.043919
413 282.724378 41.333157 225.597583 80.549667
414 283.002832 41.352104 225.846499 80.982534
415 283.461955 41.865723 225.967390 81.227096
416 283.414991 41.170313 225.172784 81.397373
417 284.062201 41.101920 225.521000 81.532866
418 284.308727 41.333399 225.524109 81.971988
419 284.462961 41.273106 225.536114 81.952993
420 284.610405 41.229098 225.530478 81.955535
421 284.762295 41.177149 225.531308 81.954268
422 284.906754 41.124246 225.533172 81.954002
423 284.985417 40.596610 225.838632 81.743934
424 285.068354 40.085359 225.931451 81.728849
425 285.354109 39.562664 226.518631 81.747336
426 285.947349 39.925093 227.714538 81.800446
427 286.017891 39.335999 228.126853 81.620947
428 287.135177 39.558710 229.245290 81.741275
429 287.689577 40.215642 229.441223 81.783578
430 287.514061 39.956972 228.787978 81.728845
431 288.045619 39.977942 228.910427 81.861158
432 288.118567 39.941615 228.732285 81.875320
433 288.312941 39.905684 228.733737 81.874866
434 289.132116 40.940179 229.303051 81.919918
435 289.095155 40.782281 229.141888 81.746780
436 289.188240 40.713435 229.023940 81.844763
437 289.144203 40.664731 229.204342 81.834600
438 289.274720 40.690688 229.217638 81.866338
439 289.201771 40.699853 229.136536 81.886342
440 289.153845 40.706168 229.136022 81.883766
441 289.035940 40.625638 228.894545 81.876383
442 288.793632 40.498645 228.564866 81.849799
443 288.863938 40.218020 228.319951 81.811539
444 288.679194 40.203644 228.130678 81.983570
445 288.599535 40.111816 227.960585 81.864196
446 287.899045 40.132524 227.313940 82.118983
447 287.913036 39.801381 226.828246 82.313596
448 288.958955 40.459791 227.152145 82.424028
449 288.675269 40.037596 226.198864 82.252557
450 290.266033 40.833189 226.880054 82.383116
451 290.800550 40.236793 225.934411 82.279984
452 291.034973 39.800649 225.241355 82.395492
453 292.609531 40.507655 225.404699 82.333069
454 292.781923 39.626220 224.593323 82.112408
455 294.082392 40.292623 225.060532 82.395205
456 294.716072 39.685502 225.685387 82.078686
457 296.759722 40.226241 226.916996 82.366165
458 296.706187 39.868005 226.878920 82.317876
459 297.033100 40.229956 226.910148 82.406711
460 296.713802 39.836011 226.707671 82.305547
461 297.063300 40.243745 226.782986 82.466220
462 296.857342 39.870069 226.808541 82.347357
463 296.881231 40.116080 226.510800 82.495496
464 297.578770 40.439956 227.036207 82.486959
465 298.046470 39.595136 226.932181 82.313600
466 298.895096 40.175558 227.079623 82.574980
467 300.184936 40.537255 227.569091 83.079721
468 300.918556 40.631491 227.988900 83.340920
469 301.999346 40.652577 228.358131 83.393823
470 302.404006 40.586385 228.224719 83.328927
471 302.471053 40.739052 227.831907 83.269179
472 301.693264 39.719135 226.996742 83.260475
473 301.992136 39.880696 228.011403 83.571358
474 302.500231 39.948186 228.624288 83.974598
475 303.267676 40.320968 229.168860 83.799985
476 303.637198 40.293262 229.192632 83.751499
477 304.422996 40.707526 229.750363 83.951370
478 305.451220 40.965938 229.876410 83.905892
479 304.885754 40.292611 229.230494 83.696096
480 305.851002 40.741730 229.576276 83.931719
481 307.060194 40.958078 230.003586 83.740039
482 306.136321 39.898713 229.236211 83.606639
483 306.909445 40.557945 229.993231 83.871558
484 307.573409 40.758103 229.994933 83.722367
485 307.771072 40.776560 229.691579 83.684785
486 308.055289 40.892343 229.672211 83.765866
487 306.589658 39.901635 228.568455 83.591742
488 307.307698 40.333016 229.352713 83.875367
489 307.562334 40.353760 229.284185 83.716940
490 307.815537 40.559245 229.505001 83.818790
491 307.802411 40.607408 229.537204 83.738630
492 307.752455 40.563509 229.247997 83.705565
493 307.785492 40.586057 229.024542 83.720817
494 307.926153 40.599409 229.019737 83.719808
495 308.407773 40.656064 229.354858 83.766435
496 308.596213 40.607210 229.343706 83.752508
497 308.888490 40.544543 229.383617 83.734087
498 309.323955 40.837412 229.230759 83.868021
499 310.045493 41.004535 229.157734 83.788021
500 309.466083 40.384997 228.495351 83.715294
501 310.090891 40.479300 228.411559 83.781592
502 310.568021 40.600725 228.087488 83.752260
503 311.310794 41.387875 228.846321 83.874201
504 310.718111 40.694184 227.797100 83.633475
505 311.423092 41.187984 227.785856 83.846732
506 310.707346 40.601727 226.851657 83.676161
507 311.793029 41.103803 227.237256 83.823881
508 311.634769 40.550385 226.456798 83.722135
509 312.710777 41.224355 226.834736 83.925443
510 312.121941 40.571153 225.675442 83.661517
511 313.289604 41.298884 226.041231 84.017099
512 312.936784 41.056685 225.763264 84.402435
513 314.097781 41.539557 225.691468 84.557594
514 314.139044 41.450299 225.221375 84.983974
515 315.102270 41.854391 225.056904 85.054993
516 315.610183 41.799559 224.656840 85.521799
517 316.193558 41.825857 224.316187 86.028160
518 316.805588 42.976177 223.842617 86.863686
519 317.994286 42.532705 223.105838 87.042684
520 318.866657 42.991388 222.810067 87.829259
521 319.320386 43.215005 222.341820 88.393659
522 319.901523 43.278599 221.671813 88.785914
523 321.596300 44.043490 221.252495 89.197492
524 322.751310 44.066986 220.492401 89.804850
525 322.974406 44.038592 219.305128 90.279443
526 324.379734 44.884210 218.525300 90.853162
527 324.658594 44.511992 218.087274 91.253176
528 325.457969 44.825611 217.539805 91.731648
529 326.279659 45.125959 217.303750 92.288750
530 326.523365 45.121619 217.132787 92.807521
531 326.428494 45.208857 216.232566 93.231627
532 326.789133 45.470193 215.652449 93.808010
533 327.468685 45.491105 215.283245 94.308412
534 328.180059 45.146851 214.451772 94.837346
535 328.735945 45.726210 212.962534 95.237234
536 329.765842 45.481354 211.995641 95.440068
537 331.907165 46.437084 211.660451 95.706574
538 332.167162 46.702573 210.230459 95.851140
539 333.058775 46.576901 209.252328 95.836043
540 333.947844 46.554386 208.689792 95.846315
541 335.379779 46.667222 208.300015 95.884209
542 336.917373 47.021076 207.328945 95.977711
543 335.955145 44.474745 205.688163 95.596211
544 337.083084 44.994272 205.317165 95.924771
545 337.947633 45.207682 204.790778 95.844841
546 338.854179 45.006927 204.017655 95.695866
547 339.376609 45.019738 203.861610 95.702824
548 339.329541 44.796804 203.329096 95.710922
549 339.411480 45.058247 203.055185 95.899420
550 339.397420 44.845044 202.878705 95.764595
551 339.589141 44.332653 202.301129 95.530344
552 339.290848 44.219910 202.565892 95.620697
553 339.128890 44.126091 203.314429 95.507451
554 338.972845 43.824629 203.868961 95.403090
555 338.470785 43.271541 204.588376 94.807937
556 338.060879 42.594142 204.784907 94.379328
557 337.917810 41.887673 204.441428 94.049155
558 338.417812 41.968287 204.142478 94.313762
559 338.446208 41.472651 204.118041 94.002818
560 338.468119 41.179463 204.261054 94.038385
561 338.149553 41.018126 203.938958 94.233162
562 337.970262 41.151951 203.789196 94.407985
563 337.682538 41.214424 203.530746 94.500577
564 337.543639 41.830138 204.548581 94.814933
565 337.578254 41.597534 204.574614 94.714164
566 337.532902 41.177446 205.087370 94.557029
567 337.481523 41.641402 205.120504 94.829909
568 337.409461 41.731751 204.930482 94.721612
569 337.791502 41.884499 204.635005 94.907598
570 337.699709 41.887484 204.049483 94.805475
571 337.936922 42.186153 203.993009 95.013277
572 337.855934 42.386627 203.188621 95.365781
573 338.059948 42.282605 202.540136 95.403214
574 337.948754 41.909731 202.094891 95.285412
575 338.032657 41.475807 201.710626 95.110441
576 338.189837 41.737427 201.653061 95.168575
577 337.610508 41.543289 201.121099 95.226171
578 337.691222 41.794386 200.749277 95.243394
579 337.351394 41.530794 200.329454 95.093988
580 337.405700 41.709628 199.381020 95.082954
581 337.881827 41.269126 199.688555 94.611910
582 338.019515 41.327771 198.992319 94.525614
583 337.645558 41.238762 197.969507 94.670953
584 337.830967 41.154527 197.892019 94.219027
585 338.026663 40.896277 197.761596 93.784583
586 338.077859 40.443908 197.881086 93.182067
587 337.851761 40.388233 197.021600 92.906971
588 337.768929 40.208242 196.531661 92.484723
589 337.827765 39.996053 195.866116 91.937802
590 337.710329 40.027187 194.652175 91.689249
591 337.548842 40.297543 193.928173 91.857627
592 337.252602 40.136706 192.869350 91.751535
593 336.654127 40.150709 192.129317 91.770420
594 336.064375 40.096743 191.401269 91.765678
595 335.587815 39.948953 190.340263 91.642503
596 335.329642 39.937802 189.770502 91.543885
597 335.574545 39.995454 189.633617 91.553203
598 335.742371 40.195905 189.393131 91.586846
599 335.353788 40.133977 188.761781 91.545885
600 335.721878 40.469808 188.807418 91.464399
601 335.903731 40.223700 188.398524 90.936978
602 336.217487 40.266233 187.811023 90.509391
603 336.246804 40.298803 187.976047 90.374805
604 336.415391 40.219135 187.630769 89.995019
605 337.021743 40.013885 187.358596 89.422733
606 337.478880 39.735370 186.721641 88.798673
607 337.745945 39.374918 186.070989 88.303656
608 337.696061 39.183816 185.515010 87.972735
609 337.525262 38.911639 185.104808 87.469361
610 337.246962 38.701716 184.566146 86.922788
611 336.920679 38.761388 184.185759 86.565272
612 336.584384 39.309564 184.007517 86.710257
613 336.200433 39.615878 183.728200 86.641554
614 335.629453 39.997779 183.438257 86.739591
615 335.330303 40.193471 183.422362 86.437258
616 334.894454 40.284744 183.456968 86.156578
617 334.423653 40.463657 183.165970 86.102459
618 334.096068 40.551635 183.067734 86.026652
619 333.821722 40.674643 183.070456 86.026128
620 333.542243 41.163033 183.365251 86.111418
621 332.609708 40.877443 182.664466 85.924155
622 331.911686 40.714246 182.270915 85.499063
623 331.284586 40.611902 181.934282 85.022800
624 330.187104 40.417798 181.006501 84.955400
625 330.160645 40.866567 181.937992 84.747369
626 329.281455 40.693458 181.561548 84.601558
627 328.586330 41.063947 181.934035 84.721373
628 327.517567 41.205502 182.309525 84.618833
629 326.237993 41.511661 182.718314 84.640420
630 324.236093 40.815710 183.351532 84.639159
631 322.728063 40.980498 183.947184 84.834783
632 321.444086 40.842625 183.950603 84.661516
633 320.088235 41.012211 183.924080 84.759249
634 318.852072 40.819427 183.601731 84.574236
635 318.201656 40.934086 184.554575 84.672062
636 317.824984 40.901122 185.377454 84.630931
637 317.221053 41.051756 185.931882 84.689710
638 316.674785 40.681771 185.839255 84.481485
639 316.750368 40.274365 186.610518 83.983580
640 317.186934 39.893740 187.809650 83.356539
641 317.116910 40.039313 189.265882 83.159662
642 317.082199 40.402303 190.578508 83.136361
643 316.972039 40.590357 191.212908 83.118468
644 316.197858 39.752897 191.089140 82.882969
645 316.253532 39.523597 192.393492 82.419359
646 315.643365 39.348206 192.642175 81.947294
647 315.164524 39.071646 193.414612 81.414264
648 314.651017 38.570548 193.546106 80.851059
649 314.052076 38.165121 193.736033 80.515036
650 313.399716 38.230560 193.829807 80.590835
651 312.217050 38.181183 193.465294 80.547947
652 310.954037 38.137561 193.331297 80.675506
653 309.852551 38.301326 193.259467 80.723087
654 309.406790 38.869334 193.793744 80.830913
655 308.575474 39.140431 194.967192 80.834312
656 307.635778 39.518650 195.954408 80.870220
657 306.512332 39.324390 198.077178 80.923324
658 305.454268 39.097653 199.087695 80.789987
659 305.016692 39.082628 200.286784 80.781439
660 304.500400 39.153346 201.112652 80.824231
661 303.850621 39.468103 201.595180 80.907384
662 303.172040 39.260116 202.577850 80.828429
663 303.028535 39.343063 202.993931 80.782243
664 302.562903 39.708921 203.077448 80.905704
665 301.977656 39.414252 203.487841 80.704632
666 301.284016 39.552029 203.905117 81.102481
667 300.664639 39.410161 204.012296 81.333017
668 300.290062 39.505825 204.357494 81.333662
669 299.688874 39.742655 204.586192 81.415024
670 298.457509 39.611052 204.953285 81.541244
671 298.080428 40.113063 205.611778 81.954276
672 296.902562 39.455605 205.753250 81.733967
673 296.539274 39.861364 206.353897 81.976805
674 296.298807 39.983718 206.920060 81.889032
675 295.415507 39.607292 208.196466 81.979187
676 294.955768 39.402356 208.316420 81.747824
677 294.927229 39.609820 208.781986 81.927101
678 294.720686 39.588225 209.076409 81.795953
679 294.481015 39.614494 209.538351 81.773208
680 294.736764 39.592215 210.337448 81.723304
681 294.536792 39.677726 210.731443 81.805744
682 294.132571 39.667163 210.987142 81.765474
683 294.404185 39.842897 211.816502 81.930096
684 294.146892 39.751953 211.999535 81.810792
685 293.803613 39.725118 212.005550 81.808462
686 293.991743 39.925051 212.837219 81.919492
687 294.083453 39.977219 213.109387 81.844501
688 293.318486 38.611244 213.948989 81.824966
689 292.624077 38.972681 213.597685 81.987046
690 292.448196 39.374422 213.798332 82.070127
691 292.351219 40.200648 214.441041 82.638576
692 292.237709 40.551326 214.739421 82.895393
693 291.320173 40.108919 215.524646 82.973966
694 291.523902 40.136651 216.165887 82.900233
695 291.501367 40.226488 216.368385 82.838639
696 291.295604 40.011952 216.310543 82.740000
697 291.382228 39.895986 216.167717 82.744282
698 291.482898 39.745172 216.160604 82.732029
699 291.511804 39.646434 216.487901 82.759543
700 291.871641 40.688664 216.980230 83.067539
701 290.838749 40.806131 217.135747 83.497862
702 290.207026 40.466173 217.172913 83.312933
703 289.960793 40.750170 217.216150 83.373282
704 289.217473 40.774708 217.886825 83.487235
705 288.560950 40.764794 218.016185 83.431807
706 288.148426 40.662537 218.691416 83.332144
707 288.841657 41.497640 219.867655 83.448040
708 288.100361 41.742874 220.037178 83.474928
709 287.937813 41.875124 220.477384 83.456390
710 287.531042 42.085442 220.777419 83.459260
711 286.837317 42.477366 220.734324 83.488334
712 286.337753 42.659340 221.242471 83.381289
713 285.543858 42.683459 221.096291 83.341143
714 284.829105 42.462843 220.870001 83.142358
715 284.706473 42.877127 221.280851 83.313072
716 283.994096 42.438464 220.770381 83.092671
717 284.199217 42.695246 221.416908 83.307765
718 283.822922 42.083672 221.343187 83.013820
719 283.941337 42.094197 221.412885 83.212028
720 284.015165 42.002322 221.421842 83.210220
721 284.085518 42.597753 221.762264 83.503058
722 284.053825 42.682626 221.785352 83.752128
723 283.507096 42.396082 221.299899 83.644081
724 283.570444 42.513142 221.648237 83.733959
725 283.665111 42.411368 222.002879 83.660207
726 283.146436 41.807367 221.825620 83.555822
727 283.015305 41.406792 221.795334 83.540621
728 283.089236 41.367565 222.215304 83.654363
729 283.258426 41.362282 223.085800 83.640012
730 283.171256 40.932977 223.437569 83.576826
731 282.509661 40.283260 223.318058 83.460172
732 283.096474 40.472054 223.739853 83.163878
733 282.506702 40.515188 223.223032 83.202201
734 282.787013 41.110906 223.901141 83.159371
735 282.447393 40.988725 224.290015 83.035731
736 282.214011 40.821283 224.905901 83.056984
737 282.122326 40.616956 225.666872 83.004479
738 281.521106 39.937861 225.426021 83.029754
739 281.641536 40.378235 226.313268 83.045016
740 281.717330 40.664034 226.798338 83.123135
741 281.668386 38.685387 226.993646 82.965237
742 282.381382 39.927482 227.252301 82.781900
743 283.363019 40.521039 227.612158 82.777772
744 282.901485 39.521609 228.203859 82.602547
745 283.487912 40.107783 229.143175 82.832920
746 284.301743 40.788836 229.921343 83.014434
747 284.446664 39.138186 230.179907 83.055380
748 285.708041 39.851191 231.363109 83.268267
749 286.145777 41.021092 231.616283 83.364057
750 285.815480 40.847942 231.541853 83.124962
751 285.362787 40.164648 232.062504 82.930099
752 286.063541 41.364348 232.630211 82.948921
753 286.078393 41.323448 233.064540 82.763156
754 287.391600 41.728376 233.494823 82.891554
755 288.857773 41.399667 233.532445 82.775964
756 288.390148 41.190795 233.540659 82.685632
757 289.258546 41.059237 233.889603 82.811983
758 289.956869 41.480654 233.958849 82.899592
759 290.113405 41.070920 233.375521 82.626199
760 290.280528 40.914629 232.750516 82.655953
761 290.451022 40.770507 232.679445 82.643534
762 290.502418 40.796395 232.527412 82.728289
763 289.335681 40.722514 233.037864 82.492213
764 289.306043 40.182372 233.255283 82.100528
765 289.035934 40.055940 233.724587 82.195791
766 288.293097 40.877076 234.171989 82.374280
767 288.328410 39.865539 234.007563 81.974564
768 287.935822 41.056950 234.888535 82.092235
769 286.750122 40.744971 234.426404 82.043588
770 285.776295 40.617296 234.771215 82.063325
771 284.014197 41.015024 235.464957 82.205464
772 282.573139 41.063700 234.993661 82.030929
773 280.722812 40.963693 234.415859 81.947455
774 279.371648 40.340112 234.031258 81.335242
775 277.976256 40.484597 234.206533 81.052132
776 276.282147 40.540868 234.554702 80.927960
777 274.901993 40.269720 235.513186 80.411559
778 272.955778 39.567741 237.365043 79.810679
779 270.910090 39.568960 238.151147 79.494038
780 268.571395 39.844322 238.824994 79.139346
781 265.705383 39.356787 240.253970 78.923961
782 263.357035 39.420453 240.619014 78.562725
783 261.070510 39.506748 240.940645 78.535437
784 258.425052 39.920249 241.335227 78.690046
785 254.372756 39.999136 242.805387 78.634001
786 252.696674 40.265119 243.324556 78.641889
787 251.549440 40.616783 243.719157 78.689090
788 247.650156 39.988308 246.397798 78.425515
789 246.897128 40.808854 247.643821 78.393110
790 246.417894 41.224361 250.367205 78.360791
791 242.855362 39.667534 254.232777 77.754727
792 243.837926 39.716651 257.019913 77.630607
793 243.294069 39.394336 259.149170 77.577819
794 242.846890 39.087762 260.511185 77.618419
795 242.402890 38.875653 261.565695 77.636659
796 242.914156 37.448490 261.410299 77.488853
797 243.210138 37.538982 262.346366 77.192820
798 243.977679 37.904065 263.365837 77.170754
799 245.765667 36.579303 266.525520 76.861434
800 250.465367 36.286694 272.157552 76.492725
801 254.447507 38.247374 275.793217 76.590535
802 259.091079 38.272159 277.602658 76.954942
803 262.147865 34.631458 279.209113 76.996314
804 267.732648 36.117285 280.543071 77.207485
805 270.373531 37.807385 282.290778 77.641160
806 278.327719 39.224103 283.297772 78.308916
807 281.372112 38.455792 282.442934 78.706529
808 281.452776 37.664179 283.472392 78.921872
809 282.706306 38.440086 284.570125 79.109801
810 289.250286 40.999788 285.329636 79.603957
811 290.962863 39.562373 283.960876 79.952698
812 292.366056 39.081671 282.331089 80.028538
813 291.509964 38.271562 280.562974 80.207158
814 292.304371 39.070358 280.290141 80.515654
815 295.750446 39.982453 279.132725 81.075324
816 295.610756 37.935660 276.989720 81.272858
817 297.519766 39.579641 275.921310 81.566089
818 300.736053 38.984668 274.081748 81.900430
819 302.081778 39.146382 273.949796 82.038319
820 305.553320 40.179787 273.066469 82.882423
821 306.829942 41.256730 271.963816 83.326752
822 306.512916 39.749898 269.202222 83.334860
823 307.747347 39.628364 267.403668 83.581272
824 310.208553 41.533351 265.395488 84.323186
825 310.740928 40.144824 261.838239 84.263107
826 312.130314 40.293587 259.599369 84.623731
827 314.862477 42.548243 258.751446 85.421946
828 314.640544 40.229977 254.909418 85.449906
829 316.786180 42.060305 253.644780 85.789884
830 316.711455 40.638201 251.410066 85.719653
831 316.348079 41.334971 250.591380 86.081602
832 315.583853 41.297538 249.530099 86.288369
833 314.979749 41.039366 248.908842 86.234501
834 315.424994 42.312154 248.560987 86.708257
835 315.466556 42.299512 247.993161 86.855185
836 314.908947 41.623736 247.254848 86.636680
837 314.936756 41.585017 247.867317 87.038759
838 314.747476 42.085323 248.912437 87.771372
839 314.048741 42.183167 249.054296 88.198240
840 313.605308 42.423200 249.698253 88.735299
841 312.881579 43.086303 251.051414 89.349193
842 313.292354 43.506272 250.853031 89.546475
843 313.858934 44.162874 250.917357 90.007493
844 312.641672 43.400913 250.227270 90.067569
845 312.790483 43.799812 251.549157 90.556570
846 312.160681 43.890912 251.299210 90.686539
847 311.360635 43.919166 251.745917 90.691516
848 310.678306 44.042431 252.386805 90.725410
849 310.469937 44.447599 252.676207 90.833179
850 309.449647 43.142390 253.113269 90.414127
851 309.335076 44.606224 253.863420 90.612044
852 308.081935 43.240809 254.866372 90.551776
853 306.557309 44.942672 255.575186 91.024252
854 304.237319 43.846985 257.764014 91.382791
855 302.045721 44.110623 260.256863 91.442464
856 301.045494 45.230431 261.536384 91.654814
857 299.382144 44.967036 263.954226 92.181548
858 297.830146 45.267697 265.611517 92.721146
859 296.795740 45.198188 266.256100 93.112918
860 295.571193 45.531876 267.296684 93.910541
861 295.197547 46.666653 268.115843 94.595617
862 294.168775 45.066607 267.813217 95.662293
863 294.470353 47.170345 269.285221 96.669388
864 295.281579 46.392747 268.801921 97.880453
865 295.495547 47.674259 268.650184 98.695007
866 294.869619 49.033807 268.818217 99.649227
867 294.280915 44.241438 268.604290 101.243391
868 294.534824 48.886978 270.492361 102.100442
869 293.807121 54.424567 270.055210 103.980140
870 294.657309 50.181408 269.915184 105.110860
871 294.948261 52.559670 271.082381 106.494330
872 295.459169 52.772671 270.067291 107.314811
873 294.977821 51.974490 268.917180 108.223935
874 296.559705 53.756145 269.284693 109.382129
875 296.369529 51.011755 267.451640 110.956913
876 298.457800 55.372867 268.632028 111.895695
877 297.539594 54.333540 266.445288 114.466059
878 297.547812 57.401236 266.247066 116.088454
879 295.231247 56.617803 264.080655 117.943818
880 296.503396 61.000420 262.523734 119.942684
881 296.729302 59.083766 260.004438 122.502468
882 297.606759 64.855207 259.590763 125.273658
883 297.722461 63.966312 257.697611 127.563479
884 298.046086 64.362496 255.716798 130.621661
885 297.295402 67.599440 254.904932 132.992842
886 299.123356 65.835389 254.492420 134.045817
887 299.923830 67.948743 253.480120 137.043078
888 300.627152 66.971357 253.699957 139.014751
889 302.070117 69.878698 253.941307 141.852836
890 303.409655 70.304105 253.180816 143.089874
891 304.759632 69.803421 253.869863 144.328298
892 305.451419 69.617340 254.669981 145.463139
893 305.613607 70.440825 255.652252 147.011259
894 306.421331 70.047060 255.704358 149.166467
895 307.500085 73.317512 255.240381 151.290619
896 306.729496 74.700526 254.155890 153.338349
897 307.269803 72.634030 254.330600 154.100795
898 307.213913 75.426643 253.660769 155.762963
899 307.297948 75.481531 253.232435 157.668908
900 307.712469 76.170775 253.309218 159.915986
901 308.796959 79.658247 252.089617 162.542267
902 309.866488 82.603381 252.450515 165.299727
903 312.455864 86.773773 251.647402 168.321953
904 311.323865 93.941943 249.749696 172.723451
905 311.939551 94.498134 250.228941 176.818832
906 312.141971 95.373429 250.778552 180.007963
907 311.579496 97.310783 251.267271 183.340874
908 310.488808 97.646710 251.975801 186.385116
909 309.221172 96.874808 251.833935 189.146241
910 309.837368 98.595571 251.759001 191.767456
911 310.420723 98.641476 252.517938 193.908966
912 309.758849 100.869552 253.166857 197.354005
913 309.480831 100.930232 253.719007 200.507640
914 309.546695 101.033795 254.272755 203.600351
915 310.661764 99.787543 254.932242 207.816527
916 310.610150 106.318560 255.042351 212.026021
917 309.962650 102.543512 255.394896 217.419773
918 311.670021 110.909839 254.823638 222.562394
919 310.164525 107.121887 255.891694 228.349188
920 309.703297 112.333888 256.679346 233.782293
921 309.065818 117.340162 258.511717 240.385115
922 307.032641 118.166587 262.323963 247.332446
923 305.932974 124.381735 264.500713 254.566846
924 305.520633 119.308144 267.191645 259.907804
925 304.561315 126.510964 269.551527 265.450145
926 303.943115 128.080326 271.107448 269.807713
927 303.217795 130.509889 273.457209 275.333948
928 303.363698 134.751323 275.238784 279.710141
929 303.160065 137.615727 276.746833 285.008472
930 302.585996 141.907728 278.834487 289.152202
931 299.213701 138.883967 279.747844 293.707426
932 296.821684 142.600476 281.359003 296.697370
933 291.818234 140.952402 283.282879 298.082846
934 288.061930 142.423413 284.896255 299.627556
935 285.317757 141.713848 285.709866 300.434275
936 282.617678 140.928169 287.074229 300.637544
937 280.174596 141.440789 288.552418 301.179568
938 277.587904 143.145416 290.194130 301.394145
939 274.981012 143.325246 291.164916 301.449265
940 273.019202 144.271294 292.643606 301.880061
941 270.224398 146.055865 294.427241 301.900637
942 266.751384 147.424962 295.766974 302.085496
943 260.048971 148.463906 296.612239 302.788789
944 256.210261 147.438553 296.750634 303.112421
945 253.892936 146.319253 297.015961 303.731451
946 252.191274 145.843760 297.635036 303.908314
947 251.341575 146.077585 298.973211 304.205232
948 249.775588 145.016858 299.261196 304.574588
949 248.232578 144.621514 299.706293 304.934103
950 247.022148 144.007711 300.351291 304.881150
951 246.083216 143.818296 301.193923 305.167978
952 244.724954 143.100767 301.787763 305.238632
953 243.356333 142.502019 302.592767 305.004345
954 241.918609 142.069696 303.504097 305.153908
955 240.449122 141.784146 304.273595 305.162896
956 238.459234 142.531518 305.137008 305.628543
957 235.989293 142.260629 305.091706 305.734381
958 234.006163 142.843621 305.572181 305.739970
959 230.590376 143.760570 306.278006 305.180557
960 226.847411 143.250104 306.067803 304.725336
961 220.870583 143.113829 306.826617 304.773281
962 219.774056 142.954744 307.943521 304.576565
963 217.465307 142.299609 308.307420 304.299263
964 217.036994 142.041544 309.243847 304.018150
965 217.718750 142.226409 310.492055 304.115591
966 216.608617 142.224383 311.145621 303.925964
967 217.751653 142.285508 312.906134 303.792057
968 219.033765 142.613092 314.045929 304.069899
969 219.350209 142.621949 315.208976 304.450096
970 220.021170 142.481347 315.959315 304.312580
971 220.548734 143.147496 317.083001 304.701577
972 221.221170 144.377031 318.925876 305.256984
973 221.954323 146.133654 320.088355 306.127606
974 223.364983 146.870210 321.511970 306.548186
975 224.015269 147.528081 322.838736 306.904320
976 220.815139 147.249840 322.420968 306.668444
977 222.165261 148.120466 323.549856 306.832780
978 220.238276 147.708872 323.653807 306.721656
979 221.166498 148.453523 324.953962 306.769042
980 221.318749 148.868002 325.597898 306.813252
981 220.326496 148.597643 325.791372 306.496554
982 219.338611 148.522418 325.976139 306.099562
983 218.446186 148.783261 326.007912 306.142370
984 218.064265 149.119524 326.833062 306.102894
985 218.189273 149.599124 327.305365 306.209043
986 218.319791 150.106822 327.723002 306.206910
987 219.063020 150.979210 328.686717 306.440604
988 219.293489 151.127743 329.340240 306.374968
989 219.642905 151.736511 330.136783 306.645741
990 219.789149 151.420295 330.757195 307.069227
991 220.118213 151.747059 331.404226 307.687419
992 220.774517 152.311563 332.055874 308.203248
993 221.159726 152.055697 332.817572 308.342216
994 222.765829 153.018171 334.196331 308.952360
995 222.852922 152.319510 334.426741 308.907557
996 224.048605 152.572056 335.098755 309.344531
997 225.506469 153.264820 336.268794 309.735421
998 225.156911 152.349379 336.041963 309.626948
999 224.538435 152.073422 336.397886 309.715906
1000 224.419184 151.888492 336.554844 309.578951
