42 983.303015 104.736049 41.628021 45.660026
43 942.587219 125.059341 47.120927 43.259678
44 926.428433 152.066013 52.557886 47.192972
45 907.170193 169.774925 60.810457 50.295044
46 917.286512 183.206958 64.070285 51.331632
47 923.326777 177.258685 60.803504 55.086819
48 943.418503 185.996825 68.341058 52.351862
49 918.723896 159.832184 79.623556 51.648715
50 871.167451 191.421673 82.946312 49.820919
51 819.303511 213.517573 84.445465 49.217501
52 800.750926 248.595085 85.035136 51.924139
53 786.525883 282.756736 87.092382 53.868810
54 768.118395 293.615358 87.230332 53.336237
55 767.104718 308.937221 91.417142 53.575471
56 780.841002 323.116097 89.209869 51.098564
57 813.295249 358.566887 96.668887 55.455724
58 819.992540 376.123414 97.566440 56.039886
59 794.264282 383.755082 118.540447 56.892066
60 753.039642 336.226916 125.559097 60.921185
61 698.580183 281.412022 138.940247 65.666517
62 690.052509 258.702060 142.559468 67.155812
63 685.429525 290.793978 146.886536 68.632064
64 676.715703 300.235341 147.169090 67.588544
65 680.494519 352.335919 149.294242 72.591318
66 602.162087 370.441397 155.539041 70.798386
67 577.726172 354.593805 158.150732 70.221983
68 574.921774 348.825641 162.558583 68.253438
69 557.444495 362.608334 161.977088 69.616923
70 582.804564 401.745010 165.960277 73.119564
71 540.200109 378.654134 190.370517 70.497163
72 539.370374 384.715515 194.761858 68.183165
73 537.029954 391.531538 199.913002 67.384886
74 497.768858 369.583191 205.333571 68.216641
75 453.422302 346.247557 211.082659 69.222041
76 462.124518 368.732975 228.086419 70.898834
77 443.518056 368.432193 261.728585 68.083428
78 362.587450 360.614889 316.606581 79.383443
79 364.715649 352.558943 325.200923 81.740308
80 365.917980 356.382866 396.113977 92.703736
81 224.399335 329.950633 468.413960 107.890141
82 227.398628 345.473791 525.919684 118.748522
83 375.761891 322.358131 572.601025 118.147149
84 329.600896 254.364250 652.884427 126.023939
85 295.892031 265.560331 667.937452 123.725092
86 278.848366 250.593315 668.636258 125.395381
87 243.207581 289.085230 693.055554 136.632785
88 217.245810 322.517719 700.540615 160.665038
89 212.714931 328.880011 724.643615 161.875210
90 164.769784 321.747014 750.930268 162.498008
91 110.721458 322.296890 766.579417 167.239697
92 103.819940 362.614017 807.030585 169.444920
93 84.737660 390.652905 832.320759 173.648222
94 51.660693 413.167000 840.189011 176.336276
95 25.606030 426.446418 839.376689 180.099649
96 24.541989 503.870413 866.968395 185.846819
97 17.248358 544.108242 902.372979 175.891758
98 0.000000 537.674527 879.296729 170.995895
99 0.000000 491.378693 847.443876 187.092229
100 0.000000 465.674156 811.378846 200.195682
101 0.000000 492.606154 796.415300 197.509114
102 0.000000 472.675584 779.106607 208.840776
103 0.000000 401.052209 756.427056 233.518532
104 0.000000 373.446981 733.672277 242.057045
105 0.000000 382.727403 737.866636 242.353262
106 0.000000 373.896464 733.956915 246.425845
107 0.000000 373.235834 742.332886 248.535599
108 0.000000 377.915859 748.483331 250.585992
109 0.000000 386.691120 768.741282 249.690347
110 0.000000 362.765587 763.713087 258.529770
111 0.000000 330.912582 774.617549 266.178448
112 25.820137 280.886861 801.050419 268.568574
113 40.915439 215.168719 829.616661 272.064659
114 61.421084 163.001256 828.634458 274.242841
115 66.415066 124.435798 822.221707 276.275639
116 68.545405 117.813681 849.989197 268.258524
117 69.327019 68.493363 852.034786 269.807911
118 61.883861 49.640669 887.746958 264.360641
119 61.019086 52.846067 891.711249 257.970956
120 69.072040 63.063830 895.569953 254.460674
121 80.005728 70.668414 895.052026 248.915859
122 62.619577 96.248411 903.653370 241.302551
123 34.846143 163.182454 911.152893 240.290158
124 14.436893 198.500583 919.011876 234.972318
125 20.874919 196.819240 917.721683 236.203837
126 0.000000 228.830551 933.366839 232.266404
127 21.671822 170.362250 947.441304 235.084709
128 0.000000 127.510291 995.129072 241.254728
129 14.141343 105.731628 1012.311528 248.657970
130 10.810661 153.613712 1028.240409 247.343635
131 5.496864 184.485095 1066.657919 235.375751
132 11.808281 79.046565 1078.991203 243.034140
133 0.000000 44.859323 1044.250798 237.532987
134 24.593166 93.724860 1079.516603 240.822677
135 19.294768 163.367355 1112.062191 238.715067
136 1.417416 120.460208 1161.269855 235.425562
137 0.000000 16.120533 1160.665017 238.900690
138 0.000000 18.995198 1141.023027 236.266138
139 63.405781 76.705528 1132.913897 247.319773
140 101.861610 124.858640 1138.643519 241.788369
141 83.791481 129.010444 1168.587468 249.268475
142 75.510876 170.966739 1187.405984 247.692975
143 58.386475 202.112588 1200.581202 245.820691
144 41.751996 233.787832 1238.248004 247.791271
145 35.615784 236.618106 1242.677641 246.460052
146 24.298924 266.531838 1244.975024 245.335880
147 0.000000 312.468066 1264.074955 240.979651
148 0.000000 315.982577 1280.000000 236.713166
149 0.000000 312.862864 1259.553711 233.726382
150 0.000000 247.866304 1263.812773 240.514469
151 0.000000 172.373218 1252.928788 250.374249
152 0.000000 236.927715 1246.632206 252.532009
153 0.000000 271.823419 1223.551600 242.161322
154 0.000000 167.733052 1215.975260 256.076321
155 0.000000 101.348869 1219.569420 271.839246
156 0.000000 146.895985 1216.175562 262.099827
157 0.000000 186.458955 1204.189966 261.100202
158 0.000000 207.700634 1199.855171 260.150473
159 0.000000 222.485171 1180.729725 261.730882
160 0.000000 260.083152 1148.963020 259.440094
161 0.000000 243.312075 1137.866821 258.512845
162 0.000000 231.909129 1125.372270 256.565157
163 0.000000 287.857686 1107.518207 253.876053
164 0.000000 302.003865 1135.509880 244.279651
165 0.000000 284.176619 1160.624009 241.929847
166 0.000000 353.470491 1163.121527 241.868196
167 0.000000 363.718258 1174.160422 237.865435
168 0.000000 286.722635 1169.076169 246.849718
169 0.000000 288.862991 1167.504470 240.337573
170 11.886763 318.692552 1197.261877 236.046428
171 0.000000 239.903486 1232.893811 239.725003
172 0.000000 143.463332 1253.795273 243.648834
173 0.000000 159.619710 1259.190711 252.516937
174 0.000000 209.834168 1255.170020 252.440364
175 0.000000 244.914249 1258.959226 246.748739
176 0.000000 269.717949 1248.160753 240.177217
177 0.000000 259.857777 1254.513871 238.082342
178 0.000000 277.703376 1265.732836 235.779079
179 0.000000 245.324483 1275.032851 237.388000
180 0.000000 221.896232 1280.000000 239.026119
181 0.000000 257.623530 1280.000000 238.520040
182 0.000000 280.142964 1278.091431 239.543016
183 0.000000 312.859424 1266.359515 242.777687
184 0.000000 314.067246 1238.343531 242.884882
185 0.000000 217.050415 1248.080863 253.488931
186 0.000000 126.426598 1252.529571 262.175418
187 0.000000 99.214790 1279.851857 264.555237
188 0.000000 87.051650 1279.449804 261.150702
189 0.000000 78.670520 1265.571078 250.260056
190 0.000000 90.177681 1276.942384 241.280596
191 0.000000 76.919259 1280.000000 247.790279
192 0.000000 114.365861 1242.389404 245.843845
193 0.000000 161.354486 1191.024731 239.325379
194 0.000000 122.208561 1169.464847 243.620352
195 0.000000 105.690763 1150.117441 243.902931
196 0.000000 149.729239 1137.315506 236.426554
197 0.000000 169.349359 1131.808178 232.906678
198 0.000000 200.487411 1121.649771 230.199181
199 0.000000 216.186485 1108.561966 225.583968
200 0.000000 237.537709 1123.734177 220.316528
201 0.000000 255.224459 1132.347968 215.964117
202 0.000000 252.190893 1149.669424 214.012923
203 0.000000 224.601984 1157.849166 213.757226
204 0.000000 172.195756 1176.131288 214.255440
205 0.000000 131.878665 1189.182178 213.721965
206 0.000000 132.477917 1213.911268 209.193196
207 0.000000 142.630408 1236.554821 206.131160
208 0.000000 152.465054 1243.763999 205.529530
209 0.000000 154.178293 1249.540427 203.960522
210 0.000000 173.039476 1237.840484 203.127076
211 0.000000 211.854038 1220.350073 203.503668
212 0.000000 234.932439 1219.863901 202.802820
213 0.000000 246.284071 1224.439138 203.106178
214 0.000000 260.197110 1210.420332 203.769683
215 0.000000 296.408274 1229.099835 204.166593
216 0.000000 290.086342 1236.810263 203.185610
217 0.000000 228.810016 1257.647517 209.182192
218 0.000000 227.325258 1249.190562 211.005464
219 0.000000 225.030484 1248.335839 210.071979
220 0.000000 197.791071 1257.727201 211.250006
221 0.000000 227.599036 1264.622218 208.012490
222 0.000000 191.358159 1264.315941 211.236287
223 0.000000 72.974460 1280.000000 226.595820
224 0.000000 51.394616 1280.000000 230.075221
225 0.000000 73.249101 1260.215332 223.905199
226 0.000000 134.640751 1231.465647 220.272534
227 0.000000 168.043155 1220.309871 216.101612
228 0.000000 157.290215 1219.775637 218.150391
229 0.000000 143.792912 1216.477694 221.181802
230 0.000000 166.872378 1205.902209 221.952453
231 0.000000 187.131261 1200.125145 221.538947
232 0.000000 190.959726 1206.744905 221.751044
233 0.000000 198.546410 1188.946967 221.704434
234 6.541730 229.497790 1188.816362 230.207350
235 0.000000 244.248523 1198.372984 228.783707
236 0.000000 180.263353 1181.119596 230.584932
237 0.000000 168.865184 1164.379693 231.078944
238 0.000000 207.057947 1156.875566 234.457466
239 0.000000 175.513117 1162.172178 232.965976
240 0.000000 111.236000 1151.514587 233.765445
241 0.000000 145.353714 1113.335504 235.401231
242 0.000000 172.420346 1132.487438 237.740490
243 0.000000 131.432991 1132.938727 234.754651
244 0.000000 135.931403 1122.115294 233.792533
245 0.000000 165.238887 1123.600244 234.179967
246 0.000000 159.956627 1132.188114 229.306051
247 0.000000 151.305766 1142.783982 220.817146
248 0.000000 154.842699 1146.232201 220.459764
249 0.000000 179.501974 1155.092893 223.286952
250 0.000000 166.755143 1150.670082 219.539125
251 0.000000 112.529944 1143.187686 216.770467
252 0.000000 131.106574 1157.755466 213.685583
253 0.000000 118.610921 1153.876243 209.625369
254 0.000000 55.050843 1153.647635 205.739682
255 0.000000 82.533560 1147.904314 230.635087
256 0.000000 130.096641 1165.944178 227.525844
257 0.000000 26.193553 1167.320370 229.922574
258 0.000000 45.744559 1141.913802 216.116783
259 19.658808 61.987947 1114.600303 246.904865
260 45.995722 137.020693 1151.251940 228.826263
261 49.282991 137.541254 1147.144494 226.268830
262 49.867127 168.094375 1133.061754 226.567135
263 23.196466 247.157943 1140.246079 226.557377
264 16.411529 269.380195 1156.850332 223.696572
265 12.205663 263.516241 1157.812931 223.340118
266 0.000000 272.123277 1154.849384 224.793915
267 0.000000 261.798470 1145.690801 221.694295
268 0.000000 263.794382 1132.862400 223.178081
269 0.000000 304.068797 1126.837157 227.824076
270 0.553577 304.534220 1121.941604 226.304584
271 0.000000 296.740904 1116.284836 222.188776
272 0.000000 269.733155 1110.201775 214.000989
273 1.469331 215.770216 1113.120209 211.512437
274 0.000000 163.099757 1105.383968 206.369503
275 0.000000 158.711309 1090.016983 202.055146
276 0.000000 192.743359 1084.066489 201.862205
277 0.000000 188.276168 1070.032335 196.883153
278 0.000000 163.858181 1061.639275 188.907353
279 0.000000 214.280249 1048.729945 186.207959
280 0.000000 248.025060 1037.549144 177.792148
281 0.000000 151.862393 1050.800503 188.071948
282 6.399929 134.666528 1043.623838 185.806857
283 0.000000 167.662731 1035.095018 176.980328
284 4.980999 163.323620 1055.843064 166.160190
285 0.000000 179.079249 1060.439106 159.481506
286 0.000000 260.046958 1056.623518 165.261237
287 0.000000 305.051122 1066.315079 157.762943
288 6.405154 254.128753 1100.554737 159.158707
289 0.000000 282.182199 1123.353357 157.331512
290 0.000000 302.714800 1131.497253 150.649855
291 0.000000 273.399723 1141.921642 150.136439
292 0.000000 274.955346 1168.144921 150.935572
293 0.000000 287.912540 1171.720768 147.565370
294 0.000000 277.334310 1186.178789 146.592747
295 0.000000 262.959299 1195.917350 147.443996
296 0.000000 273.377033 1174.699776 146.411238
297 0.000000 283.085983 1188.863055 143.667313
298 0.000000 284.212971 1182.407607 141.857913
299 0.000000 294.082394 1190.146126 140.120813
300 0.784008 302.521540 1188.332164 137.893529
301 0.000000 289.440095 1186.766677 136.669670
302 0.000000 301.382801 1184.869279 135.861356
303 0.000000 314.797529 1192.000809 133.070401
304 0.000000 300.474971 1186.039440 132.159622
305 0.000000 316.016029 1181.372124 133.160835
306 0.000000 347.813830 1163.660074 132.629658
307 0.000000 335.026004 1144.134185 132.111355
308 0.000000 314.227583 1159.945512 132.617122
309 0.000000 334.373081 1122.973544 133.571738
310 0.000000 342.862164 1127.705710 131.185015
311 0.000000 338.594108 1147.846180 130.775009
312 0.000000 344.510745 1153.081652 130.777279
313 0.000000 373.265175 1152.923069 131.309367
314 0.000000 377.012691 1160.988586 129.036244
315 0.000000 405.853572 1129.282976 130.904612
316 0.000000 400.191510 1123.594643 129.051740
317 0.000000 416.150380 1137.692381 131.530360
318 0.000000 488.119917 1138.301951 137.941118
319 0.000000 549.140122 1135.121015 140.817891
320 0.000000 541.304148 1132.617313 138.823419
321 11.506368 507.560107 1138.890309 141.128842
322 0.000000 461.013546 1151.368720 142.748740
323 0.000000 440.652491 1164.742084 139.835654
324 0.000000 449.036096 1126.264331 136.585529
325 0.000000 406.780774 1129.151390 137.983742
326 5.321479 372.997347 1131.612448 138.973928
327 4.326444 342.967624 1160.770256 138.076373
328 0.000000 374.129243 1171.924619 139.372956
329 0.000000 467.018384 1167.495332 147.653354
330 0.000000 573.179945 1189.737004 146.820055
331 9.185510 537.223731 1182.235316 147.934560
332 16.592378 431.301488 1236.505208 157.130769
333 4.335065 408.359509 1251.798745 158.912636
334 0.000000 472.550015 1254.589529 161.799956
335 0.000000 520.005191 1250.894380 162.683811
336 0.000000 517.532297 1247.381567 163.573373
337 0.000000 497.636398 1241.656120 163.135594
338 0.000000 495.570432 1249.980279 162.582938
339 0.000000 482.494315 1270.129170 174.250180
340 0.000000 485.958057 1260.997237 176.959007
341 0.000000 492.979447 1253.191084 176.009800
342 0.000000 476.034786 1276.031368 174.296452
343 0.000000 414.718751 1256.622346 181.936797
344 0.000000 398.034903 1251.745578 177.814182
345 0.000000 426.355259 1251.380244 173.458876
346 0.000000 465.750657 1245.828817 170.313267
347 0.000000 494.418663 1234.062830 168.624457
348 0.000000 483.548906 1239.400044 169.543170
349 0.000000 425.920552 1235.897353 175.699232
350 0.000000 431.238398 1234.765788 171.042229
351 0.000000 436.516852 1244.007990 165.920987
352 0.000000 388.511244 1246.350386 168.596516
353 0.000000 362.702850 1279.419871 167.799143
354 0.000000 373.026767 1263.959971 167.059517
355 0.000000 380.880925 1275.665451 166.936228
356 0.000000 315.456056 1280.000000 173.347563
357 0.000000 221.412633 1274.385010 181.704400
358 1.620756 245.167134 1273.746720 180.687439
359 0.000000 317.856190 1267.693287 184.383117
360 0.000000 385.239265 1257.817699 185.630339
361 0.000000 402.830217 1260.056416 180.617673
362 0.000000 406.965134 1261.361553 177.615640
363 0.000000 364.929717 1264.816042 179.557060
364 0.000000 336.324281 1269.754828 177.523544
365 0.000000 335.800585 1269.825729 177.245375
366 0.000000 361.734561 1276.359645 175.031786
367 0.000000 402.179322 1280.000000 171.408761
368 0.000000 402.838192 1279.757690 168.946659
369 0.000000 390.116505 1280.000000 165.957552
370 0.000000 389.279080 1277.698242 164.106273
371 0.000000 393.229566 1278.689465 163.449520
372 0.000000 396.773497 1273.638219 162.928400
373 0.000000 395.677233 1268.328813 161.334575
374 0.000000 389.967883 1264.152396 159.046795
375 0.000000 391.357185 1280.000000 158.691020
376 0.000000 386.948341 1262.584106 159.138480
377 0.000000 385.069442 1249.405327 158.211650
378 0.000000 384.986072 1245.986192 156.691772
379 0.000000 378.824871 1251.208711 155.071907
380 0.000000 379.235388 1244.065458 154.005106
381 0.000000 373.710185 1244.261047 151.545190
382 0.000000 378.022411 1244.625648 151.934631
383 0.000000 378.545331 1241.070603 150.212430
384 0.000000 375.293115 1251.532553 147.920472
385 0.000000 379.371137 1250.435798 148.061602
386 0.000000 383.213558 1257.724370 148.605564
387 0.000000 385.603987 1263.793066 149.154069
388 0.000000 388.574966 1271.287915 149.212834
389 0.000000 392.197234 1270.714784 149.114992
390 0.000000 396.442983 1269.786488 150.010045
391 0.000000 379.463206 1236.150011 148.987061
392 0.000000 361.465819 1218.325886 147.226773
393 0.000000 370.592367 1230.658455 147.931531
394 0.000000 379.743799 1228.621373 147.122721
395 0.000000 379.189246 1233.431957 146.440532
396 0.000000 379.493447 1232.250969 144.617294
397 0.000000 378.192453 1229.749479 144.052320
398 0.000000 383.619955 1236.795401 144.669129
399 0.000000 389.705808 1245.543254 144.818580
400 0.000000 389.568538 1246.901651 143.527406
401 0.000000 373.105514 1233.247306 142.681716
402 0.000000 371.886902 1229.701431 142.607437
403 0.000000 377.800042 1230.963712 142.683623
404 0.000000 375.687552 1230.379737 141.928226
405 0.000000 371.326187 1222.795459 142.138157
406 0.000000 369.735025 1225.023705 141.695256
407 0.000000 364.422689 1215.765977 141.289611
408 0.000000 363.272194 1223.334321 141.586783
409 0.000000 359.720300 1215.888125 141.824202
410 0.000000 361.632357 1229.059990 141.809624
411 0.000000 361.698883 1233.532527 141.072788
412 0.000000 355.245657 1215.948559 140.619444
413 0.000000 356.239799 1215.403675 140.519586
414 0.000000 361.334008 1208.762490 141.876947
415 0.000000 363.687507 1211.339072 140.812107
416 0.000000 365.057582 1199.798166 138.645840
417 0.000000 364.831989 1186.552028 138.532385
418 0.000000 377.138155 1165.165385 138.075972
419 0.000000 392.957624 1147.984225 135.079714
420 0.000000 369.994550 1128.857329 135.971757
421 0.509013 368.020550 1129.910994 134.317723
422 0.000000 371.627983 1129.475972 134.239306
423 0.000000 365.427860 1132.810971 131.886194
424 0.000000 366.300133 1139.412274 130.787576
425 0.000000 369.528985 1148.249620 129.363293
426 0.000000 358.490662 1148.361771 128.952854
427 0.000000 358.159446 1161.411667 128.528351
428 0.000000 361.095339 1151.758255 130.063592
429 0.000000 364.502261 1149.352208 129.638632
430 0.000000 365.855371 1156.676929 129.608906
431 0.000000 358.801875 1135.956261 129.995518
432 0.000000 356.878563 1140.898028 129.484036
433 0.000000 366.501813 1147.417816 129.292198
434 0.000000 366.482609 1144.789371 129.266929
435 0.000000 365.546806 1147.282349 129.596368
436 0.000000 370.231574 1132.647867 129.078431
437 0.000000 368.284342 1134.674522 128.405400
438 0.000000 367.066116 1135.930716 127.700901
439 0.000000 363.904771 1157.838627 127.016071
440 0.000000 365.101409 1152.710098 128.730763
441 0.000000 367.808693 1163.992262 129.534293
442 0.000000 368.512717 1150.853565 130.077207
443 0.000000 368.194796 1145.632022 130.003887
444 0.000000 365.207956 1128.646050 130.187395
445 0.000000 368.322424 1126.918493 130.876718
446 0.000000 369.822431 1125.598814 129.791458
447 0.000000 362.733283 1123.281044 129.363957
448 0.000000 362.383575 1116.618246 129.665528
449 0.000000 365.271395 1125.541831 129.368377
450 0.000000 363.401979 1121.231016 128.186266
451 0.000000 360.751555 1115.014859 128.470754
452 0.000000 366.419382 1141.352849 128.243417
453 0.000000 364.819262 1147.216651 128.509859
454 0.000000 359.653344 1134.246718 129.368580
455 0.000000 359.693267 1139.537366 129.836700
456 0.000000 352.056217 1144.266962 131.036453
457 0.000000 358.790284 1165.571958 131.789687
458 0.000000 361.911256 1168.960400 132.491468
459 0.000000 353.760564 1148.584129 131.957623
460 0.000000 355.032382 1145.373173 132.299657
461 0.000000 361.230215 1163.052516 132.295300
462 0.000000 352.723974 1145.914883 132.509351
463 0.000000 351.074640 1121.664200 133.553175
464 0.000000 359.720341 1128.245521 133.408238
465 0.000000 360.603188 1124.641346 133.166020
466 0.000000 357.996514 1114.680625 133.268801
467 0.000000 357.163377 1113.693864 133.806900
468 0.000000 354.874862 1108.802750 133.925420
469 0.000000 349.766081 1114.826615 133.398047
470 0.000000 349.559785 1115.424837 133.962836
471 0.000000 350.694134 1103.884031 134.189823
472 0.000000 350.084161 1104.501026 134.013462
473 0.000000 350.908971 1104.089453 134.190454
474 0.000000 351.697169 1105.465043 134.505676
475 0.000000 351.399768 1103.331309 134.546074
476 0.000000 351.662902 1103.276103 135.766818
477 0.000000 353.031692 1092.261613 135.511006
478 0.000000 352.521265 1095.813105 135.358408
479 0.000000 351.486618 1094.374572 134.716657
480 0.000000 350.975662 1086.655955 134.458958
481 0.000000 353.835461 1100.100631 134.510775
482 0.000000 361.466259 1102.020923 135.201706
483 0.000000 359.908611 1088.242583 134.775867
484 0.000000 359.806270 1084.177445 135.554953
485 0.000000 361.726867 1082.240385 135.855158
486 0.000000 361.401953 1075.309706 136.244743
487 0.000000 359.428226 1070.088699 136.764187
488 0.000000 359.840684 1073.329385 136.985857
489 0.000000 358.496904 1070.348149 137.319866
490 0.000000 357.741673 1076.348141 138.075196
491 0.000000 359.255181 1084.275555 138.585392
492 0.000000 356.315261 1077.669030 138.492007
493 0.000000 355.452364 1084.077144 138.919380
494 0.000000 363.006330 1092.819301 139.602667
495 0.000000 360.138310 1088.011317 139.131442
496 0.000000 353.135820 1090.076399 140.600992
497 0.000000 359.383738 1094.826593 141.040166
498 0.000000 360.556273 1091.740330 141.453795
499 0.000000 358.312537 1088.315975 141.355224
500 0.000000 361.349131 1087.954946 141.960695
501 0.000000 360.725795 1086.440709 141.651215
502 0.000000 356.757710 1076.476648 141.065353
503 0.000000 363.261659 1088.577663 138.932713
504 0.000000 357.269462 1090.086979 137.652494
505 0.929610 339.477872 1091.527190 137.981818
506 0.000000 340.842733 1091.327818 137.169606
507 0.000000 335.496566 1103.058866 135.625874
508 1.908531 320.694834 1107.360076 134.882582
509 0.337484 325.024718 1103.566310 135.981135
510 5.590668 333.678312 1107.732903 133.955933
511 0.000000 332.003378 1116.882501 133.113044
512 0.000000 335.667223 1124.482719 134.159507
513 0.000000 331.085602 1125.725071 133.650967
514 0.000000 325.098080 1126.047369 133.258300
515 0.000000 323.743095 1137.838376 133.665224
516 0.000000 315.958635 1132.588746 133.307333
517 0.000000 319.983365 1144.645559 133.483818
518 0.000000 323.917249 1155.139473 133.551073
519 0.000000 315.163571 1153.103966 132.382315
520 0.000000 315.697724 1163.534013 131.501628
521 0.000000 319.289503 1157.903224 132.617586
522 0.000000 309.007285 1160.041417 132.448087
523 0.000000 309.937121 1158.473425 131.452751
524 0.000000 316.416169 1153.002608 130.488257
525 0.000000 312.420032 1153.008903 129.494345
526 0.000000 312.960236 1174.219157 127.993870
527 0.000000 317.170069 1175.138862 129.357819
528 0.000000 319.353592 1189.705840 129.122532
529 0.000000 319.373253 1196.641614 128.862946
530 0.000000 323.655832 1194.661166 129.914327
531 0.000000 324.081258 1190.445948 130.113917
532 0.000000 318.745321 1192.959625 129.074747
533 0.000000 320.462583 1174.508012 129.351799
534 0.000000 325.089837 1153.963059 129.857387
535 0.000000 337.732380 1140.890017 127.742206
536 0.000000 339.418790 1131.675313 127.130719
537 0.000000 350.100681 1099.785604 126.161803
538 0.000000 364.241436 1059.204221 124.360646
539 0.000000 369.250413 1034.993692 121.963715
540 0.000000 376.071602 1015.778818 117.041493
541 0.000000 347.937915 1029.183824 117.421317
542 0.000000 331.363701 1033.158822 115.909884
543 4.718941 328.578923 1038.974344 114.779367
544 9.231101 326.286271 1043.323552 114.421576
545 3.027580 322.820000 1041.455993 113.527727
546 0.000000 323.363854 1039.184932 111.141139
547 0.000000 326.451698 1005.625968 108.767858
548 2.833319 321.599907 996.681863 108.079690
549 0.000000 338.878384 967.611395 107.210853
550 0.000000 343.656795 938.629377 106.200513
551 0.000000 345.133528 910.791598 105.386645
552 0.000000 350.126568 896.529518 105.470204
553 0.000000 351.444863 881.195973 104.922292
554 0.000000 353.418856 873.355165 104.906498
555 0.000000 362.325563 861.688680 105.702543
556 14.882049 349.290967 872.265031 105.707197
557 17.673343 335.969177 876.709164 105.987232
558 7.837200 354.348175 898.206765 108.125826
559 5.778518 367.643461 938.468613 109.168367
560 26.039415 357.599421 968.713079 108.700060
561 28.258797 350.672867 986.005572 110.230067
562 16.368519 361.690420 999.623921 112.057895
563 7.720766 363.675808 1019.246292 113.499649
564 8.976524 343.370871 1048.725785 112.705742
565 4.047534 342.765541 1055.026386 113.137541
566 0.000000 361.487836 1074.933418 114.071642
567 0.000000 369.552154 1075.657433 114.888338
568 4.418071 368.877758 1082.441422 114.529960
569 0.000000 375.847166 1096.421568 117.577217
570 0.000000 390.076402 1096.272457 118.458541
571 0.000000 382.852962 1098.645679 120.657843
572 0.000000 384.838880 1108.977518 118.578820
573 2.756253 383.089074 1126.803051 117.632757
574 0.000000 382.315570 1122.554103 120.106308
575 0.000000 385.176474 1116.569402 121.654912
576 0.000000 372.353283 1148.600032 122.386026
577 0.000000 367.336462 1140.935564 122.760613
578 0.000000 370.980193 1136.260496 124.522292
579 0.000000 354.644152 1149.914050 124.256670
580 0.000000 327.685535 1169.303119 125.218150
581 0.000000 331.419414 1187.414707 125.916687
582 0.000000 337.916819 1197.914200 125.619702
583 0.000000 327.204739 1193.170701 126.612230
584 0.000000 324.960631 1190.681173 128.019197
585 0.000000 329.714836 1204.270936 129.313836
586 0.000000 333.987359 1215.473774 129.997782
587 0.000000 331.264908 1230.668146 129.954172
588 0.000000 328.222617 1234.828958 130.598818
589 0.000000 332.291931 1234.216785 131.612251
590 0.000000 337.097528 1227.894792 132.223534
591 0.000000 335.157121 1228.230730 133.573507
592 0.000000 333.079843 1237.096201 135.584267
593 0.000000 334.260827 1231.214140 136.961107
594 0.000000 335.932908 1232.969706 136.686458
595 0.000000 334.542618 1231.099050 137.005233
596 0.000000 343.023832 1226.319263 138.802956
597 0.000000 345.780389 1232.873898 139.962702
598 0.000000 332.139974 1237.973410 142.309232
599 0.000000 332.449357 1237.370314 142.548149
600 0.000000 336.133777 1243.193083 142.855401
601 0.000000 337.777367 1241.386622 142.708266
602 0.000000 336.512922 1232.125406 142.981958
603 0.000000 338.420943 1240.168153 144.462640
604 0.000000 338.477437 1238.275369 144.153763
605 0.000000 322.921855 1239.893010 144.977084
606 0.000000 325.393619 1243.121755 146.092247
607 0.000000 334.327627 1242.098483 145.704284
608 0.000000 329.712979 1231.355666 145.215451
609 0.000000 328.758532 1227.499175 146.883288
610 0.000000 334.098425 1232.031005 146.771434
611 0.000000 330.412224 1236.422209 146.720994
612 0.000000 332.316139 1233.723630 146.919762
613 0.000000 333.959990 1236.976709 147.055571
614 0.000000 335.183437 1236.553452 146.854346
615 0.000000 336.729116 1236.773456 147.672001
616 0.000000 338.793002 1240.311189 147.628107
617 0.000000 339.593983 1237.892358 147.266250
618 0.000000 339.286205 1235.964545 147.337072
619 0.000000 338.803988 1240.724324 147.256913
620 0.000000 334.943349 1249.025457 147.983486
621 0.000000 336.628874 1251.075456 147.310640
622 0.000000 336.926789 1247.478964 147.518540
623 0.000000 336.915373 1247.100663 147.780006
624 0.000000 336.557909 1249.814375 147.616421
625 0.000000 336.768647 1245.778509 147.546907
626 0.000000 338.672116 1241.517813 147.657296
627 0.000000 341.631411 1245.953676 147.219856
628 0.000000 344.308988 1250.325798 146.948290
629 0.000000 340.614464 1244.819476 147.063927
630 0.000000 339.019613 1247.485096 147.773991
631 0.000000 342.644084 1250.253300 147.408346
632 0.000000 346.958851 1262.985886 147.081396
633 0.000000 341.448283 1264.466659 146.730833
634 0.000000 339.298867 1250.060690 147.391614
635 0.000000 346.007578 1266.753636 146.769854
636 0.000000 342.928461 1258.704194 146.510610
637 0.000000 338.355109 1262.409419 146.289145
638 0.000000 343.371053 1254.005100 146.185799
639 0.000000 344.986342 1261.896086 146.739594
640 0.000000 342.495185 1248.467274 147.697951
641 0.000000 342.625667 1249.377450 146.566353
642 0.000000 341.489655 1245.376915 146.382771
643 0.000000 344.473566 1243.580884 145.864158
644 0.000000 338.486052 1244.855181 147.097155
645 0.000000 344.430442 1244.996896 145.641607
646 0.000000 347.180758 1241.225385 146.207219
647 0.000000 343.914861 1242.539150 146.590101
648 0.000000 337.609192 1246.919325 147.508757
649 0.000000 338.763617 1247.278660 147.347245
650 0.000000 340.796363 1240.336315 146.886917
651 0.000000 342.138602 1240.388298 146.674605
652 0.000000 337.291662 1235.986741 148.716712
653 0.000000 340.089761 1241.358823 148.359766
654 0.000000 340.531264 1248.580263 148.077701
655 0.000000 341.224384 1253.884137 147.251026
656 0.000000 342.421583 1252.609209 147.584696
657 0.000000 344.525008 1258.211095 147.717727
658 0.000000 343.045207 1253.811131 147.364557
659 0.000000 344.514872 1256.389740 147.536573
660 0.000000 347.491790 1251.347713 147.983091
661 0.000000 348.673354 1250.809066 147.560062
662 0.000000 347.587093 1248.137189 147.534211
663 0.000000 342.219007 1242.777387 147.525729
664 0.000000 344.243079 1249.371495 147.478925
665 0.000000 350.372179 1253.581905 147.268715
666 0.000000 346.363860 1242.200580 145.322658
667 0.000000 341.554636 1242.323140 145.422614
668 0.000000 343.234390 1238.419217 146.895304
669 0.000000 346.650677 1240.806971 146.044653
670 0.000000 346.950883 1242.899473 145.501434
671 0.000000 348.824046 1241.997969 146.582670
672 0.000000 347.321172 1239.986243 146.606739
673 0.000000 340.712027 1234.727829 147.159501
674 0.000000 342.296247 1241.939930 146.592557
675 0.000000 341.513345 1240.852205 146.869294
676 0.000000 341.896860 1250.719503 146.254245
677 0.000000 342.373254 1262.182491 146.208628
678 0.000000 339.028315 1256.990137 146.301453
679 0.000000 343.010165 1251.907168 146.952042
680 0.000000 348.586374 1249.825217 145.838973
681 0.000000 346.680073 1244.838368 145.143438
682 0.000000 346.266392 1239.689650 145.452211
683 0.000000 350.173488 1233.293984 145.302712
684 0.000000 344.111559 1233.559247 146.827756
