2 981.757813 414.748949 153.651310 69.811185
3 978.976513 416.128083 154.850162 66.326341
4 975.554110 416.891577 153.829018 63.384068
5 973.513145 415.991265 152.376163 61.451037
6 969.545269 415.067399 152.148774 58.782328
7 965.780057 413.328296 151.017439 56.653515
8 963.126900 410.383924 149.968704 55.401281
9 960.420650 408.136415 148.079345 53.963428
10 959.058450 405.657308 145.357608 53.057952
11 955.015625 403.691328 145.678452 51.670484
12 952.858947 402.364940 143.977479 50.981789
13 950.807051 400.560430 142.811602 50.094265
14 948.831719 398.342045 141.704931 49.376231
15 947.563689 396.683546 140.480365 48.646325
16 946.204813 394.467277 138.557556 48.230716
17 945.175795 391.601076 136.849964 47.958976
18 943.830696 390.662353 136.004062 47.317776
19 943.129606 388.639753 134.586190 46.520443
20 941.438074 387.576596 134.227241 46.135095
21 942.214453 383.061286 134.010140 45.980482
22 941.261586 382.051604 133.556125 45.096763
23 942.836870 378.290659 134.304810 45.058730
24 941.859492 377.616831 133.736683 44.925559
25 942.844229 375.186379 132.862162 44.562073
26 942.565597 373.898141 131.594057 44.533903
27 943.147350 371.434852 130.860923 44.782187
28 943.991713 369.152164 130.500912 44.518044
29 944.260427 366.532643 130.270195 44.571763
30 944.241628 364.359781 131.837923 44.819648
31 944.198481 361.271281 131.894999 45.027444
32 943.428040 360.121042 131.894187 45.234308
33 944.857058 356.968104 131.356639 45.549973
34 945.779928 355.784673 130.712832 45.737725
35 947.770159 353.143850 130.161836 46.113147
36 950.447410 350.973514 131.281587 46.867374
37 958.544961 347.427373 130.661427 47.019883
38 960.930773 346.133897 131.762737 47.693501
39 971.284019 341.131544 129.725623 48.844411
40 976.287653 339.541223 130.447584 49.190095
41 981.870531 338.266496 129.811057 48.893897
42 994.172785 335.921715 129.323156 48.656452
43 997.306941 332.855648 127.466046 49.026164
44 1002.180853 329.800561 128.337907 48.981414
45 1006.482264 325.840750 129.967919 48.934358
46 1008.619817 323.339508 134.820332 49.160728
47 1010.576713 320.315110 136.216882 50.211467
48 1012.328582 317.723101 139.635588 50.712552
49 1017.518112 312.557047 140.431131 51.871329
50 1022.062055 309.685889 145.402157 52.242595
51 1025.696282 305.502669 146.088875 52.397291
52 1029.140092 302.755822 148.669412 52.441784
53 1035.313828 296.866013 152.236277 53.808875
54 1039.770064 293.911175 154.054747 53.911047
55 1045.425030 288.993120 155.783907 54.508006
56 1048.521811 286.841154 156.903619 55.988040
57 1052.901331 283.002571 160.773117 56.992103
58 1055.152785 280.890122 163.799546 57.910493
59 1057.768802 277.176363 168.286596 59.568804
60 1059.809707 273.650424 174.035969 61.360817
61 1065.444922 268.091816 181.510980 62.686497
62 1066.242353 265.712549 186.509454 63.636446
63 1072.898898 261.101232 191.559170 65.607327
64 1073.962065 259.928855 195.120676 66.285126
65 1081.251787 257.916840 197.819392 67.476046
66 1088.479601 257.776272 201.706514 68.274221
67 1097.844871 257.731969 205.848876 69.219871
68 1111.924825 259.931159 209.185549 70.385062
69 1125.440189 260.586897 213.509561 71.569815
70 1139.803884 266.741958 219.651323 72.517851
71 1155.283238 268.149816 224.562136 73.817676
72 1168.472700 271.340432 228.437530 74.856609
73 1183.989534 270.934673 232.658900 75.578113
74 1198.636657 271.832111 237.874691 76.842600
75 1216.000169 268.866668 242.317781 78.064752
76 1234.483230 269.458239 245.938082 79.150792
77 1254.016809 267.220524 247.818509 80.851243
78 1271.034392 268.266373 252.490343 82.120504
79 1286.396344 267.637664 255.968041 83.763193
80 1295.799909 269.361028 262.485388 85.057098
81 1307.710308 268.121232 266.906201 87.014728
82 1316.921226 269.038279 273.205588 89.039984
83 1327.595619 268.313108 278.918676 91.238991
84 1336.145257 269.269492 283.802550 93.134503
85 1342.568856 269.933551 290.123447 95.191282
86 1347.594957 270.637261 296.623246 97.128665
87 1356.289098 269.233004 303.581423 98.818237
88 1363.538339 266.658377 308.724125 100.486290
89 1371.950394 261.497112 313.641501 101.888702
90 1378.367310 256.815640 319.352451 103.524495
91 1386.762945 249.512823 326.684390 106.670608
92 1391.714204 242.425307 334.757977 110.415726
93 1395.530572 234.161187 342.258941 112.851082
94 1396.634970 228.321454 349.391133 115.098043
95 1395.656312 219.814000 356.199714 116.571742
96 1391.829345 213.757623 360.370966 117.999572
97 1389.196015 205.050519 365.076540 119.571104
98 1386.832665 198.663603 368.259334 121.690544
99 1386.680640 188.231604 371.486057 124.090115
100 1383.670584 180.693374 376.032042 127.311798
101 1380.406240 171.701244 379.647344 129.685959
102 1375.208974 167.021134 383.797097 131.974474
103 1370.220899 161.308798 386.515100 132.831936
104 1365.410846 158.286886 389.805039 134.324481
105 1362.180624 155.353656 392.211830 135.604969
106 1360.717971 154.873607 392.495003 136.107599
107 1361.962098 156.427107 400.632883 138.915426
108 1362.996912 166.778105 406.001735 139.952721
109 1364.132042 176.580700 409.212498 141.510809
110 1366.510052 191.607311 413.521010 145.625592
111 1368.364741 206.940336 415.282912 149.548204
112 1368.102334 230.968607 418.424080 153.275578
113 1365.530237 255.292740 418.992804 156.498427
114 1357.027073 282.670750 418.256664 159.218895
115 1348.875354 307.058626 419.954387 161.163091
116 1341.264748 327.399741 422.541106 162.470123
117 1333.389401 341.830298 425.995155 163.344063
118 1322.580576 352.946796 430.941526 164.319858
119 1306.223629 363.288036 436.301471 164.111182
120 1295.020860 365.505734 438.117805 164.696774
