291 372.423763 433.478532 47.017154 111.571018
292 375.051934 430.116652 43.423212 119.277411
293 373.912422 427.758169 39.715905 126.936299
294 375.207984 429.308119 37.546204 131.726734
295 375.352510 430.543395 36.873038 133.914692
296 375.437750 430.855703 36.907373 134.042427
297 375.495396 431.138427 36.933347 134.536262
298 375.459320 431.220507 36.615713 135.121568
299 375.690077 431.359074 36.788560 135.526769
300 375.399148 430.842076 36.501223 136.502230
301 375.482400 430.614886 36.606361 137.172593
302 375.359359 429.863687 36.450566 137.890971
303 375.353643 429.587769 36.111732 138.225647
304 375.046954 427.942150 35.414600 139.302086
305 374.488705 426.681982 34.618017 139.956279
306 374.775409 426.498818 34.578969 140.051817
307 375.123515 426.184680 33.613910 140.807657
308 376.087832 423.944637 32.436172 142.973487
309 377.131621 424.241717 31.205159 143.195849
310 377.752039 419.093915 30.892591 147.412141
311 377.119129 420.103685 30.835443 147.705634
312 376.427691 420.528590 30.866067 147.673640
313 373.986200 419.208052 30.716398 148.536742
314 373.111213 418.897288 30.924053 148.945257
315 371.292973 418.459987 30.908507 148.861554
316 370.617800 418.073332 30.828903 149.082459
317 370.763775 418.080980 30.985843 149.466003
318 369.709116 417.747103 31.010693 149.549787
319 369.676902 418.287445 31.461118 149.539082
320 369.561588 418.777813 31.497253 149.480696
321 370.238603 418.844424 31.355638 149.186721
322 371.611674 418.720227 31.375697 149.362466
323 372.123905 418.628777 31.505167 149.330786
324 372.742925 418.737700 32.042459 149.285404
325 372.105797 418.696863 32.546552 149.425861
326 371.914058 418.774103 33.006711 149.230328
327 371.589848 419.705259 33.701781 148.343280
328 371.742164 420.195522 34.157929 147.793200
329 371.770627 420.437236 34.535162 147.732822
330 371.951571 420.664305 35.054128 147.755976
331 372.195353 420.794249 35.541881 147.849795
332 371.795777 421.263729 36.009151 147.378000
333 371.431088 421.971754 36.486616 146.606962
334 371.178287 422.702012 36.480679 146.206657
335 369.866212 421.878696 36.368803 146.851099
336 368.420831 422.317508 36.293502 146.802115
337 367.520653 422.888421 36.357351 146.597577
338 367.042136 422.938080 36.324771 147.096472
339 366.797813 422.914011 36.318994 147.650296
340 366.254503 422.757627 36.159941 148.296571
341 366.094599 421.838214 35.967920 148.813194
342 365.892573 421.266593 35.677447 149.188514
343 366.327325 421.033700 35.588021 149.175422
344 365.790867 420.094239 35.396560 148.771224
345 364.448284 418.455755 34.752807 148.785689
346 360.554747 414.661205 33.159370 150.881847
347 364.432178 409.973653 32.014784 151.646380
348 365.861940 408.906327 31.420399 152.286815
349 365.681788 409.203942 30.916236 151.966492
350 360.483039 403.593248 30.209328 152.005595
351 361.189137 401.093002 29.674167 152.239962
352 361.248091 400.842591 29.849268 151.942401
353 361.142772 400.843900 29.868856 151.477403
354 361.077276 400.701246 29.861388 151.090358
355 353.192051 389.552618 29.296065 155.285398
356 354.586994 387.872815 28.405174 155.109595
357 357.649293 386.567703 27.430875 155.919782
358 356.302729 380.174219 26.656447 160.282273
359 355.618838 378.791781 25.999655 163.237019
360 355.745898 377.073275 25.230574 164.617785
361 355.812588 372.452302 24.933237 168.856487
362 356.111986 371.745272 24.860140 169.907691
363 356.709391 371.084677 24.985309 170.259594
364 356.912698 370.412767 24.926307 171.209544
365 356.982173 370.215911 24.923524 171.882040
366 356.972832 370.026251 24.926491 172.178040
367 356.657512 369.699783 24.879625 172.041423
368 356.638181 368.028188 24.763705 172.544434
369 356.264464 366.690720 25.036647 172.630218
370 356.518665 366.162633 25.549332 172.694092
371 356.851126 354.875070 26.255248 171.710456
372 357.024610 354.625722 26.521411 172.025556
373 358.202138 347.261057 27.219578 175.882334
374 358.015179 345.848143 28.010167 176.953487
375 357.643480 344.912800 29.098500 177.717925
376 356.486777 342.167060 30.296580 179.703320
377 357.326791 341.427764 30.862668 180.028281
378 357.448082 339.556884 31.167788 180.921007
379 357.898198 338.714948 31.546342 180.918120
380 358.111248 338.714780 31.995264 180.991119
381 357.774215 337.537308 32.048434 181.538196
382 357.993526 337.770535 32.490172 181.945239
383 357.268311 337.274172 32.698377 182.137692
384 357.370213 337.451367 33.018187 182.396904
385 357.480819 337.559384 33.549520 182.261427
386 356.333113 335.139598 34.492081 179.229153
387 356.146439 335.182350 34.517778 179.315711
388 355.341347 334.175644 35.039677 179.170744
389 355.008992 333.243561 35.522925 179.965399
390 354.370453 330.355150 36.042816 181.137686
391 354.448035 330.402810 36.510674 181.436328
392 354.198691 330.248260 37.095014 181.153332
393 353.909239 327.134675 37.671613 180.723363
394 354.044559 327.246333 37.992779 180.960566
395 353.697265 325.301285 38.135235 180.300469
396 353.692186 323.943410 38.662200 180.024993
397 353.749124 323.766275 39.129847 180.266245
398 351.480029 312.207190 39.524026 175.940575
399 351.713160 312.244313 39.986645 175.941782
400 351.714981 312.280832 39.986645 175.941782
401 351.734770 312.368947 39.948372 175.848325
402 351.772190 312.500804 39.951654 175.853864
403 351.807973 312.630184 39.951651 175.853403
404 351.843805 312.759837 39.951565 175.853310
405 351.879622 312.889427 39.951704 175.853503
406 349.738101 306.470937 39.677353 175.815117
407 349.513831 306.477533 39.810760 175.454809
408 349.078073 306.148694 39.954062 175.470283
409 349.096186 306.170942 39.986645 175.441948
410 348.781563 304.510377 40.081909 175.529231
411 348.975510 304.672287 40.501923 175.904235
412 349.197661 304.645117 41.007447 175.917965
413 345.319378 294.764037 42.328923 173.799522
414 345.746365 294.852437 42.392335 174.048944
415 346.034172 294.977383 42.412003 174.566084
416 347.190135 295.318993 42.397963 175.043058
417 347.237056 295.554761 42.485482 175.442960
418 347.239155 295.590671 42.485810 175.441948
419 347.241091 295.627086 42.485810 175.441948
420 347.243026 295.663502 42.485810 175.441948
421 347.244961 295.699917 42.485810 175.441948
422 347.246897 295.736333 42.485810 175.441948
423 347.985243 293.912616 42.356155 175.626373
424 348.722472 292.988881 42.513663 176.282427
425 349.582360 292.109120 42.934970 176.966643
426 349.858565 286.376425 42.674761 177.567946
427 350.013871 286.019243 43.138675 177.644620
428 349.920997 280.659964 44.267376 177.632109
429 350.112635 280.720346 44.520975 177.785312
430 350.325669 279.559466 45.096688 178.623872
431 350.525131 278.302447 45.773412 178.584864
432 350.509349 278.032981 46.177977 179.307470
433 350.608257 277.940874 46.548384 179.641946
434 350.776553 277.968109 47.025092 180.087401
435 349.236290 274.052688 47.869431 181.083506
436 349.321135 274.178198 47.964171 181.397807
437 349.316097 274.179366 48.002733 181.411714
438 349.544583 274.204010 48.494917 181.426116
439 349.527458 274.221730 48.494241 181.424142
440 349.510330 274.240333 48.494609 181.424610
441 348.168588 265.599132 49.419264 180.762352
442 348.202947 265.725577 49.483473 180.940128
443 348.279141 265.620381 49.491253 180.943132
444 348.339486 265.440391 49.451153 181.200777
445 348.481584 265.054248 49.496816 181.996133
446 348.914442 264.144555 49.305850 182.479353
447 349.099253 263.640435 49.595058 183.233950
448 349.569428 260.485329 50.453413 187.862678
449 349.565470 258.411752 50.756087 192.252365
450 349.594702 257.015067 51.274016 194.607213
451 351.245149 253.634303 51.381210 196.561114
452 351.149930 251.642329 51.729720 199.798973
453 351.275876 243.400186 51.827527 200.184107
454 351.199962 241.550047 52.610359 202.513555
455 351.266664 232.225151 53.268400 206.325968
456 350.837211 230.806766 53.623508 205.564998
457 351.019445 230.641529 53.982467 205.553945
458 350.981994 224.350272 53.069874 203.966013
459 351.122568 224.192200 53.146724 202.673318
460 351.121115 224.605870 53.105664 201.598472
461 349.674276 221.268750 52.634557 202.206773
462 349.703296 221.534992 52.791786 201.764728
463 348.200651 220.609191 52.715575 198.657051
464 348.395790 222.006453 52.703646 197.374970
465 348.505032 222.234170 52.591406 196.132367
466 346.697259 217.097392 52.775339 191.065393
467 346.941865 219.126271 52.668902 190.037081
468 346.826423 217.807471 52.733359 189.937071
469 346.745455 218.190677 52.686582 189.165492
470 346.681804 218.537649 52.845176 188.924303
471 345.373572 217.736974 53.265582 185.762224
472 345.563030 217.370203 52.882958 186.543787
473 344.069345 213.419899 52.960492 186.905936
474 344.280102 213.733402 52.584558 187.504730
475 344.867968 212.690251 52.359388 189.075906
476 344.772229 210.845789 52.149339 191.272975
477 344.972876 210.490311 52.404858 191.909673
478 345.308848 207.081520 52.046640 193.858191
479 345.558161 206.392799 52.480706 194.177612
480 345.564120 206.561431 52.482123 194.435246
481 345.707386 204.647224 52.442577 193.726137
482 345.649672 203.423201 52.514217 193.434767
483 345.880896 203.461621 52.992234 193.465132
484 345.872951 203.484591 52.992499 193.464846
485 345.354393 197.198770 53.281100 195.830874
486 344.604900 195.973724 53.418478 199.507118
487 344.500081 196.122098 53.447300 200.398455
488 342.514199 193.821264 53.860021 201.176861
489 342.594859 194.379847 53.887301 201.817899
490 342.704584 194.230990 53.827148 202.861525
491 342.718196 191.825298 53.434774 203.710923
492 343.395472 192.608660 52.304070 204.259510
493 343.549130 192.831908 52.384341 204.352004
494 343.666871 193.012527 52.377279 204.346183
495 343.812969 187.956701 52.495126 203.123318
496 344.156038 187.094789 52.320972 203.335514
497 344.892530 186.278155 51.984070 203.391892
498 346.971204 184.577471 51.662776 203.772313
499 347.113136 184.584449 51.989105 203.947511
500 347.093602 184.502835 51.986712 203.946246
501 347.565857 182.825643 51.739196 203.797484
502 347.909349 181.542632 51.797130 203.626825
503 348.949749 180.724644 51.642486 202.787664
504 349.172739 180.835100 51.969777 202.798554
505 349.226137 181.011499 51.978177 202.747261
506 350.049615 179.996515 51.791710 200.363427
507 350.230904 179.960830 51.779449 198.763941
508 350.153259 177.475327 51.510611 194.002112
509 350.463424 178.226660 51.903927 192.969942
510 350.537064 178.439939 51.955497 192.389826
511 350.607563 178.828127 51.862400 189.922514
512 350.678858 179.241751 51.959395 188.470615
513 350.679537 179.486043 51.928951 186.847612
514 350.709361 179.678334 51.948522 186.535931
515 350.730429 180.030737 51.947835 186.528682
516 350.714924 180.908035 51.678585 183.282956
517 350.867235 181.121426 51.962410 182.923736
518 350.920090 180.641540 51.819751 181.414255
519 350.732851 181.134443 51.963045 178.893193
520 350.361667 179.631693 51.912764 175.413960
521 350.442882 180.398545 51.843384 173.537848
522 350.518205 180.922106 51.873275 172.586164
523 350.579492 180.496964 51.868556 170.841245
524 350.617148 179.916437 51.854716 169.777867
525 350.485262 178.962158 51.905227 167.778917
526 350.746267 176.905593 51.976449 165.508357
527 350.807043 176.441418 51.870761 164.720484
528 351.877399 172.162888 51.617172 160.223348
529 352.079195 172.450153 51.933903 159.999578
530 352.126474 172.656495 51.918118 159.355896
531 352.184958 172.767328 51.958534 159.277119
532 352.249906 173.146294 51.932363 158.779138
533 352.364251 173.035975 51.907528 158.723283
534 352.403286 173.155213 51.975879 158.612408
535 352.677860 171.924368 51.717795 153.648245
536 352.871978 171.827802 51.815370 152.465054
537 352.981674 171.783014 51.923531 152.087749
538 353.007784 171.937125 51.961383 152.235082
539 353.014737 172.017627 51.961450 152.235591
540 352.388886 169.200199 51.798903 147.911064
541 352.497317 169.228901 51.951279 147.841016
542 352.528596 169.292493 51.953920 147.858031
543 352.550939 169.263499 51.892489 147.772074
544 352.641987 169.376552 51.892978 147.873373
545 352.727955 169.439054 51.903025 147.881573
546 352.749376 167.036867 50.811545 147.018719
547 352.807461 167.159045 50.916490 147.234568
548 352.514324 165.961263 50.810888 146.640806
549 352.339630 165.929572 50.924060 146.504505
550 352.361132 166.106650 50.959548 146.708503
551 352.716622 163.197550 50.570238 145.777297
552 352.913943 162.856481 50.935718 145.650196
553 352.962988 161.793042 50.942469 145.466891
554 352.988225 161.804718 50.977926 145.440160
555 353.091223 160.525997 50.927411 145.254701
556 353.136586 160.543113 50.978952 145.432098
557 353.143751 160.571846 50.978164 145.441790
558 353.376283 159.629502 50.878764 145.428282
559 353.563579 158.856372 50.942644 145.420151
560 353.715871 158.389955 50.953388 145.621366
561 354.361087 153.873756 50.348524 146.084899
562 354.466304 153.268140 50.416663 146.287447
563 353.703681 147.289225 50.040413 146.645896
564 353.930874 147.457571 50.476449 146.935527
565 353.871928 147.154838 50.375960 146.972298
566 353.884778 147.003979 50.433753 147.047160
567 353.895047 147.144712 50.453710 147.496772
568 353.096337 145.682672 50.150210 148.019469
569 353.140185 145.557365 50.377000 148.655875
570 353.196105 145.669953 50.463766 148.949847
571 350.677124 143.269262 50.113088 149.670707
572 350.792163 143.384585 50.472402 149.977427
573 347.890055 140.075862 50.025289 150.184958
574 348.196579 140.178641 50.287848 150.231789
575 346.430572 138.414926 50.025440 150.880887
576 346.399549 138.132824 50.412348 150.875126
577 346.379601 138.157582 50.474302 150.955294
578 346.370566 138.179813 50.488379 150.946437
579 346.350905 138.219490 50.494871 150.936803
580 346.280646 138.157924 50.499586 150.498726
581 346.254885 138.161926 50.482561 150.368421
582 346.257271 138.234168 50.483134 150.449858
583 346.259313 138.263781 50.482036 150.426951
584 346.261904 138.304848 50.482036 150.426966
585 345.966759 136.463251 50.170021 150.773729
586 346.107320 136.468296 50.429389 151.023185
587 346.136757 136.711942 50.482641 151.448673
588 344.631348 130.083481 49.175948 152.088958
589 344.406780 129.532571 49.139941 152.514464
590 344.538276 129.635964 49.416670 152.977807
591 341.850850 124.026319 47.943122 153.728043
592 341.877163 124.151569 47.976963 153.930745
593 341.237762 122.858955 47.897070 153.516518
594 341.009568 122.192683 47.850208 153.595825
595 337.939973 120.821661 47.785403 154.339304
596 336.869951 120.092855 47.893678 154.080965
597 336.897926 120.256350 47.959319 154.293050
598 336.895212 120.316683 47.962173 154.307880
599 336.891382 120.369623 47.962466 154.309685
600 332.185689 119.564775 47.762498 152.493053
601 332.295973 119.549073 47.970266 152.354586
602 332.301868 119.601004 47.969728 152.349584
603 329.250484 112.669676 47.343826 148.034423
604 329.322395 112.908293 47.482924 148.437482
605 329.098915 110.994527 47.503635 147.531209
606 329.297270 111.036925 48.012071 147.703725
607 329.534128 111.190059 48.480201 147.912293
608 329.536844 111.238831 48.479972 147.909844
609 329.539675 111.288828 48.479972 147.909816
610 329.206191 108.553958 48.737517 146.533565
611 329.331816 108.789496 48.984808 146.944253
612 329.336435 108.770805 48.989832 146.928188
613 329.338708 108.751525 48.990278 146.927164
614 329.340761 108.732561 48.990313 146.926982
615 328.669608 103.756684 49.410561 145.213305
616 328.695563 103.894454 49.506368 145.468835
617 328.921281 103.902509 50.010283 145.471658
618 327.506045 101.020281 50.490378 145.117717
619 327.451344 101.171196 50.533698 145.485971
620 327.622974 101.134279 51.021410 145.486679
621 327.063969 100.277632 51.535139 146.559888
622 327.132169 100.164492 52.047325 147.481111
623 325.130317 97.686747 52.589804 149.298104
624 324.940536 96.626720 53.006169 150.018037
625 324.435269 96.162039 53.476670 150.759951
626 320.591430 89.174915 53.169883 151.459915
627 320.398700 88.669000 53.283169 151.944613
628 320.461234 88.650466 53.444068 152.042951
629 320.359952 88.701000 53.334170 152.690528
630 317.561978 83.009072 53.273814 152.336413
631 317.553165 83.067835 53.490617 152.433776
632 317.543716 83.103354 53.477589 152.453846
633 317.445164 83.079237 53.464091 152.483464
634 317.410405 83.070490 53.479727 152.466375
635 317.390786 83.066156 53.488076 152.439732
636 317.390253 83.102711 53.482137 152.449556
637 317.392689 83.134354 53.482137 152.449556
638 317.377949 83.064119 53.481936 152.275862
639 317.378519 83.180748 53.476313 152.391091
640 317.380250 83.187565 53.466688 152.367734
641 317.310838 83.028913 53.406467 152.077641
642 317.339471 83.210533 53.475668 152.198374
643 317.271248 83.248146 53.478316 152.143720
644 317.202984 83.314083 53.478079 152.145211
645 313.929094 77.050438 53.203192 151.388103
646 314.071576 77.099769 53.484380 151.424263
647 314.073471 77.133895 53.484273 151.434261
648 313.839523 76.675607 53.448458 151.526693
649 313.823359 76.816479 53.478938 151.983221
650 313.799568 76.742655 53.479326 151.977742
651 313.268793 76.350698 53.430955 152.028557
652 313.300892 76.521766 53.490576 152.434663
653 313.303616 76.487302 53.490645 152.434787
654 313.306480 76.451089 53.490752 152.434729
655 313.309338 76.414759 53.490740 152.434787
656 308.491496 65.187595 54.118443 151.676102
657 308.675658 65.355944 54.481803 151.949721
658 308.652643 65.322121 54.503028 151.889969
659 308.449074 64.887532 54.852707 152.093433
660 308.040599 64.686629 54.847677 152.578499
661 308.041739 64.854620 54.974729 152.956321
662 307.963622 64.820488 54.974613 152.953118
663 307.853924 63.815094 55.104411 152.300825
664 308.021689 63.900698 55.484187 152.449498
665 308.002017 63.913667 55.483319 152.450167
666 306.751069 61.172360 55.633034 153.606865
667 306.909345 61.291625 56.027766 154.012638
668 307.088828 61.415686 56.502832 154.424612
669 307.265452 61.330194 57.060078 154.352149
670 307.419944 61.215882 57.581158 154.323697
671 307.236644 60.777224 58.126858 154.102101
672 307.408981 60.968777 58.497598 154.417046
673 307.392354 61.000198 58.502117 154.405738
674 307.633317 61.036146 58.997716 154.409576
675 306.462346 57.762302 59.254064 153.972911
676 306.581779 57.752260 59.483732 153.945248
677 306.586457 57.754133 59.483998 153.944815
678 306.498235 57.754180 59.458665 153.972690
679 306.648539 58.024623 59.556624 153.995866
680 306.857984 58.018678 59.981441 153.941863
681 306.937631 57.879475 60.066533 154.037267
682 307.426410 57.608852 60.556177 154.898555
683 307.426666 56.465770 61.060199 155.278019
684 308.958193 57.280204 61.699234 155.016761
685 308.782888 55.836332 62.199196 155.657046
686 309.406492 54.303180 62.699264 156.095274
687 309.481268 54.278601 63.095106 156.191433
688 309.892084 53.576659 63.551953 156.706092
689 309.779194 53.765073 64.193866 156.379741
690 309.516304 53.398220 64.681368 156.046825
691 305.526441 50.082090 65.846736 155.965058
692 305.608030 49.940106 66.019836 155.918681
693 305.589193 48.806729 66.510956 156.252089
694 305.739970 47.911919 67.014968 156.578446
695 304.229628 43.148410 67.901849 158.165743
696 303.771010 43.640950 67.985704 157.971357
697 303.123366 44.270297 68.226809 156.768345
698 302.694210 44.834930 68.625522 156.282464
699 302.616043 45.330055 69.089657 155.835636
700 302.644302 45.605805 69.517594 155.581174
701 302.680911 45.701452 70.041840 155.716022
702 302.928087 46.377894 70.577000 155.332827
703 302.855872 46.436893 71.111439 154.914793
704 302.854928 46.801543 71.527231 154.119535
705 303.016962 47.187823 72.038109 153.855693
706 302.828054 46.467407 72.533298 153.726293
707 302.965342 46.742939 73.025345 153.440537
708 302.987296 46.454165 73.418423 153.228719
709 302.989412 46.945882 73.554793 152.665890
710 293.559281 36.868538 74.752425 155.313022
711 293.674747 37.431741 75.119888 155.095121
712 293.863424 38.188861 75.560082 155.102440
713 294.093660 38.839040 76.079966 155.008813
714 294.258915 39.345472 76.542938 155.126071
715 294.447884 39.663627 77.057362 155.136978
716 294.665437 39.857172 77.569560 155.193627
717 294.874647 40.077493 78.045406 155.073633
718 295.080215 40.212746 78.577952 155.083747
719 295.247105 40.377963 79.006660 155.336718
720 295.423030 40.406114 79.510069 155.303819
721 295.568176 40.475754 79.995541 155.296856
722 295.467554 40.546673 79.995361 155.299889
723 295.368509 40.614236 79.996567 155.296523
724 295.268106 40.687673 79.996269 155.295640
725 295.150614 40.259345 80.019718 155.508920
726 295.361835 40.341331 80.492369 155.969449
727 295.325469 40.162509 80.493835 155.965090
728 294.902216 38.730497 80.503144 156.288352
729 295.077371 38.292632 80.935703 156.623146
730 294.634821 36.780866 80.949507 157.641565
731 294.167039 36.119203 81.013885 158.030611
732 294.109734 35.787829 81.457217 158.758011
733 293.415730 35.277039 81.536068 159.314732
734 293.459161 35.121725 81.982506 159.634884
735 293.368646 35.141609 81.967859 160.042664
736 288.074001 29.277711 82.480269 162.539503
737 287.926270 28.787858 82.560492 163.618345
738 286.338639 26.771329 83.581615 163.918592
739 286.243467 25.940745 84.208923 164.431656
740 286.160630 25.641721 84.836295 164.611259
741 285.869879 24.789893 85.367220 165.106782
742 286.063792 24.059785 85.567127 166.072555
743 286.466204 22.940302 86.053282 167.267274
744 286.404996 22.046890 86.471078 167.732398
745 285.966959 20.355704 86.521077 168.428309
746 284.982464 18.323335 86.952919 169.162815
747 284.630376 18.295057 87.053665 170.134274
748 284.610368 18.263977 87.586605 171.063097
749 284.855620 18.283039 88.092064 171.878418
750 285.127066 18.081526 88.628153 172.694675
