2 609.353755 271.028293 76.695606 68.587626
3 609.666399 271.584453 76.681892 68.615744
4 610.369433 273.249011 76.670819 68.586106
5 611.012998 274.041350 76.677321 68.615184
6 616.407094 275.531913 76.630500 68.697840
7 616.344613 275.711604 76.721634 68.632810
8 616.547070 276.604091 76.699281 68.612355
9 617.485680 276.718377 76.688887 68.646984
10 624.915943 278.158188 76.636301 68.733456
11 627.225349 278.169401 76.652156 68.674549
12 627.872951 279.213489 76.670257 68.604050
13 629.354948 280.183504 76.655082 68.620616
14 631.239287 280.934888 76.653848 68.639430
15 639.391459 280.848063 76.606392 68.793107
16 639.756714 281.181756 76.700346 68.631362
17 640.513953 282.696975 76.668116 68.588218
18 643.446803 282.918573 76.645436 68.681248
19 644.588406 283.570821 76.662642 68.623278
20 645.679909 284.031171 76.662436 68.632431
21 651.068013 287.142633 76.642591 68.674615
22 651.158327 287.259395 76.719170 68.638489
23 651.830833 287.426111 76.696065 68.642552
24 659.269314 287.805677 76.619919 68.761262
25 664.265958 286.986994 76.630970 68.761946
26 667.728335 288.687126 76.646061 68.649678
27 667.995972 288.882771 76.715381 68.640456
28 670.762690 288.898965 76.657887 68.691148
29 674.611010 288.675077 76.634231 68.718687
30 676.356849 288.805047 76.670448 68.659552
31 676.716295 288.678079 76.709529 68.645763
32 677.538359 288.528710 76.703694 68.660089
33 677.792835 288.326132 76.713780 68.651307
34 678.780706 288.445895 76.702968 68.651366
35 682.733844 288.438785 76.642503 68.718150
36 682.899683 288.565443 76.716637 68.638844
37 687.546904 288.125030 76.635380 68.748706
38 689.876606 287.228913 76.669655 68.700469
39 690.431979 286.980330 76.703368 68.652597
40 692.920926 287.453787 76.654050 68.665238
41 692.793945 287.931102 76.698121 68.618550
42 695.824741 288.320965 76.626660 68.676171
43 704.759651 289.346722 76.605665 68.786198
44 712.416799 288.103736 76.613519 68.806617
45 712.675032 288.225611 76.717691 68.641667
46 712.863547 288.412983 76.717691 68.645780
47 713.133275 288.583599 76.719082 68.648589
48 718.794410 286.843467 76.625444 68.794199
49 721.303641 286.708122 76.686342 68.676592
50 729.056859 287.052895 76.609142 68.754122
51 729.255938 287.554593 76.698536 68.626414
52 733.748171 287.144341 76.639246 68.718502
53 737.207710 286.636092 76.654961 68.696030
54 743.179774 286.498416 76.579453 68.725343
55 747.367278 285.183902 76.618957 68.712768
56 746.994653 288.912402 76.646666 68.551398
57 749.346179 289.751638 76.560508 68.584911
58 751.578509 288.476003 76.585229 68.659506
59 757.700432 293.906515 76.485250 68.515367
60 759.667487 282.137115 76.080240 68.937316
61 758.394145 283.370816 76.166463 68.600911
62 766.217140 281.913207 76.060071 68.772494
63 770.206851 280.113186 76.120559 68.722753
64 773.652638 280.079052 76.131324 68.683067
65 774.812571 280.068597 76.187715 68.653028
66 774.994769 280.119570 76.206268 68.634297
67 779.688634 279.046575 76.118545 68.727843
68 782.669323 277.837461 76.143175 68.694379
69 785.234800 276.176204 76.139407 68.700867
70 787.638148 275.220649 76.142683 68.685370
71 787.167603 275.139008 76.195244 68.644243
72 794.642500 275.226499 76.064784 68.762772
73 801.071560 274.546110 76.078963 68.747252
74 804.313721 272.408422 76.138047 68.733608
75 805.518311 270.736555 76.160969 68.695942
76 805.852915 270.835981 76.187234 68.630822
77 810.192465 270.203392 76.090231 68.699893
78 812.429556 269.648028 76.126414 68.651942
79 819.445462 273.565863 76.040194 68.675707
80 822.085199 275.553863 76.066254 68.581401
81 817.602715 276.676269 76.125735 68.596621
82 820.324659 277.869973 75.971240 68.572698
83 827.399692 273.383281 75.424261 68.714146
84 833.484263 275.567286 75.023348 68.631135
85 831.135496 265.117161 75.075333 68.906964
86 831.366276 264.667908 75.224576 68.655117
87 833.643421 263.732567 75.181825 68.713386
88 840.571513 262.823636 75.120922 68.796239
89 848.305601 262.521855 75.103692 68.791301
90 854.797141 262.020259 75.120648 68.765871
91 854.941527 262.076090 75.225008 68.639578
92 862.662032 261.275230 75.097129 68.794654
93 862.977084 260.984595 75.213204 68.650162
94 858.496848 260.319180 75.246638 68.700196
95 858.401783 260.001914 75.213718 68.650587
96 857.185194 259.862073 75.206662 68.654762
97 867.538500 261.262836 75.105074 68.793002
98 878.943074 259.758097 75.118150 68.857654
99 883.719605 260.956744 75.150029 68.696715
100 883.854918 261.143026 75.221919 68.640884
101 884.040216 261.284020 75.222535 68.643934
102 883.553082 261.263352 75.242901 68.655025
103 883.613114 261.382970 75.230049 68.642664
104 883.869770 261.538610 75.222910 68.644895
105 887.691102 261.790833 75.162301 68.697603
106 887.837159 261.907047 75.227856 68.644059
107 891.226685 262.138816 75.169124 68.693208
108 897.173877 261.645877 75.135189 68.768075
109 898.658802 261.768281 75.202900 68.659210
110 898.540040 261.873929 75.241033 68.646520
111 898.753061 261.964568 75.221912 68.640341
112 898.875807 261.945174 75.228519 68.643776
113 900.455974 261.978278 75.202349 68.663774
114 906.151346 261.262953 75.150011 68.772998
115 914.343745 260.873949 75.141334 68.799197
116 914.533968 260.974087 75.223752 68.642325
117 916.717515 260.805337 75.186847 68.687460
118 917.049925 260.904243 75.220152 68.644342
119 917.387546 261.082477 75.216764 68.642091
120 917.662620 261.246556 75.221077 68.644158
121 917.844491 261.408155 75.223720 68.644105
122 920.021610 261.361248 75.195415 68.676750
123 923.805211 261.731549 75.162031 68.684781
124 924.227348 262.022029 75.216779 68.632691
125 924.271108 262.178938 75.231791 68.643006
126 924.469172 262.373794 75.223208 68.640963
127 924.580167 262.522470 75.228979 68.643667
128 926.931660 262.395094 75.201701 68.673427
129 932.352120 262.939439 75.164354 68.700466
130 940.961168 262.730695 75.140038 68.780499
131 941.121970 262.817967 75.226596 68.642943
132 942.157291 262.829361 75.213970 68.654235
133 942.699549 263.131709 75.215479 68.635057
134 944.202388 263.280637 75.198742 68.666926
135 950.678480 263.044588 75.121512 68.766516
136 950.885217 263.200457 75.219842 68.642647
137 952.241866 263.454182 75.196679 68.656117
138 954.586641 263.554733 75.181296 68.675891
139 958.407395 263.607284 75.149053 68.700502
140 962.315063 263.241604 75.154792 68.718950
141 962.612969 263.398590 75.219849 68.645000
142 964.834541 263.724088 75.182347 68.664909
143 968.461540 262.897869 75.168613 68.730469
144 969.483565 262.675595 75.199599 68.656983
145 973.940147 261.543391 75.146018 68.755323
146 974.238016 261.710785 75.218312 68.640706
147 981.806143 261.970071 75.131056 68.769980
148 989.552466 262.475674 75.117437 68.764104
149 992.423087 262.521040 75.161157 68.686078
150 999.734619 263.483792 75.128464 68.747512
151 999.965824 263.621098 75.221081 68.640232
152 1010.058648 264.232255 75.127449 68.801704
153 1014.383435 264.344718 75.145446 68.712008
154 1016.793457 264.397083 75.170049 68.680432
155 1017.872755 264.621884 75.204063 68.645579
156 1018.306804 264.910329 75.215346 68.636337
157 1021.038132 265.720354 75.162384 68.650392
158 1024.255713 265.973019 75.159411 68.679895
159 1025.207558 266.340665 75.198900 68.627904
160 1026.810864 266.457738 75.198591 68.652919
161 1027.109195 266.702784 75.216311 68.639031
162 1035.139772 267.042871 75.136492 68.777081
163 1038.874938 267.207967 75.146223 68.691454
164 1046.977741 268.015762 75.128795 68.772701
165 1058.177959 267.365797 75.107511 68.855137
166 1058.546551 267.587843 75.212721 68.638709
167 1074.811423 267.870589 75.123708 68.918410
168 1077.182404 267.182646 75.196549 68.700327
169 1077.931264 267.515795 75.203771 68.641302
170 1078.615278 267.276321 75.204545 68.659832
171 1078.754059 267.276293 75.225948 68.651889
172 1080.960240 266.835523 75.164346 68.672703
173 1093.694154 269.799891 75.064619 68.811127
174 1106.432005 269.987768 75.006848 68.767898
175 1112.122179 268.106439 75.104527 68.763213
176 1112.754544 268.351501 75.194631 68.631411
177 1118.164074 266.421633 75.110568 68.774926
178 1118.997135 265.507257 75.210378 68.683784
179 1119.247847 260.581710 75.198591 68.823452
180 1124.564131 263.723679 75.036862 68.627858
181 1122.089741 267.497756 75.145554 68.581065
182 1133.638611 262.055661 74.651232 68.742425
183 1136.711090 264.312393 74.575210 68.609742
184 1140.256122 259.045142 74.529637 68.766078
185 1135.637228 262.071286 74.629655 68.586882
186 1131.694792 266.309358 74.583975 68.524734
187 1136.448133 267.737919 74.292340 68.509471
188 1150.731689 253.401152 73.858924 69.201375
189 1159.504557 253.564794 73.596431 69.315986
190 1167.259984 253.178784 73.623203 69.313484
191 1167.250957 253.281344 73.726435 69.138881
192 1169.218379 253.871583 73.677829 69.143286
193 1173.102188 254.753519 73.645313 69.179249
194 1174.032294 254.886461 73.708446 69.150451
195 1175.183467 255.193250 73.701671 69.145178
196 1171.418904 256.717358 73.677162 69.095802
197 1179.027955 260.771055 73.587341 69.192313
198 1195.443108 264.255858 73.611703 69.331409
199 1212.477176 265.148393 67.522824 69.333693
200 1213.145258 266.499981 66.854742 69.113367
201 1213.177176 266.912413 66.757849 69.138759
202 1213.406233 268.242352 66.593767 69.124459
203 1213.836653 270.413795 66.163347 69.098745
204 1214.436108 271.783081 65.563892 69.116664
205 1216.818692 273.891743 63.181308 69.129904
206 1217.801776 274.549118 62.198224 69.125218
207 1220.790531 277.905088 59.209469 69.121698
208 1227.749247 278.309876 52.250753 69.263936
209 1241.272183 280.781736 38.727817 69.398743
210 1253.736254 283.238967 26.263746 69.501336
211 1254.567078 281.870225 25.432922 69.595945
212 1257.222826 284.760452 22.777174 69.690474
213 1257.726831 293.043041 22.273169 69.703742
214 1257.981256 291.412962 22.018744 69.690550
215 1258.279946 292.501754 21.720054 69.686094
216 1258.419313 293.559094 21.580687 69.655059
217 1258.684867 294.630497 21.315133 69.664598
218 1258.910646 295.263055 21.089354 69.687757
219 1259.376005 294.787544 20.623995 69.684896
220 1259.534011 291.717084 20.465989 69.610498
221 1260.385062 291.518899 19.614938 69.672726
222 1262.388309 282.428746 17.611691 69.834289
223 1262.548730 282.705348 17.451270 69.629100
224 1262.674616 280.227679 17.325384 69.697870
225 1263.720526 280.240009 16.279474 69.732170
226 1264.041023 280.507823 15.958977 69.671658
227 1264.316886 279.837155 15.683114 69.686028
228 1264.557036 279.670966 15.442964 69.645923
229 1265.514680 276.165817 14.485320 69.687984
230 1267.346920 267.884747 12.653080 69.876042
231 1267.909122 271.013418 12.090878 69.685220
232 1268.706116 268.976279 11.293884 69.710427
233 1268.959474 270.959418 11.040526 69.678370
234 1269.450164 272.119475 10.549836 69.664351
235 1269.977039 274.266406 10.022961 69.675750
236 1270.297374 276.712165 9.702626 69.627338
237 1270.595781 277.616340 9.404219 69.667679
238 1270.685528 278.394390 9.314472 69.654385
239 1270.928501 279.332295 9.071499 69.693398
240 1271.316690 278.835298 8.683310 69.713715
241 1271.535978 281.034435 8.464022 69.699699
242 1271.643090 281.439875 8.356910 69.696405
243 1271.812835 281.229311 8.187165 69.694836
244 1272.027832 281.933962 7.972168 69.694659
245 1272.117415 280.661029 7.882585 69.708828
246 1272.246048 282.305487 7.753952 69.681047
247 1272.417174 282.979411 7.582826 69.680991
248 1272.695542 284.781824 7.304458 69.685854
249 1272.847820 285.570450 7.152180 69.621310
250 1273.343073 282.116147 6.656927 69.751276
251 1273.668824 280.930272 6.331176 69.698792
252 1273.804529 280.322722 6.195471 69.658710
253 1273.975825 280.749437 6.024175 69.667739
254 1274.252304 282.162305 5.747696 69.670226
255 1274.805364 272.930571 5.194636 69.810967
256 1275.063405 267.171643 4.936595 69.772698
257 1275.446719 255.995282 4.553281 69.929531
258 1275.972743 251.482382 4.027257 69.808507
259 1276.327962 253.245383 3.672038 69.605912
260 1277.612196 255.494286 2.387804 69.833190
261 1278.092088 259.408383 1.907912 69.782862
262 1279.323933 246.558167 0.676067 70.774741
263 1279.477176 252.555282 0.522824 70.681539
264 1279.843019 251.695758 0.156981 70.686631
265 1279.637527 252.182073 0.362473 70.696019
266 1279.544176 253.121195 0.455824 70.724092
267 1279.504993 255.836422 0.495007 70.689011
268 1279.499583 255.938276 0.498239 70.648790
269 1279.488365 241.731762 0.499792 71.012462
270 1279.483242 228.825580 0.498938 71.407481
271 1279.469207 218.023871 0.498480 71.384925
272 1279.459307 215.025372 0.498338 71.257859
273 1279.446465 208.249637 0.498301 71.318089
274 1279.444667 208.961473 0.498086 71.140927
275 1279.460341 202.159590 0.498024 71.357985
276 1279.448112 197.185494 0.497570 71.312426
277 1279.435748 189.578805 0.497991 71.377381
278 1279.429308 176.830254 0.498664 71.538594
279 1279.432290 169.943382 0.497739 71.951159
280 1279.429389 166.250325 0.497746 71.773338
281 1279.428091 154.985153 0.498000 72.106427
282 1279.447130 144.215907 0.498078 72.549410
283 1279.443051 145.260121 0.497718 72.620977
284 1279.436140 153.970095 0.497638 73.198175
285 1279.403530 162.541184 0.497152 73.084582
286 1279.375674 159.097147 0.497757 73.341420
287 1279.347970 155.730476 0.497789 73.335946
288 1279.339040 154.386251 0.497606 73.145487
289 1279.343188 142.874004 0.498623 73.403516
290 1279.319743 132.818607 0.499708 73.859689
291 1279.182962 131.077415 0.501463 74.110509
292 1279.267387 134.617405 0.732613 74.333170
293 1279.350513 137.819057 0.649487 74.203023
294 1279.611938 138.661922 0.388062 74.193414
295 1279.532082 129.234296 0.467918 74.453637
296 1279.474762 131.855638 0.499861 74.358066
297 1279.419631 138.221306 0.499553 74.227752
298 1279.336774 154.575150 0.499465 74.226313
299 1279.164655 151.619096 0.505471 75.396397
300 1279.402554 149.505706 0.597446 75.208916
