2 180.393771 376.010849 60.786507 64.080722
3 185.809756 374.306130 60.765046 64.420496
4 191.676062 371.433142 60.783967 64.460774
5 198.149364 369.384546 60.780044 64.456754
6 206.051174 364.829148 60.817624 64.535025
7 217.892039 356.668450 60.864719 65.118668
8 224.329345 353.895723 60.784098 65.476322
9 230.510309 349.982775 60.791108 65.482959
10 236.115852 346.928766 60.780689 65.447435
11 244.214928 345.421326 60.745063 65.478977
12 257.484343 340.495988 60.783717 65.589213
13 263.797192 337.458423 60.777147 65.969778
14 270.887586 334.586738 60.767068 65.974376
15 278.941354 331.884047 60.760823 65.985209
16 286.446382 327.586799 60.781789 66.010228
17 298.916045 322.682066 60.781303 66.589440
18 306.296198 322.108534 60.732384 66.935222
19 313.659878 319.029473 60.769558 66.977330
20 319.879427 316.848847 60.758065 66.937372
21 324.790002 312.171063 60.782275 66.945765
22 333.917199 304.918756 60.801062 67.082351
23 338.957537 304.051997 60.755029 67.405005
24 342.950731 302.822972 60.772400 67.373069
25 347.535438 301.100311 60.769860 67.396456
26 351.087799 299.791930 60.754752 67.352492
27 358.604105 293.778095 60.773627 67.523091
28 361.755555 293.175220 60.766568 67.823420
29 366.046722 291.980497 60.757219 67.865673
30 371.861385 290.037108 60.742838 67.902829
31 375.280167 289.719736 60.758926 67.808683
32 384.675452 285.690564 60.731189 68.011093
33 389.307149 283.987616 60.732975 68.332738
34 393.458036 281.317460 60.723653 68.317791
35 395.258175 277.430401 60.764843 68.331147
36 397.247469 276.060374 60.782042 68.314289
37 404.722235 273.045129 60.746791 68.474392
38 407.881611 270.093947 60.775724 68.362072
39 411.114669 266.407531 60.763551 68.370082
40 414.916698 264.081958 60.761745 68.355948
41 417.546112 259.971018 60.789180 68.378022
42 432.686982 256.897260 60.781655 68.554731
43 438.131546 255.442964 60.703402 68.815934
44 442.552642 253.098591 60.733789 68.824558
45 447.877006 252.702874 60.681872 68.788646
46 449.978187 249.260652 60.734037 68.813266
47 460.305656 244.667278 60.748089 69.031892
48 459.592348 241.423654 60.801373 69.293020
49 462.376619 240.041258 60.741672 69.289779
50 464.288186 237.146599 60.773627 69.324205
51 468.572205 234.733725 60.737126 69.366074
52 477.380765 231.168106 60.722768 69.480553
53 482.761699 228.971081 60.663756 69.304112
54 486.565489 224.331792 60.726454 69.396851
55 491.664353 220.053191 60.670839 69.342863
56 495.087270 215.818088 60.690842 69.317159
57 502.553697 209.309611 60.703347 69.466306
58 500.879338 206.433628 60.769796 69.249523
59 500.811092 198.830781 60.769758 69.365550
60 505.176820 187.672180 60.798360 69.457057
61 501.355252 178.383196 60.887901 69.441786
62 517.204624 178.802287 60.587196 69.452779
63 513.804000 171.819204 60.792269 69.344503
64 517.691918 187.246312 60.367897 69.188966
65 527.131989 176.024165 60.307179 69.523871
66 523.715598 171.556862 60.274813 69.777198
67 531.382342 165.779964 60.133639 69.853628
68 529.628448 166.148694 60.177804 69.589520
69 531.255361 169.247588 59.854918 69.729196
70 534.742266 168.811552 59.357697 69.740184
71 536.209226 169.222501 58.994607 69.565991
72 543.358591 168.258777 58.501578 69.692316
73 542.329264 165.328927 58.759949 69.737020
74 545.473733 163.653673 58.493405 69.646921
75 546.960284 161.439848 58.050673 69.688855
76 550.332910 153.176613 58.101523 69.987346
77 547.713336 151.531634 58.145893 69.588008
78 545.907444 152.689971 58.267682 69.613753
79 547.043789 151.881042 58.235394 69.680360
80 549.192603 150.305339 58.231466 69.720658
81 549.287686 149.846228 58.275716 69.678220
82 549.768025 149.522000 58.255289 69.663450
83 549.758217 149.257878 58.267197 69.666872
84 549.529399 149.052214 58.281446 69.660803
85 549.406258 148.280256 58.281323 69.668450
86 547.373519 146.382011 58.294046 69.696141
87 543.234318 138.191503 58.319101 69.866209
88 539.749971 137.392058 58.304317 69.711295
89 539.948220 138.007763 58.261211 69.607301
90 539.377030 138.361272 58.285672 69.628042
91 537.900973 138.388839 58.293998 69.653547
92 536.606651 138.344154 58.308392 69.677559
93 536.019435 137.966360 58.315335 69.679722
94 535.557656 137.664332 58.309522 69.667936
95 535.400490 137.686452 58.300462 69.650075
96 535.445831 137.749856 58.297488 69.641193
97 535.595443 136.807628 58.313960 69.667913
98 534.832352 135.688432 58.311762 69.667479
99 534.712427 134.233728 58.301310 69.699392
100 534.864195 132.876287 58.260943 69.674599
101 534.183894 132.857201 58.245344 69.595959
102 531.773828 127.571225 58.241715 69.731369
103 532.695403 127.156913 58.291069 69.702613
104 534.897872 125.009403 58.209518 69.771507
105 535.407479 123.028862 58.298847 69.752865
106 536.089172 122.968680 58.299773 69.693564
107 537.232257 121.529275 58.292037 69.748789
108 536.704216 122.407214 58.274369 69.638456
109 533.317409 122.721320 58.271922 69.625138
110 529.412477 122.838018 58.298389 69.656230
111 526.420840 121.008812 58.320602 69.671551
112 524.806310 117.777989 58.311466 69.731326
113 524.952414 116.235989 58.261663 69.671645
114 525.738819 114.574241 58.247567 69.664902
115 525.340914 113.287804 58.257623 69.648857
116 524.059342 112.015666 58.237943 69.610151
117 519.680306 112.202362 58.292199 69.622605
118 517.072628 110.629287 58.264954 69.620095
119 517.995230 109.941383 58.223201 69.612628
120 517.311743 108.845863 58.273281 69.634614
121 516.038502 107.373639 58.289797 69.653417
122 514.291824 107.657841 58.283256 69.643937
123 513.137798 106.543673 58.308295 69.697797
124 512.922691 103.581606 58.220596 69.647141
125 510.926952 102.654275 58.268653 69.630075
126 509.450049 101.316592 58.271007 69.636621
127 508.083213 100.747177 58.291432 69.653931
128 507.004426 100.172678 58.301092 69.669906
129 504.481597 99.297608 58.313505 69.690233
130 502.316556 98.264270 58.307792 69.690664
131 501.398558 96.948740 58.293100 69.697760
132 494.416398 95.798612 58.316408 69.745505
133 492.354954 94.496608 58.303658 69.690360
134 488.450452 93.206839 58.284020 69.663126
135 483.322700 91.691889 58.292344 69.697360
136 480.003026 89.634447 58.273931 69.692723
137 471.742122 87.901494 58.307459 69.749854
138 469.433820 87.620476 58.265534 69.661688
139 467.187944 87.232787 58.299505 69.684295
140 464.232359 83.520584 58.248610 69.773459
141 460.421523 83.945090 58.270946 69.634064
142 454.058369 83.709340 58.310699 69.700243
143 455.944867 83.129779 58.210252 69.723468
144 453.133593 80.944794 58.270357 69.684532
145 452.452303 79.586212 58.184619 69.679659
146 450.060532 79.747804 58.294771 69.632228
147 444.112869 79.391207 58.333347 69.717287
148 446.658691 78.007486 58.208793 69.703922
149 441.413496 77.107070 58.341540 69.718632
150 441.359723 76.384313 58.271300 69.646811
151 438.624175 75.358089 58.312655 69.684499
152 436.208987 75.102022 58.306138 69.655550
153 434.305832 75.527684 58.310214 69.623910
154 432.933993 75.714574 58.301848 69.631113
155 432.079605 76.657617 58.283939 69.606950
156 428.598325 77.271478 58.312164 69.637839
157 420.683641 75.741137 58.333322 69.742678
158 422.316950 73.700226 58.280263 69.741386
159 425.166007 72.925624 58.247810 69.689062
160 424.541008 72.686805 58.298699 69.612401
161 421.739521 71.537062 58.336351 69.698918
162 421.169951 69.949022 58.305218 69.699823
163 420.363341 69.056223 58.312275 69.681635
164 418.611942 67.255057 58.325213 69.710811
165 419.079098 65.380877 58.293309 69.719903
166 420.025396 64.436508 58.281036 69.697857
167 420.229133 64.859581 58.292347 69.642655
168 419.336470 64.736141 58.314758 69.639201
169 418.049210 63.787696 58.324334 69.676054
170 420.150801 61.444078 58.243324 69.742110
171 420.103654 60.961340 58.294333 69.650893
172 421.969288 61.207624 58.251813 69.653724
173 421.912896 60.612967 58.283290 69.638824
174 422.616686 61.175437 58.274698 69.604300
175 422.388042 60.824386 58.290726 69.629434
176 422.296541 60.916649 58.289764 69.613222
177 422.155795 60.843076 58.289664 69.619611
178 419.810351 58.683741 58.325210 69.737194
179 418.773782 57.047707 58.310261 69.712984
180 418.731601 56.473121 58.290160 69.671361
181 418.623774 56.003274 58.284787 69.660099
182 418.404019 55.269372 58.298902 69.677543
183 418.600390 54.766129 58.280202 69.659702
184 418.640289 54.758027 58.290068 69.643567
185 418.632813 53.710965 58.288804 69.682406
186 418.401496 52.796246 58.295747 69.674959
187 415.618663 49.249890 58.332697 69.779514
188 412.504579 47.530164 58.340184 69.734987
189 409.472379 46.611488 58.339861 69.707440
190 407.539427 45.804339 58.329983 69.693141
191 404.223796 44.974996 58.335233 69.706849
192 402.544740 43.726856 58.321383 69.698988
193 401.811942 42.926506 58.309491 69.680874
194 398.184423 41.364478 58.336457 69.726406
195 395.981021 40.520722 58.329763 69.701171
196 395.430776 39.537253 58.299658 69.668350
197 394.724854 38.243762 58.300015 69.682379
198 394.739907 38.444633 58.275987 69.631544
199 394.241686 38.273148 58.272402 69.640189
200 393.713113 38.138287 58.268483 69.630065
