65 0.248277 224.353203 35.530446 106.310655
66 0.867685 225.032654 36.584328 105.602184
67 1.423364 226.034733 37.573321 104.964475
68 3.145327 226.393798 39.491521 102.604952
69 6.633251 222.497867 41.047613 101.495415
70 7.197870 223.017753 41.912170 102.236753
71 9.906869 223.386688 41.629992 102.375054
72 11.139682 221.412726 41.201541 103.581431
73 15.746322 218.512165 39.977680 104.725279
74 18.559886 217.744187 38.586477 103.586173
75 20.329125 218.112971 37.860593 103.415713
76 25.358187 217.030585 36.754935 104.253674
77 28.866844 217.232359 36.124016 106.497803
78 30.310336 216.911939 36.245631 106.369376
79 31.355486 218.053585 36.845439 107.093457
80 34.139017 217.019276 37.197494 107.164298
81 33.565856 217.952664 38.649452 105.408479
82 34.361722 219.483517 39.796089 104.975999
83 36.884628 219.339621 40.863386 104.174906
84 39.610408 219.044584 42.113158 102.235409
85 42.095935 219.572861 42.954922 101.023892
86 44.684709 219.022225 42.645240 100.530094
87 47.807341 216.549828 42.163277 101.863148
88 53.111910 216.094808 41.444854 102.107197
89 55.325433 214.941681 40.554025 102.727967
90 57.362942 215.329864 40.051835 102.868742
91 61.206879 214.687251 39.485553 102.820610
92 62.331094 214.032217 39.031018 102.368764
93 65.494588 215.558000 39.075303 101.209229
94 68.100232 215.913389 40.046294 98.699916
95 69.200050 216.050656 41.241494 97.582642
96 71.412314 214.548226 42.268828 97.109162
97 73.136695 215.593363 43.504038 96.109203
98 75.362730 216.655975 44.587302 95.092730
99 76.506754 215.741394 44.980332 95.209955
100 80.452423 213.251682 44.126454 96.652720
101 83.678202 213.911313 43.712980 98.035378
102 87.561915 212.078520 42.418112 99.610574
103 90.164275 207.036550 40.593556 101.433487
104 92.446290 203.559250 39.051028 102.450038
105 95.638921 202.496832 38.006038 103.371524
106 97.777422 205.248410 37.272049 103.169002
107 100.600659 205.216948 36.866847 102.614757
108 103.039660 207.606881 37.050679 100.865839
109 104.378912 209.304606 38.510572 97.953436
110 105.387009 208.926598 39.575341 97.616103
111 106.667349 209.079083 40.700392 97.835113
112 107.905811 208.635178 41.857788 98.054525
113 110.505046 207.695719 42.900874 97.663990
114 111.464119 207.832522 43.921050 96.681432
115 114.088674 206.235257 43.938407 96.036481
116 116.479053 204.041071 43.581783 95.099890
117 120.832248 202.205863 42.927567 94.170128
118 123.234390 196.751421 41.105679 95.620494
119 126.939090 195.964572 39.494272 97.441873
120 128.100157 194.508656 38.028249 98.521505
121 132.008713 191.316218 36.786522 100.947576
122 134.660585 189.450279 35.232777 104.054092
123 136.224795 188.410853 34.009900 105.377049
124 138.447741 188.653919 33.029623 104.894951
125 141.434305 187.560405 32.259593 103.161892
126 143.079549 191.175280 31.871368 102.358138
127 144.285985 191.862281 31.991751 100.657323
128 145.272512 194.291328 32.258788 97.928349
129 145.756715 195.379991 33.535819 95.551991
130 148.741320 194.802488 34.586747 93.273550
131 151.041169 193.222768 35.099839 91.552398
132 152.334985 193.551183 35.485139 90.679178
133 155.362210 193.755711 35.457131 89.054594
134 157.613281 191.910849 34.840003 88.897824
135 160.399486 191.664723 34.083440 89.322015
136 162.839302 188.969789 33.437401 90.368638
137 165.856155 186.380685 32.458302 90.266132
138 170.096236 182.972871 31.386600 91.083534
139 172.331797 181.355530 30.859886 89.243007
140 174.490606 182.256189 30.588435 89.414535
141 175.784562 178.762302 30.552237 86.744983
142 177.449517 179.689729 30.712247 87.101215
143 179.039420 181.252542 30.570688 86.570802
144 181.400522 182.968464 30.643016 85.519178
145 181.969824 183.581945 30.652939 84.375727
146 185.358714 184.558066 30.607674 82.129747
147 185.828419 184.265632 30.887842 81.608726
148 189.205683 186.730671 31.460718 79.663775
149 190.363263 187.677382 32.157203 78.893230
150 192.067975 187.630541 32.777839 78.403320
151 195.551879 187.965578 32.741818 77.817979
152 197.066933 187.137044 32.530087 76.962352
153 201.438411 186.688890 32.103818 78.263733
154 204.283034 186.278360 31.669536 79.548425
155 206.840436 186.831865 31.174689 79.823681
156 207.604970 185.314655 31.156601 79.647415
157 208.807068 185.811298 31.457929 79.934685
158 210.290321 185.447074 31.532708 80.417511
159 211.640803 186.031725 32.253516 80.858473
160 213.054439 188.222318 32.325325 81.527377
161 215.299200 188.020549 32.091511 80.728685
162 216.109084 187.689658 32.311140 79.695840
163 219.168328 188.176844 32.052022 79.071007
164 219.473361 188.244987 32.449324 78.577878
165 221.792501 189.902498 32.980843 78.180441
166 224.063349 192.743354 34.590132 78.480408
167 225.362634 190.712556 35.748739 79.196855
168 227.920857 186.065850 36.645354 80.413153
169 230.271458 187.019813 36.374410 81.185471
170 233.150111 185.199659 35.704699 82.728637
171 235.872748 183.919982 34.952327 85.534491
172 237.968159 184.026736 34.239524 89.070892
173 238.633850 186.734612 34.024333 95.081647
174 240.879172 181.931627 34.206750 101.141305
175 244.804769 179.197352 34.009560 108.535279
176 245.440480 179.768066 34.278499 108.496043
177 247.145545 176.688314 34.412100 105.418052
178 248.116390 181.663679 35.310775 101.603147
179 252.818807 177.532517 37.479069 97.419812
180 254.306242 168.846148 38.810111 97.963573
181 255.369719 173.198549 39.326583 95.785655
182 256.101457 175.313730 38.831675 97.034381
183 260.609911 169.270937 38.507538 99.759990
184 262.795679 170.890394 39.267647 99.835978
185 268.603729 169.212233 41.718585 100.329223
186 268.010521 168.146455 46.053225 100.320656
187 272.112854 163.618844 50.254919 99.616311
188 271.358210 163.729693 54.152186 100.111170
189 268.630492 165.450533 57.032122 100.196768
190 267.131627 162.807853 59.761081 99.932568
191 269.776360 166.672144 61.759595 100.336905
192 269.676982 162.077877 65.390161 98.515568
193 270.131367 163.027917 67.586381 98.591429
194 269.100050 165.590588 70.914540 101.094451
195 269.166011 160.372851 75.554755 102.114076
196 266.252312 163.252780 80.490278 105.381718
197 265.413408 159.321503 86.199785 107.697722
198 262.653771 158.578074 92.478066 111.131145
199 265.253368 151.997935 95.403178 117.033413
200 262.287950 155.648377 99.406619 128.607780
201 265.819284 148.731984 100.911692 140.725459
202 263.887011 150.476154 104.326762 148.833014
203 264.255017 148.575377 106.682212 153.313149
204 262.726469 147.862689 108.462947 157.708750
205 260.538187 140.491329 109.440457 159.243687
206 257.644364 146.975895 109.831938 162.055823
207 262.349954 141.577999 110.157991 161.798410
208 262.302488 145.703170 110.020395 163.224228
209 261.448035 144.737242 110.779787 163.876140
210 265.218166 146.027402 109.541850 166.479450
211 260.327172 149.817016 110.824526 170.162361
212 258.389372 142.610705 111.730853 171.181886
213 254.045386 143.791368 112.722243 173.152357
214 255.481133 142.723998 113.361876 173.664263
215 254.735863 143.617975 113.753541 174.476752
216 253.443040 143.417643 114.346704 175.365023
217 252.540497 143.337813 114.768938 175.731456
218 253.503353 142.356156 115.433464 176.283711
219 254.991909 141.469088 115.572869 176.211275
220 254.271855 139.970815 116.443700 176.842404
221 252.878358 139.234198 116.286554 175.899683
222 252.615536 139.344496 116.179084 175.351961
223 252.557587 139.331943 116.180945 174.827332
224 252.459400 139.215252 116.068365 174.156005
225 252.237694 138.493811 116.126616 173.711504
226 252.291390 138.296788 116.067737 173.297297
227 252.346450 138.264727 116.467141 173.349793
228 252.547871 138.283838 116.788618 173.626595
229 252.950186 138.314914 117.158533 173.942510
230 253.019004 138.523396 117.399463 173.681554
231 253.153725 139.244506 117.634350 173.904601
232 253.505811 139.190385 118.118160 173.971259
233 254.159599 139.074535 118.845654 174.311062
234 255.366010 140.010387 119.664542 174.689831
235 256.252903 140.752159 120.585211 175.111877
236 256.819296 141.071439 121.614263 175.243179
237 256.788881 141.002336 122.531002 175.066043
238 257.420335 141.124256 123.545753 175.355719
239 257.759589 141.626914 125.422556 174.959437
240 256.340414 142.306273 125.970426 174.680367
241 255.772356 143.009067 127.193212 174.106196
242 255.572041 143.842711 129.036656 174.644017
243 256.607765 143.633661 131.082527 175.958550
244 257.679059 143.590076 133.883671 176.302384
245 259.295869 143.063065 135.642055 176.712870
246 262.367644 144.550137 138.141089 177.950692
247 265.859341 145.963846 140.561618 177.052475
248 265.049293 146.005551 144.984847 177.682870
249 266.019711 146.203108 147.553910 177.447060
250 265.197961 147.173290 150.310150 176.589907
251 264.366893 148.249304 153.580003 176.101687
252 263.336367 147.966812 155.293646 175.260659
253 263.861255 148.369914 156.792269 175.233288
254 264.129865 148.956541 158.039374 175.251238
255 263.907227 148.484274 160.105344 176.214694
256 259.467337 146.608997 161.288008 178.197947
257 244.164823 148.254727 160.846500 178.978527
258 236.177540 145.759961 158.683611 180.806984
259 232.489866 147.754683 156.794586 176.325895
260 235.567511 145.164263 155.595787 173.788998
261 237.768386 149.120345 155.135048 173.322412
262 232.887883 146.887833 154.090006 170.925486
263 232.813968 147.234971 153.287495 170.625523
264 231.123830 147.276018 151.566370 171.066120
265 230.500966 147.781788 150.661562 172.039626
266 233.026802 146.771570 149.540014 173.790383
267 234.196727 145.991159 148.801990 173.704960
268 234.964819 145.327037 148.010653 174.105985
269 235.912823 144.499702 147.583474 174.161742
270 236.768654 144.479258 147.047322 174.741428
271 237.344431 143.821719 146.210443 174.980248
272 236.853934 144.230369 145.463495 175.954027
273 237.346577 143.912391 144.765351 176.387323
274 237.987364 143.218462 144.063680 176.267343
275 239.194364 142.301780 143.349692 175.958091
276 239.179757 142.315140 142.651927 176.434664
277 239.181115 142.178659 141.993795 176.994888
278 239.388224 142.853378 141.483373 176.558570
279 240.328966 142.514208 140.761446 176.516041
280 241.515503 141.791696 139.931033 177.048125
281 241.467822 142.877595 139.140181 178.104489
282 242.600693 143.006186 138.615739 178.343711
283 241.860914 142.307661 138.137885 178.475155
284 243.196524 142.049782 137.671695 178.097310
285 243.568616 141.154227 136.836146 178.559496
286 242.957485 142.456510 136.391253 179.166645
287 244.920103 141.687793 135.564343 178.797947
288 243.055091 140.687541 135.184364 179.176452
289 243.578984 141.266526 135.198937 179.261283
290 244.688731 141.714919 135.033874 179.340730
291 243.199628 141.777615 134.784777 179.247135
292 244.630929 141.542531 134.463078 179.068709
293 244.245464 141.386878 133.783264 179.641296
294 245.054709 141.279212 133.368501 179.979177
295 244.114704 142.865166 133.178872 180.936962
296 245.389272 141.926105 132.999796 180.537979
297 245.792392 141.671014 132.465502 180.723384
298 245.142918 141.659768 132.005672 181.163432
299 245.653205 140.989907 132.075677 182.374235
300 245.347895 141.360215 132.152827 182.930023
301 244.821703 141.628094 132.138896 182.990864
302 245.158223 141.129549 132.034559 182.727832
303 244.381660 141.603325 132.094461 183.036030
304 244.972866 140.812326 132.015958 182.702415
305 245.285296 140.652615 132.161932 182.704132
306 244.330146 141.342607 131.839222 182.628049
307 244.901524 140.790292 131.564715 181.151101
308 244.088772 140.687076 131.602266 181.586572
309 244.497213 140.083007 131.461728 180.765466
310 245.508741 139.815696 131.129419 179.586274
311 245.947155 139.897452 131.183708 179.244879
312 245.580637 141.350161 130.987915 180.065671
313 245.503301 141.334552 130.577682 180.022032
314 245.920640 141.257120 130.594829 179.734854
315 246.557687 141.194556 130.666858 179.283134
316 245.809836 141.998726 130.622782 179.217177
317 246.559811 141.456307 130.506434 178.792700
318 245.982528 142.082553 130.465962 179.181368
319 246.920896 142.428195 130.146549 178.538054
320 247.511638 143.440036 130.027652 178.400696
321 247.610682 143.634469 129.854473 178.149869
322 248.045150 144.734373 129.480496 178.230550
323 248.934802 144.837061 128.791729 178.487301
324 249.484186 144.512856 128.464821 178.107380
325 249.898976 144.196754 127.862534 177.833461
326 250.350789 144.531336 127.538184 177.848096
327 251.062124 144.740146 127.378729 177.367828
328 251.223365 144.406527 126.506581 176.141034
329 251.720689 144.588770 126.376443 176.257968
330 251.992918 145.123046 125.739794 175.974536
331 251.947210 145.075512 125.373266 174.982740
332 253.112875 145.396967 125.110003 175.112286
333 252.535227 146.139872 124.988258 175.057616
334 252.296612 146.620722 124.344611 174.026844
335 253.037653 146.413892 123.940331 173.711196
336 253.556291 146.787274 123.671646 172.978544
337 253.725719 146.612962 123.876151 172.000476
338 250.082056 147.826154 124.384260 170.840353
339 253.258808 146.705077 124.546870 171.452029
340 247.037266 148.116207 125.848407 171.159445
341 246.003598 146.495817 127.804884 169.460108
342 234.643935 146.615039 133.428290 166.351497
343 224.125665 148.392334 139.083524 167.116021
344 217.436111 148.081932 143.503280 166.299447
345 215.584537 147.990005 145.664793 166.409865
346 214.803983 147.247109 147.034039 165.996170
347 214.866010 146.624381 148.312717 165.550843
348 214.517505 146.948679 148.774496 165.613692
349 214.683387 146.720143 148.979495 165.336903
350 216.660077 146.974937 149.154126 164.457063
351 218.667624 147.379889 149.742398 164.285726
352 221.520641 147.340375 150.069087 164.350447
353 224.021379 146.620926 150.515558 164.350282
354 231.651746 145.935194 149.874797 162.790979
355 233.279306 146.011087 149.578621 162.829597
356 233.665197 146.883295 149.097698 162.585262
357 234.249010 147.816245 148.533795 162.505976
358 235.216970 148.716423 148.311964 163.108985
359 235.086349 149.813259 147.792520 163.530437
360 235.237520 150.686984 146.743898 163.059794
361 236.127954 151.323783 145.779519 162.591109
362 237.048341 151.810602 144.099993 162.153270
363 239.249039 151.320493 143.110654 162.699534
364 241.578730 149.694815 141.057721 161.534941
365 243.320928 147.632156 139.242061 160.562646
366 245.121488 149.183312 137.000251 159.041639
367 247.729989 147.451949 134.912302 157.956210
368 248.812129 146.848610 132.382265 154.554494
369 251.109548 147.949337 130.416407 153.148206
370 254.716063 147.391006 127.852162 151.916349
371 256.346263 147.446704 125.692010 151.350354
372 257.788801 148.321161 123.982344 150.518854
373 259.631815 147.752643 122.073847 150.476744
374 260.912557 147.611621 120.188171 149.517888
375 263.036736 148.536762 118.211999 149.741292
376 263.186206 150.276865 116.966697 150.456040
377 261.780169 149.061576 115.145598 152.961864
