2 174.611884 531.503854 178.567208 134.777853
3 175.968531 541.702933 181.045445 133.523701
4 176.173072 541.929562 181.488377 134.001272
5 176.159402 542.044590 181.711700 134.279249
6 176.460832 541.619121 182.288983 133.974237
7 176.534203 541.581415 182.525002 133.955969
8 176.470912 540.251528 183.332657 133.175995
9 177.937962 532.707090 184.369877 131.634388
10 177.864029 532.657638 184.489258 131.814483
11 166.468839 524.244674 184.765381 130.870900
12 166.176161 524.256728 184.930346 130.984946
13 166.152696 524.251406 184.966531 130.997145
14 166.146256 524.241571 184.988153 131.001243
15 166.129006 524.479644 184.988153 131.501248
16 168.372588 516.415064 185.071225 130.613207
17 168.563739 516.597198 185.488121 131.001243
18 168.546442 516.835271 185.488121 131.501248
19 171.075671 513.455628 186.096299 130.939664
20 181.410371 501.702060 184.709276 128.424828
21 181.662226 501.415024 184.954040 128.655886
22 181.662032 501.575991 184.988153 129.001224
23 181.644782 501.814245 184.988153 129.501229
24 181.301780 504.266336 184.996295 130.981017
25 181.280459 504.264565 184.988153 131.001243
26 181.181627 501.742423 185.303186 131.190217
27 180.402684 487.833722 184.424125 131.043383
28 179.844713 486.264756 184.320185 132.041036
29 179.529814 480.865203 184.055657 132.879875
30 180.590357 474.587453 184.680712 133.006761
31 181.943425 472.692951 185.073801 133.843618
32 182.133288 472.759621 185.488121 134.001272
33 181.284769 475.507464 185.420463 134.890310
34 178.710389 481.850716 185.372008 135.738590
35 177.582468 490.421668 184.924620 136.462691
36 176.367101 490.812706 184.966602 136.326969
37 172.901059 490.591646 184.520182 136.194430
38 171.025955 480.689615 185.457879 135.518124
39 169.365164 476.248873 186.020990 135.335899
40 169.694097 467.551231 186.368543 135.018742
41 169.741506 467.462975 186.437998 135.590676
42 169.776126 467.624110 186.469292 136.004565
43 169.768118 467.860092 186.488057 136.501295
44 174.214656 476.953385 186.189901 136.426366
45 174.937373 480.916515 186.127160 136.599683
46 181.465774 492.319234 185.090120 136.769658
47 187.380286 501.219062 184.564571 134.916346
48 189.961594 502.247862 184.633344 134.730695
49 200.102829 501.458362 184.036482 135.402421
50 200.409588 501.555152 184.609627 135.523771
51 200.581601 501.781574 184.988153 136.001291
52 209.525649 495.698933 184.700722 136.541982
53 205.580460 481.292588 184.922036 139.516443
54 205.240109 481.394103 185.213348 140.003705
55 199.592372 478.681091 184.997630 140.297131
56 201.462265 476.572488 184.236818 142.753545
57 201.575900 476.681798 184.486496 143.000798
58 201.559541 476.919062 184.488185 143.501362
59 202.411941 481.291763 182.323568 140.283236
60 202.477296 481.388066 182.488313 140.501333
61 202.130793 481.465529 181.675938 140.900917
62 200.710051 480.795410 174.985758 140.128983
63 200.368699 480.878683 174.511955 140.344999
64 201.756682 473.917631 173.092605 139.190751
65 202.077485 472.057554 172.809566 139.496894
66 202.222363 471.486421 172.065241 139.699689
67 201.175434 471.300346 171.653577 140.337738
68 200.455336 474.771422 171.013651 140.350312
69 208.829793 486.786541 167.962719 139.936332
70 208.827389 486.806338 167.989241 140.001328
71 208.811724 487.043595 167.989241 140.501333
72 208.796059 487.280806 167.989241 141.001338
73 209.174488 487.654934 167.048085 141.128699
74 207.680720 483.068312 165.040612 141.193621
75 207.498359 465.614728 162.780788 139.089381
76 206.614840 464.006975 161.701123 139.648390
77 204.267358 461.609183 159.995671 140.097359
78 203.656042 461.565508 159.432541 140.420376
79 201.797951 461.367827 158.318584 140.420336
80 190.219234 462.445890 157.562431 140.242871
81 177.432020 459.771794 157.302794 140.825739
82 172.992579 455.986021 155.948876 140.979581
83 167.782938 451.041150 154.735257 140.847177
84 160.456463 438.280472 156.372541 141.239810
85 157.660278 424.893094 155.145586 141.155634
86 157.946883 421.114326 155.022916 141.371796
87 156.856720 419.233764 160.417344 146.860714
88 148.648241 417.888251 161.471946 149.313775
89 131.069936 406.581350 163.010978 149.107835
90 130.942798 408.226422 164.228189 148.453811
91 129.530798 416.138876 164.813265 146.404199
92 121.855361 429.318736 163.418082 145.297460
93 118.329215 434.586200 163.410319 142.133893
94 110.686876 436.471288 163.622659 142.022751
95 100.372738 443.991971 161.791814 141.096072
96 85.923696 453.524006 162.640653 140.562774
97 81.731438 454.454775 163.151897 140.250542
98 81.885009 454.567425 163.489530 140.501333
99 81.869764 454.804636 163.489530 141.001338
100 82.111343 458.297422 164.284782 140.678806
101 77.476424 474.903263 172.741629 140.379443
102 75.857826 482.032390 174.238061 141.819526
103 75.827480 482.625096 174.580803 142.002153
104 76.007513 482.880774 175.065614 142.481735
105 81.459332 478.371040 178.170369 142.144415
106 88.996872 471.151084 180.265541 142.709610
107 89.088788 471.276703 180.504019 142.999775
108 106.628707 462.148219 183.434658 143.552941
109 110.190422 458.852896 184.728083 143.914142
110 119.445196 446.771073 185.014423 146.236205
111 119.710089 446.870837 185.538698 146.496256
112 120.460801 446.713561 186.473126 146.484771
113 136.606724 442.395666 188.381379 144.688170
114 138.479045 434.408627 188.861495 144.893529
115 143.413600 430.012974 188.927974 145.377318
116 144.976598 429.710619 189.676484 145.541441
117 147.886679 430.464834 190.175798 145.967266
118 158.050113 431.936069 190.302356 144.927002
119 158.125072 431.960102 190.487801 145.001376
120 175.352686 423.945266 193.073426 144.824268
121 191.096115 419.339717 193.227754 143.983552
122 205.772280 412.145387 190.900617 141.582623
123 220.357949 405.917066 190.019322 141.375279
124 223.650673 407.973319 189.011165 140.517965
125 227.561031 419.278780 188.302640 140.560094
126 227.825978 419.792942 188.294310 140.840904
127 228.288816 420.326017 188.212902 140.720582
128 228.731984 420.834680 188.200220 140.623664
129 229.017608 421.270739 188.187249 140.648326
130 223.274810 431.338143 184.176742 140.851682
131 215.100608 442.219091 180.257978 139.963527
132 206.906130 449.199650 177.222531 140.230646
133 188.780372 454.308892 176.160095 134.759956
134 174.087089 455.688553 175.113654 133.199963
135 161.968385 457.519359 171.437482 132.374703
136 152.343774 459.722628 168.511635 132.626589
137 152.566787 459.897899 168.989177 133.001262
138 152.551028 460.135790 168.989177 133.501267
139 152.535270 460.373636 168.989177 134.001272
140 152.519511 460.611437 168.989177 134.501276
141 152.503753 460.849192 168.989177 135.001281
142 163.032483 458.329021 167.373366 135.236592
143 168.473207 454.716409 168.001361 134.776177
144 170.463197 453.638217 169.383416 134.460155
145 175.963063 452.669576 169.497195 134.239389
146 176.803781 453.245732 169.690122 134.365676
147 182.961944 456.392015 171.815691 134.672631
148 183.032553 456.544093 171.988985 135.001281
149 183.016515 456.781803 171.988985 135.501286
150 182.946436 456.926551 171.964700 136.012717
151 184.627805 450.541434 173.795355 137.019391
152 194.175677 443.174225 175.476229 137.632605
153 199.369541 443.201204 175.047725 138.084742
154 206.355086 444.520491 176.499206 138.847737
155 206.333373 444.584672 176.488697 139.001319
156 206.316916 444.822019 176.488697 139.501324
157 206.300458 445.059321 176.488697 140.001328
158 206.284000 445.296578 176.488697 140.501333
159 206.267542 445.533789 176.488697 141.001338
160 202.592623 456.780240 177.003717 139.666058
161 200.032736 473.614835 178.707073 140.586255
162 193.308239 488.549895 178.704138 140.102311
163 176.611622 490.752163 181.067100 139.807868
164 174.072891 490.075174 181.460371 139.899737
165 163.865191 475.120907 181.275431 140.310471
166 166.997816 461.085695 181.604781 140.550686
167 170.598535 450.302654 181.774604 141.129930
168 171.967515 447.171998 182.008739 141.536206
169 172.190285 447.391687 182.488313 142.001347
170 172.173268 447.628762 182.488313 142.501352
171 172.842364 449.511823 182.445576 142.909310
172 175.889188 462.167749 181.553079 143.842105
173 176.089851 462.234316 181.988345 144.001366
174 176.072880 462.471210 181.988345 144.501371
175 176.055909 462.708058 181.988345 145.001376
176 176.376087 462.966133 182.281754 145.270582
177 183.181317 459.543630 183.466771 143.036899
178 186.371289 452.295411 184.854030 141.948041
179 186.421100 452.309182 184.988153 142.001347
180 186.403849 452.546257 184.988153 142.501352
181 186.386599 452.783287 184.988153 143.001357
182 184.931817 453.180512 184.708706 143.372803
183 175.180178 454.480591 184.682197 142.990136
184 174.322315 454.605145 184.841531 142.844716
185 161.657870 452.546050 183.918397 142.170708
186 161.675482 452.697724 183.987620 142.500863
187 161.541686 452.453893 183.753447 142.594385
188 157.167967 448.058005 182.647781 142.182245
189 157.321153 448.204631 182.988281 142.501352
190 157.162272 448.503405 182.878018 142.967706
191 145.892492 450.690117 182.144064 141.735663
192 145.823064 451.514189 182.248635 141.667208
193 144.925367 465.921509 181.572120 140.680613
194 144.925505 466.370827 181.962162 140.883396
195 144.610400 467.525864 181.603612 140.544207
196 144.230289 472.779263 181.079487 139.735664
197 144.514931 473.672323 181.403129 139.616727
198 145.910636 476.236083 181.296660 139.146082
199 148.737006 481.527079 181.292177 138.329728
200 151.663717 493.335394 180.785598 138.571002
201 152.944675 507.849994 180.362921 136.478542
202 154.200417 523.980458 181.203787 135.226301
203 150.123429 538.335048 183.278961 133.882911
204 142.314787 549.582037 184.292720 134.026293
205 142.337787 549.902887 184.483372 134.495183
206 139.511429 550.720837 184.582188 134.123626
207 135.412000 550.922961 186.433095 133.476726
208 134.449898 545.242843 186.528618 133.237654
209 136.552377 535.177609 186.826879 133.446515
210 138.942723 531.352891 186.332440 133.192864
211 143.738066 527.201801 186.181479 133.324604
212 143.873964 527.278021 186.488057 133.501267
213 143.856574 527.515867 186.488057 134.001272
214 144.270531 527.853949 186.454779 134.476905
215 150.216137 527.848097 185.756597 134.446480
216 150.767744 527.899266 186.107122 134.424501
217 158.732035 529.027433 185.092859 134.197374
218 162.384921 531.384180 185.744494 134.044657
219 173.204194 537.642530 185.466484 133.346514
220 173.197716 537.707796 185.488121 133.501267
221 173.180418 537.945642 185.488121 134.001272
222 173.163121 538.183443 185.488121 134.501276
223 156.688780 536.398103 185.204513 133.189625
224 153.259003 530.735633 184.275391 133.003699
225 147.280610 519.391890 181.826976 132.842969
