56 491.248359 88.844534 255.759546 264.518269
57 492.338679 88.527512 255.295923 264.781141
58 492.870480 88.519829 255.179887 265.020117
59 494.551169 89.412737 254.394741 266.017656
60 497.471807 87.770588 254.859235 267.860399
61 499.972891 89.609291 253.496181 267.195419
62 502.321833 91.863759 251.893541 267.806831
63 506.070807 91.264872 251.899388 268.028625
64 506.218637 91.478628 251.896492 268.442681
65 506.264828 91.507403 251.964372 268.435178
66 507.410155 91.035385 251.572076 268.578240
67 509.113165 92.386861 250.773413 268.152243
68 509.203036 92.590634 250.913718 268.415384
69 509.588396 92.102959 250.645382 268.665173
70 509.767368 92.249208 250.947757 268.947153
71 509.775908 92.319217 250.877788 268.916215
72 509.867534 92.057894 250.570470 269.092521
73 510.113955 92.110278 250.869578 269.502801
74 510.193756 92.367748 250.950079 269.936258
75 510.469088 92.464661 250.759323 269.948296
76 511.652850 93.242275 249.446821 269.910303
77 511.987776 93.928781 248.792730 269.624615
78 512.585350 94.860702 248.155919 270.002498
79 514.509704 96.933281 246.466642 269.867447
80 514.513923 97.054313 246.454817 269.898046
81 514.474347 98.560120 245.945550 269.939026
82 516.529230 101.141388 242.439182 269.891840
83 516.850687 101.471396 240.550959 270.051447
84 517.076081 101.864462 240.846470 270.360103
85 517.274360 102.277328 240.318285 270.842737
86 516.119582 102.507551 239.000189 270.503565
87 516.076170 103.076474 239.169681 270.770397
88 516.236647 103.175717 239.463410 270.944408
89 515.446252 103.304823 239.176807 270.939756
90 513.218309 104.872193 240.084294 271.598806
91 512.510688 101.904836 239.836018 274.680906
92 512.042230 102.065511 239.587635 274.803934
93 510.457687 103.304914 239.492615 274.711632
94 510.091717 102.615792 239.148519 275.665224
95 500.405170 105.926483 245.926049 263.064632
96 501.115869 114.151436 242.545329 257.697578
97 506.864698 113.815878 238.603571 241.700417
98 508.314409 114.649164 236.969924 240.254738
99 500.143900 123.994112 235.504601 233.361292
100 498.676813 138.037111 227.535788 218.268018
101 498.103030 146.033337 226.608746 209.292711
102 497.790244 167.039810 218.539305 190.751479
103 505.280255 166.600767 211.016071 181.148502
104 511.865085 165.714804 208.213768 169.857113
105 512.007645 169.204824 204.428212 164.034024
106 517.750060 162.895830 201.824735 162.330640
107 522.303331 156.697067 200.626384 158.902703
108 521.247998 156.212221 201.441440 159.370700
109 524.808211 139.590353 199.366628 163.447658
110 523.085140 127.691930 201.702256 166.010592
111 521.884592 127.301646 202.802952 165.991851
112 521.997916 119.249922 204.980031 167.226467
113 522.661429 112.950842 203.843598 166.292778
114 522.630546 112.967477 204.044163 166.400671
115 521.699110 110.422836 206.667133 166.073086
116 517.414745 105.090530 210.899412 168.390793
117 514.777242 104.203185 216.439592 172.697708
118 515.016601 98.746460 228.307614 187.370061
119 516.348424 99.194377 237.183842 248.548865
120 511.071443 145.874800 240.929763 249.629353
121 484.789718 159.155062 263.281346 242.161000
122 484.720966 181.386924 257.543585 237.295728
123 491.180067 191.018937 256.411145 237.499830
124 492.230839 190.995783 257.959424 236.843882
125 495.505259 181.187364 259.956057 235.253820
126 495.798530 173.926588 260.679360 234.279161
127 494.278067 164.158150 260.864793 231.844360
128 494.674604 162.100398 260.744594 231.213448
129 496.482169 158.980820 260.332078 230.889765
130 496.456646 139.976580 262.361403 228.967469
131 496.126853 129.691782 260.166510 231.102432
132 496.880184 119.436366 257.262618 236.115215
133 495.785066 116.039835 253.058060 237.388801
134 491.507045 124.418521 248.781132 241.161923
135 492.069835 122.962234 248.371988 242.381993
136 494.163478 116.978453 248.034058 241.392849
137 488.082874 123.261839 246.204036 245.618538
138 489.801383 121.987082 244.803446 251.746376
139 493.503668 103.926749 246.039113 254.131379
140 491.476455 105.707134 246.847344 255.365298
141 491.511372 105.805272 246.972958 255.472722
142 491.533244 105.077576 246.945645 255.896940
143 490.758595 106.487931 246.691620 255.133411
144 490.717838 107.114743 247.076226 255.938960
145 491.205507 106.300255 247.501369 256.276477
146 491.413776 106.595113 247.960041 256.339262
147 489.313870 112.279044 249.790851 260.059588
148 494.401166 100.508560 250.531685 261.715293
149 494.692940 101.110474 250.745116 261.569624
150 491.120321 103.735862 252.641124 261.028409
151 492.024852 103.066387 252.826448 261.439424
152 492.012945 102.908713 253.006876 261.207022
153 491.443023 104.515157 253.620080 262.430957
154 491.627375 104.549791 253.964089 262.436627
155 491.640050 104.581603 253.963713 262.436739
156 491.620805 105.317889 254.248689 262.107693
157 491.740841 105.514155 254.464018 262.436627
158 492.025777 105.074477 254.638600 261.995741
159 492.188262 105.187808 254.976751 261.883202
160 492.194257 105.246320 254.963948 261.936747
161 492.440502 105.062352 255.054899 261.844573
162 492.658325 105.157493 255.466862 261.929401
163 492.868254 105.568599 255.873403 261.653553
164 492.934043 105.735926 255.972559 261.935036
165 493.104673 105.733889 256.115479 261.871758
166 493.306535 105.802420 256.482913 261.927527
167 493.828787 106.621364 255.924550 261.131790
168 493.919332 106.810706 256.036584 261.388101
169 493.771246 106.061663 256.991216 260.576150
170 493.769964 106.273700 256.963665 260.936989
171 493.824100 106.380849 257.055943 260.877114
172 494.040443 106.442405 257.463594 260.936989
173 492.834081 106.626168 257.287556 260.657875
174 492.695137 107.098834 257.357998 261.637282
175 492.279735 106.668904 257.693314 260.641022
176 488.335555 107.085055 260.316234 259.164595
177 484.360927 111.926513 259.199433 262.381417
178 485.207169 110.767865 259.645295 262.923337
179 485.353899 110.775121 259.995090 262.885578
180 484.895591 111.507793 259.638543 262.833521
181 485.109521 111.591221 259.924423 262.938713
182 485.472664 111.019516 260.492253 262.549872
183 485.286176 111.651266 260.493007 262.658024
184 485.325844 111.800947 260.471008 262.958929
185 486.428535 111.351553 260.861879 262.678228
186 486.489158 111.567707 260.969210 262.922761
187 489.172646 111.819282 259.732418 263.338188
188 491.941557 106.264096 259.901859 263.081207
189 491.984887 106.473606 259.963241 263.436385
190 492.006441 106.527565 259.973494 263.438245
191 492.376539 106.443111 259.782010 263.279402
192 492.609797 106.544527 259.863587 263.351121
193 493.117157 107.635472 259.578600 263.239509
194 495.538936 107.209618 258.987264 263.318127
195 495.786415 107.077093 258.791271 262.765432
196 495.885061 107.194489 258.963382 262.936506
197 498.822004 107.305269 256.856310 262.080909
198 498.888175 107.514927 256.963665 262.436627
199 498.892531 107.657326 256.964179 262.384331
200 499.257998 107.728617 256.655532 262.476205
201 499.864539 107.710699 256.607947 262.076576
202 500.054891 107.922523 256.963665 262.436627
203 500.098450 107.956876 256.951128 262.436176
204 501.336226 107.878088 256.598143 261.507329
205 501.531480 108.124536 256.963665 261.936747
206 501.545751 108.157075 256.967451 261.935123
207 501.574084 108.192486 256.961275 261.924367
208 501.589145 108.256276 256.968150 261.925778
209 501.601344 108.330042 256.970000 261.921243
210 501.552975 108.258906 257.002218 261.799235
211 501.796795 108.368421 257.465166 261.932849
212 501.883819 108.176145 258.043388 260.615461
213 500.869603 107.948555 258.944743 259.826195
214 500.924229 108.038222 258.926690 259.948264
215 500.967738 108.053354 258.961060 259.932705
216 500.137868 107.877306 259.591223 259.125015
217 496.604182 112.163660 261.410816 259.150486
218 500.826385 114.987266 258.387091 260.246779
219 500.495833 113.026848 258.874188 254.456267
220 500.089386 113.591511 259.346519 253.979217
221 501.507720 113.020095 258.466146 254.759704
222 503.139138 113.675947 257.572697 247.892095
223 502.594125 114.492270 259.746621 247.358156
224 503.394621 114.476461 259.377744 247.376117
225 504.988124 115.393945 258.022714 242.607680
226 499.076515 116.931247 266.922939 237.930301
