141 134.431657 129.177215 36.838284 106.030432
142 138.188581 130.048327 36.680690 105.274628
143 139.488341 131.661812 37.490381 103.381540
144 142.311367 131.303035 38.003374 102.178158
145 146.552474 130.843570 38.497081 101.079166
146 149.769221 130.272920 39.159150 100.238853
147 152.982506 129.073946 39.601941 99.187207
148 158.307132 129.163962 39.159307 102.061529
149 164.408593 127.902549 38.202253 101.863515
150 170.213455 127.397566 38.820261 101.605799
151 173.578048 127.410078 38.766097 101.445806
152 175.176288 127.064212 38.532739 101.309966
153 179.564142 128.361063 37.312481 103.902457
154 183.261204 126.806010 36.520942 105.905596
155 185.496429 127.405049 36.784710 105.781930
156 188.464422 128.035630 37.248154 105.948652
157 192.656467 123.464993 37.237859 106.455777
158 193.702296 121.996619 37.542962 105.524151
159 198.458771 123.596527 37.663178 105.869751
160 201.922038 124.728100 37.824484 105.538976
161 206.389604 124.655869 37.172099 105.682195
162 210.783424 121.055183 37.347218 105.463559
163 212.704644 124.427014 38.772138 103.855698
164 215.872578 126.656054 39.046073 102.475605
165 216.705759 127.039854 39.574255 102.074028
166 219.315852 127.737703 39.316875 102.957551
167 226.895164 129.843060 39.758662 101.104731
168 229.296562 129.228686 39.465532 102.280172
169 232.554731 130.809879 38.930330 101.346394
170 236.271915 129.142131 38.469434 102.366758
171 238.389279 124.299754 38.378375 101.673442
172 241.398809 127.638963 38.343456 99.680420
173 243.326982 128.042998 38.551543 99.034386
174 245.997609 128.320471 39.347413 96.643708
175 251.683869 130.547328 39.697254 95.900247
176 255.578021 128.172559 39.926147 96.523691
177 262.428053 127.502171 38.826984 97.447250
178 267.207069 126.966388 38.426383 98.262546
179 270.221173 124.682885 38.231737 98.997124
180 272.327265 129.058394 38.203445 97.009083
181 275.686634 126.772575 37.966985 98.509886
182 279.371394 128.557709 37.513811 99.674917
183 283.323770 131.903906 37.963257 99.253535
184 284.690223 131.638068 38.190729 98.827501
185 285.515473 128.576129 41.666174 97.002365
186 288.148497 123.436809 42.336146 97.319603
187 291.387130 121.950862 42.177694 97.779708
188 294.889528 116.882609 42.230247 99.749676
189 297.721453 116.510826 42.669055 100.058618
190 302.868983 117.639948 42.759172 99.532538
191 308.517032 118.534461 42.090225 98.822565
192 311.177318 116.882373 41.909773 99.638166
193 314.883963 118.581444 40.386550 99.910460
194 317.479473 118.696710 40.023170 100.313549
195 324.030510 115.943892 39.914780 100.439508
196 329.521724 112.171608 40.096661 101.537366
197 331.246569 113.973174 40.161480 101.364358
198 334.707612 117.399312 40.409902 99.676782
199 336.462881 119.798861 40.599808 101.519909
200 338.806043 121.383891 40.662473 102.461117
201 340.593524 120.240636 41.407087 102.421662
202 344.336027 119.163169 41.376910 102.558964
203 348.066050 118.299844 43.904101 103.125349
204 349.967663 120.332356 44.901087 103.020085
205 354.496698 119.735461 44.526612 103.911088
206 355.894012 119.633554 44.679418 100.813754
207 359.438313 118.616576 44.504888 100.991427
208 362.038671 113.083757 43.189202 100.738575
209 362.382751 113.396824 43.598460 100.388342
210 366.743903 110.297752 46.129051 94.084113
211 370.489997 112.733373 46.327213 94.415150
212 375.078936 114.686615 43.659018 95.832430
213 380.150917 116.306243 42.939052 98.909811
214 384.053047 115.843462 42.026413 100.891594
215 385.700925 116.495328 42.535319 100.818107
216 389.504317 119.270642 42.242929 100.799368
217 391.660098 121.602819 42.239804 100.479543
218 396.262428 115.969713 41.952566 102.792360
219 396.765507 116.293088 42.011395 102.687953
220 402.705937 114.787332 42.049091 103.054458
221 406.574628 115.940919 42.123988 102.971053
222 410.638322 116.149821 42.076743 103.198593
223 411.262315 117.552907 42.292505 102.964652
224 412.783038 114.870398 42.196545 100.284622
225 418.333941 116.848479 42.167754 100.163165
226 420.185230 119.247595 41.912430 99.978348
227 423.079260 117.881940 41.887335 100.256410
228 424.543676 119.962164 41.817891 101.400136
229 427.526733 118.188931 42.257485 101.337094
230 429.313118 118.721003 43.661268 100.031125
231 432.768427 114.789320 42.977721 106.026591
232 435.989825 115.504442 42.339322 105.658422
233 439.389723 113.311623 42.620819 104.391874
234 440.860151 112.710942 43.160602 104.672056
235 444.802719 110.277851 42.395016 106.028265
236 448.909806 109.134911 41.700539 106.437349
237 450.335043 108.047570 42.052728 104.753745
238 452.208865 108.545175 42.236199 102.830328
239 455.872127 111.588598 41.137614 102.150535
240 459.204327 108.856633 40.913040 101.906095
241 463.384183 108.043399 41.122514 103.721321
242 466.740798 105.564191 41.799629 107.921731
243 467.150542 105.358590 42.146288 108.042347
244 469.751619 102.978017 42.833203 110.112171
245 470.096958 102.942264 43.808672 109.565281
246 471.656176 102.703988 44.754775 107.889134
247 474.321716 103.082291 44.758923 107.356852
248 476.253498 102.487997 45.123465 107.206465
249 479.100576 102.662594 45.169649 105.865314
250 483.031080 103.641896 45.434853 104.241144
251 483.373869 103.103504 45.729697 103.733020
252 486.067393 104.884856 45.583383 103.293843
253 489.553163 104.806519 45.640816 101.734582
254 493.079839 104.624364 45.571430 102.002719
255 495.455236 105.838091 45.223757 100.546067
256 499.804501 106.026866 45.166941 100.722383
257 501.580325 106.929323 44.951848 100.556581
258 504.767314 109.362238 43.450953 102.129278
259 506.106522 110.557119 43.958314 98.890981
260 508.700308 116.985553 45.373368 92.963132
261 510.767284 115.047199 43.158580 98.891471
262 511.379783 114.419669 43.480154 98.557025
263 514.232297 117.545928 43.369617 96.018555
264 514.716640 116.762499 43.936107 96.618930
265 519.622405 111.633962 42.699742 97.355854
266 520.550995 109.589718 42.585153 97.909991
267 520.495871 108.467850 45.854716 95.659157
268 521.486988 107.679115 46.077137 95.198625
269 524.808709 103.368253 46.359610 96.168738
270 526.151437 102.833608 46.680725 95.970715
271 530.305090 93.121027 44.776234 98.750420
272 534.314869 93.299071 45.072203 98.453812
273 534.834294 92.540022 45.584817 99.209895
274 535.113923 92.542141 45.970402 99.428642
275 535.821627 92.737839 45.699662 99.253745
276 538.615038 93.464214 45.799398 98.345960
277 540.531499 93.246118 45.391940 98.866669
278 542.885351 93.980392 45.252432 97.963649
279 545.084071 93.475738 44.698312 99.159041
280 545.375057 93.859034 44.923394 99.264249
281 545.479100 93.860446 45.001375 99.425411
282 547.031293 92.330645 45.466067 98.882808
283 548.428973 90.576766 44.953684 98.680471
284 548.686936 89.451956 44.804205 98.970609
285 548.885326 89.313130 44.929200 98.937163
286 549.767585 88.025136 44.692402 98.881426
287 550.499430 87.859213 44.799257 99.038733
288 551.454445 86.312090 44.736420 99.974301
289 552.253273 85.364747 45.017226 99.800830
290 555.898049 82.659895 44.760921 100.991158
291 556.967334 82.275492 44.752269 100.706447
292 557.357287 82.320856 44.831102 100.729631
293 562.661422 80.337179 44.391602 100.936149
294 562.992702 80.111214 44.269550 100.854334
295 563.361743 79.521262 44.121550 101.318524
296 564.266566 78.585995 43.526185 101.262308
297 565.704370 76.389182 42.802796 101.942396
298 565.840796 76.294888 42.910219 101.954908
299 566.397191 75.584483 42.716668 101.850922
300 566.850221 75.248498 42.721271 101.573941
301 568.360459 73.887189 42.951360 102.016931
302 568.411624 74.059603 42.916653 102.511965
303 568.677544 73.921119 42.915419 103.018604
304 568.854869 73.980362 42.802005 103.377403
305 569.077137 72.326962 42.854967 104.098963
306 569.160252 72.430981 42.972568 104.297144
307 569.317092 72.115231 42.861875 104.762696
308 569.419634 72.629455 42.989719 104.117007
309 570.228436 70.209806 41.624264 105.687905
310 570.682726 69.645066 42.057854 105.310610
311 571.557530 67.467957 42.008657 106.296570
312 571.793628 67.562039 42.483107 106.439949
313 571.826740 67.366913 42.422397 106.329551
314 571.845693 66.797532 42.221981 106.025624
315 572.133345 66.585284 41.996646 106.642360
316 572.137802 66.573543 41.957358 106.691141
317 572.087439 66.228369 41.855442 107.224852
318 572.104075 65.546768 41.619428 107.544945
319 572.263423 65.082502 41.543493 107.509936
320 572.223279 64.242776 41.602467 108.266211
321 572.315847 64.168415 41.642902 107.894591
322 572.495798 64.206922 41.989658 107.954388
323 572.413270 61.829273 41.511241 109.420367
324 572.649621 61.869685 41.965491 109.453530
325 572.467322 61.009888 41.663878 109.780340
326 572.683433 60.857499 41.922471 109.989195
327 571.557003 51.991292 40.718212 112.340139
328 571.699571 51.860363 40.990690 112.557952
329 571.710564 52.039359 40.966987 112.942227
330 571.058420 49.036357 41.101511 113.029905
331 571.251607 49.271773 41.484080 113.467062
332 571.371280 48.763447 41.377074 113.603615
333 571.063641 45.064101 41.276215 114.873230
334 571.114426 44.806754 41.365433 115.036011
335 570.809353 43.117121 41.396299 116.134730
336 570.708648 42.866648 41.314243 116.406157
337 570.798784 42.912775 41.493098 116.471430
338 570.286479 42.675828 41.368023 116.312364
339 570.162484 42.392002 41.558563 116.530814
340 570.078954 42.295660 41.775496 116.855180
341 569.924142 42.008124 41.873270 116.545580
342 569.325365 39.542889 41.645179 117.227746
343 568.669946 38.892109 41.577511 116.896832
344 568.850891 38.118855 41.934585 116.807921
345 568.505816 37.986775 41.887509 116.360474
346 568.322000 36.309676 41.709234 117.580144
347 568.462505 36.513454 41.985705 117.966324
348 568.339808 35.904802 41.915946 117.343462
349 568.405061 35.888596 41.960252 117.507127
350 568.414326 36.072126 41.969869 117.942777
351 568.428603 36.097148 41.994144 117.972373
352 568.572171 37.856537 41.488180 116.110753
353 568.583250 38.003231 41.489140 116.406685
354 568.715142 37.638102 41.304911 116.789396
355 568.811692 37.735984 41.495225 116.970420
356 568.529764 38.013617 41.275831 115.978235
357 568.630009 38.029494 41.485149 115.961851
358 569.597678 35.655718 40.213306 117.855274
359 569.745480 35.588574 40.480566 117.839910
360 569.781756 35.635511 40.463464 117.918796
361 569.152054 35.244283 40.351188 115.955968
362 567.949093 34.864604 40.660115 112.130217
363 567.785059 32.606443 40.877859 110.663320
364 567.702018 31.680244 40.890129 109.249471
365 566.329686 27.244890 41.059632 109.106941
366 566.426060 25.552016 41.647656 108.341285
367 566.415977 24.688873 42.117966 107.701773
368 566.568464 24.723691 42.512680 107.900412
369 566.308053 23.677810 42.976388 108.553860
370 566.068954 23.288601 43.015409 108.709146
371 566.290636 23.084058 43.490853 108.730041
372 566.222142 23.008143 43.525841 108.664115
373 565.227867 19.919378 44.803858 107.450846
374 565.231913 19.924338 45.073199 107.289972
375 565.423446 19.989020 45.543347 107.286820
376 565.594833 20.066054 46.017001 107.425171
377 565.040091 19.493510 46.463426 106.843467
378 565.053203 19.519485 46.497880 107.001117
379 565.012824 19.503774 46.488477 107.266475
380 564.657411 18.764058 46.473530 106.400150
381 564.478249 18.619839 46.573381 106.514483
382 564.690521 18.862644 46.993355 106.974168
383 563.905442 18.738842 46.949483 106.257126
384 564.049850 18.835695 47.185358 106.545842
385 563.559515 18.210423 47.205956 106.668885
386 562.202280 17.151912 47.124449 105.675562
387 561.485721 16.030502 47.282510 106.296035
388 561.586801 15.859585 47.472725 106.382589
389 561.582876 15.878065 47.524951 106.496349
390 562.043075 15.428185 47.793269 106.046547
391 562.145380 15.654957 47.993214 106.474288
392 562.720220 15.611652 47.980529 105.987055
393 562.569668 15.096872 47.978451 105.631453
394 562.482987 15.028523 48.241994 106.041841
395 563.071952 15.215417 48.303528 106.067698
396 563.096923 15.277167 48.436846 106.300036
397 562.755297 15.030477 48.351069 106.007033
398 562.533406 13.287993 48.382959 105.797633
399 562.590856 13.389222 48.493143 105.974409
400 562.051029 13.194005 48.357468 105.535150
401 561.819378 13.107028 48.643810 105.839409
402 561.662372 11.981422 48.721938 102.372904
403 561.742129 12.209754 48.900009 102.259272
404 561.604075 11.523262 48.992030 101.288178
405 559.735676 9.707143 47.849992 100.916938
406 560.594548 11.639674 48.981297 96.027158
407 560.602481 11.666737 48.991413 96.395887
408 560.835102 11.581279 49.173939 95.352331
409 560.946130 10.808845 50.968073 94.895939
410 561.508610 11.364896 51.041159 94.250411
411 561.667723 10.107144 51.927259 93.489306
412 561.512374 9.968020 52.091173 90.554941
413 562.002948 9.618857 52.708816 91.294043
414 559.628428 5.952318 53.008762 91.190240
415 558.267872 4.021720 53.873677 92.580123
416 558.566418 3.881277 53.830725 93.231419
417 560.747852 1.176669 53.840182 93.343879
418 558.289085 0.000000 54.535238 91.115012
419 553.830080 0.000000 57.210119 89.623208
420 552.591622 0.000000 58.917035 87.252403
421 549.939819 0.999228 60.184903 86.185567
422 549.932627 1.209945 60.436467 86.467246
423 547.809409 1.424968 60.646294 86.128869
424 545.342311 1.360931 60.697477 85.795722
425 546.259162 2.973510 60.878748 85.968063
426 539.750826 3.592304 61.624078 85.613286
427 539.849708 4.024758 62.003888 85.786590
428 540.454358 5.937008 63.686481 86.010756
429 537.685870 5.511466 64.186099 86.673491
430 532.716826 6.725457 64.264978 85.256741
431 527.096886 6.797743 64.208673 85.710302
432 520.969255 7.603588 64.008230 81.994827
433 523.196395 6.904849 63.293162 81.604192
434 523.314151 6.749116 62.157377 81.740509
435 523.023148 5.958702 61.106351 82.539867
436 523.108518 5.891601 60.482429 83.182029
437 522.472888 6.333765 60.354182 83.355755
438 521.610123 6.581102 60.569424 83.042945
439 522.144331 6.945596 60.669498 82.742642
440 522.448149 7.223578 60.799215 83.116825
441 525.318756 8.124557 61.142332 81.834700
442 522.920039 8.520681 61.307760 81.375168
443 517.993023 7.488550 62.027627 80.968023
444 518.549155 6.800655 61.793363 80.332523
445 516.669300 5.993215 61.505777 80.806392
446 515.094394 6.605670 61.592225 79.927116
447 512.944770 6.580619 62.699837 79.200325
448 512.247063 6.717492 62.528429 79.391657
449 511.108950 6.958617 62.744639 79.281347
450 508.424814 7.020634 62.381530 79.241016
451 507.141923 6.793937 62.410048 79.326728
452 506.995467 6.860678 62.426788 79.510425
453 505.201677 6.974424 62.483630 79.914749
454 505.181514 7.000821 62.461334 79.981667
455 505.098598 7.139608 62.415865 79.966442
456 504.728815 7.050002 62.416857 79.943405
457 504.525259 7.172053 62.497208 79.997936
458 504.253136 7.164529 62.625390 80.096142
459 503.653049 7.381068 62.805012 80.381013
460 504.778639 7.815291 63.440860 80.547441
461 506.947980 8.709353 64.022827 82.747009
462 514.570921 7.083302 65.361894 84.948764
463 516.469553 7.839648 68.575838 82.545003
464 513.244111 7.942402 69.860625 82.947611
465 518.383277 8.042543 71.861061 82.304299
466 519.628222 8.286881 71.566795 81.285371
467 523.534184 10.306240 72.100854 80.488307
468 524.361402 10.803485 72.894445 80.210701
469 529.781376 11.354359 70.802779 79.594988
470 533.393978 13.488636 69.359406 79.651123
471 538.150111 9.737839 69.997123 80.112118
472 538.130194 9.920594 69.947395 80.478097
473 538.122079 9.903424 70.017894 80.475418
474 541.698374 9.824078 69.713869 77.826960
475 540.778398 10.066516 69.550978 77.975583
476 540.892516 9.554980 69.620275 76.985557
477 541.837426 9.542753 69.604647 76.621986
478 542.057483 9.724769 69.975804 76.975099
479 542.314540 9.768814 69.851852 76.804562
480 542.388754 9.867322 69.988972 76.980654
481 540.503714 10.043824 70.508039 76.142953
482 541.756785 10.187099 70.552546 76.334350
483 540.404623 9.742057 70.817018 73.589293
484 540.877221 10.494961 70.746338 73.008638
485 540.434559 11.106636 70.872199 73.035094
486 539.062437 11.126417 70.424806 71.944124
487 538.265109 12.696310 69.789471 71.623859
488 538.346140 12.862082 69.950493 71.968837
489 538.371328 12.905057 69.987924 71.956903
490 535.865703 12.151211 69.796494 69.897636
491 534.050353 11.494116 71.429415 68.892174
492 533.683607 11.336517 71.420019 69.109694
493 533.906388 11.822024 71.927789 69.033360
494 531.284533 11.597718 72.021159 68.184845
495 531.524009 11.705458 72.536465 68.450920
496 531.238865 11.878358 73.041266 67.641767
497 530.899621 12.119542 73.993280 67.044398
498 530.965888 12.132694 73.668912 67.323409
499 530.960758 12.789381 74.496837 65.511038
500 530.441563 13.020609 74.514171 65.337351
501 533.459584 13.509629 74.980896 65.104823
502 532.890340 13.948181 75.091964 65.261159
503 529.988142 13.778917 76.005936 64.957448
504 532.451485 13.445446 76.539112 63.596359
505 529.735944 13.295908 76.593237 63.306857
506 530.211034 14.115458 77.365630 62.614973
507 528.781625 14.154127 77.095703 62.200478
508 523.292611 14.038165 77.526238 61.412925
509 521.599941 13.678779 76.703137 60.428239
510 523.235026 13.094595 76.349234 60.076285
511 521.637394 13.324578 76.096093 58.983891
512 523.816250 13.428278 75.098663 58.705227
513 523.481199 13.085274 75.255905 58.640222
514 523.667617 13.631837 75.159292 58.931326
515 523.788984 13.004254 74.961382 58.939229
516 524.359394 13.293270 75.152289 58.127212
517 520.206750 13.233823 75.044387 57.993235
518 521.995591 13.689105 75.346217 57.714106
519 522.061052 13.828720 75.478626 57.980488
520 523.606744 13.662452 74.345189 58.358755
521 520.787851 13.011312 73.980310 58.421607
522 520.585401 12.858742 74.073825 58.227098
523 520.894142 13.122929 74.636790 58.180089
524 520.260520 13.349504 74.583321 57.672618
525 520.761363 13.300236 74.863179 57.477272
526 518.072023 13.912425 75.531982 56.515426
527 524.543244 13.883926 73.488815 54.961402
528 523.070129 14.376555 75.005078 53.766613
529 523.662125 14.525629 75.438283 53.896367
530 524.433176 14.536555 75.337080 53.866197
531 522.676713 14.095677 74.653262 53.854574
532 521.344833 13.680793 74.572713 53.861943
533 520.464829 14.101734 74.799464 53.464501
534 520.826941 14.065109 74.971737 53.204111
535 522.336494 13.534421 72.535286 53.115052
536 522.401538 13.765786 72.989167 53.477507
537 522.107087 13.986749 72.588849 53.277217
538 522.708658 13.969992 72.752493 53.352683
539 521.985541 14.339520 72.539030 52.948819
540 516.961928 14.540966 72.787919 53.008289
541 517.192471 14.627299 72.838447 53.346366
542 516.351839 14.405242 72.362231 53.302312
543 517.847598 13.452710 71.429840 52.395480
544 515.893411 13.532272 72.188055 51.783789
545 513.276748 11.882667 70.358038 51.282616
546 511.259248 12.426106 70.836187 51.086775
547 511.332701 12.645540 70.768750 51.554676
548 508.292782 10.976737 71.659707 51.734194
549 508.443328 11.113587 71.982158 51.986700
550 508.506913 11.096766 72.005356 51.936102
551 509.966433 10.725053 72.290747 52.027900
552 509.576453 11.013414 72.059089 51.717789
553 509.771596 11.159070 72.475344 51.984847
554 510.632841 11.028235 72.565034 52.032247
555 511.889213 11.529499 73.468054 52.081172
556 509.509669 10.550884 73.224292 51.859644
557 509.731336 10.610822 73.450204 51.997997
558 509.909882 10.679104 73.574455 52.059301
559 510.254896 10.788235 73.911817 52.302485
560 510.132187 10.611031 74.052199 51.656253
561 510.428050 10.784246 74.418184 52.021664
562 510.249307 10.976896 73.705799 52.607105
563 509.932711 11.051988 73.490545 52.775321
564 509.103949 11.165106 75.003844 52.258054
565 509.341817 11.371394 75.344331 52.429479
566 509.467807 11.325540 75.464798 52.439127
567 509.483741 11.355998 75.489326 52.487325
568 509.925175 11.345686 75.394142 52.482609
569 507.256456 11.428529 75.183722 52.262836
570 507.429518 11.551390 75.481708 52.484842
571 507.546066 11.527964 75.408841 52.477822
572 507.595940 11.535921 75.484811 52.489058
573 510.671212 10.458469 73.534615 52.501407
574 511.054971 10.708536 73.925166 52.949776
575 510.976841 9.689894 73.449102 52.801647
576 510.731355 9.164972 73.440514 52.689208
577 512.370442 8.403486 71.993219 53.357068
578 512.334440 8.489373 71.998352 53.479844
579 514.001117 6.795703 69.557962 52.672619
580 514.395978 7.058522 69.850918 52.912613
581 515.629872 7.808427 69.494895 53.770443
582 515.566522 7.927624 69.422021 53.972855
583 515.775066 7.714479 69.067524 53.668901
584 514.084083 9.313703 70.859182 54.981616
585 514.136803 9.318235 70.971545 55.006423
586 514.135796 9.558783 70.967045 55.487927
587 513.896763 9.425024 70.638190 55.509824
588 514.000918 9.729990 71.020428 56.015872
589 515.493042 9.385038 69.377954 56.349439
590 515.552531 9.460343 69.490174 56.486360
591 515.280120 9.909766 69.197443 56.527685
592 515.501835 10.143385 69.458409 56.981056
593 515.620092 9.961278 68.976110 57.007697
594 516.200935 10.730041 67.951098 57.306159
595 516.251618 10.837079 67.865832 57.489614
596 515.222253 10.818903 69.696064 57.829909
597 516.726555 12.003128 69.687730 59.130885
598 516.701157 12.254675 69.700447 59.399238
599 516.745294 12.358091 70.010878 59.593187
