2 442.327951 220.254508 23.939870 59.971473
3 442.357486 220.268797 23.996607 59.985515
4 442.357789 220.280832 23.990662 59.981944
5 442.361928 220.289886 23.996607 59.985515
6 442.363095 220.297154 23.996607 59.985515
7 442.366435 220.304571 23.994141 59.987466
8 442.368835 220.310864 23.996607 59.985515
9 442.370002 220.318132 23.996607 59.985515
10 442.376972 220.325796 23.989986 59.990756
11 442.412069 220.329213 23.968529 60.001737
12 442.632143 220.580650 23.706783 60.476860
13 443.073439 220.384864 23.613052 60.738449
14 443.269024 220.513168 23.995586 60.984974
15 443.297539 220.497074 23.973898 60.983124
16 443.341119 220.490738 23.969713 60.997891
17 443.357517 220.491927 23.995173 60.986050
18 443.359400 220.498928 23.996607 60.985273
19 443.728416 220.332258 23.532575 61.153940
20 444.024497 220.510710 23.944310 61.503880
21 444.111963 220.699417 23.944092 62.010430
22 444.157395 220.924157 23.983474 62.480056
23 444.300385 220.839045 23.833040 62.459531
24 444.616615 220.691102 23.731041 62.477151
25 445.295586 220.154542 23.453680 62.955800
26 445.319932 220.174969 23.496020 62.984586
27 445.364775 220.166826 23.460148 63.002511
28 445.478765 220.364048 23.387525 63.527324
29 445.844090 220.331160 23.269748 63.941193
30 446.002576 220.182759 23.494727 64.021786
31 446.011833 220.412396 23.494137 64.480412
32 446.103071 220.360801 23.374871 64.499625
33 446.175246 220.354573 23.490767 64.486098
34 446.197888 220.349738 23.487454 64.486123
35 446.386204 220.092796 23.371399 64.690496
36 446.673231 220.034545 23.337852 65.124452
37 446.753926 220.222204 23.496623 65.484168
38 446.761950 220.224307 23.493689 65.483881
39 447.015921 219.883605 23.310666 65.794735
40 447.170200 219.957099 23.466986 66.008362
41 447.517074 219.957726 23.310583 66.669456
42 447.739274 219.916460 23.499207 67.066069
43 447.972843 219.620971 23.414962 67.980944
44 448.032045 219.622004 23.486192 67.985448
45 448.132924 219.543578 23.475881 67.991469
46 448.183639 219.476077 23.486876 68.030496
47 448.502243 218.973614 23.540119 68.952913
48 448.764908 218.956192 23.981954 69.022837
49 448.909534 218.926994 23.988730 69.565770
50 449.324192 218.036690 24.042816 70.466696
51 449.801765 217.320263 24.428385 70.872423
52 449.971717 217.299893 24.398074 71.143209
53 450.109259 217.381626 24.448532 71.550452
54 450.139830 217.597051 24.493745 71.984911
55 450.312267 217.200296 24.436414 72.255202
56 450.540259 216.852156 24.265331 72.913939
57 450.663483 216.864684 24.493612 72.997887
58 450.724492 216.711804 24.461744 73.157229
59 450.924215 216.490085 24.443945 73.740528
60 451.074481 216.474341 24.475628 74.069065
61 451.159822 216.521824 24.504034 74.557624
62 451.585080 216.265164 25.014721 75.260975
63 451.874652 216.239423 25.460222 75.591281
64 452.165357 215.918891 25.394964 76.111817
65 452.268843 215.938577 25.517750 76.490556
66 452.529780 215.893507 26.008310 76.498833
67 452.830915 215.749360 26.475836 76.558854
68 452.940915 215.877580 26.443847 77.006613
69 453.318665 215.480808 26.321307 77.952838
70 453.445941 215.091291 26.498937 78.132810
71 453.577255 215.133136 26.430172 78.535242
72 453.741418 215.173725 26.450210 78.958356
73 454.106766 214.637748 26.442699 79.183352
74 454.672560 213.995023 26.208668 80.044029
75 455.011042 213.635846 26.697160 80.179685
76 455.238819 213.711160 26.984875 80.454494
77 455.363879 213.626004 26.948176 80.493129
78 455.639812 212.933789 27.027664 80.481153
79 455.991341 212.690737 27.406001 80.422546
80 456.044315 212.714013 27.494173 80.467952
81 456.112113 212.656057 27.464725 80.505163
82 456.273135 212.516562 27.460854 81.283518
83 456.396402 212.370675 27.447358 81.692982
84 456.775138 211.490245 27.401007 82.459456
85 456.832165 211.408641 27.495650 82.477565
86 456.858117 211.225217 27.476281 82.634949
87 456.894841 211.295034 27.507648 83.061598
88 457.276908 210.986339 27.908783 83.922853
89 457.350237 211.008010 27.981847 83.980806
90 457.621130 209.961683 28.204047 84.236509
91 457.808040 210.013883 28.489999 84.551897
92 458.025019 209.561453 28.644019 85.091025
93 458.438046 209.317495 28.943758 85.833263
94 458.898667 208.207097 28.967715 86.700326
95 459.031925 207.974684 29.136232 87.075104
96 459.269076 208.150828 29.462142 87.523978
97 459.490318 207.339663 29.784558 88.408237
98 459.673523 207.315117 29.964882 88.535638
99 459.970971 207.025555 29.856166 89.314677
100 460.256476 206.567197 29.986924 89.556316
101 460.549716 206.672752 29.816112 90.031796
102 460.882841 206.636681 30.034942 90.597074
103 461.547723 205.911738 30.439682 91.434104
104 461.719069 205.771119 30.432010 91.612615
105 462.013437 205.563362 30.495939 92.248119
106 462.541763 204.935145 30.354085 93.144251
107 462.991974 204.430844 30.396395 93.868025
108 463.604535 203.534999 30.668530 94.611489
109 463.924049 203.425027 30.923246 95.272554
110 464.057113 203.448995 30.988810 95.477696
111 464.630904 202.015738 30.909769 96.303645
112 464.684308 202.107520 30.990813 96.477591
113 464.787078 202.068771 30.935150 96.505605
114 465.001879 202.093024 30.983706 97.097331
115 465.298621 201.896041 30.973453 97.696711
116 465.655083 201.442457 30.997199 98.406785
117 465.737601 201.437287 30.977670 98.492137
118 466.182115 200.882763 31.058979 98.549044
119 466.582855 200.362504 31.879640 99.391241
120 466.680894 200.407746 31.976750 99.487826
121 466.900316 199.978522 32.071216 99.579139
122 467.230686 200.016743 32.506063 100.063310
123 467.542367 200.179733 32.970746 100.470398
124 467.637251 200.073905 33.001179 100.480007
125 467.991063 199.979225 33.423470 100.560674
126 468.154344 200.044283 33.432475 101.046716
127 468.254351 200.162056 33.504655 101.453130
128 468.529634 200.155527 33.977273 101.490557
129 468.641741 199.983089 33.951408 101.572424
130 468.742130 200.086261 33.998614 101.974392
131 468.800282 200.006245 34.005384 102.009008
132 469.129162 200.110202 34.500469 102.447434
133 469.646876 199.822160 34.960835 102.522175
134 469.681240 199.949597 35.003530 103.040642
135 470.017259 199.942295 35.457024 103.677383
136 470.039388 200.094855 35.494713 103.968361
137 470.101939 200.018713 35.442828 103.988554
138 470.205015 199.709622 35.502419 103.991351
139 470.466212 199.692454 35.988349 103.969472
140 470.493584 199.668908 36.001287 103.968797
141 470.743997 199.679828 36.493802 103.981959
142 470.832736 199.560279 36.502489 103.967657
143 471.394552 198.793844 36.829802 104.859810
144 471.496598 198.821927 36.988982 105.021464
145 471.564926 198.962026 36.934799 105.646396
146 471.599854 199.126197 36.998336 105.982729
147 471.608939 199.107043 36.989788 106.017478
148 471.628630 199.178617 37.032733 106.542729
149 471.861436 199.407298 37.494698 106.974168
150 471.863259 199.420260 37.494698 106.974168
151 471.865551 199.429702 37.494501 106.970433
152 471.947019 198.637900 37.505313 107.920812
153 472.222894 198.244588 37.943582 108.530784
154 472.275123 198.309071 37.965253 109.189439
155 472.296810 198.317360 38.051042 109.603717
156 472.517981 198.502267 38.494819 109.976800
157 472.519722 198.513914 38.494557 109.973444
158 472.521593 198.527240 38.494557 109.973444
159 472.523906 198.538971 38.494450 109.971293
160 472.527611 198.541208 38.490452 109.988534
161 472.583586 198.340248 38.439010 110.108859
162 472.618318 198.492607 38.489198 110.478876
163 472.646232 198.458024 38.476184 110.461483
164 472.658599 198.469089 38.493813 110.463017
165 472.686034 198.157448 38.456390 110.557006
166 472.746819 198.335305 38.471418 110.982666
167 472.793991 198.230493 38.461574 111.072386
168 472.814610 198.408077 38.490755 111.498017
169 472.818383 198.409116 38.494557 111.473081
170 472.839154 198.274451 38.459002 111.648071
171 472.865436 198.390110 38.484094 112.037042
172 472.872539 198.621637 38.494557 112.472840
173 472.893629 198.541217 38.474959 112.588926
174 472.910660 198.747174 38.490250 112.975408
175 472.968605 198.740083 38.477952 112.991734
176 473.046600 198.616794 38.514169 113.065306
177 474.149356 196.242324 38.603380 116.827528
178 474.346805 196.328610 38.994486 116.971754
179 474.369498 196.246440 38.972752 117.114481
180 474.995563 194.821834 39.085465 118.734960
181 475.507744 194.671856 39.661530 119.136349
182 475.816351 194.522678 40.056414 119.694975
183 476.192634 194.433194 40.554060 120.165550
184 476.658615 194.070561 41.079777 121.017365
185 476.904494 194.097569 41.461758 121.760450
186 477.039886 193.563548 41.494435 122.654994
187 477.912844 192.137712 41.030027 124.816884
188 478.258305 191.878586 41.468225 125.358278
189 478.580742 191.354159 41.526254 126.629939
190 478.859630 191.469753 41.978265 127.085218
191 479.143468 191.505181 41.721530 127.870441
192 479.645743 191.181966 41.920909 128.408917
193 479.810813 190.901354 41.908354 128.841533
194 480.395123 190.393154 41.727054 129.669097
195 480.979667 189.673616 41.750033 131.063629
196 481.911647 188.783871 41.611311 132.678348
197 482.256919 188.068869 41.853283 134.189550
198 482.471871 187.858014 41.916032 134.872545
199 483.070238 187.272437 41.697253 135.755031
200 483.351419 187.185599 41.888012 136.307181
201 483.834152 186.480316 42.132984 136.907166
202 484.219434 186.484349 42.390965 137.097428
203 484.455046 186.598761 42.379503 137.561566
204 484.568476 186.822736 42.476674 138.000796
205 485.148236 185.988933 42.281375 139.136129
206 485.265316 186.173150 42.488783 139.473665
207 486.234261 185.244957 42.298406 139.894762
208 486.801132 184.862859 42.316209 140.271722
209 486.960499 184.920990 42.462715 140.560323
210 487.002208 185.068807 42.498889 141.032730
211 487.012863 185.282734 42.503340 141.499480
212 487.511024 184.389308 43.093775 143.865881
213 487.755699 184.176463 43.664062 144.162405
214 488.192172 183.545503 44.023251 145.734686
215 488.553915 183.550773 44.507720 145.888778
216 489.639224 182.234167 45.465423 146.242452
217 489.999803 182.515312 45.458029 146.460182
218 491.450696 180.291817 45.607786 147.798174
219 492.785429 178.792900 46.476047 148.719756
220 493.134860 178.725439 46.291876 149.389880
221 493.677846 178.704728 46.418291 149.630719
222 494.242293 178.370544 46.789321 150.248473
223 495.552161 177.865014 46.767715 150.777454
224 496.475132 177.692669 46.581766 151.416376
225 497.006289 177.733485 46.819905 151.570594
226 497.573320 177.862300 46.884750 152.003044
227 498.492343 177.890021 46.495431 152.743982
228 498.771146 177.641103 46.379122 153.339545
229 499.869928 177.181901 46.034814 154.583235
230 500.375026 177.233950 46.401521 155.210539
231 501.431943 175.844488 46.414951 156.643802
232 501.675409 175.792928 46.537874 157.281060
233 502.313449 175.759051 46.798612 157.968658
234 504.037112 176.038150 46.437383 158.640551
235 506.120051 175.846750 45.791030 160.504636
236 506.830453 176.103337 45.678420 161.105084
237 507.053495 176.269637 45.986052 161.488864
238 507.241852 176.191958 45.916541 161.970773
239 507.361063 175.981673 45.960781 162.120259
240 508.150615 176.432648 45.704312 163.032228
241 510.125661 176.125136 45.794561 164.186268
242 510.263800 176.139446 46.037859 164.473236
243 510.998910 175.939487 46.248151 164.622664
244 511.569129 175.391917 46.650556 165.280661
245 512.092488 175.248312 46.824970 165.661305
246 513.247120 174.817815 46.542831 167.717592
247 514.536057 175.110592 47.328730 167.538118
248 515.150559 174.921124 47.349433 168.300471
249 516.121790 174.507542 47.165368 169.470697
250 516.564867 174.279561 47.397641 169.654713
251 516.630094 174.451134 47.485771 169.966521
252 517.048617 174.328552 47.781326 169.314642
253 519.716459 175.065389 47.258455 170.560725
254 521.157547 173.761239 47.384357 172.292526
255 521.307023 173.705616 47.462429 172.519593
256 521.324960 173.944459 47.493697 172.962622
257 521.343647 173.996375 47.484927 172.967184
258 521.016909 175.723487 47.754447 172.748776
259 520.497292 175.964036 48.249811 172.877176
260 520.672641 176.117716 48.481332 173.167469
261 522.692867 178.163735 48.469952 178.498688
262 522.781046 178.199628 48.484468 178.554610
263 523.693654 177.240941 49.116611 179.673476
264 524.284518 177.108593 49.538136 180.675015
265 525.660598 176.335986 50.564241 182.983804
266 532.402622 166.244106 51.033450 187.388261
267 539.260325 160.819552 53.114336 190.388605
268 550.713336 140.441450 54.364058 190.985363
269 562.207619 128.699012 55.258080 190.432415
270 568.135686 130.379134 55.660523 191.485051
271 573.305967 131.025279 56.026318 189.963034
272 576.609557 128.608152 57.231359 187.718371
273 579.461684 129.664523 58.629956 183.011369
274 583.403456 124.354188 60.085243 180.883831
275 585.963503 118.627795 61.422669 179.111669
276 587.725237 114.110911 63.050224 176.801087
277 586.292428 109.705170 64.915511 178.015503
278 586.936262 109.041756 65.734357 177.320726
279 586.056619 105.723209 66.493454 175.702623
280 586.087004 105.435991 67.333806 173.371378
281 587.317337 111.437808 67.887011 174.635371
282 590.573624 115.143401 68.515495 172.339859
283 589.485751 125.380624 69.560633 169.812781
284 590.220900 133.614779 69.997991 168.058209
285 589.903046 132.664994 70.548511 166.494529
286 589.681828 134.004539 71.473133 164.790883
287 590.470068 133.197635 72.017916 162.205313
288 590.186147 132.051326 72.209620 161.428608
289 589.894695 130.189207 73.102996 158.943110
290 591.071570 131.914863 74.147055 158.131803
