2 978.464641 417.779835 156.176307 61.997277
3 973.923776 421.143810 158.346902 53.335810
4 973.427756 421.297029 157.615140 51.842085
5 970.900206 419.022725 152.085924 49.420003
6 969.101022 416.984424 150.072742 48.397505
7 966.194273 415.855769 148.034383 47.436026
8 963.857319 412.755282 146.402004 46.797053
9 961.764393 410.167246 145.147680 46.558196
10 957.614563 408.456191 143.897417 46.777168
11 955.818016 405.272502 141.731550 46.040588
12 954.548053 403.394858 140.827667 46.116160
13 952.919321 400.938931 139.412174 45.870444
14 951.705091 398.425156 136.713016 45.114120
15 951.155506 397.602368 134.876556 44.558286
16 950.075341 394.176626 133.591055 44.426733
17 948.531313 391.878050 132.926793 44.472519
18 948.036678 390.359000 132.161812 44.352963
19 948.446220 387.062502 131.222286 44.172163
20 948.470216 386.273893 130.784785 44.239198
21 949.468959 381.825534 129.180662 44.467867
22 950.785231 380.087424 129.471885 44.307331
23 950.505789 376.970833 128.401349 45.359982
24 951.593211 374.382441 129.190345 45.503484
25 951.503056 371.658025 130.373231 46.371531
26 951.584468 369.593374 130.070016 46.668820
27 951.366601 366.496562 130.402944 47.015213
28 951.020067 366.247146 130.498724 47.413412
29 951.015820 362.571119 130.231807 47.387188
30 951.104901 362.378210 130.402913 47.537159
31 950.344117 358.057679 130.545252 48.335651
32 950.139204 356.831536 131.084254 48.605971
33 951.028758 352.774355 131.362214 49.133368
34 951.215930 352.591277 131.467601 49.395656
35 952.249773 350.289974 131.275827 49.249171
36 956.593802 348.150445 131.089947 49.367967
37 960.007429 346.268616 131.698540 48.810855
38 967.034451 345.149775 131.920781 48.819807
39 974.914972 340.403658 134.367028 49.106376
40 982.435463 338.972229 134.596420 49.554312
41 992.470315 333.585919 134.348320 51.305408
42 996.034680 333.299119 134.996132 51.562171
43 1003.232152 327.896462 136.680149 52.676033
44 1008.114087 325.933350 137.538867 52.592986
45 1012.282560 322.149792 138.962245 52.970335
46 1015.498292 320.225190 141.245705 53.176803
47 1019.979640 315.506172 143.107572 54.588683
48 1021.129167 312.091886 144.694214 55.422774
49 1023.568932 308.701819 146.568604 56.700552
50 1029.391044 304.284437 150.139193 57.949344
51 1032.949242 299.976458 150.975846 58.190670
52 1037.073139 298.938694 152.616101 58.795305
53 1044.898155 293.894705 154.367234 59.011431
54 1050.482714 289.562313 156.009909 59.554437
55 1055.913213 286.215842 157.309428 60.367006
56 1061.618712 283.671135 158.517780 60.669368
57 1068.537255 279.635363 160.573470 61.605491
58 1071.721365 278.778759 161.248154 62.408774
59 1076.609098 274.126053 163.620379 63.168949
60 1082.089648 271.359400 164.864109 64.425010
61 1086.490870 266.222392 166.365915 64.774488
62 1090.368883 265.410191 167.478103 65.348746
63 1095.556053 259.836414 172.946838 66.784266
64 1095.520088 259.896652 173.523071 67.053104
65 1107.869709 256.876321 178.711673 69.125589
66 1114.009759 257.266328 182.783634 69.636309
67 1128.236263 257.360375 185.439038 70.561855
68 1137.480791 259.371957 189.542625 72.540693
69 1150.910387 260.242199 191.579296 73.838033
70 1160.985491 266.704738 196.096417 75.604247
71 1177.057157 268.453670 199.702062 77.314926
72 1189.061442 273.613660 204.489918 77.896770
73 1204.419117 273.130350 206.219119 78.340092
74 1221.058037 273.512434 209.747615 79.489099
75 1238.594111 270.509830 211.728194 81.235268
76 1255.736469 270.604538 214.852715 81.713913
77 1274.449773 268.921644 217.764831 83.210509
78 1292.941866 268.278612 222.894852 86.282817
79 1311.848229 266.586719 225.672648 89.301312
80 1322.073025 271.789886 232.718912 90.556463
81 1335.302054 271.272152 235.840716 91.788970
82 1347.974956 271.718503 239.566020 92.973997
83 1360.956640 272.141766 244.160843 95.297816
84 1371.703965 274.866522 246.544814 98.078245
85 1379.175307 275.880715 254.716347 99.032768
86 1388.728237 276.687504 260.156159 99.927866
87 1394.566945 276.703348 263.672354 100.265756
88 1409.908786 273.998110 270.095088 102.896687
89 1416.915778 265.004984 275.366029 107.758132
90 1421.995594 260.243116 279.055137 109.286163
91 1430.996994 250.164600 288.389615 112.735535
92 1433.900976 246.953218 290.806196 114.020369
93 1439.375299 235.524664 297.480809 116.519826
94 1442.393058 227.402011 302.819984 119.499652
95 1443.094932 217.599917 309.603751 122.473232
96 1439.226260 211.314296 318.670132 124.644412
97 1432.174666 200.424783 327.150673 128.742230
98 1428.992330 192.865856 332.750239 131.026814
99 1423.651770 182.391293 339.623250 134.967605
100 1420.200122 178.910762 342.678493 136.410683
101 1411.195801 165.850144 351.467315 140.687063
102 1408.007407 161.116109 354.608262 142.541522
103 1402.688022 153.101440 361.421666 145.264009
104 1401.977661 152.577332 362.500784 145.869163
105 1399.539169 149.777355 368.211364 147.705612
106 1399.673173 149.923391 368.489194 147.988765
107 1399.540798 149.875720 369.962243 148.501392
108 1406.662844 159.927753 373.909154 157.671960
109 1409.350367 169.369875 377.703205 160.490636
110 1414.679981 187.998983 380.557074 163.785014
111 1418.696670 204.716008 384.372687 167.758370
112 1418.556228 226.670226 390.029505 170.670037
113 1416.368429 253.013238 395.195455 173.024144
114 1408.053145 278.369482 398.446422 174.801909
115 1397.769660 306.949077 399.988652 176.488060
116 1387.335843 329.013466 400.931206 179.071150
117 1376.081714 346.837370 402.868330 178.576049
118 1363.549513 362.800102 404.642072 178.016468
119 1347.331782 374.139142 409.839679 176.698115
120 1330.983219 375.647526 418.147636 175.984953
