75 784.439404 260.282275 91.547991 211.226771
76 783.114266 255.951631 97.835970 216.439322
77 776.378288 250.098532 108.471076 223.426899
78 774.278732 246.998412 113.948675 226.586005
79 769.290873 241.720450 125.981923 235.072723
80 760.940053 236.319342 146.179375 240.390285
81 746.962136 234.306026 158.682705 243.543796
82 737.686860 231.615497 177.388136 248.745601
83 736.245680 230.679720 180.813711 250.596488
84 727.560330 226.713096 201.704381 255.200169
85 715.333102 224.291993 222.356743 259.942697
86 709.743699 223.523157 230.567656 261.636865
87 703.871199 223.333229 237.376405 263.095648
88 702.455654 223.421859 239.026130 264.007901
89 696.275300 219.438434 246.969483 268.980156
90 686.568521 199.633818 275.417440 274.754592
91 677.826152 183.803535 288.785074 270.239685
92 676.009693 183.415807 293.167072 269.978142
93 670.757730 174.208327 308.423806 252.428136
94 660.675039 174.710706 338.125990 231.887946
95 662.968163 176.440198 341.000247 232.015399
96 660.656486 176.966722 346.249991 234.029987
97 655.028388 139.879336 355.927388 246.884068
98 654.855948 138.245268 356.611505 246.940310
99 650.394790 110.625980 367.575763 252.719078
100 650.614892 111.162115 368.657948 252.876417
101 650.223168 112.367439 371.938642 252.548047
102 648.255499 113.795133 378.856526 252.966173
103 647.063615 116.896155 382.767804 252.728778
104 647.692991 128.019482 397.450143 257.556191
105 647.370525 126.596654 398.253812 259.760793
106 646.338414 125.998489 403.139253 261.305522
107 652.523190 126.912355 401.102206 261.293446
108 652.713970 127.016205 401.390299 261.441394
109 652.760703 127.046082 401.390299 261.441394
110 652.807436 127.075958 401.390299 261.441394
111 652.817353 127.092530 401.383847 261.444898
112 646.495890 124.974664 403.323065 266.192544
113 645.719599 125.273146 404.081425 266.725524
114 640.080051 128.307805 407.249205 270.825704
115 639.612975 129.142507 407.380907 272.014891
116 639.493444 130.001593 407.395227 272.257925
117 639.443195 131.122777 407.213663 272.262122
118 639.568992 131.692042 407.263057 272.467814
119 639.555838 131.524259 407.217044 272.768725
120 639.499759 131.448238 406.906865 273.069579
121 633.750403 130.801249 401.291914 273.415935
122 621.722654 134.274917 394.315049 273.444730
123 612.567625 141.222487 392.050120 273.944624
124 592.801333 148.989350 392.013799 273.060707
125 583.618977 155.095145 389.959846 274.334317
126 576.682624 159.365347 387.175262 275.005059
127 563.775567 170.748293 378.670297 275.500197
128 544.563845 170.933720 374.394427 275.864010
129 541.539275 178.782403 363.010094 274.821090
130 529.533693 191.570455 333.783975 276.641278
131 535.213957 197.566778 316.084659 277.405775
132 539.313661 205.176891 296.183214 277.573161
133 549.179696 216.648163 268.884207 276.749343
134 559.609555 226.130658 245.449429 280.057531
135 562.827713 229.635097 234.114531 281.169433
136 564.389786 237.931422 219.649756 288.756912
137 564.445118 240.235303 216.753037 290.468198
138 562.199652 242.848559 213.750596 290.850292
139 552.765299 258.468333 206.580463 291.540649
140 550.436772 264.027075 204.319865 289.913110
141 543.736069 281.662689 199.691107 279.282034
142 536.355601 287.901207 194.099207 269.525399
143 529.737037 300.906780 189.199142 257.722482
144 527.666338 315.192596 187.398564 238.931688
145 527.552002 329.795237 187.827399 218.300932
146 525.064198 336.778751 189.357563 210.461002
147 524.169371 342.309959 189.805202 204.447013
148 523.722641 352.790248 191.105245 192.088296
149 522.186425 366.483507 196.479214 178.908484
