2 1163.876354 2.315879 43.747787 127.692004
3 1162.589158 5.346366 43.473066 125.371008
4 1160.803013 6.387537 44.265810 124.094669
5 1154.885825 8.595177 49.657864 123.113336
6 1148.731449 11.858643 51.348366 119.961719
7 1148.647581 12.864241 51.386492 118.915283
8 1146.955034 14.513119 50.911700 117.965853
9 1145.657113 14.821807 50.455928 117.622062
10 1144.523520 14.175214 49.388457 118.390469
11 1144.033103 14.435839 48.732511 119.076104
12 1143.350687 15.304106 47.593096 119.893871
13 1143.205918 15.135653 47.420558 120.422430
14 1142.742787 14.898699 47.271958 121.297857
15 1141.772502 13.072180 47.175150 124.302605
16 1140.510307 12.419888 47.429043 126.949088
17 1140.196381 12.208997 47.485196 128.338387
18 1139.900537 12.129346 47.447056 129.238622
19 1139.431121 10.711878 47.529859 133.345593
20 1138.639918 10.933266 48.049805 134.420962
21 1136.900695 11.387242 48.838654 134.683021
22 1134.871289 12.519380 49.179670 135.209618
23 1132.657149 13.587029 49.488116 135.860480
24 1131.110582 12.966040 48.968510 137.058434
25 1130.144594 12.629218 48.536863 138.638827
26 1129.752695 12.422482 48.829244 139.498448
27 1126.518740 11.362729 48.643492 140.045753
28 1121.970029 13.015379 47.692580 140.272771
29 1121.225233 13.664804 47.316172 140.472967
30 1119.549569 15.165704 47.354770 139.662461
31 1117.097569 18.774692 47.700446 137.222253
32 1113.436774 27.823628 48.618507 130.289320
33 1110.476243 31.819926 50.092184 126.325398
34 1109.377531 36.838204 50.449106 122.557389
35 1106.571884 39.912434 50.539217 120.431475
36 1104.919480 40.213915 50.665688 119.855587
37 1104.626383 40.154508 50.895486 119.877623
38 1102.432337 40.141081 51.294820 119.626328
39 1100.494218 39.887463 51.661014 119.934900
40 1096.703793 37.332458 52.796589 119.499229
41 1093.864159 39.142052 53.900839 118.603633
42 1093.094812 43.545125 54.380033 118.564907
43 1092.905221 43.703477 54.743192 119.245405
44 1092.719617 40.002014 55.887230 121.886419
45 1092.634317 36.451107 56.109423 125.287286
46 1092.681531 37.845813 55.882198 127.967461
47 1092.595697 37.177268 55.428767 129.623889
48 1092.296244 36.010055 54.573651 132.639751
49 1089.145645 31.030274 54.652463 141.855921
50 1088.778161 31.336268 54.935846 142.138090
51 1088.077356 31.370392 54.899497 143.140470
52 1087.773882 31.613006 54.906410 143.600087
53 1079.956929 36.245788 54.602529 142.127030
54 1079.462788 37.090070 53.889941 141.566424
55 1077.920427 38.319664 53.627231 140.973110
56 1074.654345 40.742319 53.969521 139.006538
57 1074.385169 39.474005 53.916562 139.349588
58 1069.979173 41.197933 54.266821 138.425562
59 1070.065851 40.963693 54.485317 138.494492
60 1068.502043 39.600937 54.255753 138.852941
61 1066.290629 39.510303 53.621701 139.029667
62 1065.117174 40.341651 53.428241 139.636776
63 1064.679402 41.114385 53.374076 140.184971
64 1064.358171 41.605202 53.433376 140.811262
65 1064.060583 40.617957 53.408850 141.683898
66 1063.148695 40.046200 53.090111 142.136241
67 1060.748488 41.365673 52.738028 143.045619
68 1060.608668 41.315580 51.893088 145.315817
69 1059.931072 43.124822 50.540723 148.683520
70 1058.176940 48.106312 50.461445 149.705891
71 1056.089513 41.498005 51.002211 151.064086
72 1054.606355 47.434951 51.418672 151.170827
73 1055.465773 35.473437 50.751529 153.542768
74 1052.383382 40.277115 51.721528 152.342516
75 1045.119078 55.718482 55.553016 150.766673
76 1044.373355 53.510994 56.733889 150.199333
77 1041.990859 54.668262 57.249545 150.077468
78 1038.325867 55.357749 57.514063 149.678905
79 1037.130788 56.806758 57.170132 148.930821
80 1035.785309 57.906525 55.633288 148.589438
81 1036.011636 58.011137 55.879111 149.012412
82 1033.368064 58.270215 55.921688 148.300722
83 1027.354850 57.157581 56.408887 145.937375
84 1025.618310 61.702111 55.840768 143.811349
85 1023.736781 65.213782 55.641952 141.316267
86 1021.410121 65.908879 56.290300 140.464514
87 1016.607638 67.672843 56.893297 139.415026
88 1015.512084 68.497312 57.091593 138.856338
89 1015.704555 68.759175 57.472941 138.806044
90 1015.685355 68.972409 57.456929 138.902740
91 1015.700382 69.026487 57.474984 138.975543
92 1015.041538 69.145301 56.824540 139.177598
93 1011.794664 71.076933 54.502630 139.481940
94 1010.135449 76.124747 53.042753 139.270949
95 1010.198650 76.787381 53.269699 138.925577
96 1009.181255 78.270810 52.641924 137.710337
97 1008.415932 79.439736 52.638365 137.342063
98 1005.582934 81.120217 52.551800 137.077190
99 1005.760892 81.449849 52.798711 137.348964
100 1003.785232 82.654673 52.449469 137.322450
101 1001.711340 84.194955 51.811361 137.640611
102 999.252499 85.351325 51.769084 137.580575
103 996.909524 86.316469 51.326667 137.657197
104 995.455791 86.528879 50.803595 137.905796
105 993.910602 87.052195 48.723028 136.765954
106 992.902917 89.110956 46.860124 135.453658
107 991.496620 89.693171 46.227373 134.507077
108 988.437428 90.111257 45.705837 133.478975
109 986.608018 91.912488 45.929906 131.767809
110 984.242868 94.115260 46.365166 130.162274
111 977.408477 88.605351 47.853947 129.590076
112 976.853282 93.945090 48.532640 131.265583
113 972.379988 93.828908 49.730089 132.482015
114 970.308298 88.490779 49.379554 137.678075
115 970.268875 89.041318 49.470810 138.391169
116 969.055376 91.098924 49.472108 139.955241
117 967.750251 90.884102 49.453565 140.611296
118 964.504316 93.614865 49.268526 140.823141
119 964.425276 96.141584 48.964662 140.513313
120 963.783189 96.195005 48.380245 141.864307
121 961.250148 96.542646 48.034378 142.191866
122 957.175842 95.696962 49.168229 142.674331
123 956.816790 96.890147 49.354893 143.272076
124 953.851857 99.190393 49.271885 144.769620
125 952.271284 98.379697 49.296158 145.734268
126 947.151075 98.498437 49.412192 147.086191
127 944.356354 97.678227 49.434043 149.161776
128 941.010451 96.275457 49.956804 151.264885
129 938.297826 96.504150 49.611511 151.608809
130 933.728708 98.564506 48.709090 152.066898
131 931.960021 99.674757 47.727331 152.384175
132 926.935146 105.732517 47.249604 150.984520
133 926.269593 103.495164 47.372289 150.385416
134 924.084549 102.663702 48.236466 149.369358
135 921.602621 104.863339 49.944950 147.672547
136 918.012917 105.551457 52.957506 145.498918
137 914.261343 113.081164 57.272067 144.240784
138 907.746755 113.978951 60.443578 144.884609
139 901.520398 106.519705 60.237653 146.557880
140 893.514881 102.980473 58.361696 149.135853
141 889.365780 117.605246 56.752701 147.642905
142 889.474701 117.714548 56.964560 147.925660
143 885.337082 118.473041 56.659672 146.563149
144 880.128744 119.117034 56.159744 146.154450
145 879.909260 118.889608 54.968805 146.674788
146 875.654408 122.870677 53.315365 146.533006
147 875.644953 122.496317 52.861598 147.510383
148 871.318008 121.398198 52.455444 148.709346
149 870.915958 121.509805 52.674239 149.045173
150 864.446512 125.381169 54.256808 149.004390
151 859.400638 126.878524 54.615424 148.577316
152 853.462323 126.960429 55.276567 149.185863
153 852.748650 127.072109 55.473673 149.515619
154 845.122384 124.373518 54.940216 151.421349
155 842.582302 123.964871 54.886987 152.226548
156 837.926196 125.737730 54.699783 152.123352
157 835.575756 128.332267 53.723626 150.305294
158 833.612437 132.422404 52.673782 149.015985
159 828.765357 132.353991 52.658168 148.252097
160 828.175269 132.472399 53.347280 148.032532
161 825.422763 132.729196 54.054686 147.493325
162 821.032699 134.363911 55.554458 145.791311
163 818.889592 131.915418 56.558547 144.314870
164 813.714675 122.829039 57.594956 143.727591
165 808.392501 102.848021 57.892787 144.617809
166 803.957167 109.962063 57.116030 146.288229
167 791.685433 96.643200 57.494488 154.992577
168 787.717273 82.921204 57.123398 164.644174
169 787.779184 104.463612 58.797742 161.871773
170 787.165590 131.436617 58.514243 160.666281
171 787.200805 127.210215 58.102224 161.595718
172 778.333623 109.080217 58.256402 156.451779
173 775.194555 130.811611 58.405040 153.742785
174 771.580279 123.282486 58.871840 153.354202
175 773.052109 105.145881 57.198799 155.169830
176 780.157586 73.682627 57.469629 158.993376
177 780.244187 56.197638 58.308163 160.676460
178 780.382263 55.167127 58.915922 160.162523
179 780.366710 55.072855 59.299258 160.182023
180 779.730436 55.515786 60.142383 159.597844
181 777.461491 57.341307 61.747684 158.189201
182 771.010694 59.311048 63.143694 156.924849
183 770.899975 59.724895 63.742739 156.747403
184 770.890871 60.245821 64.255679 156.541199
185 771.220969 62.917184 65.439408 156.062223
186 760.897156 74.056518 70.867787 158.139825
187 750.844237 74.558117 72.320145 156.717068
188 746.627351 76.371074 72.249131 155.460987
189 744.164039 78.300044 71.979369 154.448520
190 736.977231 82.337093 70.041275 154.703075
191 734.689308 84.730498 67.270255 155.861100
192 733.250895 86.766632 65.775231 155.194609
193 731.218721 90.183190 64.518352 155.314934
194 729.214855 94.880332 63.020145 156.728302
195 727.997334 94.973996 62.619842 157.089844
196 725.390431 95.356104 62.110629 156.465607
197 722.661869 95.164179 61.460844 155.354663
198 720.762382 96.810049 60.629227 154.813062
199 718.720226 96.323046 60.235013 154.717886
200 711.138575 98.375690 58.108140 155.313629
201 709.724895 97.412094 57.172113 155.160379
202 707.627893 96.741079 56.084876 154.878431
203 704.552022 96.689062 54.551578 153.819632
204 700.191789 100.322436 53.263469 151.118940
205 700.080697 100.888612 53.286398 151.401095
206 699.484365 102.361403 53.342986 150.554823
207 698.841291 103.953795 53.482992 149.562861
208 692.652424 110.947839 54.384826 142.872806
209 687.901567 116.202792 54.398440 143.683452
210 683.331378 117.785505 53.888646 144.413203
211 678.568655 118.207822 52.880051 144.739004
212 675.038533 116.151806 52.065226 145.829462
213 673.686206 115.218958 52.288608 145.310759
214 673.579534 113.770100 52.334521 145.527114
215 673.240772 113.046863 52.055082 146.212537
216 668.560402 112.130638 51.249454 146.126274
217 666.828357 110.232581 50.337260 147.754744
218 665.454320 108.163111 49.591793 149.107633
219 664.050540 107.671388 49.641101 149.912439
220 660.549417 105.509828 49.170475 150.877855
221 660.260413 105.485297 49.259944 152.648229
222 656.245647 108.585714 48.906836 154.573925
223 655.177189 107.935656 48.735027 155.665772
224 653.015642 108.980011 48.387388 157.695285
225 651.342601 109.401838 48.010562 159.091025
226 647.545650 109.740168 47.613044 159.276214
227 646.775941 109.608006 47.717113 158.996763
228 642.875180 108.789988 47.583572 157.609628
229 639.816824 111.923106 47.302139 158.551378
230 639.149945 112.185129 47.117475 159.512888
231 636.952487 114.444867 46.441042 162.047752
232 635.871419 114.687239 46.281705 162.644101
233 633.670296 115.852787 46.352100 161.536588
234 629.908190 118.721603 46.839687 160.098936
235 626.278914 125.207187 46.905106 159.563657
236 625.791840 126.220913 46.923844 159.375359
237 615.084672 131.587195 46.679020 157.046692
238 614.964108 131.385820 46.750170 158.007831
239 613.226770 131.045732 46.111193 159.431235
240 613.044001 130.672183 46.153311 160.116643
241 613.032588 130.536280 46.221410 161.056444
242 610.959714 124.874185 45.488637 162.935174
243 607.210067 123.692464 44.164228 164.681118
244 605.140817 125.767749 43.878308 165.863414
245 601.623378 122.472795 44.090268 163.160854
246 599.867999 120.720817 44.887326 163.395873
247 598.395170 121.886370 45.187049 162.972339
248 595.603628 128.766169 45.577529 165.775455
249 593.573094 129.279536 45.858485 168.144925
250 591.390743 129.187653 46.040307 168.409786
251 587.396163 126.717206 46.364816 170.561111
252 581.241679 127.280852 46.886507 173.139775
253 577.753640 126.816976 47.209716 172.187742
254 575.663303 127.539665 47.435310 171.831017
255 572.934521 129.893039 47.156899 171.966611
256 568.287121 135.718106 46.803638 173.583023
257 568.313270 136.023719 46.935561 173.970761
258 566.193153 135.797668 46.959144 173.418325
259 564.689121 136.052945 46.975639 172.627020
260 559.654347 138.010952 47.068749 170.434061
261 558.153646 140.786496 47.338543 169.822627
262 556.793589 141.574799 47.348928 168.768761
263 550.473105 139.277061 46.903403 169.583133
264 544.821116 140.339194 46.207367 169.562296
265 543.814826 142.417770 46.375229 169.603873
266 540.861135 147.770765 46.374630 170.721682
267 540.364944 140.657375 46.299985 172.792394
268 535.372888 143.685986 46.671807 174.111880
269 532.098602 145.334432 46.683886 173.844395
270 529.234167 153.830752 46.892654 172.993678
271 528.276039 157.237583 46.687182 171.826391
272 526.655844 158.230058 46.976905 170.624018
273 523.313749 165.028909 46.199252 170.500613
274 519.221983 168.506085 46.625825 169.231563
275 516.243219 171.792622 46.838255 168.305883
276 513.432324 173.679138 46.721373 167.911249
277 510.475768 181.020930 46.401924 166.974369
278 505.956722 186.101737 45.972652 164.868989
279 502.838845 188.186508 46.230225 163.457618
280 498.392374 188.581399 46.497763 161.858250
281 497.401300 191.728367 46.388330 160.965793
282 494.822616 194.683181 46.818800 159.803650
283 491.059626 198.450942 47.918664 158.647476
284 488.491501 200.366547 48.359882 157.809694
285 486.243701 205.067710 48.966306 155.064841
286 478.180623 209.243045 50.467161 151.254238
287 474.580414 210.744642 50.350286 152.083301
288 472.730816 198.221561 50.343823 155.288104
289 467.423137 179.186853 52.388228 173.764120
290 461.064869 178.158634 53.890816 183.664589
291 451.950341 177.518395 54.710418 192.646513
292 449.302656 181.108699 53.898768 197.547568
293 448.537743 181.984831 53.776322 198.207814
294 447.450202 185.088256 53.950518 197.527771
295 443.703869 188.742148 54.644389 196.545575
296 438.026349 197.259351 55.721918 193.255524
297 435.287910 200.241001 56.277827 191.220529
298 429.872592 207.962163 57.780628 187.040793
299 428.093595 210.349889 58.484111 184.993190
300 422.665442 215.420983 59.794190 181.217867
301 422.015272 218.424713 60.307311 178.355924
302 414.061095 226.594531 61.382244 173.382367
303 408.774406 229.678366 62.259096 173.024295
304 405.228249 231.332395 62.560391 173.028564
305 402.293571 233.138642 63.155972 173.168620
306 397.905871 234.974907 64.042475 172.853604
307 392.298471 237.066944 65.509083 171.328588
308 370.064446 246.711123 67.701885 171.363366
309 368.299026 259.458898 68.393418 166.702838
310 370.333773 247.072373 67.912674 167.737797
311 370.877581 243.532296 70.461256 162.202738
312 371.272136 243.285586 70.672640 161.828467
313 371.436534 243.303985 70.960667 161.935475
314 370.993115 243.814549 70.850200 161.882553
315 370.707160 243.980492 70.943377 161.955274
316 363.922316 249.138130 69.930324 164.438576
317 348.816725 255.302255 68.486616 170.857076
318 349.401454 246.634375 67.794230 176.506478
319 349.497248 246.535670 67.839325 177.412734
320 349.551824 246.569950 67.959887 177.503259
321 349.075646 246.726178 67.809131 178.177580
322 343.282354 242.924252 67.543914 179.547030
323 343.104829 242.585722 67.968506 180.404443
324 339.493495 241.024981 67.934609 181.197822
325 331.948618 250.367180 68.232412 181.457887
326 314.655008 273.458832 69.150412 183.164651
327 304.059800 292.760477 68.623621 184.617326
328 297.864142 313.376910 69.359527 183.391808
329 296.003929 365.621886 68.861210 184.281599
330 302.589285 256.576366 67.834807 190.058326
331 311.687169 258.297139 68.550416 189.981036
332 311.694128 258.428268 68.916420 190.214602
333 307.634092 260.822129 68.258957 192.437191
334 305.748646 261.992790 67.920428 193.380810
335 302.652608 264.179107 67.421491 193.813250
336 300.882890 265.951187 66.888991 193.898067
337 299.731514 266.493732 66.615342 193.250384
338 299.065628 266.015246 65.623810 191.474561
339 298.552002 265.930031 65.493904 191.202945
340 296.840911 267.004002 65.351394 190.616543
341 295.171938 268.054813 65.301631 190.212503
342 289.982298 273.774665 64.993160 192.056509
343 284.194424 283.941596 64.851103 193.740337
344 281.103713 285.553806 64.858613 192.830534
345 270.150217 291.311831 63.898548 193.667233
346 269.846381 291.769896 63.901199 193.761565
347 269.526036 292.072785 63.964728 193.852499
348 266.986134 291.561118 63.799841 193.576173
349 262.120125 285.157834 63.803033 193.394703
350 258.745311 283.815538 63.722131 193.348145
351 258.790444 284.352547 63.865878 193.546042
352 258.294003 286.600653 63.713245 194.514141
353 256.161600 287.300660 63.683197 196.070990
354 254.672852 285.962224 63.117419 198.267622
355 239.777110 283.447490 63.430932 197.196270
356 213.378647 286.262869 65.350384 197.248505
357 209.507973 338.420491 66.323085 200.679472
358 208.025448 352.610391 67.259596 197.689836
359 197.119557 376.446690 72.285606 189.226035
360 192.469024 444.956931 72.762876 187.377790
361 187.407632 444.607962 73.492483 189.209515
362 184.663892 425.379206 74.542808 192.939189
363 189.128082 375.983717 74.863937 200.539444
364 183.179862 414.944913 74.178400 203.775324
365 174.054173 419.997020 76.018290 203.830975
366 165.810600 387.549962 77.417510 205.326463
367 161.997972 377.220722 76.449022 204.951903
368 149.782878 431.942783 76.158584 202.913433
369 144.929378 450.958251 73.482638 212.362704
370 136.579595 385.022900 76.684424 212.851567
371 117.594480 391.093308 79.071262 208.434554
372 123.858167 441.599407 80.387614 209.283961
373 125.445815 452.996870 80.163913 211.963649
374 124.581283 451.758847 80.609391 212.156992
375 116.351405 450.883705 86.089809 210.582663
376 103.228765 457.349986 90.257041 209.246432
377 101.958536 464.346513 91.472090 210.391804
378 96.415147 461.425008 92.840315 206.914000
379 86.667574 473.030019 94.055505 205.787988
380 81.983257 462.835141 95.356121 206.110782
381 70.388493 477.933303 95.305517 209.836865
382 68.955600 472.783215 94.647179 210.934047
383 59.922738 475.299010 93.035726 212.717458
384 51.172334 480.682291 94.111264 210.720578
385 51.288012 480.827656 94.403601 211.232657
386 46.478209 483.781184 94.126191 216.611696
387 33.933953 487.267392 97.769851 224.319665
388 27.648923 487.535284 99.959984 225.934448
389 25.385210 487.330007 101.027226 226.001573
390 11.424674 477.406532 104.297504 225.680339
391 1.244515 459.681683 105.746724 228.408649
392 0.638931 470.723404 104.121697 229.246891
393 0.962020 458.889848 99.307823 235.479492
394 0.000000 470.924914 88.728430 243.813569
395 0.000000 468.632955 81.769801 260.562304
396 0.000000 461.528104 79.439325 265.130869
397 0.000000 460.379657 75.542995 271.110557
398 0.000000 473.656287 68.858719 273.962095
399 0.000000 481.980156 63.930885 276.052996
400 0.000000 491.455321 62.043810 275.986080
401 0.370589 487.543879 61.932626 276.009726
402 0.357754 484.930079 61.719977 276.664227
403 0.344054 483.586939 61.813319 277.029996
404 0.000000 473.610059 61.188095 278.132038
405 2.355288 425.495747 60.288423 278.556851
406 7.011393 389.120017 61.601046 273.735730
407 7.398261 385.012724 62.413306 272.302852
408 7.216904 384.804553 62.466776 272.079741
