42 980.765362 120.600266 40.093111 42.509834
43 971.887367 130.587090 49.961201 39.976206
44 957.592265 163.292991 50.993259 40.586819
45 971.714112 139.986407 56.476507 40.911605
46 967.461355 135.700304 58.145259 40.585359
47 946.586573 159.979281 63.354652 39.823157
48 926.371376 153.642497 71.056998 37.836063
49 916.130952 132.333150 74.255704 37.906600
50 877.485350 161.609876 77.624063 37.937059
51 858.861636 178.326073 87.228420 38.486883
52 862.638222 172.863182 85.302286 42.648119
53 811.729576 157.012464 88.779016 43.365307
54 752.631608 147.896893 88.063327 44.520868
55 753.737475 165.474305 80.907086 47.266613
56 802.076379 172.146774 81.991782 47.863438
57 851.456785 206.302340 81.430350 49.610179
58 876.894605 218.206487 78.934145 50.339446
59 837.637201 230.358881 79.724687 50.527596
60 800.790387 227.644707 77.121555 51.160647
61 784.663915 269.065364 78.483794 52.334235
62 759.322215 256.892182 78.766795 50.906302
63 750.756175 279.418425 81.424058 52.389064
64 740.368844 289.566720 82.686771 56.056744
65 722.339391 280.942763 81.005168 61.803947
66 722.705695 290.195033 80.502135 64.241080
67 704.383892 269.823546 81.313631 64.101922
68 707.845612 258.895520 80.654696 64.369023
69 695.825758 262.064901 81.978376 64.516187
70 644.449730 233.977754 82.804922 66.210391
71 653.220009 231.243647 89.711566 65.280056
72 655.109564 232.557904 87.836745 66.654063
73 629.608078 239.216648 87.081574 68.285074
74 628.118074 234.703633 84.186919 76.311805
75 627.097571 286.089404 83.510156 76.984706
76 623.842013 336.090214 84.397263 77.419875
77 627.328177 345.407711 84.080351 73.099465
78 574.791468 344.174843 84.860072 73.145382
79 579.089618 370.667464 92.883237 71.676028
80 572.271962 322.681407 94.417161 72.233899
81 569.908448 254.430624 96.110002 74.562916
82 571.168592 187.468692 103.450906 75.007296
83 547.394486 194.755728 104.778586 72.161306
84 539.419778 208.923192 101.096045 72.108950
85 545.686262 207.109105 101.558650 73.154904
86 551.687900 187.174092 101.656922 74.002519
87 545.267682 164.142409 101.482800 82.662958
88 532.923337 211.650524 104.269212 84.329154
89 520.142547 246.578409 103.887401 82.753995
90 519.074171 249.522222 103.658546 89.720308
91 536.981563 253.661743 105.040594 100.664103
92 538.687058 273.961304 104.962613 105.896021
93 533.780406 297.417833 104.470026 108.141378
94 503.399087 288.717603 102.857732 108.357372
95 503.608596 288.647603 102.113930 108.342037
96 532.552976 337.849071 106.114879 112.688345
97 527.926444 410.831671 107.625847 114.238804
98 509.967416 389.185314 102.678504 117.604063
99 502.224707 404.422004 111.476453 115.150014
100 482.267441 415.216356 116.440546 106.691552
101 445.465079 482.303367 121.469898 108.003666
102 410.116202 466.163036 126.671298 99.335552
103 398.304684 370.885090 128.035039 103.089702
104 414.655130 370.740675 133.739650 97.913873
105 409.155412 404.060687 135.505892 92.883733
106 410.333619 403.479743 136.486633 92.259433
107 407.089521 410.783470 137.420114 86.783270
108 394.554161 428.715834 140.100883 81.472636
109 405.485548 443.744094 142.902168 77.912426
110 398.996353 421.762929 146.593738 76.403786
111 395.059109 405.487011 147.355116 75.198090
112 368.339928 408.064624 148.802544 73.215864
113 351.306105 380.214551 154.791183 72.765579
114 354.906941 347.500120 162.363799 72.280405
115 353.016799 317.501982 172.174705 71.822290
116 315.896389 304.119982 182.286757 70.632254
117 327.728816 249.463076 184.451268 72.842667
118 327.733643 226.251252 187.868029 73.109424
119 324.380562 225.574607 188.568181 73.621061
120 328.405920 222.620620 188.929164 74.883504
121 354.948852 219.012210 186.725162 74.538939
122 355.082490 219.242905 186.948906 74.983191
123 350.758788 269.676038 185.755849 76.745453
124 378.069290 290.597863 181.578842 78.026438
125 379.249658 291.456920 182.112412 78.184567
126 395.635102 305.287548 178.026542 77.965741
127 433.246852 288.290014 179.432644 75.783177
128 470.333757 265.020157 178.898329 75.236620
129 516.050619 247.607288 176.869901 75.351385
130 537.300020 275.680647 170.219450 76.005507
131 535.386565 287.891593 169.583651 76.004573
132 509.933855 206.466552 170.602723 78.170279
133 499.660208 162.294009 174.899594 78.709258
134 559.885453 215.643714 180.433769 81.217807
135 568.780012 268.228020 177.982436 82.700718
136 609.847965 231.671698 178.496038 83.192711
137 595.552570 146.104355 175.878419 84.777430
138 668.326019 142.910479 176.757425 84.104626
139 773.549007 147.814708 169.479556 94.720274
140 746.952349 122.986322 171.081505 99.540462
141 768.401113 112.266067 161.042611 104.031336
142 764.897025 153.591564 161.404439 107.702700
143 755.974474 172.022012 157.747519 108.407883
144 770.994529 196.584173 149.108258 108.709839
145 734.922956 199.252070 147.923174 109.908735
146 728.656426 212.917904 143.615333 109.312028
147 695.380628 252.511708 147.861200 111.581602
148 717.675229 266.703475 143.960105 120.863989
149 717.127657 268.281038 143.302485 121.913637
150 702.543364 270.116373 139.141755 126.266031
151 660.517746 263.944549 146.576305 124.032289
152 652.156007 235.391965 141.050983 135.467192
153 622.380729 234.622455 140.212700 135.816047
154 583.351015 229.013526 141.806729 133.135861
155 586.860265 197.442185 139.992698 129.425512
156 580.370670 182.484058 139.246244 131.787383
157 561.221994 168.650716 138.709218 136.422806
158 561.364574 168.689613 138.962021 136.469409
159 556.561561 191.364076 136.400709 138.180722
160 554.766338 213.446352 134.489169 141.390484
161 560.694737 221.120990 133.836758 142.608141
162 566.626577 231.336041 135.000844 144.086135
163 571.671332 232.608702 135.367030 144.714667
164 519.728868 234.148605 136.417327 145.564194
165 520.925053 226.326077 134.053566 147.070116
166 533.455654 268.145102 134.853709 146.368025
167 570.310852 278.737955 134.946976 144.631698
168 590.701234 238.011655 139.959419 145.098392
169 597.447232 220.733882 138.937813 145.131663
170 619.680273 247.368727 140.770070 144.903431
171 609.223048 211.839373 143.099746 145.050373
172 610.661483 197.559749 145.394980 142.449210
173 616.547669 154.246961 151.147974 143.123951
174 616.697784 155.461370 150.553248 144.433668
175 603.404802 183.060079 145.283145 145.333946
176 605.627392 183.488999 145.608503 145.354490
177 632.957971 172.691298 145.879463 144.075466
178 661.543591 182.071691 145.215897 144.613297
179 689.229599 167.547530 145.791416 144.019250
180 714.365569 155.082790 148.976847 143.367042
181 718.804533 176.427271 148.764132 143.515006
182 744.870631 188.329771 149.349304 143.943359
183 753.237502 215.802983 147.644039 143.324506
184 751.409229 218.780599 146.612027 143.971962
185 755.494424 179.153882 146.500846 146.998584
186 740.797063 176.414588 150.872661 143.471485
187 736.977203 178.741827 155.916533 135.434735
188 736.189987 157.983036 171.045686 122.750452
189 733.600218 121.795657 178.589020 117.477542
190 710.542157 82.681555 189.356546 113.638161
191 704.872911 46.269355 195.065854 111.772100
192 692.296709 55.348162 201.042140 106.061370
193 637.430481 112.389473 202.291798 107.593839
194 637.925976 113.019012 203.088781 107.327482
195 638.130178 113.126528 203.472238 107.456537
196 619.125030 148.476494 206.173565 105.395254
197 619.203900 182.659039 210.702960 103.385897
198 620.960301 232.855714 211.001559 104.078038
199 618.706438 247.788935 211.180786 104.148742
200 629.677621 255.903073 212.259086 102.670227
201 645.680882 286.225274 214.846004 102.214054
202 645.532366 286.102421 215.353192 102.069228
203 661.303474 260.534479 219.186787 97.753866
204 667.465142 222.903848 222.674272 96.624036
205 658.460085 191.533282 223.632160 95.222309
206 656.843248 183.514132 224.505026 93.628746
207 653.015108 183.707585 225.502839 93.351192
208 618.649593 182.287837 225.970451 89.728991
209 601.504721 178.273050 224.819260 87.906178
210 603.784857 186.842275 224.091150 86.203243
211 589.279036 234.397245 220.600320 87.884518
212 585.752424 259.262792 220.398959 86.955171
213 588.191500 271.530384 219.606551 85.238488
214 586.906946 293.773813 219.050775 86.172368
215 578.492155 340.929396 216.144939 87.698464
216 602.899286 329.812042 212.131456 85.652492
217 599.639484 267.753419 215.719228 87.444855
218 599.826198 267.966063 215.979565 87.372206
219 627.959111 269.243502 214.640329 86.131331
220 648.192246 239.719463 218.200900 87.119373
221 650.932506 252.778854 217.369477 86.624838
222 625.580093 217.290662 216.287419 87.216638
223 718.700761 114.706752 215.924236 89.184660
224 693.464860 46.429744 215.318707 90.412198
225 666.886005 50.605618 214.338085 90.395274
226 633.667694 117.955868 211.468364 93.791053
227 547.010488 152.166745 209.644209 95.395895
228 521.094195 154.632695 213.437101 92.788283
229 522.797115 152.969163 214.221572 92.070786
230 495.496649 185.665854 214.830564 93.268272
231 482.310708 221.432953 212.993089 94.368814
232 484.192764 222.912857 214.581845 93.077164
233 478.874836 243.687184 217.090823 93.885244
234 467.143947 314.460402 209.696039 98.483264
235 488.824184 338.257106 211.003942 96.005003
236 482.055400 287.192027 212.811185 96.362784
237 478.099262 272.440162 214.152798 93.186441
238 500.873295 306.697759 214.967826 94.102316
239 473.637160 289.206407 215.186679 90.665133
240 466.552107 239.525566 218.780768 91.287530
241 521.089251 245.666790 214.305908 90.478045
242 518.270291 276.876575 215.520913 90.423652
243 517.596932 245.048342 219.805300 90.556525
244 547.218261 241.600347 217.488174 90.133159
245 547.251440 273.315376 221.638973 90.594265
246 546.322711 260.587579 222.416043 88.433780
247 543.401082 245.765665 221.112494 86.639603
248 542.550945 251.974025 221.667164 86.460000
249 593.810713 285.983751 216.470579 87.625755
250 600.131806 270.980775 218.307288 84.971123
251 593.995425 223.374543 218.920017 85.141207
252 617.362061 230.192638 218.361322 86.201693
253 600.298605 219.654965 223.123560 85.038743
254 597.702240 154.660536 223.821361 86.934645
255 575.335249 210.990140 223.603238 87.954649
256 549.486252 270.146275 225.421341 89.107990
257 524.426514 180.747264 230.242872 92.361087
258 513.611507 141.488602 228.419869 93.747133
259 490.343657 216.066568 221.546313 96.158123
260 485.062463 217.986713 201.031550 106.261816
261 490.268880 206.926518 194.433704 109.576063
262 484.395064 177.807764 184.502822 124.817838
263 454.579106 223.936579 179.048584 126.380980
264 426.759198 233.612589 179.028224 129.824604
265 404.692620 232.840068 183.549623 143.224672
266 390.930752 233.165349 183.524267 145.606327
267 341.547740 206.658375 181.206070 157.608783
268 344.076172 206.589012 180.840364 158.244826
269 352.346186 247.560592 180.803141 160.883933
270 362.095255 243.355437 180.254571 161.108247
271 375.037920 226.018763 180.235449 162.503480
272 388.323070 206.687502 179.851727 164.682004
273 392.556312 180.291309 184.197215 167.248951
274 361.577430 221.877019 190.120147 161.605450
275 315.904826 218.684213 193.959196 147.199148
276 326.746683 239.724569 199.702447 144.010686
277 355.827068 221.496075 200.004969 139.971576
278 380.575868 168.146489 200.594200 138.951925
279 382.147989 203.905585 205.717752 142.382101
280 412.030754 231.531468 207.575201 141.181390
281 413.347576 152.772551 207.638630 141.938443
282 425.587608 119.376349 206.701002 144.816261
283 467.862986 140.964545 204.049304 144.796123
284 506.305024 129.406466 201.110812 144.570397
285 523.661966 142.218207 201.621391 144.250328
286 484.488278 183.625527 212.125530 154.480416
287 426.622096 160.944520 218.568274 154.512344
288 440.812477 162.010099 218.521316 153.413327
289 414.044299 142.898426 214.075896 153.996412
290 411.721886 157.855804 209.304413 147.952843
291 425.914401 131.580948 206.999389 143.366235
292 425.910521 131.648145 206.943442 143.467840
293 427.866189 138.956720 204.471851 139.270793
294 429.304531 135.212841 203.037000 137.780762
295 444.463475 120.239716 201.084464 135.119553
296 452.710462 126.766829 199.494850 132.924595
297 461.875416 131.676348 196.333773 130.372987
298 461.959738 131.740016 196.442835 130.469633
299 466.514905 135.144942 191.471417 128.800524
300 471.605405 140.309873 187.175034 127.755133
301 478.613851 133.932496 184.044063 127.042316
302 479.410939 134.254138 184.168346 127.355182
303 492.798184 152.957908 179.492345 125.194752
304 493.015984 142.486042 172.850225 123.290522
305 489.928352 150.546119 170.879365 122.778387
306 483.216859 177.853223 168.589800 120.242319
307 483.628539 176.756603 168.296674 120.286678
308 485.748512 157.915860 168.401133 119.950504
309 468.254246 167.913997 166.720473 117.841129
310 430.043001 178.692376 162.089310 114.010679
311 436.082363 178.882935 162.066249 114.389521
312 443.893273 184.017074 162.543284 113.311274
313 426.019217 205.069184 161.546164 109.313036
314 424.998624 207.060498 161.366469 108.997339
315 414.864435 232.372902 160.628910 103.537464
316 406.557942 232.050709 159.323134 103.052082
317 414.271565 239.824310 157.315138 100.343276
318 439.352095 319.242711 157.017576 102.110759
319 467.697727 392.738102 156.997343 103.486470
320 487.604987 388.670491 155.983699 102.974957
321 499.732820 360.622350 158.072983 105.097801
322 506.882154 343.185417 160.332632 114.605457
323 527.431342 409.384428 161.043701 117.329938
324 522.703811 410.091642 161.635983 118.870812
325 521.358897 392.659754 163.313611 114.229013
326 515.548508 379.382837 162.861811 112.158691
327 503.834031 351.540951 164.652640 107.856367
328 500.308824 358.068290 166.819943 110.839252
329 490.633811 411.095193 167.243116 119.256457
330 456.652208 440.115417 166.429735 118.457354
331 466.949071 421.633552 165.354171 121.455081
332 479.955327 439.483237 162.193499 121.239185
333 481.417247 424.702422 160.786714 118.943465
334 548.816398 478.081122 167.484582 119.220903
335 558.012337 529.613195 167.605533 119.491715
336 551.423280 528.261102 167.993143 119.077507
337 550.532840 507.652695 165.864352 114.907213
338 575.688982 508.647334 165.546418 109.565182
339 571.711180 508.493670 164.851818 109.405387
340 564.938637 509.475492 163.296792 109.521663
341 568.104985 516.001252 163.361062 110.902270
342 563.351140 494.155163 163.172213 105.655094
343 544.033214 452.274539 164.727701 105.117696
344 552.986059 432.604200 165.036042 101.769759
345 590.697306 452.329270 166.477334 105.115911
346 594.063756 480.945271 167.210809 109.267883
347 590.651978 505.216657 170.057245 113.450455
348 585.397662 502.699760 170.296220 111.874524
349 573.285198 455.917170 171.533519 112.708347
350 536.165030 456.227543 173.451958 110.138231
351 520.795877 456.077410 174.587618 108.615708
352 500.545942 419.905233 176.865664 106.708811
353 472.944445 392.993139 179.271774 102.963823
354 434.454523 402.480283 179.751098 101.658160
355 418.188969 411.868373 181.990465 104.821226
356 422.453668 345.869482 187.228966 107.457693
357 375.269421 267.778661 191.309935 108.451913
358 340.755689 282.776751 201.354477 108.450809
359 349.272149 325.324376 206.557418 110.039905
360 325.975463 320.398573 211.909384 107.400449
361 305.819919 320.117476 221.829597 105.613889
362 276.144473 316.921395 229.816549 104.666640
363 253.062466 281.843037 234.346729 105.043809
364 234.782716 246.903384 236.945042 105.221391
365 163.107488 235.698611 237.444809 108.180142
366 149.367107 247.946944 232.504957 109.045793
367 142.422117 283.181308 233.292034 110.593396
368 138.003108 278.321799 232.941166 110.866227
369 141.262325 270.020956 231.377529 111.240197
370 142.244802 270.428896 231.323324 111.611827
371 142.157534 269.810051 231.144971 111.991818
372 143.333187 267.358379 228.918460 110.394596
373 140.275354 263.407899 227.639684 109.856765
374 141.479535 261.849159 227.208853 110.105324
375 147.184439 256.891189 224.529426 111.831747
376 146.575442 253.760417 223.263720 112.417163
377 139.565301 245.353671 222.634616 113.062084
378 140.622352 246.718193 222.766904 113.200521
379 142.796922 244.018201 222.182265 113.591356
380 146.940967 246.363181 222.545038 113.999168
381 150.350354 246.807583 222.458937 114.278549
382 148.828681 248.981927 221.194305 114.704027
383 156.192949 253.922434 219.901999 114.487977
384 161.009508 250.504909 219.000452 114.816023
385 160.269249 250.023041 219.165028 114.451654
386 161.313855 251.341440 219.510278 113.725185
387 160.198193 249.950879 219.255033 112.759387
388 157.542051 251.403417 218.714107 111.689484
389 152.100558 248.168776 219.108604 111.258344
390 154.580021 246.311785 220.171703 110.714904
391 156.114566 248.880859 220.435222 110.652384
392 160.092337 240.168589 219.489107 111.213198
393 158.846473 240.707752 219.273786 111.085917
394 160.710941 249.666356 219.104583 111.440352
395 164.088490 249.547248 219.155304 110.690229
396 163.633785 247.003224 218.984835 110.765038
397 166.522372 248.084281 218.470303 110.983724
398 167.515054 249.088695 218.204645 110.994797
399 170.223278 255.545629 216.990990 110.751202
400 169.346426 248.379598 216.687478 110.771104
401 169.510002 248.807528 216.881140 110.789634
402 170.097292 247.502918 216.568701 110.728782
403 170.951571 248.363002 216.692218 110.826981
404 171.311054 246.795287 216.472150 110.950834
405 174.080349 247.158499 215.889983 110.877575
406 175.755497 246.917286 215.074738 110.838747
407 176.512768 241.464590 214.766757 111.063594
408 176.090247 241.614112 214.697658 111.390401
409 174.421637 240.654484 214.614207 111.553385
410 173.898534 240.605374 214.738841 111.974381
411 171.128249 239.736427 214.681265 111.999151
412 163.949728 235.637943 214.264235 112.440176
413 162.104172 235.141456 214.024145 112.403848
414 160.023827 237.408609 213.573493 111.359310
415 159.406612 239.153454 213.534765 110.293341
416 155.307600 238.420249 213.928264 110.189864
417 146.769476 237.901252 213.503254 109.850574
418 135.932718 241.124885 212.948160 108.309690
419 128.210723 252.866766 209.194869 108.753924
420 122.945953 244.419590 208.433076 109.291326
421 119.646620 240.920724 207.911351 109.996207
422 128.802192 244.481526 207.198727 110.285728
423 126.013418 239.564612 206.349314 110.591102
424 124.107213 238.604360 206.023893 110.996030
425 108.237957 238.619566 207.404143 110.715835
426 109.086915 231.217181 206.169999 110.982174
427 106.444290 229.249707 206.049179 111.073243
428 97.735525 229.682443 206.045516 110.309679
429 96.771712 228.652250 206.376877 110.207294
430 96.564006 230.388819 205.997819 110.082970
431 96.639750 230.352828 205.882008 110.491454
432 96.963796 227.746382 205.502050 110.618533
433 97.755100 230.755877 205.216068 110.451699
434 97.911343 230.810098 205.441373 110.457252
435 97.936002 230.831146 205.442627 110.474572
436 98.049126 230.908037 205.449369 110.419225
437 98.143682 230.075084 205.304079 110.476389
438 97.985791 229.622739 205.444577 110.437867
439 103.834630 223.210589 204.509860 110.923294
440 103.718449 223.778893 204.764164 110.362413
441 105.446961 226.739236 204.353197 109.621291
442 107.125430 229.193277 203.873556 108.932826
443 108.076761 230.212476 203.502527 108.488995
444 108.274866 230.060430 203.840012 108.434791
445 109.392879 230.127936 203.789634 108.360797
446 113.253589 228.486068 204.364041 108.096303
447 115.454796 225.454220 203.965169 108.431345
448 117.128042 225.241167 203.633274 108.401705
449 117.729775 224.086745 204.078647 108.202322
450 121.721174 222.416724 204.089294 108.501345
451 123.147715 222.283685 204.369732 108.743320
452 135.743821 226.012871 205.889173 107.807022
453 135.719355 225.868908 205.837471 107.708236
454 135.728972 225.585299 205.766491 107.904991
455 138.246547 226.363530 205.705020 107.554091
456 140.175538 226.473533 205.724400 107.986925
457 140.418717 226.784967 205.922812 107.818607
458 139.363705 227.683169 206.693542 107.398375
459 141.486380 227.701206 206.432129 107.567099
460 141.989265 227.640590 206.316566 108.067499
461 142.419137 229.855341 206.859069 108.240850
462 147.309519 229.039099 206.397740 108.443322
463 147.628519 227.406396 206.068597 108.492540
464 149.538372 228.356879 206.208922 108.463981
465 151.435194 228.996921 206.121740 108.486124
466 149.329879 225.313848 206.583667 108.154796
467 151.179040 224.912497 206.787566 108.439111
468 153.861929 225.106104 206.739408 108.274019
469 161.289024 225.450767 206.236268 108.400929
470 163.446983 225.878923 206.196131 108.398441
471 165.882896 227.734107 205.761676 107.780434
472 166.693390 228.009885 205.733997 107.893991
473 167.632091 228.616091 205.525704 107.931430
474 168.247026 228.946312 205.021566 107.722727
475 163.188255 228.264990 205.247323 107.786827
476 163.335563 229.186941 205.193370 107.835823
477 163.576824 229.745477 205.430594 107.765471
478 161.665965 229.388153 205.487781 107.723587
479 161.736081 229.585098 205.421902 107.951983
480 161.751613 229.455806 205.420256 107.937079
481 161.054130 229.966130 205.119172 107.790010
482 158.891774 237.854729 204.836088 107.415781
483 158.520054 237.295020 204.850215 107.393015
484 158.211037 236.903032 204.870557 107.391462
485 158.126697 237.004768 204.897762 107.432009
486 157.088238 237.082335 204.964418 107.364120
487 156.205081 236.412643 204.629433 107.286615
488 154.697385 236.528317 203.480803 107.324465
489 152.990420 235.589341 203.299474 107.415764
490 152.707360 235.157950 203.112990 107.367278
491 150.355591 234.848401 202.530481 107.203604
492 149.736245 234.156653 202.946413 107.173505
493 146.749689 229.229629 202.946810 107.003352
494 141.622259 235.199512 203.258044 106.428461
495 141.893274 235.200073 203.269209 106.309944
496 142.242955 234.212633 203.057495 106.332238
497 143.235530 236.237451 202.876464 105.998674
498 142.973741 236.032953 202.813199 105.821506
499 142.969908 236.031689 202.951320 105.949935
500 143.809006 239.166153 202.605848 105.457170
501 144.018975 240.535385 202.311592 105.145984
502 142.863583 239.365230 202.273819 105.841167
503 142.514810 239.184821 202.492217 105.957790
504 142.357524 237.178385 201.903494 106.354025
505 139.686035 222.796655 200.382460 108.021598
506 139.746220 223.015911 200.433573 108.492969
507 137.942787 215.071806 200.383782 109.018812
508 136.038768 196.304915 197.692869 110.506719
509 134.913584 196.220903 197.792148 110.937729
510 128.695594 199.919812 196.684543 109.948535
511 128.093382 199.142891 196.626742 109.905460
512 126.920077 199.640100 196.444673 109.737220
513 126.203774 199.039274 196.438965 109.831959
514 123.803041 190.752681 195.885563 110.672913
515 124.616211 191.680190 195.850941 110.785881
516 123.743654 188.131147 195.502718 111.492731
517 123.011394 187.780549 195.962410 111.361159
518 120.360352 187.249417 196.176658 110.854150
519 117.839931 183.629100 196.688212 111.072809
520 115.184913 182.544774 197.274014 111.176689
521 112.406808 182.543211 197.695461 110.802131
522 109.641409 176.841257 198.232768 110.652125
523 110.027141 177.313026 198.502158 110.971154
524 111.032103 179.177183 198.938577 110.525042
525 111.297327 180.218922 199.077070 110.798103
526 111.396930 180.578180 199.450029 110.978506
527 112.206577 185.982263 198.795037 109.930545
528 112.277802 184.528746 198.781752 109.734341
529 113.029573 184.310755 198.917379 109.851298
530 111.787032 184.505064 199.051981 109.637294
531 110.504722 184.090698 199.262701 109.493753
532 107.900094 178.496672 198.883735 109.386456
533 103.326816 179.702082 198.431975 108.704504
534 113.501853 190.471077 196.534178 108.222554
535 110.383921 206.843596 197.055442 108.495282
536 99.492926 200.044208 196.330775 108.259382
537 101.603450 206.843871 195.406201 106.808542
538 99.325354 215.476550 195.716023 105.541334
539 119.227328 215.436227 198.293753 101.917977
540 108.702640 208.727517 193.449909 101.440952
541 114.912409 198.624629 193.458332 99.912369
542 127.070248 185.686105 192.891880 99.647741
543 131.232959 172.204335 191.910766 99.451222
544 108.139399 167.566911 192.514270 96.008586
545 135.755705 154.477551 189.411712 92.665790
546 136.337089 141.062350 191.476847 89.019600
547 126.597009 133.252943 200.592130 85.223853
548 139.260919 132.754061 207.123327 81.272647
549 125.174745 138.272082 216.465626 77.685672
550 114.786718 148.668684 218.647923 76.486824
551 119.777890 148.260104 221.032689 75.864987
552 121.979923 151.429900 224.630824 73.529773
553 128.362849 155.068301 228.476776 71.546780
554 135.735866 156.423746 227.876078 70.893158
555 116.675428 166.000956 226.284710 71.157892
556 105.330445 165.290840 227.675436 70.646488
557 114.528472 161.339607 226.418717 69.082350
558 116.129777 165.482357 228.049690 69.165954
559 128.822392 173.625884 233.174137 70.336306
560 123.135019 182.292482 234.186999 68.829429
561 125.640945 170.940249 231.682279 67.629533
562 118.285420 173.118371 233.683233 68.478034
563 109.427579 198.844016 237.185037 69.078154
564 122.499243 187.394099 231.063582 69.118851
565 128.912813 174.847456 229.737372 67.033389
566 123.151772 179.011313 231.769632 70.260070
567 118.152318 195.737370 232.539933 72.295461
568 120.211630 193.849415 233.891813 71.817758
569 127.523906 200.814242 234.897727 71.271009
570 108.299907 211.524065 236.945182 71.391970
571 115.235009 215.707371 238.071406 70.353301
572 113.984360 215.100440 238.180499 70.334436
573 105.754716 206.865500 237.122384 69.740844
574 106.110940 206.963365 237.476116 69.988401
575 113.135544 209.760397 238.396568 69.635499
576 107.769233 210.061625 238.460651 69.555641
577 110.346688 206.820358 238.276552 69.338893
578 116.457304 207.805774 237.876078 69.185490
579 106.694970 198.419392 236.891184 68.174969
580 100.502806 181.085777 232.658197 68.219373
581 99.012462 177.287587 231.661619 67.354056
582 95.139182 174.895726 232.788798 67.004382
583 110.890227 176.374118 231.576014 66.835378
584 112.071759 177.304715 231.516973 66.613927
585 111.825300 180.501495 231.714673 66.879386
586 112.289222 184.778560 230.832495 66.858547
587 115.504500 184.823939 230.866984 66.888290
588 119.180119 184.404081 231.507326 66.742096
589 119.870376 182.130143 231.701353 67.127872
590 121.216731 182.194523 231.999945 67.478789
591 122.752870 181.849516 231.942209 67.501349
592 127.202732 180.480115 232.222480 67.723899
593 127.629430 181.448876 232.886740 67.579095
594 125.102858 183.313700 233.014766 67.661886
595 116.553340 182.837037 233.840916 67.540425
596 118.681053 182.916065 233.951585 67.996326
597 129.045983 181.836825 234.022037 67.160275
598 127.718077 185.070538 234.843126 66.783113
599 129.789387 184.962619 235.533446 66.805222
600 111.005706 188.358476 235.565260 66.674423
601 112.442118 188.443065 236.247518 66.883035
602 108.459862 187.909089 236.201301 67.032792
603 102.932608 192.644720 237.951714 67.136515
604 103.000489 193.097154 238.362524 67.352402
605 108.732185 183.605125 236.456225 66.706884
606 108.951942 183.671432 236.482656 66.985639
607 111.337927 186.731272 236.734216 66.807922
608 110.570510 186.182780 236.680000 67.003946
609 108.623748 186.407385 236.631021 67.511339
610 100.363455 189.101883 239.776496 67.555354
611 105.063315 188.655127 240.734150 67.575185
612 109.601946 187.983226 241.557592 67.948759
613 108.214826 188.645468 242.124395 67.896522
614 107.625355 188.823605 242.332367 67.962497
615 109.458456 190.038853 243.046285 67.768904
616 116.837843 191.585283 244.118146 67.695533
617 126.092487 193.597372 242.694900 67.518016
618 127.196307 191.590613 243.402873 67.798554
619 123.578818 191.708203 243.488970 67.620259
620 119.575164 191.583221 243.057935 67.761618
621 119.667408 190.225359 242.532526 67.798700
622 112.818805 190.344278 242.732430 67.854457
623 111.483989 191.092143 242.790597 67.730017
624 113.325812 191.209926 243.260039 67.804922
625 115.008410 191.098486 244.031516 67.773557
626 117.634405 191.006393 244.784308 67.902913
627 117.326061 191.025673 244.926669 68.000211
628 109.978434 193.375697 247.879423 67.881467
629 118.607950 193.051178 247.224551 67.695825
630 112.191318 190.362297 246.678895 67.979825
631 110.931765 193.923012 247.952760 67.444211
632 91.413053 194.325663 249.857417 67.029102
633 93.488443 195.076496 248.595238 67.165859
634 96.653911 195.156067 247.899208 66.855526
635 94.634018 195.676456 248.111290 66.923200
636 100.026268 194.683690 247.272461 66.909111
637 102.438458 190.592924 246.112153 66.037519
638 104.148711 190.245612 246.228235 66.211547
639 103.107344 191.481748 245.854127 66.046393
640 106.540899 193.251576 245.496927 66.048708
641 87.792172 195.455642 246.625624 65.701915
642 93.169258 194.544960 246.702185 65.893961
643 102.781573 194.325444 245.874812 65.865347
644 105.321162 193.932516 246.393055 65.777259
645 93.981388 193.617140 246.659302 65.844567
646 92.480574 195.621265 246.305247 66.029284
647 100.729186 195.777533 245.396743 66.332966
648 99.784335 195.421963 245.268413 66.153892
649 102.163681 194.305299 244.986150 66.378530
650 95.978455 194.798066 243.722541 66.278368
651 93.915107 196.370894 243.658401 66.321437
652 89.974682 196.974760 243.076276 66.309958
653 91.777713 196.769101 242.759382 66.577083
654 97.537520 198.738267 241.049339 66.604815
655 102.724216 194.108714 242.231196 66.939720
656 83.942098 191.887692 242.588644 67.006061
657 99.530218 193.004361 241.693805 67.671805
658 106.323848 192.865687 241.256755 67.242346
659 114.758686 194.449653 240.337867 67.373275
660 116.024677 199.656664 239.559779 67.393933
661 120.514716 201.567976 241.159035 67.039652
662 112.677342 201.984050 240.967046 67.266136
663 105.722885 199.906727 240.170225 66.498353
664 108.037723 199.519885 240.445562 66.324769
665 114.636023 201.293028 240.127705 66.218304
666 117.116479 200.172642 240.261914 66.095334
667 94.119964 196.968761 239.346337 65.469131
668 95.519077 197.939926 239.239618 65.139867
669 112.104135 198.728299 239.083663 64.702704
670 117.757616 198.852880 239.740853 64.850430
671 126.571104 200.168374 241.020081 64.724463
672 124.257728 203.533508 240.193530 64.911613
673 120.914585 201.432652 238.493307 64.219288
674 110.414310 201.344774 239.001974 64.353460
675 91.154030 199.219082 239.464449 63.806335
676 76.073732 198.276834 238.115158 63.755170
677 57.175800 198.691495 234.629575 63.547226
678 48.124434 201.289555 230.961285 63.551599
679 39.281569 204.216688 225.342111 63.015140
680 32.172079 206.997902 222.384551 63.115391
681 32.977973 209.062091 220.809908 62.849467
682 40.779206 212.070115 220.501622 62.590701
683 44.674694 212.330796 220.198398 62.874105
684 55.935114 212.627443 219.036857 62.611567
