2 867.350900 381.847271 94.589137 272.021868
3 867.237341 380.333159 97.364255 273.338361
4 867.193011 377.316141 102.601256 275.477339
5 867.191559 376.012787 105.112909 276.696164
6 867.303377 375.643277 106.110638 277.347420
7 867.384512 374.973547 107.132093 277.940726
8 867.526550 374.218571 108.071831 278.444065
9 867.708465 373.859588 108.791309 278.622281
10 867.778127 373.685175 109.233083 279.159140
11 867.852840 373.375505 109.820628 279.744841
12 867.930646 373.121420 110.224500 280.179443
13 868.023124 372.846239 110.804109 280.656156
14 868.079917 372.763926 111.194350 280.960580
15 868.218308 372.717699 111.495156 280.816472
16 868.209729 372.730730 111.500920 280.822515
17 868.447509 372.782477 111.962659 280.805940
18 868.452438 372.836831 111.969746 280.805833
19 868.452516 372.897080 111.965852 280.803127
20 868.430262 372.922639 112.018126 280.812613
21 868.602674 372.895392 112.586002 280.839693
22 868.683453 372.834988 113.225741 280.814931
23 868.684873 372.768770 113.728342 280.836691
24 868.677003 372.654810 114.295145 280.870229
25 868.686473 372.561733 114.636047 280.853963
26 868.703694 372.359681 115.306617 280.960888
27 868.525304 372.032160 116.098359 281.043025
28 868.541143 372.038484 116.883822 281.428845
29 868.324545 371.696420 117.607207 281.623518
30 868.235016 371.459849 118.697956 282.182043
31 868.121658 371.090024 119.814725 282.829546
32 867.934476 370.596985 120.806923 283.445102
33 867.744225 369.949207 122.007002 284.017306
34 867.748124 369.538584 123.434577 284.986871
35 867.582755 369.015199 124.267859 285.317323
36 867.565210 368.333660 125.344170 286.020452
37 867.538717 367.832646 126.190774 286.947397
38 867.489781 366.814135 127.243401 287.808578
39 867.423367 365.694717 128.384988 288.977605
40 867.192317 363.920060 129.616153 290.586146
41 866.624989 362.679766 131.096334 292.354890
42 866.322373 361.417783 132.781916 293.786558
43 866.012252 360.146323 134.310206 295.421276
44 865.988615 359.258964 135.118386 296.417477
45 866.144642 358.877847 135.644904 296.809217
46 866.318344 358.853682 135.993184 296.930946
47 866.335740 358.833303 135.943016 296.849670
48 866.383285 358.805934 135.958652 296.901177
49 866.402863 358.736526 135.964728 296.941567
50 866.434598 357.821459 136.300060 298.060809
51 866.542157 357.997399 136.440041 298.351245
52 866.581952 358.015853 136.442202 298.364567
53 866.619384 358.033496 136.439813 298.356924
54 866.652803 358.077065 136.432744 298.329553
55 866.689679 358.134277 136.432940 298.330449
56 866.725676 358.191652 136.432679 298.330691
57 866.786973 357.955553 136.542399 298.635290
58 867.013213 358.121483 136.922758 298.804673
59 867.046713 358.207327 136.919622 298.795734
60 867.079428 358.299181 136.917519 298.790430
61 867.113196 358.393686 136.917519 298.790430
62 867.146963 358.488191 136.917519 298.790430
63 867.181684 358.582269 136.918394 298.792540
64 867.224924 358.653863 136.924541 298.812287
65 867.262346 358.722583 136.922699 298.806484
66 867.299586 358.792381 136.921373 298.805172
67 867.334104 358.789508 136.978560 298.865923
68 867.264989 358.335024 137.293415 299.275839
69 867.359174 358.324186 137.517670 299.353945
70 867.646882 358.223053 137.989728 299.387392
71 867.774860 357.955914 138.010423 299.481806
72 868.345975 357.415968 138.524000 299.590129
73 869.139299 356.699912 138.958137 300.340004
74 869.409994 356.242445 138.991536 300.628602
75 869.407844 356.415685 138.917275 300.790478
76 869.434041 356.498616 138.914856 300.795889
77 869.414813 356.495178 139.002094 300.805405
78 867.300599 354.705958 139.334002 301.059205
79 866.737288 354.576328 139.486816 301.274244
80 866.713315 354.636357 139.477816 301.289699
81 866.596092 353.377424 140.036368 302.515163
82 866.505244 350.265007 141.173199 305.283562
83 866.626481 350.315044 141.442061 305.305642
84 866.591149 350.349394 141.451690 305.303297
85 866.268503 350.307345 141.540490 305.226483
86 866.097592 350.309807 142.019210 305.339599
87 863.561151 348.151905 142.857461 304.994454
88 896.670207 343.407116 142.662041 306.501591
89 932.529788 344.385836 140.122990 310.062224
90 932.711814 344.591014 140.419130 310.280756
91 932.704133 344.561047 140.533042 310.368554
92 932.868300 344.318661 141.200929 310.441843
93 932.964317 344.245580 141.475211 310.390763
94 932.922484 344.195685 141.482761 310.378844
95 932.916057 344.216997 141.416429 310.319991
96 932.941872 344.278131 141.401672 310.309894
97 932.978587 344.301168 141.465474 310.355762
98 932.976654 344.228161 141.521193 310.446403
99 933.164543 343.785690 142.350146 310.818606
100 933.180701 343.101375 143.002573 311.749683
101 933.324400 341.671170 144.730993 313.742134
102 933.330052 340.530015 146.254570 315.185552
103 933.287723 338.977404 147.679683 316.673148
104 933.266794 337.295833 149.208925 318.473573
105 933.242440 335.033645 150.486172 320.124050
106 933.125023 333.495982 151.333991 321.911336
107 933.010117 329.398377 153.104454 325.139802
108 933.070028 327.732651 155.055054 326.874699
109 933.071895 325.075067 157.693496 329.333912
110 932.966933 320.892786 159.767505 333.680576
111 932.809400 314.818347 163.401039 339.429902
112 932.421774 312.950278 166.943199 340.519576
113 932.245361 311.493841 168.103968 341.480715
114 932.179132 309.790831 170.204258 342.265510
115 932.058768 307.091597 172.662185 344.540071
116 932.202276 302.791499 175.501240 347.494760
117 932.630244 300.753181 179.801358 348.021693
118 932.850518 298.400560 183.132151 349.641176
119 933.923430 296.236277 189.146552 350.783813
120 937.098239 292.288430 199.154483 354.097848
