2 180.298089 377.251581 61.065577 61.480939
3 187.047065 375.680661 60.893402 61.136728
4 192.941908 371.901416 61.033072 61.075731
5 199.681383 368.859929 61.124616 60.483004
6 206.283005 365.101321 60.911602 60.574479
7 219.310036 355.746555 60.526817 61.403467
8 224.439095 353.585137 60.392848 61.336332
9 231.796404 351.447625 59.612691 61.061250
10 239.347663 349.299577 59.024629 60.935015
11 246.769562 346.474277 58.681695 60.425048
12 259.814579 339.026147 58.510023 60.452733
13 267.011374 337.677930 57.855280 59.824451
14 273.406822 335.664489 57.231411 59.924778
15 282.153869 332.360920 56.127391 59.932225
16 289.025660 329.385188 56.176303 59.884890
17 303.537592 323.774866 55.766124 59.784322
18 309.252882 323.011964 55.610600 59.070116
19 316.649661 319.934910 55.085167 59.198274
20 322.332964 318.010957 54.939337 59.032396
21 330.258108 314.164654 53.863198 58.904532
22 338.653638 308.004043 52.979137 58.911636
23 341.190212 307.014762 52.830683 58.850904
24 347.193513 304.469908 52.282800 59.025548
25 348.883355 303.373994 52.234317 59.346032
26 354.843211 300.754810 51.609089 59.066558
27 362.193953 294.439637 51.104485 59.414147
28 364.761197 294.069064 51.207471 59.109431
29 368.494672 292.447239 50.949297 59.045169
30 373.085443 291.282331 50.508332 58.823344
31 379.100281 289.557237 49.927130 58.632358
32 386.560387 286.253595 49.624794 57.705574
33 392.660709 284.422512 48.684239 57.793970
34 395.277442 282.559978 48.283182 58.110607
35 399.743354 280.189431 47.592121 58.034461
36 404.404950 277.851707 47.085274 57.752716
37 411.698261 274.607292 46.282516 57.222140
38 413.521196 272.831537 45.908555 57.622241
39 418.844723 268.449592 45.376979 56.991103
40 420.951084 267.232237 44.835794 56.963383
41 426.707252 263.805053 44.108790 55.858756
42 438.157015 259.454941 43.418531 56.966626
43 444.400368 260.955994 42.989374 54.786321
44 449.717759 258.650717 42.387701 54.827330
45 455.453189 257.935993 41.808913 54.528770
46 458.540021 257.019996 41.198028 54.725419
47 467.314877 250.568070 40.762157 55.360076
48 469.588594 249.614400 40.296734 55.329916
49 472.388431 247.212179 39.726232 54.830089
50 475.306147 244.476700 39.128351 54.732917
51 479.290641 241.766612 38.946590 54.425175
52 488.026925 239.370436 39.059545 54.668392
53 493.486247 239.689416 39.364870 53.836927
54 497.711578 242.099093 38.856688 53.088967
55 500.170535 240.668370 38.509711 53.497941
56 504.432574 240.182161 38.210230 52.966730
57 509.468648 237.029376 37.975735 52.144204
58 512.060478 235.835468 37.425288 52.485711
59 515.882928 233.763065 36.725371 52.185841
60 520.972765 233.885873 36.779189 51.860302
61 526.150833 234.352321 36.446702 51.294825
62 536.929560 230.938436 35.647758 51.130781
63 541.025219 228.735308 35.222793 50.663845
64 545.769961 227.043226 34.543274 49.696603
65 550.085547 224.810381 33.681826 49.943395
66 553.008611 223.680292 33.247944 49.755385
67 560.513980 220.708498 32.153966 49.341798
68 564.281029 220.342061 31.261624 49.348938
69 567.027536 220.359648 30.747793 48.862653
70 569.983625 220.305143 30.030122 48.461013
71 573.510411 218.681979 29.169837 47.586307
72 579.538550 216.665825 28.724924 46.898579
73 581.556010 215.658607 28.172310 46.339972
74 583.536677 214.829726 27.921375 46.151628
75 586.684047 214.974085 27.590936 45.781584
76 588.982447 213.710805 27.379344 45.708273
77 594.418950 212.939262 26.833057 44.940585
78 598.468555 211.224587 26.411962 45.055625
79 600.973515 210.208653 26.049933 44.878359
80 605.053081 209.381827 26.203085 44.210437
81 608.715426 206.954205 26.147963 44.322164
82 615.143813 204.326299 25.359316 45.060154
83 618.210958 203.797438 25.167262 45.374440
84 620.516049 202.595982 25.209428 44.880663
85 623.709356 201.952916 25.418149 44.424115
86 624.442342 202.219367 25.563648 44.265338
87 628.937668 200.586194 25.730899 43.413685
88 629.391985 200.348688 25.930574 43.137055
89 631.768533 199.730959 25.666908 42.481394
90 633.526261 197.750883 25.968701 42.412291
91 633.751556 196.926354 26.173603 42.478904
92 636.021394 193.282866 26.802045 43.127210
93 636.499999 192.338082 27.119260 43.520867
94 637.962740 190.475281 27.495430 44.107220
95 638.579574 187.840273 27.504279 44.691748
96 640.295284 186.028516 27.655090 44.933185
97 642.163516 182.435955 27.826784 44.953222
98 642.465230 182.342440 27.911818 44.909086
99 643.772431 181.228627 27.841891 44.658894
100 645.556883 180.071725 27.772523 44.622862
101 645.676921 180.243677 27.981372 44.961913
102 647.049809 178.748144 27.562812 44.707553
103 647.768540 177.143979 27.791744 44.529884
104 648.426519 176.960286 27.916424 44.613178
105 649.129847 176.254773 27.781218 44.548799
106 649.965313 174.696790 27.865442 44.843548
107 651.010520 168.954314 27.680122 44.988894
108 651.683238 169.371554 27.838606 44.704463
109 651.875434 169.331246 27.975891 44.936271
110 651.878551 169.354227 27.985284 44.960887
111 650.686577 168.100818 27.894482 44.549151
112 650.037958 163.535464 27.700797 44.390444
113 649.826205 159.602648 27.818197 44.818437
114 650.248852 158.730269 27.871690 44.838881
115 649.810939 156.397626 27.894441 44.715351
116 649.085706 153.062928 27.915077 44.157606
117 646.934253 151.917665 28.062062 43.506527
118 645.885363 150.853324 28.426763 43.325523
119 645.671426 149.183360 28.327405 43.412338
120 645.206146 149.016515 28.472099 43.408841
121 644.998238 148.778074 28.477282 43.362845
122 644.360177 146.934492 28.386401 42.813716
123 643.839740 145.593986 28.346191 42.829534
124 644.234040 143.713213 28.137030 42.877308
125 643.569499 142.565307 27.859730 41.957429
126 643.529526 142.368950 27.744564 41.655645
127 641.351741 139.175342 27.152541 40.447575
128 640.667311 138.643833 26.831604 40.075001
129 638.410140 136.166854 26.353740 39.670019
130 637.908769 135.284217 26.176981 39.856081
131 637.092715 133.636009 26.075492 39.561041
132 630.841853 129.470694 26.192380 39.484629
133 630.747723 127.948797 26.066209 39.419761
134 626.665517 124.680341 25.820636 39.072704
135 624.068410 121.579505 25.263925 38.972499
136 620.963006 120.163887 25.003085 38.615674
137 614.345113 117.538855 25.195777 38.445132
138 612.063178 115.480489 25.048824 38.047264
139 609.265407 114.855977 25.106631 37.679304
140 607.106110 113.362918 24.862930 37.895702
141 604.487274 113.575811 24.833815 37.541101
142 599.141712 108.425416 24.300339 38.186431
143 598.305233 109.003141 24.101050 38.222124
144 595.180868 106.995602 23.839351 38.263124
145 594.512861 107.431182 23.700027 38.220764
146 592.810912 105.608410 23.178541 37.850998
147 589.339174 105.766980 23.189868 36.848192
148 588.218444 105.223987 23.384834 36.409043
149 586.468718 103.501923 23.386368 35.149123
150 586.192101 103.816193 23.432175 35.317512
151 584.775056 102.378104 23.212306 35.265045
152 581.944642 102.623182 23.389915 34.906961
153 581.591180 102.509678 23.350734 34.885855
154 581.016692 101.204343 23.181682 34.854997
155 579.340086 101.016894 23.320369 34.979284
156 577.044873 99.162202 23.176140 35.537405
157 574.085348 92.928646 23.892367 35.562803
158 573.949449 92.618446 23.951470 35.821173
159 574.010496 92.716178 23.980179 35.953212
160 573.801597 92.810166 23.956208 35.921698
161 573.816337 92.844493 23.987870 35.969870
162 573.255590 91.248327 24.033430 35.843785
163 571.449140 88.401850 24.617060 35.810561
164 571.645926 88.369528 24.998773 35.901808
165 571.385962 87.685822 24.963164 35.835209
166 571.566869 87.549736 25.021853 35.894001
167 571.323859 87.387261 25.448762 35.758364
168 571.246159 87.021838 25.469659 35.849879
169 571.144909 83.780651 25.250899 34.970275
170 571.819808 83.676499 25.363819 34.951798
171 571.895183 83.688769 25.488221 34.969450
172 572.738925 83.517863 25.295274 34.809860
173 573.350803 83.498499 25.374215 34.997869
174 574.714982 85.246020 25.110897 34.331527
175 574.875716 85.310848 25.336335 34.455510
176 574.940799 85.299429 25.391596 34.452883
177 574.822783 84.626870 25.015041 34.564311
178 574.848625 83.667765 24.991771 34.939201
179 574.882032 82.617561 24.735779 34.877893
180 574.994109 82.305685 24.769628 35.026332
181 575.019710 81.446205 24.739410 35.476484
182 575.110772 80.114319 24.742316 35.481468
183 575.279964 79.420008 24.777427 35.375212
184 575.407379 79.332526 24.858061 35.466156
185 575.578794 77.358550 24.380784 35.404438
186 575.363883 76.983844 24.178190 35.244945
187 571.151941 72.602351 24.709789 35.150877
188 568.507175 70.276565 24.458431 35.772433
189 565.735830 69.364198 23.688141 35.451796
190 565.055055 69.215529 23.667775 35.401657
191 561.715199 68.601193 23.462853 35.309389
192 560.231286 70.114814 23.078748 35.193585
193 559.006211 69.470759 23.109948 35.443714
194 554.272770 68.664460 22.838288 35.213928
195 553.752787 65.259168 22.571029 35.377853
196 552.067935 67.510360 22.861747 34.684500
197 548.251914 68.333167 22.464326 34.922597
198 546.799059 68.875098 22.143974 34.658817
199 546.266967 68.917726 22.213795 34.749126
200 543.726334 68.298438 21.909764 34.232881
