77 320.859952 412.231919 60.242374 77.388797
78 341.145569 388.382385 58.454665 78.191818
79 370.801307 413.323400 58.684938 78.598400
80 408.250066 389.008532 56.284407 78.944335
81 419.685676 392.997081 53.942225 78.057143
82 412.031584 460.386387 52.187538 78.868193
83 417.117605 505.849460 50.489634 72.800370
84 411.111903 489.550258 50.518938 73.195138
85 385.109668 477.456461 51.801598 73.614903
86 361.272105 489.455900 55.437643 74.373721
87 362.001665 484.644386 55.353773 70.131085
88 361.926043 481.825869 54.495584 70.769064
89 359.350544 479.713764 50.530094 72.118130
90 382.440342 480.447853 49.393342 68.585830
91 394.968930 440.601785 47.760360 69.652284
92 374.500508 429.940183 49.227516 70.477659
93 351.039207 425.339471 51.602283 71.381314
94 356.925109 383.535111 51.116793 74.956469
95 339.891717 368.322514 51.613766 75.472800
96 323.537945 387.000614 52.005472 73.516283
97 329.222307 420.646312 51.221636 72.668351
98 304.008902 447.744692 55.522313 73.301189
99 297.659984 471.033255 56.165131 70.995503
100 308.857901 437.885585 52.819320 65.921955
101 300.395609 443.777451 52.617910 62.729114
102 276.606620 415.366140 52.232592 61.919164
103 262.721258 412.871867 51.636963 59.439228
104 258.237700 420.691963 50.686273 63.861221
105 259.189384 384.520294 54.252638 59.461688
106 251.020353 433.260420 54.233620 56.064696
107 248.361697 443.596077 52.546588 62.592209
108 268.809200 428.845851 52.035637 59.507581
109 271.246302 418.820307 49.427979 55.610613
110 276.320455 411.378576 55.111635 55.241343
111 279.556245 412.305295 53.328469 54.599563
112 300.507407 423.328761 51.962904 53.628137
113 291.393121 435.672026 53.005622 50.836257
114 303.208661 415.508124 53.460606 52.047209
115 315.912168 424.632399 54.260558 49.979169
116 315.993784 408.784201 55.529045 47.083579
117 306.444466 405.616972 59.120087 48.370793
118 303.326445 388.209434 58.877670 47.136828
119 287.668178 395.181963 53.453614 57.213433
120 290.189040 400.010727 55.156961 58.053463
121 294.894721 372.909128 55.323604 53.571047
122 287.809859 373.161989 52.294143 52.336604
123 269.791551 335.297232 54.013254 50.387898
124 281.981090 364.515721 52.637968 51.004000
125 278.104915 344.657597 51.987225 56.420800
126 267.128727 358.923691 50.096743 58.555632
127 257.200697 363.326339 50.027585 64.928088
128 251.041193 314.901600 50.772887 65.112925
129 242.988634 341.402029 52.022373 69.703365
130 229.344888 306.327454 50.762136 70.497385
131 221.470362 308.991478 51.363200 74.428680
132 210.991769 334.992993 55.005835 77.007893
133 195.164467 333.397194 57.169249 77.133866
134 182.554927 309.491527 58.653783 76.923842
135 168.917194 303.375612 63.609624 78.015687
136 163.023451 274.987215 65.567557 80.608774
137 136.209901 259.198933 71.842783 82.214831
138 126.810412 235.130848 70.161108 80.816060
139 120.521451 225.337994 70.106634 82.159466
140 121.644908 286.961429 72.113489 81.769891
141 124.281554 285.095097 72.318438 81.107684
142 121.184641 240.098708 72.256436 80.150801
143 113.112467 245.304220 72.488436 79.874955
144 119.438331 260.214257 74.351530 78.615360
145 125.019795 258.515894 73.990176 78.308003
146 145.908055 262.911393 78.113812 78.338067
