2 538.935867 101.344945 60.222086 134.658780
3 538.947177 102.177850 60.188530 134.085453
4 539.153882 101.537835 60.304799 134.219943
5 538.242827 96.664847 60.094956 133.728781
6 537.781810 93.882458 59.812228 132.411452
7 537.550212 100.100709 59.414586 133.578107
8 536.895194 111.244362 59.132852 134.747362
9 537.043164 111.742288 59.469185 135.096373
10 534.626767 108.080958 59.371532 135.387356
11 532.473758 103.478795 59.374758 134.756103
12 527.233046 96.274888 58.543927 131.676048
13 535.559279 80.388886 57.101019 129.324635
14 547.760687 78.251516 56.570514 128.284851
15 548.091802 78.093850 56.939868 128.556249
16 548.427561 77.727080 56.871579 129.221049
17 549.371520 76.844549 56.782209 129.976429
18 551.547224 74.855545 56.618372 130.939267
19 551.776247 74.734270 56.984828 131.020326
20 551.801331 74.890109 56.981523 131.467068
21 551.826872 74.821793 56.981387 131.468918
22 551.917943 74.500657 56.953835 131.601925
23 551.987785 74.462243 56.971755 132.046445
24 552.017139 74.594824 56.977713 132.471221
25 552.038733 74.514739 56.980422 132.465459
26 552.057443 74.446507 56.981713 132.459608
27 552.091135 74.327484 56.968140 132.521222
28 552.136584 74.387212 56.967735 133.026566
29 552.174784 74.496759 56.969023 133.502158
30 552.262337 74.468390 56.964427 134.032018
31 552.431346 74.165016 56.940667 134.606970
32 552.461146 74.178937 56.966756 134.974785
33 552.476672 74.028552 56.969328 134.970607
34 552.644823 73.591350 56.934850 135.066433
35 552.751319 73.449850 56.960728 135.513891
36 552.816650 73.501176 56.972391 135.975986
37 552.857308 72.271749 56.868760 136.061607
38 552.902016 71.789359 56.915857 136.498073
39 552.945123 71.719155 56.984510 136.437008
40 552.921171 71.622922 56.977251 136.430876
41 552.900212 71.527568 56.977049 136.430889
42 552.909698 71.498395 56.986350 136.435908
43 552.913911 71.465138 56.986152 136.436051
44 552.918285 71.431797 56.986100 136.436012
45 552.923373 71.410985 56.988468 136.434332
46 552.927251 71.392900 56.988892 136.434293
47 552.937167 71.387332 56.990604 136.435087
48 552.946429 71.380780 56.990446 136.435153
49 552.953627 71.375238 56.991061 136.434853
50 552.954300 71.365140 56.990865 136.433311
51 552.955301 71.356919 56.991063 136.433298
52 552.966967 71.343583 56.988367 136.435908
53 552.980383 71.327776 56.988046 136.436018
54 552.993943 71.311959 56.988063 136.436012
55 553.011784 71.291121 56.986883 136.435127
56 553.030967 71.269587 56.986679 136.435458
57 553.046132 71.261607 56.990365 136.433363
58 553.058769 71.256055 56.990718 136.433337
59 553.073374 71.247945 56.990112 136.432914
60 553.071197 71.222147 56.987525 136.433239
61 553.069939 71.193818 56.987008 136.433213
62 553.079968 71.191198 56.991259 136.434853
63 553.087350 71.189288 56.991672 136.434703
64 553.091003 71.197716 56.994455 136.433695
65 553.093868 71.204886 56.993977 136.433857
66 553.096925 71.212111 56.994012 136.433851
67 553.102306 71.212524 56.992167 136.434521
68 553.107837 71.214848 56.992776 136.434306
69 553.115075 71.211421 56.991188 136.434879
70 553.118608 71.220810 56.994741 136.433584
71 553.124809 71.220647 56.992042 136.434085
72 553.130011 71.224334 56.993085 136.434189
73 553.134056 71.229818 56.993586 136.434007
74 553.141378 71.225115 56.990802 136.435016
75 553.152223 71.213699 56.989117 136.435628
76 553.160529 71.211824 56.991786 136.434658
77 553.165299 71.216852 56.993526 136.434020
78 553.168935 71.222967 56.993735 136.433942
79 553.181246 71.203535 56.986799 136.436474
80 553.191644 71.198517 56.991050 136.434931
81 553.199802 71.194608 56.991142 136.434892
82 553.205071 71.199005 56.993387 136.434079
83 553.209049 71.204303 56.993518 136.434027
84 553.212681 71.210441 56.993743 136.433942
85 553.215402 71.218952 56.994374 136.433708
86 553.222055 71.216976 56.991544 136.434430
87 553.224924 71.228009 56.995124 136.433441
88 553.231496 71.223003 56.990637 136.434938
89 553.240307 71.216937 56.990544 136.434873
90 553.246173 71.220465 56.993148 136.434163
91 553.254758 71.212644 56.989976 136.435322
92 553.262907 71.210135 56.991574 136.434742
93 553.270405 71.207473 56.991457 136.434782
94 553.278232 71.204010 56.991243 136.434860
95 553.283847 71.208254 56.993365 136.433909
96 553.288012 71.213299 56.993433 136.434027
97 553.290480 71.222951 56.994695 136.433590
98 553.295318 71.224074 56.992324 136.434463
99 553.301268 71.224975 56.992382 136.434443
100 553.306243 71.228640 56.993132 136.434176
101 553.312192 71.228513 56.992066 136.434560
102 553.319839 71.224803 56.991145 136.434892
103 553.327789 71.221383 56.991270 136.434840
104 553.335720 71.217858 56.991232 136.434866
105 553.352772 71.181262 56.983314 136.445664
106 553.368644 71.160779 56.988106 136.435999
107 553.378091 71.164310 56.993488 136.432725
108 553.383788 71.170539 56.993721 136.432992
109 553.386039 71.180917 56.994752 136.433577
110 553.396926 71.179384 56.991971 136.431931
111 553.409070 71.178766 56.991990 136.431970
112 553.421536 71.177438 56.991811 136.431983
113 553.434121 71.176065 56.991803 136.431983
114 553.447485 71.168456 56.990011 136.433337
115 553.455885 71.174125 56.993719 136.432543
116 553.462222 71.180680 56.993847 136.432510
117 553.466927 71.183970 56.992762 136.434306
118 553.472981 71.184012 56.992129 136.434534
119 553.479015 71.184917 56.992395 136.434443
120 553.483451 71.190143 56.993550 136.434020
121 553.487518 71.194970 56.993384 136.434072
122 553.494175 71.199653 56.993531 136.432744
123 553.500902 71.204440 56.993371 136.432835
124 553.509546 71.196782 56.989843 136.435367
125 553.520134 71.186101 56.989620 136.436148
126 553.530643 71.176820 56.989848 136.435361
127 553.536632 71.168134 56.991036 136.435875
128 553.542182 71.159568 56.991066 136.435797
129 553.547405 71.152096 56.991335 136.435693
130 553.553547 71.153261 56.992618 136.434358
131 553.559146 71.154807 56.992542 136.434385
132 553.568303 71.134184 56.988125 136.439045
133 553.579321 71.111588 56.988207 136.438908
134 553.590626 71.089354 56.988209 136.438811
135 553.603863 71.071172 56.988147 136.436942
136 553.616690 71.056130 56.988555 136.436259
137 553.624432 71.056400 56.992458 136.434424
138 553.631188 71.054776 56.991694 136.434697
139 553.640853 71.045654 56.989699 136.435419
140 553.650417 71.039366 56.990563 136.435114
141 553.660006 71.031904 56.990204 136.435244
142 553.669951 70.951927 56.981727 136.478156
143 553.685399 70.853097 56.982099 136.477740
144 553.666691 70.681140 56.968678 136.477291
145 553.650734 70.478751 56.966061 136.474114
146 553.618038 70.221838 56.958613 136.482543
147 553.644638 70.185883 56.989278 136.436571
148 553.655614 70.175518 56.989617 136.435452
149 553.665382 70.168746 56.990433 136.435153
150 553.671840 70.146586 56.988487 136.439924
151 553.679519 70.121586 56.988419 136.440301
152 553.689846 70.112506 56.990468 136.435140
153 553.699072 70.106228 56.990528 136.435114
154 553.708273 70.099951 56.990522 136.435114
155 553.717981 70.092208 56.990128 136.435263
156 553.727880 70.084404 56.990128 136.435263
157 553.741434 70.063342 56.987081 136.437860
158 553.756376 70.042413 56.987250 136.437209
159 553.770622 70.025154 56.987834 136.436103
160 553.784685 70.008137 56.987747 136.436129
161 553.800218 69.986948 56.986619 136.436552
162 553.813103 69.974913 56.989158 136.435621
163 553.825101 69.962224 56.988856 136.435725
164 553.837180 69.949691 56.988911 136.435712
165 553.848609 69.918725 56.987386 136.444675
166 553.861975 69.885355 56.987245 136.443432
167 553.875558 69.866931 56.988359 136.435914
168 553.888470 69.852573 56.988446 136.435895
169 553.901452 69.837912 56.988359 136.435908
170 553.912469 69.829102 56.989944 136.435335
171 553.923648 69.817800 56.989191 136.435602
172 553.933350 69.811766 56.990658 136.435068
173 553.942337 69.805947 56.990639 136.435081
174 553.951320 69.800161 56.990653 136.435068
175 553.967178 69.771463 56.985038 136.438745
176 553.985822 69.742007 56.985119 136.438134
177 553.999717 69.728420 56.988951 136.435693
178 554.011577 69.716399 56.989044 136.435660
179 554.023432 69.704276 56.989014 136.435673
180 554.031268 69.703902 56.992199 136.434515
181 554.037451 69.704276 56.992248 136.434489
182 554.042229 69.708692 56.993336 136.434092
183 554.046331 69.713691 56.993442 136.434059
184 554.050379 69.718706 56.993442 136.434059
185 554.056923 69.716457 56.991474 136.434775
186 554.064605 69.713395 56.991351 136.434827
187 554.074354 69.704461 56.989764 136.435400
188 554.084501 69.696394 56.990079 136.435289
189 554.096995 69.681078 56.988101 136.436005
190 554.110707 69.664748 56.987921 136.436064
191 554.124563 69.648225 56.987878 136.436083
192 554.134604 69.642881 56.990906 136.434983
193 554.143263 69.637697 56.990800 136.435022
194 554.152269 69.631641 56.990571 136.435107
195 554.158848 69.632949 56.992575 136.434365
196 554.163982 69.635910 56.992925 136.434241
197 554.171086 69.632685 56.991232 136.434866
198 554.179226 69.628594 56.991085 136.434925
199 554.187431 69.624500 56.991088 136.434912
200 554.194926 69.622476 56.991650 136.434710
201 554.202452 69.619648 56.991403 136.434795
202 554.214247 69.604691 56.988128 136.435999
203 554.227774 69.588858 56.988055 136.436025
204 554.241042 69.573871 56.988291 136.435934
205 554.249848 69.571590 56.991721 136.434690
206 554.257040 69.569637 56.991642 136.434710
207 554.270446 69.541653 56.986255 136.441232
208 554.286508 69.511208 56.986331 136.440822
209 554.301592 69.487307 56.987109 136.440965
210 554.316330 69.463205 56.987071 136.440991
211 554.330997 69.439533 56.987166 136.440731
212 554.342416 69.415118 56.988144 136.439273
213 554.353728 69.391797 56.988093 136.439103
214 554.365131 69.368677 56.988087 136.439051
215 554.375632 69.360196 56.990460 136.435140
216 554.384675 69.354465 56.990677 136.435061
217 554.399031 69.332970 56.986391 136.436624
218 554.415892 69.309639 56.986106 136.436741
219 554.432974 69.286022 56.986043 136.436760
220 554.446634 69.272464 56.988775 136.435764
221 554.458987 69.259228 56.988726 136.435784
222 554.468396 69.254633 56.991069 136.434918
223 554.476572 69.250653 56.991120 136.434905
224 554.485785 69.243581 56.990281 136.435205
225 554.496890 69.232064 56.989117 136.435634
226 554.507045 69.224797 56.990329 136.435192
227 554.512910 69.228490 56.993235 136.434137
228 554.517214 69.233024 56.993322 136.434098
229 554.523426 69.231888 56.991784 136.434658
230 554.531282 69.227921 56.991088 136.434918
231 554.537959 69.228282 56.992295 136.434469
232 554.543858 69.229369 56.992436 136.434424
233 554.549711 69.230407 56.992417 136.434430
234 554.551348 69.243763 56.995752 136.433213
235 554.552882 69.253165 56.994518 136.433662
236 554.556074 69.259310 56.993694 136.433961
237 554.559713 69.265200 56.993664 136.433974
238 554.563264 69.271390 56.993746 136.433942
239 554.566144 69.279432 56.994246 136.433760
240 554.575368 69.268350 56.989038 136.435660
241 554.587241 69.256176 56.989003 136.435673
242 554.597985 69.247346 56.989905 136.435341
243 554.608107 69.239178 56.990044 136.435302
244 554.618157 69.231035 56.990047 136.435296
245 554.628893 69.220891 56.989500 136.435491
246 554.640029 69.210279 56.989400 136.435537
247 554.644906 69.218037 56.994385 136.433714
248 554.651937 69.213162 56.990715 136.435048
249 554.654951 69.224673 56.995333 136.433369
250 554.658649 69.228302 56.992971 136.434228
251 554.664748 69.227947 56.992006 136.434580
252 554.674749 69.208951 56.988734 136.440431
253 554.686128 69.192887 56.989297 136.437489
254 554.697225 69.178255 56.989297 136.437515
255 554.700421 69.190069 56.995752 136.433213
256 554.700390 69.204033 56.995752 136.433213
257 554.702998 69.210305 56.993667 136.433981
258 554.706572 69.216413 56.993727 136.433955
259 554.710116 69.222535 56.993727 136.433955
260 554.717047 69.218795 56.991052 136.434925
261 554.725565 69.213836 56.990857 136.434996
262 554.732646 69.213318 56.992066 136.434554
263 554.739412 69.212176 56.991841 136.434645
264 554.746976 69.208990 56.991297 136.434834
265 554.750211 69.219118 56.994931 136.433506
266 554.756567 69.215518 56.991031 136.434931
267 554.760622 69.223592 56.994390 136.433714
268 554.767843 69.218151 56.990560 136.435107
269 554.777238 69.211258 56.990357 136.435185
270 554.783585 69.213510 56.992844 136.434280
271 554.788291 69.217367 56.993159 136.434157
272 554.797011 69.209133 56.989862 136.435361
273 554.803706 69.211004 56.992765 136.434300
274 554.806285 69.221171 56.994868 136.433538
275 554.811384 69.221311 56.992047 136.434560
276 554.819777 69.215447 56.990560 136.435107
277 554.825543 69.219131 56.993224 136.434137
278 554.832870 69.214877 56.990941 136.434970
279 554.837964 69.220035 56.993602 136.433994
280 554.845374 69.215059 56.990724 136.435048
281 554.852344 69.215030 56.992210 136.434508
282 554.859169 69.213527 56.991737 136.434677
283 554.866366 69.211541 56.991629 136.434723
284 554.873642 69.209462 56.991610 136.434729
285 554.877277 69.218021 56.994493 136.433669
286 554.882977 69.216892 56.991721 136.434684
287 554.886630 69.225259 56.994436 136.433688
288 554.889229 69.233239 56.994192 136.433779
289 554.893718 69.236018 56.992800 136.434287
290 554.903010 69.226580 56.989558 136.435471
291 554.913862 69.216726 56.989601 136.435452
292 554.916907 69.229571 56.995752 136.433213
293 554.916875 69.243535 56.995752 136.433213
294 554.916844 69.257500 56.995752 136.433213
295 554.916813 69.271465 56.995752 136.433213
296 554.916782 69.285430 56.995752 136.433213
297 554.921303 69.286129 56.992156 136.434528
298 554.927426 69.286738 56.992314 136.434469
299 554.933471 69.287376 56.992314 136.434469
300 554.943405 69.276682 56.989240 136.435582
301 554.955129 69.264689 56.989041 136.435660
302 554.966963 69.252625 56.989030 136.435667
303 554.978759 69.240688 56.989068 136.435654
304 554.990604 69.228555 56.989011 136.435673
305 555.001005 69.220716 56.990175 136.435250
306 555.010932 69.212768 56.990088 136.435283
307 555.021099 69.204225 56.989935 136.435341
308 555.031186 69.196109 56.990058 136.435289
309 555.042466 69.184367 56.989066 136.435647
310 555.056794 69.165006 56.987052 136.436396
311 555.070128 69.151104 56.988633 136.435810
312 555.078896 69.148500 56.991615 136.434723
313 555.085918 69.147182 56.991816 136.434658
314 555.088466 69.158641 56.995271 136.433395
315 555.091116 69.165400 56.993822 136.433922
316 555.095312 69.169501 56.993175 136.434157
317 555.097601 69.179987 56.994936 136.433512
318 555.098638 69.191875 56.995233 136.433408
319 555.100266 69.201661 56.994646 136.433623
320 555.103196 69.208404 56.993849 136.433903
321 555.105908 69.216797 56.994336 136.433727
322 555.109933 69.220742 56.993110 136.434176
323 555.117618 69.215583 56.990699 136.435061
324 555.123918 69.217533 56.992746 136.434306
325 555.133875 69.206217 56.989049 136.435660
326 555.142838 69.202510 56.991294 136.434847
327 555.145035 69.215658 56.995752 136.433213
328 555.145004 69.229623 56.995752 136.433213
329 555.151836 69.223586 56.990329 136.435198
330 555.163227 69.211174 56.988873 136.435725
331 555.172055 69.208085 56.991474 136.434769
332 555.179876 69.204622 56.991240 136.434866
333 555.187822 69.201085 56.991232 136.434866
334 555.195226 69.199142 56.991664 136.434703
335 555.203283 69.194742 56.990979 136.434951
336 555.212074 69.189079 56.990669 136.435074
337 555.222366 69.179430 56.989606 136.435458
338 555.233368 69.169074 56.989465 136.435504
339 555.238462 69.176120 56.994189 136.433779
340 555.240978 69.184653 56.994355 136.433727
341 555.241953 69.197469 56.995510 136.433298
342 555.245166 69.202292 56.993287 136.434111
343 555.249226 69.207477 56.993496 136.434033
344 555.255161 69.206927 56.991930 136.434612
345 555.257559 69.218675 56.995341 136.433363
346 555.260525 69.224429 56.993548 136.434020
347 555.271027 69.210503 56.988305 136.435927
348 555.281968 69.201990 56.990025 136.435302
349 555.291576 69.195168 56.990400 136.435159
350 555.298195 69.196581 56.992615 136.434352
351 555.303852 69.197967 56.992496 136.434404
352 555.308477 69.202517 56.993360 136.434079
353 555.312680 69.207190 56.993355 136.434092
354 555.314111 69.219947 56.995543 136.433291
355 555.317832 69.223238 56.992871 136.434267
356 555.322601 69.226879 56.993099 136.434183
357 555.328005 69.228376 56.992507 136.434404
358 555.333168 69.231338 56.992931 136.434248
359 555.338244 69.234007 56.992833 136.434280
360 555.340936 69.243754 56.994754 136.433577
361 555.343002 69.252876 56.994491 136.433669
362 555.349616 69.249084 56.991004 136.434951
363 555.357819 69.245107 56.991126 136.434899
364 555.365969 69.241130 56.991118 136.434899
365 555.379719 69.220842 56.986701 136.436513
366 555.395729 69.198966 56.986617 136.436903
367 555.406340 69.193382 56.990955 136.434957
368 555.414921 69.188367 56.990843 136.435009
369 555.423587 69.183234 56.990824 136.435009
370 555.428906 69.187885 56.993474 136.434053
371 555.432998 69.192734 56.993393 136.434072
372 555.437824 69.195556 56.992846 136.434267
373 555.443143 69.197629 56.992675 136.434345
374 555.445261 69.209244 56.995271 136.433382
375 555.446520 69.220071 56.994926 136.433519
376 555.449302 69.226892 56.993857 136.433903
377 555.452237 69.234628 56.994156 136.433799
378 555.455121 69.242123 56.994080 136.433831
379 555.460108 69.243588 56.992449 136.434417
380 555.469542 69.234176 56.989579 136.435471
381 555.480583 69.223736 56.989446 136.435517
382 555.492388 69.211242 56.988894 136.435712
383 555.500683 69.209677 56.991887 136.434632
384 555.502585 69.222932 56.995752 136.433213
385 555.494522 69.198416 56.987041 136.440997
386 555.498036 69.206217 56.995132 136.433480
387 555.498315 69.220048 56.995752 136.433213
388 555.500735 69.226873 56.993817 136.433922
389 555.503857 69.234117 56.994029 136.433838
390 555.505728 69.244736 56.994928 136.433512
391 555.506973 69.256032 56.995067 136.433467
392 555.507833 69.268276 56.995317 136.433363
393 555.508818 69.279835 56.995121 136.433447
394 555.509945 69.291229 56.995089 136.433454
395 555.470044 69.191305 56.977381 136.458552
396 555.485653 69.173784 56.990656 136.435081
397 555.489784 69.182115 56.994474 136.433682
398 555.491525 69.192545 56.994858 136.433532
399 555.493458 69.201931 56.994556 136.433649
400 555.495150 69.212397 56.994866 136.433538
401 555.496752 69.222730 56.994811 136.433558
402 555.500681 69.212407 56.990218 136.436083
403 555.478166 69.190895 56.988424 136.444825
404 555.485648 69.187839 56.992713 136.434326
405 555.491262 69.189226 56.992496 136.434404
406 555.496745 69.191263 56.992681 136.434339
407 555.498249 69.204665 56.995752 136.433213
408 555.498218 69.218629 56.995752 136.433213
409 555.481349 69.189284 56.985736 136.448639
410 555.487598 69.191833 56.994746 136.433584
411 555.489314 69.201986 56.994768 136.433571
412 555.497415 69.193505 56.989721 136.435419
413 555.500032 69.204616 56.995276 136.433415
414 555.500239 69.218480 56.995752 136.433213
415 555.500208 69.232444 56.995752 136.433213
416 555.500177 69.246409 56.995752 136.433213
417 555.500145 69.260374 56.995752 136.433213
418 555.500114 69.274338 56.995752 136.433213
419 555.500083 69.288303 56.995752 136.433213
420 555.500051 69.302268 56.995752 136.433213
421 555.500020 69.316233 56.995752 136.433213
422 555.499989 69.330197 56.995752 136.433213
423 555.499958 69.344162 56.995752 136.433213
424 555.499926 69.358127 56.995752 136.433213
425 555.498721 69.368817 56.994866 136.433610
426 555.498497 69.380800 56.995268 136.433421
427 555.497843 69.392239 56.995089 136.433499
428 555.497192 69.403399 56.995029 136.433532
429 555.505549 69.393811 56.989416 136.435530
430 555.485251 69.367525 56.986282 136.445111
431 555.498326 69.351146 56.989142 136.435621
432 555.477967 69.324229 56.986155 136.445085
433 555.491154 69.307719 56.989104 136.435634
434 555.505360 69.288671 56.987133 136.436363
435 555.489753 69.235107 56.984945 136.443751
436 555.505926 69.212326 56.987223 136.436324
437 555.512165 69.205931 56.990544 136.435810
438 555.516333 69.195836 56.989786 136.437489
439 555.519285 69.207662 56.995752 136.433213
440 555.520056 69.219290 56.995119 136.433441
441 555.516158 69.202035 56.987791 136.438947
442 555.520629 69.211616 56.995339 136.433363
443 555.521343 69.223937 56.995328 136.433363
444 555.525410 69.222427 56.991572 136.434775
445 555.506677 69.190837 56.989185 136.432139
446 555.504234 69.197307 56.994189 136.433395
447 555.499217 69.203025 56.994181 136.433402
448 555.494280 69.208869 56.994186 136.433389
449 555.500274 69.207464 56.991612 136.434723
450 555.502313 69.220673 56.995752 136.433213
451 555.502282 69.234638 56.995752 136.433213
452 555.504096 69.239022 56.993151 136.434202
453 555.506999 69.242683 56.993091 136.434235
454 555.509790 69.245677 56.992912 136.434300
455 555.509097 69.220123 56.985440 136.440880
456 555.515942 69.221851 56.993471 136.434079
457 555.518369 69.231543 56.994711 136.433590
458 555.520019 69.241934 56.994836 136.433551
459 555.520446 69.255730 56.995752 136.433213
460 555.522597 69.260953 56.993384 136.434105
461 555.524771 69.261695 56.992430 136.434625
462 555.516597 69.242488 56.990069 136.434293
463 555.509971 69.224598 56.990218 136.434417
464 555.502677 69.205176 56.990039 136.434170
465 555.504358 69.218616 56.995700 136.432907
466 555.489871 69.210396 56.992425 136.434489
467 555.494327 69.215495 56.993520 136.434020
468 555.498146 69.221090 56.993594 136.434007
469 555.448169 69.164746 56.992091 136.432347
470 555.450545 69.177464 56.995295 136.433382
471 555.452291 69.186827 56.994529 136.433656
472 555.456062 69.191270 56.993230 136.434131
473 555.460548 69.195279 56.993181 136.434157
474 555.465070 69.199249 56.993170 136.434157
475 555.466330 69.212742 56.995752 136.433213
476 555.466298 69.226707 56.995752 136.433213
477 555.466267 69.240672 56.995752 136.433213
478 555.466236 69.254636 56.995752 136.433213
479 555.466205 69.268601 56.995752 136.433213
480 555.469304 69.273447 56.993278 136.434118
481 555.473869 69.277170 56.993099 136.434189
482 555.475164 69.290646 56.995752 136.433213
483 555.475133 69.304611 56.995752 136.433213
484 555.474186 69.316682 56.995646 136.433584
485 555.467315 69.316610 56.993876 136.435335
486 555.465756 69.324190 56.995276 136.434202
487 555.426683 69.283330 56.989669 136.427049
488 555.379435 69.235647 56.988835 136.422597
489 555.335735 69.193326 56.989009 136.423664
490 554.195937 69.013995 56.990955 136.497201
491 553.043099 68.755901 57.056963 136.422337
492 553.262443 68.775303 57.495715 136.433213
493 553.262411 68.789268 57.495715 136.433213
494 553.262380 68.803233 57.495715 136.433213
495 553.262348 68.817198 57.495715 136.433213
496 553.262317 68.831162 57.495715 136.433213
497 553.643814 70.958055 56.932749 138.386375
498 553.151607 77.888447 56.039298 141.601343
499 552.301898 86.858995 55.335559 145.356557
500 553.075584 94.293982 54.413218 146.309177
501 553.277487 102.038333 53.204062 147.290735
502 553.546114 100.921526 53.194368 146.938528
503 553.859592 98.877791 52.867062 145.982942
504 554.164319 98.033149 52.358835 145.019761
505 555.374972 86.594059 52.373864 145.939958
506 556.089171 81.154280 52.582064 144.727720
507 556.568139 79.556880 53.023807 144.884465
508 556.863745 78.968141 53.446894 144.972599
509 556.949156 78.494201 53.471020 144.946775
510 557.022272 78.041754 53.471221 144.947556
511 557.110533 77.361980 53.488890 144.900858
512 557.061291 75.275552 53.556471 144.739586
513 557.252121 74.353226 53.970115 144.881582
514 557.295086 72.120212 53.928997 144.801751
515 557.290195 69.606269 53.962913 144.734781
516 557.207760 67.475881 53.986719 144.415202
517 557.209696 67.349571 53.981875 144.424737
518 557.200961 67.155317 53.978608 144.412962
519 557.212553 67.092553 53.984947 144.432565
520 557.211255 67.035250 53.984023 144.429319
521 557.210000 66.979259 53.984051 144.428968
522 557.220421 66.958978 53.988655 144.432186
523 557.229634 66.939306 53.988930 144.432406
524 557.241114 66.926524 53.989667 144.431869
525 557.246386 66.912585 53.990959 144.432854
526 557.250981 66.898277 53.990985 144.432840
527 557.256575 66.874310 53.989154 144.434060
528 557.262541 66.851124 53.989517 144.433936
529 557.269912 66.830349 53.989487 144.433391
530 557.270199 66.803488 53.989206 144.431483
531 557.270900 66.782424 53.990169 144.431614
532 557.268240 66.729097 53.984262 144.429857
533 557.268260 66.678639 53.984659 144.430001
534 557.266659 66.617532 53.983600 144.427983
535 557.270010 66.568956 53.984332 144.431069
536 557.274919 66.539272 53.988047 144.432282
537 557.280041 66.495002 53.985261 144.433598
538 557.286686 66.450977 53.985418 144.433605
539 557.293282 66.407037 53.985431 144.433612
540 557.300832 66.385502 53.989821 144.433777
541 557.305556 66.364993 53.990169 144.433702
542 557.265642 66.242042 53.981002 144.407897
543 557.227723 66.125538 53.980732 144.406843
544 557.230655 66.082480 53.984975 144.426074
545 557.239068 66.077254 53.991693 144.431931
546 557.246209 66.071235 53.991498 144.431352
547 557.242045 66.064479 53.993465 144.429595
548 557.236823 66.059063 53.993565 144.429560
549 557.200897 65.981200 53.987656 144.407174
550 557.169516 65.917954 53.987841 144.408269
551 557.138151 65.853877 53.987764 144.408263
552 557.149164 65.856392 53.990465 144.431566
553 557.158649 65.844872 53.990123 144.431924
554 557.158249 65.832676 53.991696 144.430022
555 557.165893 65.829079 53.991606 144.431083
556 557.174488 65.822003 53.990890 144.431373
557 557.179787 65.826206 53.993699 144.430270
558 557.182876 65.833441 53.994309 144.430022
559 557.185922 65.840558 53.994206 144.430015
560 557.198598 65.799895 53.987543 144.429319
561 557.214097 65.763769 53.987810 144.429705
562 557.218879 65.777853 53.995896 144.428995
563 557.219247 65.792540 53.995937 144.429161
564 557.219700 65.807075 53.995924 144.429106
565 557.219696 65.821955 53.995975 144.429299
566 557.219666 65.836738 53.995975 144.429299
567 557.224712 65.848055 53.995422 144.427211
568 557.230006 65.860430 53.995424 144.427225
569 557.235193 65.872874 53.995437 144.427273
570 557.258321 65.950620 53.992265 144.449370
571 557.282809 66.010132 53.992110 144.446580
572 557.519253 66.332402 54.019605 144.443052
573 557.785521 66.370998 54.491445 144.425013
574 557.766958 66.692964 54.409373 144.718546
575 557.885643 67.787800 54.261244 145.495301
576 558.053677 69.522626 54.128473 146.439340
577 557.891700 70.401665 54.190914 146.890687
578 557.519940 71.694901 54.118728 147.521507
579 557.458366 74.544390 54.149791 149.028656
580 555.803476 82.033780 53.705868 151.369285
581 555.399147 88.174628 53.202096 152.539452
582 554.668129 89.932675 53.061837 152.398871
583 554.298605 90.208555 53.190978 152.000422
584 553.820850 90.314749 53.274630 152.095115
585 550.620341 92.824377 53.212131 151.812178
586 548.266696 99.598323 53.068171 151.523449
587 547.611876 101.828118 53.255198 151.085522
588 547.292634 103.768978 53.418891 150.632099
589 546.926207 105.078320 53.428424 150.224383
590 546.631969 106.145156 53.441736 149.797588
591 546.601205 106.540811 53.475568 149.735620
592 544.422613 107.010816 53.253114 149.244847
593 544.434387 107.027506 53.478732 149.374299
594 544.074431 107.029420 53.494627 149.294593
595 543.009134 107.717583 53.419299 149.035657
596 541.982391 108.682166 53.440659 148.934287
597 541.193805 108.958485 53.428715 148.680131
598 541.038002 109.246954 53.478344 148.856403
599 540.869546 109.434910 53.479147 148.860325
600 539.857877 109.421840 53.401656 148.834591
601 539.646645 109.519472 53.460882 148.879892
602 539.663819 109.558311 53.495650 148.926891
603 539.662938 109.573629 53.494985 148.926514
604 539.396638 109.657463 53.479219 148.869540
605 539.177988 109.833174 53.450478 148.873192
606 538.975529 110.019314 53.448825 148.860126
607 538.963858 110.112143 53.491298 148.917640
608 538.914603 110.199845 53.489467 148.914628
609 538.892647 110.228208 53.493155 148.916063
610 538.839430 110.292273 53.490321 148.901924
611 538.755194 110.391031 53.482477 148.889960
612 538.530144 110.692767 53.431779 148.927140
613 538.536481 110.745319 53.490941 148.921896
614 538.514073 110.799674 53.490972 148.922131
615 538.473625 110.864109 53.477104 148.922337
616 538.437571 110.930493 53.477377 148.921548
617 537.907758 111.555310 53.289857 148.839920
618 537.398407 112.147931 53.267148 148.867700
619 537.455830 112.275829 53.464946 148.927765
620 537.395477 112.370832 53.462305 148.924319
621 537.354556 112.445568 53.467660 148.931388
622 537.329408 112.472556 53.471959 148.941427
623 537.308186 112.486595 53.472170 148.939651
624 537.313159 112.504144 53.490788 148.926926
625 537.238207 112.687432 53.450193 148.907757
626 537.202760 112.801803 53.466808 148.917285
627 537.203011 112.838599 53.484017 148.925498
628 537.193778 112.874337 53.483984 148.923715
629 537.190719 113.032580 53.478530 148.946571
630 537.203380 113.093028 53.484972 148.949712
631 537.210417 113.221712 53.479466 148.942770
632 537.246799 113.364402 53.467946 148.949626
633 537.273977 113.442826 53.478966 148.951154
634 537.554980 113.685262 53.456443 148.895608
635 538.727555 113.988658 53.396105 148.833519
636 538.808330 114.113832 53.484132 148.899566
637 540.012130 114.471150 53.448665 148.796005
638 541.299613 114.212682 53.452213 148.941363
639 541.861927 114.307514 53.386533 148.925378
640 543.348864 115.735547 53.226802 148.912411
641 543.901390 115.778852 53.386156 149.042679
642 545.007791 114.520156 53.233570 150.084334
643 545.403685 114.380407 53.403212 150.649714
644 546.367355 113.788811 53.330358 151.363310
645 546.901487 113.643742 53.378880 151.618778
646 547.050914 113.832867 53.456991 151.958781
647 547.194424 113.726862 53.427128 152.029883
648 547.367100 113.805687 53.420317 152.550735
649 547.462254 113.904448 53.457928 152.991136
650 548.025343 113.275942 53.292215 153.351473
651 549.413709 111.443687 53.115052 154.514512
652 551.791116 107.397151 52.850944 157.114366
653 552.158136 107.082295 52.768889 157.916695
654 553.237038 104.969155 52.515579 159.287686
655 554.354623 100.066638 52.424240 161.455000
656 554.539305 97.000568 52.276299 162.148595
657 554.709031 96.939233 52.411578 162.751047
658 554.832888 96.703403 52.404823 163.260198
659 554.978757 96.250464 52.404763 163.799206
660 555.087298 96.140757 52.377990 164.389137
661 555.220113 96.063649 52.350505 165.012266
662 555.432713 94.888975 52.367115 166.194702
663 555.570572 94.420053 52.426766 166.803902
664 555.722155 92.029433 52.392309 167.605393
665 555.845693 90.078135 52.417731 168.503891
666 556.022952 86.937787 52.390086 169.699345
667 556.138546 86.090489 52.445306 170.341183
668 556.273464 84.666581 52.430766 170.985788
669 556.358695 77.582023 52.464161 172.163572
670 556.446902 77.235078 52.471884 172.539071
671 556.547998 76.866422 52.474871 173.046732
672 556.642431 74.973076 52.513000 173.400615
673 556.924261 74.191708 52.997551 173.458808
674 556.943859 74.081084 52.987783 173.433327
675 556.943818 74.005058 52.989085 173.411552
676 556.943269 73.944412 52.989070 173.412007
677 556.942815 73.883952 52.989082 173.412040
678 556.942264 73.823021 52.989072 173.411999
679 556.946565 73.838975 52.995385 173.415432
680 556.946975 73.794309 52.995848 173.409509
681 556.947623 73.756807 52.995681 173.410055
682 556.948868 73.772741 52.995188 173.415531
683 556.950361 73.785936 52.995186 173.415531
684 556.952263 73.797510 52.994865 173.415697
685 556.952827 73.814967 52.996050 173.415109
686 556.952798 73.832717 52.996050 173.415109
687 556.954891 73.836353 52.995656 173.414166
688 556.957150 73.838483 52.995992 173.413562
689 556.955428 73.843372 53.001703 173.408408
690 557.202554 73.864473 53.496013 173.415109
691 557.202524 73.882223 53.496013 173.415109
692 557.200822 73.890864 53.500212 173.410518
693 557.448674 73.910910 53.995975 173.415109
694 557.448644 73.928660 53.995975 173.415109
695 557.445355 73.944358 54.001960 173.409202
696 557.691740 73.963978 54.496419 173.414075
697 557.678528 73.871336 54.496349 173.388238
698 557.665400 73.792125 54.496019 173.389628
699 557.642300 73.581660 54.487149 173.384987
700 557.564959 73.049219 54.487289 173.334744
701 557.470836 72.342897 54.485447 173.292535
702 557.330812 70.716967 54.490190 172.932000
703 557.071836 67.351314 54.523906 171.781243
704 557.285425 67.290796 54.981658 171.880970
705 557.277452 67.236465 54.984325 171.895503
706 557.265985 67.134334 54.982237 171.881758
707 557.136317 66.305673 54.942033 171.669910
708 557.080651 65.680863 54.950047 171.705456
709 557.088889 65.629263 54.979848 171.866347
710 557.082934 65.604748 54.986129 171.900654
711 557.069746 65.537393 54.983748 171.892420
712 557.072181 65.310721 54.978883 171.829735
713 557.077256 65.119583 54.979043 171.830416
714 557.076184 65.051153 54.982177 171.879732
715 557.072882 65.051997 54.990257 171.908511
716 557.062060 65.023493 54.988366 171.906559
717 557.067345 65.024620 54.993131 171.913334
718 557.070512 65.022115 54.993186 171.913317
719 557.073677 65.019617 54.993192 171.913334
720 557.029452 64.398736 54.947315 171.723983
721 557.036582 64.270012 54.970868 171.844924
722 557.023694 64.262310 54.988523 171.900244
723 557.008105 64.237234 54.989462 171.903885
724 557.002396 64.197813 54.987438 171.899481
725 556.988559 64.003189 54.977653 171.836280
726 556.984021 63.836426 54.977973 171.832228
727 556.987594 63.866797 54.990813 171.910955
728 556.984758 63.857229 54.990729 171.911004
729 556.982433 63.847474 54.990648 171.911234
730 556.971877 63.810890 54.987868 171.909258
731 556.962351 63.776435 54.988127 171.909020
732 556.958962 63.772642 54.991922 171.910758
733 556.953837 63.768488 54.991975 171.910758
734 556.948699 63.764359 54.991972 171.910750
735 556.935402 63.734898 54.988495 171.906772
736 556.919006 63.697700 54.987771 171.904148
737 556.916752 63.698738 54.991909 171.909889
738 556.912751 63.697995 54.992074 171.910078
739 556.898353 63.649647 54.985977 171.904706
740 556.895291 63.643385 54.990981 171.909561
741 556.887782 63.630275 54.990546 171.909159
742 556.887594 63.639698 54.993244 171.910709
743 556.885923 63.647797 54.993116 171.910455
744 556.885733 63.631640 54.990262 171.907970
745 556.878011 63.584649 54.986124 171.900236
746 556.876512 63.558158 54.987876 171.902926
747 556.875661 63.557797 54.991220 171.909815
748 556.871921 63.553081 54.991246 171.909479
749 556.866855 63.530490 54.988568 171.910184
750 556.862022 63.502428 54.987847 171.909873
751 556.855702 63.487612 54.990173 171.908429
752 556.854995 63.495900 54.993409 171.911800
753 556.853090 63.503806 54.993562 171.911857
754 556.852401 63.515973 54.994188 171.912538
755 556.850914 63.525823 54.993735 171.911661
756 556.850931 63.541304 54.994933 171.913965
757 556.846279 63.536186 54.991487 171.910119
758 556.843428 63.530802 54.991109 171.910192
759 556.844134 63.544482 54.994346 171.912842
760 556.843022 63.556026 54.994157 171.912473
761 556.842004 63.567754 54.994157 171.912473
762 556.839109 63.508251 54.985885 171.899867
763 556.841188 63.458915 54.986315 171.900662
764 556.834642 63.360126 54.980931 171.890763
765 556.841444 63.351839 54.988424 171.911013
766 556.843199 63.310937 54.986320 171.904648
767 556.845984 63.278910 54.986630 171.906502
768 556.848732 63.247071 54.986706 171.906567
769 556.859022 63.249770 54.991941 171.913875
770 556.857668 63.254924 54.992801 171.909864
771 556.854666 63.258098 54.992240 171.909307
772 556.855564 63.257311 54.991107 171.910922
773 556.856903 63.253034 54.990514 171.910307
774 556.858355 63.252985 54.991364 171.910816
775 556.859683 63.252714 54.991387 171.911160
776 556.860496 63.256019 54.992185 171.911300
777 556.855421 63.250980 54.991332 171.908782
778 556.851698 63.250209 54.991744 171.909151
779 556.841958 63.233080 54.990102 171.907822
780 556.832514 63.214942 54.989924 171.907560
781 556.823159 63.196935 54.989924 171.907560
782 556.812205 63.154397 54.986258 171.905813
783 556.803970 63.114661 54.986336 171.907084
784 556.804736 63.121193 54.992617 171.909914
785 556.784454 63.085959 54.988930 171.902040
786 556.766317 63.055384 54.988996 171.902139
787 556.748622 63.025587 54.989061 171.902475
788 556.728270 62.990349 54.988639 171.901122
789 556.707813 62.955533 54.988660 171.900834
790 556.685956 62.918228 54.988482 171.900154
791 556.674370 62.898405 54.989232 171.905075
792 556.662408 62.876121 54.989232 171.905075
793 556.650446 62.853838 54.989232 171.905075
794 556.638485 62.831554 54.989232 171.905075
795 556.641270 62.852419 54.995413 171.914908
796 556.640883 62.868039 54.995337 171.914761
797 556.632438 62.832645 54.986685 171.908519
798 556.627874 62.798223 54.986386 171.908437
799 556.623458 62.763850 54.986386 171.908429
800 556.611018 62.739585 54.990005 171.905099
801 556.597920 62.719323 54.990197 171.905698
802 556.587246 62.684499 54.987314 171.908150
803 556.579051 62.646144 54.986711 171.908569
804 556.570904 62.604874 54.986305 171.908454
805 556.574814 62.622688 54.995101 171.914285
806 556.574959 62.640153 54.995691 171.915442
807 556.565980 62.626867 54.990865 171.909315
808 556.559296 62.616266 54.990816 171.909266
809 556.555294 62.613687 54.991616 171.909258
810 556.555377 62.626325 54.993997 171.912169
811 556.555085 62.640830 54.994765 171.913654
812 556.554156 62.653559 54.994524 171.913194
813 556.553291 62.666288 54.994472 171.913079
814 556.552446 62.679049 54.994466 171.913071
815 556.552291 62.693816 54.994938 171.914170
816 556.551937 62.708977 54.995148 171.914392
817 556.546913 62.707632 54.992172 171.909856
818 556.542031 62.704437 54.991723 171.909725
819 556.541836 62.715940 54.993790 171.911759
820 556.534889 62.707078 54.990787 171.908142
821 556.533731 62.713557 54.992447 171.909175
822 556.535119 62.733225 54.995607 171.915286
823 556.535052 62.750354 54.995728 171.915507
824 556.534870 62.767143 54.995673 171.915409
825 556.524479 62.749706 54.990509 171.909512
826 556.515516 62.729862 54.989811 171.909438
827 556.510107 62.723744 54.991411 171.908314
828 556.503095 62.716801 54.991332 171.907863
829 556.496734 62.708304 54.991130 171.910053
830 556.495308 62.650979 54.986113 171.893748
831 556.496520 62.594048 54.985835 171.885760
832 556.480694 62.530408 54.982206 171.892461
833 556.454968 62.242974 54.977482 171.788678
834 556.468162 62.226013 54.987920 171.891731
835 556.463376 62.148857 54.983609 171.896791
836 556.455031 62.034666 54.984954 171.879428
837 556.447511 61.924104 54.986939 171.868733
838 556.438098 61.695694 54.991243 171.807426
839 556.424596 61.430274 54.991214 171.792893
840 556.428477 61.282596 55.004545 171.809772
841 556.678364 61.306134 55.490674 171.904427
842 556.677345 61.271085 55.487623 171.905419
843 556.678151 61.236466 55.487742 171.905641
844 556.675433 61.163197 55.483558 171.893592
845 556.666736 60.927417 55.463439 171.804433
846 556.669921 60.752793 55.465702 171.817203
847 556.685376 60.772223 55.487885 171.908150
848 556.690015 60.749024 55.488139 171.908913
849 556.691264 60.570131 55.478985 171.842423
850 556.687989 60.331731 55.471879 171.719702
851 556.691136 60.188342 55.469280 171.732751
852 556.694978 60.135971 55.489271 171.845236
853 556.689738 60.040094 55.488517 171.852609
854 556.694022 59.944279 55.487982 171.844006
855 556.704617 59.916246 55.489533 171.884046
856 556.712256 59.846287 55.495477 171.860991
857 556.721991 59.519071 55.564849 171.509864
858 556.922720 59.526760 55.996670 171.741576
859 556.916654 59.475988 55.992494 171.799774
860 556.879624 59.354535 55.984681 171.790966
861 556.852498 59.267717 55.989236 171.816702
862 556.833436 58.860159 55.945660 171.632495
863 556.833404 58.525144 55.944883 171.606569
864 556.838006 58.277653 55.953139 171.689545
865 556.848336 58.223781 55.979498 171.834992
866 556.845260 58.099006 55.979671 171.835960
867 556.849715 58.142208 55.992459 171.909446
868 556.847953 58.149372 55.992625 171.909758
869 556.848695 58.136524 55.989049 171.903221
870 556.849348 58.108269 55.987156 171.894175
871 556.849754 58.059728 55.985877 171.878616
872 556.842011 57.965705 55.981735 171.869119
873 556.836396 57.875545 55.981701 171.868479
874 556.828394 57.845232 55.985872 171.897660
875 556.816943 57.766267 55.983781 171.872801
876 556.805784 57.706293 55.983775 171.879510
877 556.814289 57.675368 55.986576 171.897365
878 556.821251 57.633844 55.986387 171.896397
879 556.819254 57.572537 55.985049 171.886072
880 556.788170 57.390638 55.974360 171.834967
881 556.759110 57.213901 55.972827 171.821943
882 556.745742 57.222390 55.989516 171.900777
883 556.725120 57.193488 55.989698 171.901474
884 556.703990 57.163523 55.989650 171.901220
885 556.686523 57.043575 55.979639 171.862910
886 556.677026 56.964277 55.981530 171.875090
887 556.681629 56.981468 55.991068 171.909413
888 556.681635 56.981005 55.990964 171.909495
889 556.674399 56.936613 55.985004 171.903270
890 556.676511 56.947456 55.992761 171.910020
891 556.675391 56.957499 55.993370 171.911185
892 556.678105 56.965360 55.993199 171.915245
893 556.681001 56.973480 55.993717 171.915761
894 556.683424 56.983547 55.994197 171.915934
895 556.680828 56.986926 55.992505 171.909709
896 556.679149 56.994394 55.992726 171.909963
897 556.680669 57.014931 55.995826 171.915843
898 556.680638 57.032527 55.995826 171.915843
899 556.680607 57.050124 55.995826 171.915843
900 556.678539 57.059592 55.993917 171.912210
901 556.677888 57.072723 55.994352 171.913038
902 556.675232 57.078304 55.992673 171.909856
903 556.672556 57.082450 55.992117 171.909028
904 556.670057 57.051448 55.986686 171.900892
905 556.659357 56.957605 55.982440 171.867068
906 556.650332 56.871899 55.982066 171.860852
907 556.657125 56.916770 55.995776 171.915737
908 556.656519 56.932025 55.995263 171.914777
909 556.656185 56.947817 55.995279 171.914802
910 556.648289 56.963802 55.994518 171.907297
911 556.629475 56.942129 55.990681 171.902647
912 556.631286 56.963404 55.995137 171.914548
913 556.631501 56.955584 55.989997 171.910988
914 556.634029 56.900818 55.985009 171.901417
915 556.635861 56.878091 55.987735 171.905559
916 556.637070 56.860355 55.987909 171.909011
917 556.640821 56.880662 55.995661 171.915532
918 556.640873 56.898415 55.995826 171.915843
919 556.640843 56.916011 55.995826 171.915843
920 556.640216 56.931229 55.995268 171.914794
921 556.639755 56.946521 55.995164 171.914572
922 556.635641 56.948112 55.992288 171.909668
923 556.632071 56.949449 55.991981 171.909569
924 556.633023 56.966426 55.994945 171.914170
925 556.633443 56.984818 55.995816 171.915852
926 556.633511 57.002066 55.995754 171.915876
927 556.635517 56.995485 55.990520 171.913547
928 556.640326 56.987082 55.989858 171.913186
929 556.645581 56.979229 55.989946 171.913391
930 556.640869 56.936171 55.985797 171.903484
931 556.640630 56.940657 55.991885 171.909233
932 556.638746 56.946796 55.992553 171.909905
933 556.636385 56.952131 55.992478 171.909815
934 556.635419 56.962325 55.993378 171.911201
935 556.633977 56.971729 55.993356 171.911152
936 556.633406 56.984585 55.994163 171.912678
937 556.633331 57.000270 55.995004 171.914285
938 556.632304 57.012536 55.994398 171.913243
939 556.634227 56.994902 55.988285 171.906641
940 556.636047 57.009440 55.994029 171.912432
941 556.636260 57.026134 55.995215 171.914679
942 556.619659 56.969285 55.985620 171.892042
943 556.605233 56.921112 55.985482 171.890632
944 556.594265 56.911660 55.990392 171.903615
945 556.583832 56.910979 55.989778 171.898866
946 556.566809 56.918275 55.985482 171.880289
947 556.573224 56.908794 55.987076 171.907732
948 556.578944 56.894285 55.988048 171.910635
949 556.577168 56.887035 55.990470 171.908979
950 556.569789 56.862463 55.988400 171.908003
951 556.567015 56.847884 55.989396 171.909651
952 556.561240 56.808263 55.987631 171.893289
953 556.555809 56.781718 55.987973 171.896086
954 556.552882 56.771031 55.989143 171.905632
955 556.554054 56.785204 55.993821 171.912038
956 556.552869 56.796091 55.993802 171.912005
957 556.538005 56.767078 55.988830 171.904779
958 556.525413 56.741038 55.988766 171.904697
959 556.512896 56.715474 55.988841 171.904706
960 556.483505 56.664972 55.987840 171.895372
961 556.454517 56.615849 55.987527 171.892510
962 556.457698 56.641372 55.994948 171.914170
963 556.457194 56.656164 55.994972 171.914219
964 556.456680 56.670939 55.994975 171.914228
965 556.454399 56.678780 55.993354 171.911119
966 556.452993 56.688314 55.993380 171.911193
967 556.451574 56.697812 55.993380 171.911193
968 556.450155 56.707309 55.993380 171.911193
969 556.443347 56.703257 55.991741 171.908306
970 556.439316 56.682089 55.988096 171.909807
971 556.437690 56.667412 55.989159 171.909471
972 556.426138 56.649344 55.990697 171.906584
973 556.410976 56.622107 55.989570 171.903615
974 556.396816 56.595681 55.989388 171.903533
975 556.400004 56.619433 55.995826 171.915843
976 556.399973 56.637030 55.995826 171.915843
977 556.397609 56.645309 55.993637 171.911693
978 556.396187 56.655057 55.993495 171.911415
979 556.394793 56.664780 55.993458 171.911349
980 556.390659 56.662323 55.991554 171.909963
981 556.387400 56.663496 55.992059 171.909848
982 556.362286 56.617534 55.987791 171.898891
983 556.338742 56.578880 55.988227 171.898768
984 556.315966 56.542625 55.988416 171.899219
985 556.312540 56.546718 55.992091 171.909282
986 556.308476 56.548255 55.992291 171.909791
987 556.308605 56.562465 55.994320 171.912989
988 556.307934 56.575928 55.994518 171.913367
989 556.308485 56.594476 55.995760 171.915720
990 556.308488 56.612134 55.995826 171.915843
991 556.308457 56.629730 55.995826 171.915843
992 556.258647 56.558060 55.979441 171.867339
993 556.216498 56.511020 55.979727 171.867815
994 556.172486 56.460461 55.978761 171.864715
995 556.175095 56.482421 55.991727 171.909372
996 556.171007 56.481396 55.991653 171.909323
997 556.164457 56.438608 55.985655 171.901786
998 556.160964 56.401451 55.985906 171.902434
999 556.143684 56.355087 55.987172 171.891895
1000 556.123235 56.308178 55.986750 171.889508
1001 556.081186 56.206150 55.982237 171.871989
1002 556.077659 56.224120 55.992665 171.904968
1003 556.067996 56.223886 55.992545 171.904517
1004 556.066269 56.243349 55.992723 171.906338
1005 556.056163 56.253830 55.988670 171.892362
1006 556.045649 56.260400 55.988755 171.895110
1007 556.043113 56.279809 55.990630 171.900547
1008 556.038861 56.294326 55.990288 171.899768
1009 556.034806 56.309503 55.990245 171.899596
1010 556.030997 56.325783 55.990299 171.899530
1011 556.026971 56.340497 55.990382 171.900146
1012 556.002827 56.298853 55.987826 171.896258
1013 555.980456 56.260121 55.987890 171.896783
1014 555.990260 56.109043 55.985677 171.810994
1015 555.980834 56.013884 55.979615 171.858875
1016 555.974861 55.889987 55.979401 171.856915
1017 555.996239 55.894440 56.008478 171.872383
1018 556.239476 55.932225 56.495423 171.915154
1019 556.239364 55.949116 56.495541 171.915384
1020 556.239319 55.966401 56.495657 171.915597
1021 556.239354 55.984121 56.495789 171.915843
1022 556.236893 55.976702 56.490665 171.909741
1023 556.236183 55.970383 56.490484 171.909200
1024 556.236264 55.958511 56.489558 171.907068
1025 556.239012 55.949075 56.489234 171.910586
1026 556.242259 55.969300 56.495789 171.915843
1027 556.242810 55.968074 56.491570 171.913014
1028 556.245704 55.968648 56.491670 171.913334
1029 556.248584 55.968587 56.491565 171.913284
1030 556.232893 55.945044 56.489886 171.901769
1031 556.225282 55.941702 56.491422 171.906813
1032 556.215585 55.930335 56.490913 171.908265
1033 556.206152 55.918340 56.490915 171.908167
1034 556.196806 55.906616 56.490956 171.908273
1035 556.197818 55.922560 56.494501 171.913424
1036 556.196946 55.935502 56.494402 171.913227
1037 556.166882 55.840790 56.480263 171.880601
1038 556.141078 55.756781 56.479592 171.877042
1039 556.143865 55.775817 56.492610 171.910463
1040 556.140730 55.775123 56.492077 171.909692
1041 556.139083 55.781008 56.492801 171.911374
1042 556.118686 55.704520 56.481699 171.888565
1043 556.102883 55.638313 56.481604 171.887851
1044 556.107972 55.653518 56.492281 171.911874
1045 556.107818 55.656434 56.492214 171.911907
1046 556.107378 55.658095 56.492052 171.911849
1047 556.106557 55.649385 56.490080 171.911029
1048 556.107168 55.646350 56.490921 171.910996
1049 556.099544 55.642610 56.492497 171.907863
1050 556.086578 55.632522 56.492023 171.905624
1051 556.075784 55.626433 56.492120 171.906682
1052 556.081624 55.615516 56.489188 171.907814
1053 556.088969 55.607446 56.489746 171.909241
1054 556.096087 55.597169 56.489490 171.908421
1055 556.101512 55.616681 56.495536 171.914769
1056 556.104030 55.632928 56.495528 171.914712
1057 556.105786 55.643783 56.494213 171.916229
1058 556.107505 55.650451 56.493416 171.914884
1059 556.109957 55.650886 56.491869 171.913982
1060 556.111056 55.656979 56.492949 171.912710
1061 556.112658 55.664414 56.493157 171.913924
1062 556.104524 55.650262 56.490562 171.910119
1063 556.097755 55.639137 56.490748 171.910127
1064 556.090847 55.627327 56.490638 171.910135
1065 556.074150 55.601061 56.489937 171.904033
1066 556.059550 55.581447 56.490261 171.904943
1067 556.062283 55.604502 56.495789 171.915835
1068 556.062252 55.622102 56.495789 171.915843
1069 556.062221 55.639699 56.495789 171.915843
1070 556.059649 55.650135 56.494057 171.912489
1071 556.057871 55.659838 56.493812 171.912555
1072 556.036777 55.630796 56.490414 171.902368
1073 556.016078 55.604772 56.490317 171.901671
1074 556.007002 55.601668 56.492047 171.906936
1075 556.006794 55.615623 56.493871 171.912243
1076 556.005624 55.626720 56.493820 171.912136
1077 556.005058 55.640158 56.494361 171.913161
1078 556.004270 55.653272 56.494410 171.913252
1079 556.003191 55.665292 56.494159 171.912776
1080 556.002857 55.679993 56.494741 171.913875
1081 556.002068 55.693505 56.494587 171.913580
1082 556.001627 55.708239 56.494843 171.914064
1083 556.000741 55.721469 56.494542 171.913506
1084 555.999474 55.732885 56.494049 171.912563
1085 556.000314 55.752122 56.495789 171.915843
1086 556.000283 55.769719 56.495789 171.915843
1087 555.995553 55.770141 56.492260 171.909987
1088 555.991136 55.769087 56.491729 171.909750
1089 555.992370 55.896376 56.494932 171.953399
1090 555.992835 55.969378 56.494687 171.935486
1091 555.993096 55.982452 56.496317 171.915647
1092 555.992661 56.016919 56.495816 171.918181
1093 555.992444 56.050611 56.495827 171.918181
1094 555.992198 56.084599 56.495851 171.918164
1095 555.967490 56.006109 56.483348 171.889270
1096 555.947986 55.940476 56.483172 171.888729
1097 555.954279 55.953594 56.491721 171.912571
1098 555.956134 55.956424 56.492085 171.912694
1099 555.955231 55.964826 56.493238 171.911045
1100 555.932108 55.928657 56.489320 171.901819
1101 555.911670 55.899677 56.489768 171.902360
1102 555.894452 55.884713 56.488814 171.897767
1103 555.878664 55.874990 56.488862 171.897513
1104 555.860894 55.860916 56.488580 171.896939
1105 555.852015 55.816857 56.484948 171.906100
1106 555.844034 55.764954 56.484617 171.904788
1107 555.832956 55.752360 56.491446 171.903926
1108 555.817129 55.738475 56.491131 171.902745
1109 555.796557 55.716273 56.488986 171.898267
1110 555.784592 55.688494 56.487863 171.905345
1111 555.770746 55.648376 56.487084 171.900908
1112 555.772602 55.670709 56.494418 171.911800
1113 555.770972 55.689441 56.494738 171.912169
1114 555.775313 56.015377 56.496037 172.127961
1115 555.774191 56.729404 56.473840 172.782462
1116 555.785135 56.813549 56.495789 172.915354
1117 555.785104 56.831248 56.495789 172.915354
1118 555.785073 56.848947 56.495789 172.915354
1119 555.785042 56.866645 56.495789 172.915354
1120 555.785011 56.884344 56.495789 172.915354
1121 555.784980 56.902043 56.495789 172.915354
1122 555.785539 56.917539 56.495323 172.915577
1123 555.786724 56.931464 56.495010 172.915717
1124 555.787083 56.948982 56.495789 172.915354
1125 555.787052 56.966680 56.495789 172.915354
1126 555.787021 56.984379 56.495789 172.915354
1127 555.786990 57.002078 56.495789 172.915354
1128 555.786959 57.019777 56.495789 172.915354
1129 555.786720 57.036651 56.495592 172.914975
1130 555.787281 57.056379 56.495010 172.917359
1131 555.787639 57.073075 56.495789 172.915354
1132 555.792986 57.086567 56.495202 172.912830
1133 555.798025 57.101791 56.495269 172.913102
1134 555.803548 57.116475 56.495210 172.912863
1135 555.803807 57.135419 56.495789 172.915354
1136 555.803776 57.153118 56.495789 172.915354
1137 555.806447 57.168705 56.495495 172.914084
1138 555.809265 57.184928 56.495495 172.914084
1139 555.812258 57.201010 56.495477 172.914009
1140 555.812383 57.219381 56.495789 172.915354
1141 555.812352 57.237079 56.495789 172.915354
1142 555.812321 57.254778 56.495789 172.915354
1143 555.812290 57.272477 56.495789 172.915354
1144 555.812259 57.290176 56.495789 172.915354
1145 555.812228 57.307875 56.495789 172.915354
1146 555.812197 57.325574 56.495789 172.915354
1147 555.812166 57.343273 56.495789 172.915354
1148 555.812135 57.360971 56.495789 172.915354
1149 555.812104 57.378670 56.495789 172.915354
1150 555.812073 57.396369 56.495789 172.915354
1151 555.812042 57.414068 56.495789 172.915354
1152 555.812012 57.431767 56.495789 172.915354
1153 555.813247 57.454176 56.493790 172.920510
1154 555.814215 57.469297 56.495789 172.915354
1155 555.814184 57.486996 56.495789 172.915354
1156 555.814153 57.504694 56.495789 172.915354
1157 555.814122 57.522393 56.495789 172.915354
1158 555.814091 57.540092 56.495789 172.915354
1159 555.814060 57.557791 56.495789 172.915354
1160 555.814029 57.575490 56.495789 172.915354
1161 555.813998 57.593189 56.495789 172.915354
1162 555.815045 57.609741 56.495600 172.914933
1163 555.816412 57.626173 56.495541 172.914867
1164 555.817804 57.642647 56.495541 172.914876
1165 555.817897 57.660585 56.495789 172.915354
1166 555.817866 57.678284 56.495789 172.915354
1167 555.817865 57.696090 56.495743 172.915478
1168 555.817856 57.713727 56.495789 172.915354
1169 555.817825 57.731426 56.495789 172.915354
1170 555.817794 57.749125 56.495789 172.915354
1171 555.817763 57.766824 56.495789 172.915354
1172 555.817732 57.784523 56.495789 172.915354
1173 555.817702 57.802221 56.495789 172.915354
1174 555.817671 57.819920 56.495789 172.915354
1175 555.817640 57.837619 56.495789 172.915354
1176 555.817609 57.855318 56.495789 172.915354
1177 555.817578 57.873017 56.495789 172.915354
1178 555.817547 57.890716 56.495789 172.915354
1179 555.817516 57.908414 56.495789 172.915354
1180 555.785123 58.484062 56.416975 173.141450
1181 555.803401 59.060504 56.434727 173.623046
1182 555.804516 61.840182 56.246795 175.147529
1183 555.840243 64.098465 56.250963 176.558464
1184 555.350834 69.107525 56.011991 178.629615
1185 555.477671 69.498881 56.417640 179.252886
1186 555.442920 69.745905 56.451748 179.617612
1187 555.464661 69.918362 56.494000 179.924426
1188 555.464830 69.939378 56.492529 179.930838
1189 555.466348 69.957402 56.491500 179.930812
1190 555.468235 69.974075 56.492497 179.927902
1191 555.468072 70.002476 56.490175 179.935138
1192 555.457310 70.044065 56.495382 179.904702
1193 555.444829 70.098606 56.495555 179.904788
1194 555.444915 70.120592 56.495789 179.911929
1195 555.416269 70.155401 56.491729 179.914538
1196 555.417180 70.172588 56.496042 179.912024
1197 555.417022 70.190956 56.495789 179.911929
1198 555.416991 70.209371 56.495789 179.911929
1199 555.416960 70.227786 56.495789 179.911929
1200 555.416929 70.246201 56.495789 179.911929
1201 555.416898 70.264616 56.495789 179.911929
1202 555.416868 70.283031 56.495789 179.911929
1203 555.416837 70.301446 56.495789 179.911929
1204 555.416806 70.319861 56.495789 179.911929
1205 555.416775 70.338276 56.495789 179.911929
1206 555.416744 70.356691 56.495789 179.911929
1207 555.416713 70.375106 56.495789 179.911929
1208 555.416682 70.393521 56.495789 179.911929
1209 555.416651 70.411936 56.495789 179.911929
1210 555.416620 70.430351 56.495789 179.911929
1211 555.416589 70.448766 56.495789 179.911929
1212 555.374624 70.524739 56.484417 179.968200
1213 555.331932 70.582936 56.482822 179.975401
1214 555.293425 70.632400 56.483773 179.971092
1215 555.298187 70.618779 56.495463 179.912770
1216 555.297390 70.634671 56.495587 179.912521
1217 555.286575 70.654738 56.487098 179.925035
1218 555.279876 70.668325 56.486925 179.925396
1219 555.273344 70.680933 56.486952 179.925473
1220 554.982956 70.626830 56.480249 179.846217
1221 554.718507 70.673269 56.469349 179.810417
1222 554.461842 70.733582 56.469500 179.811902
1223 554.204990 70.793187 56.469497 179.811868
1224 554.216890 70.805894 56.494919 179.893836
1225 554.229086 70.823760 56.494504 179.906161
1226 554.239270 70.837274 56.494746 179.907234
1227 554.216968 70.984516 56.477787 179.923654
1228 554.223961 71.010708 56.495568 179.910685
1229 554.222071 71.040920 56.495948 179.909869
1230 554.519169 72.058602 56.355234 180.216053
1231 554.684639 74.207922 56.308291 180.726663
1232 554.772937 75.297512 56.371999 180.836206
1233 554.825363 76.178142 56.402144 180.815759
1234 554.874103 76.269011 56.490969 180.922953
1235 554.877732 76.313550 56.488165 180.900600
1236 554.881513 76.337487 56.495789 180.911440
1237 554.882296 76.355340 56.495703 180.911034
1238 554.883084 76.373421 56.495703 180.911060
1239 554.905056 76.447201 56.481621 180.930522
1240 554.943991 76.573633 56.474015 180.957865
1241 554.961620 76.598162 56.488639 180.930358
1242 554.985936 76.642459 56.498327 180.891770
1243 555.007614 76.710936 56.498707 180.890061
1244 555.010667 76.735119 56.496861 180.907124
1245 555.012462 76.754974 56.495652 180.909929
1246 555.014696 76.774057 56.495722 180.909852
1247 555.019367 76.605494 56.494687 180.886411
1248 555.024950 76.431796 56.494698 180.884296
1249 555.036319 76.411764 56.494332 180.897846
1250 555.034764 75.987873 56.510693 180.862840
1251 555.286520 75.753306 56.996774 180.892185
1252 555.295934 75.492027 56.996548 180.893402
1253 555.306357 75.214838 56.996108 180.894515
1254 555.316539 74.971692 56.997304 180.914271
1255 555.318025 74.916684 56.989343 180.917438
1256 555.324134 74.856657 56.989680 180.916989
1257 555.346507 74.471148 56.975824 180.982549
1258 555.363719 74.394886 56.989386 180.922177
1259 555.375589 74.352755 56.989995 180.918819
1260 555.378436 74.367583 56.995752 180.911440
1261 555.379680 74.381621 56.995271 180.911310
1262 555.381577 74.382691 56.993504 180.913951
1263 555.384936 74.366258 56.991642 180.916221
1264 555.388360 74.369646 56.994026 180.913011
1265 555.396250 74.324002 56.988329 180.930229
1266 555.409226 74.249242 56.986728 180.935632
1267 555.432354 73.941832 56.979327 180.963052
1268 555.461018 73.534111 56.977509 180.971752
1269 555.484951 73.339069 56.980838 180.948897
1270 555.528941 72.773077 56.969890 181.002097
1271 555.540713 72.988077 56.995205 181.411732
1272 555.539927 72.998717 56.995295 181.411879
1273 555.539597 73.012617 56.995572 181.411836
1274 555.539115 73.028623 56.995244 181.410200
1275 555.537321 73.039217 56.993882 181.407569
1276 555.535137 73.043596 56.993338 181.407950
1277 555.535049 73.057287 56.994847 181.410096
1278 555.533725 73.066271 56.994714 181.410685
1279 555.527535 73.033955 56.992602 181.412952
1280 555.529079 73.051645 56.995752 181.411195
1281 555.529047 73.070213 56.995752 181.411195
1282 555.526616 73.078855 56.993504 181.406773
1283 555.525964 73.092408 56.994116 181.407984
1284 555.525500 73.105935 56.994561 181.409447
1285 555.526064 73.125377 56.995752 181.411195
1286 555.526033 73.143946 56.995752 181.411195
1287 555.526002 73.162514 56.995752 181.411195
1288 555.525971 73.181083 56.995752 181.411195
1289 555.525939 73.199651 56.995752 181.411195
1290 555.516219 73.172705 56.991177 181.409663
1291 555.507820 73.140925 56.990946 181.410468
1292 555.510191 73.159857 56.995752 181.411195
1293 555.510160 73.178426 56.995752 181.411195
1294 555.510129 73.196994 56.995752 181.411195
1295 555.510098 73.215563 56.995752 181.411195
1296 555.510066 73.234131 56.995752 181.411195
1297 555.510035 73.252699 56.995752 181.411195
1298 555.509740 73.270186 56.995510 181.410702
1299 555.509830 73.289001 56.995752 181.411195
1300 555.509271 73.305389 56.995257 181.410226
1301 555.508661 73.321032 56.994980 181.409672
1302 555.509016 73.340362 56.995752 181.411195
1303 555.508985 73.358930 56.995752 181.411195
1304 555.499617 73.327752 56.991047 181.411351
1305 555.496304 73.310101 56.992156 181.408460
1306 555.491246 73.222642 56.989438 181.411013
1307 555.499484 73.224953 56.992955 181.410875
1308 555.500851 73.243681 56.995752 181.411195
1309 555.500820 73.262250 56.995752 181.411195
1310 555.500210 73.278430 56.995211 181.410122
1311 555.500449 73.297535 56.995752 181.411195
1312 555.486814 73.263743 56.989079 181.405847
1313 555.475491 72.832047 56.969877 181.456398
1314 555.483532 72.636964 56.978389 181.437912
1315 555.495925 72.499867 56.983366 181.421451
1316 555.500874 72.508296 56.994616 181.408954
1317 555.493784 72.500195 56.990974 181.404072
1318 555.497749 72.304965 56.977778 181.450790
1319 555.506155 72.301460 56.995235 181.410183
1320 555.506382 72.320535 56.995752 181.411195
1321 555.506351 72.339103 56.995752 181.411195
1322 555.506320 72.357672 56.995752 181.411195
1323 555.506288 72.376240 56.995752 181.411195
1324 555.506257 72.394808 56.995752 181.411195
1325 555.506226 72.413377 56.995752 181.411195
1326 555.506195 72.431945 56.995752 181.411195
1327 555.505919 72.449501 56.995524 181.410754
1328 555.505711 72.467087 56.995477 181.410650
1329 555.505817 72.485928 56.995752 181.411195
1330 555.505786 72.504497 56.995752 181.411195
1331 555.505754 72.523065 56.995752 181.411195
1332 555.503008 72.530391 56.993205 181.406184
1333 555.501467 72.539955 56.993143 181.406054
1334 555.502740 72.561093 56.995752 181.411195
1335 555.502709 72.579662 56.995752 181.411195
1336 555.502678 72.598230 56.995752 181.411195
1337 555.502646 72.616799 56.995752 181.411195
1338 555.502615 72.635367 56.995752 181.411195
1339 555.502584 72.653936 56.995752 181.411195
1340 555.502553 72.672504 56.995752 181.411195
1341 555.502521 72.691072 56.995752 181.411195
1342 555.495779 72.658233 56.989987 181.404531
1343 555.493638 72.643031 56.990868 181.403847
1344 555.487147 72.256162 56.982996 181.408659
1345 555.491708 72.149425 56.991368 181.410408
1346 555.491602 72.048677 56.991626 181.409637
1347 555.494044 71.860132 56.987508 181.428305
1348 555.497338 71.866848 56.995004 181.409733
1349 555.510841 71.520526 56.983010 181.444550
1350 555.516795 71.520816 56.995388 181.410477
1351 555.515440 71.533512 56.994338 181.408408
1352 555.516115 71.553474 56.995752 181.411195
1353 555.516084 71.572042 56.995752 181.411195
1354 555.516053 71.590611 56.995752 181.411195
1355 555.516021 71.609179 56.995752 181.411195
1356 555.515990 71.627747 56.995752 181.411195
1357 555.515959 71.646316 56.995752 181.411195
1358 555.515928 71.664884 56.995752 181.411195
1359 555.515896 71.683453 56.995752 181.411195
1360 555.515865 71.702021 56.995752 181.411195
1361 555.515834 71.720590 56.995752 181.411195
1362 555.510723 71.670804 56.993993 181.408426
1363 555.511826 71.682025 56.995409 181.409854
1364 555.511966 71.701264 56.995752 181.411195
1365 555.511935 71.719832 56.995752 181.411195
1366 555.506729 71.698070 56.998796 181.409949
1367 555.505175 71.717262 56.995752 181.411195
1368 555.505144 71.735830 56.995752 181.411195
1369 555.502376 71.704332 56.991694 181.410754
1370 555.504374 71.723121 56.995752 181.411195
1371 555.504342 71.741689 56.995752 181.411195
1372 555.504197 71.759782 56.995643 181.410996
1373 555.503869 71.776996 56.995423 181.410537
1374 555.504003 71.795893 56.995752 181.411195
1375 555.503778 71.804318 56.993982 181.409828
1376 555.504942 71.815011 56.994219 181.410269
1377 555.505677 71.834043 56.995752 181.411195
1378 555.505646 71.852611 56.995752 181.411195
1379 555.505614 71.871179 56.995752 181.411195
1380 555.503808 71.882409 56.994091 181.407924
1381 555.503118 71.896451 56.994360 181.408460
1382 555.503782 71.916387 56.995752 181.411195
1383 555.503751 71.934955 56.995752 181.411195
1384 555.501888 71.928434 56.991746 181.407863
1385 555.500041 71.933895 56.992781 181.405925
1386 555.499234 71.945743 56.993632 181.407032
1387 555.492362 71.814868 56.996015 181.406383
1388 555.554285 70.911818 56.977642 181.433879
1389 555.562988 70.917720 56.995453 181.410598
1390 555.563106 70.936587 56.995752 181.411195
1391 555.563034 70.954991 56.995716 181.411117
1392 555.560776 70.964312 56.993648 181.407050
1393 555.559584 70.975805 56.993681 181.407119
1394 555.560588 70.996412 56.995752 181.411195
1395 555.560557 71.014980 56.995752 181.411195
1396 555.560526 71.033549 56.995752 181.411195
1397 555.560494 71.052117 56.995752 181.411195
1398 555.560463 71.070686 56.995752 181.411195
1399 555.560432 71.089254 56.995752 181.411195
1400 555.560401 71.107823 56.995752 181.411195
1401 555.560369 71.126391 56.995752 181.411195
1402 555.559629 71.142026 56.995091 181.409888
1403 555.558906 71.157015 56.994795 181.409317
1404 555.557263 71.167877 56.993792 181.407344
1405 555.557089 71.183723 56.994700 181.409127
1406 555.557312 71.202201 56.995496 181.410693
1407 555.551665 71.160326 56.988758 181.410806
1408 555.548711 71.110363 56.988174 181.411637
1409 555.545918 71.060798 56.988256 181.411498
1410 555.549635 71.079215 56.995752 181.411195
1411 555.549603 71.097783 56.995752 181.411195
1412 555.549572 71.116352 56.995752 181.411195
1413 555.549541 71.134920 56.995752 181.411195
1414 555.549510 71.153489 56.995752 181.411195
1415 555.547260 71.162875 56.993670 181.407102
1416 555.546012 71.174143 56.993635 181.407041
1417 555.547039 71.194788 56.995752 181.411195
1418 555.547008 71.213357 56.995752 181.411195
1419 555.546976 71.231925 56.995752 181.411195
1420 555.545070 71.241242 56.994126 181.408677
1421 555.545479 71.259529 56.995407 181.410520
1422 555.545620 71.278435 56.995752 181.411195
1423 555.545589 71.297003 56.995752 181.411195
1424 555.545558 71.315572 56.995752 181.411195
1425 555.545526 71.334140 56.995752 181.411195
1426 555.545495 71.352709 56.995752 181.411195
1427 555.545464 71.371277 56.995752 181.411195
1428 555.545433 71.389846 56.995752 181.411195
1429 555.545401 71.408414 56.995752 181.411195
1430 555.545370 71.426982 56.995752 181.411195
1431 555.545333 71.445534 56.995746 181.411178
1432 555.545305 71.464111 56.995752 181.411195
1433 555.545274 71.482679 56.995752 181.411195
1434 555.545242 71.501248 56.995752 181.411195
1435 555.544499 71.516873 56.995083 181.409880
1436 555.544606 71.535295 56.995567 181.410840
1437 555.543442 71.548969 56.994602 181.408945
1438 555.542895 71.564153 56.994733 181.409179
1439 555.543374 71.583730 56.995752 181.411195
1440 555.543343 71.602299 56.995752 181.411195
1441 555.543311 71.620867 56.995752 181.411195
1442 555.543280 71.639435 56.995752 181.411195
1443 555.543249 71.658004 56.995752 181.411195
1444 555.543217 71.676572 56.995752 181.411195
1445 555.543186 71.695141 56.995752 181.411195
1446 555.543022 71.713155 56.995624 181.410953
1447 555.542747 71.730573 56.995466 181.410633
1448 555.542766 71.749033 56.995665 181.411031
1449 555.542743 71.767536 56.995716 181.411135
1450 555.542056 71.783340 56.995116 181.409958
1451 555.540986 71.796919 56.994483 181.408685
1452 555.541589 71.816742 56.995752 181.411195
1453 555.541558 71.835311 56.995752 181.411195
1454 555.541527 71.853879 56.995752 181.411195
1455 555.541496 71.872447 56.995752 181.411195
1456 555.541464 71.891016 56.995752 181.411195
1457 555.537690 71.880989 56.991145 181.406072
1458 555.536274 71.868228 56.990503 181.406262
1459 555.537943 71.853277 56.992860 181.408582
1460 555.537964 71.848972 56.992613 181.408322
1461 555.538491 71.840893 56.992289 181.408140
1462 555.540191 71.860989 56.995752 181.411195
1463 555.540160 71.879557 56.995752 181.411195
1464 555.540129 71.898126 56.995752 181.411195
1465 555.529834 71.834986 56.993610 181.404505
1466 555.521114 71.784166 56.993314 181.404047
1467 555.522301 71.806309 56.995752 181.411195
1468 555.522270 71.824877 56.995752 181.411195
1469 555.520219 71.835094 56.993857 181.407465
1470 555.519265 71.841776 56.993697 181.408348
1471 555.519117 71.856402 56.994836 181.409759
1472 555.516388 71.863070 56.993053 181.406141
1473 555.514736 71.872144 56.993129 181.406184
1474 555.515581 71.891418 56.995344 181.410382
1475 555.514419 71.904872 56.994499 181.408737
1476 555.513343 71.917754 56.994189 181.408123
1477 555.514093 71.937859 56.995752 181.411195
1478 555.514062 71.956427 56.995752 181.411195
1479 555.514031 71.974996 56.995752 181.411195
1480 555.513804 71.992751 56.995567 181.410832
1481 555.513530 72.010125 56.995439 181.410581
1482 555.506032 71.990643 56.993537 181.406574
1483 555.500661 71.977951 56.994213 181.406600
1484 555.497958 71.984312 56.992914 181.406176
1485 555.489300 71.968133 56.990517 181.405475
1486 555.484338 71.741192 56.979447 181.428522
1487 555.491315 71.042251 56.980469 181.391411
1488 555.486656 70.940330 56.995002 181.394050
1489 555.484030 70.357642 56.985872 181.386036
1490 555.489525 70.337858 56.988544 181.412987
1491 555.493245 70.299111 56.988011 181.414146
1492 555.495187 70.259447 56.999117 181.398092
1493 555.491633 70.221242 56.998119 181.397962
1494 555.476312 69.450360 56.983657 181.367074
1495 555.480708 68.830063 56.983407 181.344460
1496 555.484803 68.222398 56.983176 181.347151
1497 555.500891 68.128050 56.987633 181.384859
1498 555.503440 68.153676 56.994366 181.408460
1499 555.504102 68.173612 56.995752 181.411195
1500 555.496689 68.165801 56.991305 181.404773
1501 555.498881 68.187581 56.995752 181.411195
1502 555.498828 68.206063 56.995736 181.411161
1503 555.498611 68.223852 56.995575 181.410849
1504 555.495040 68.227587 56.992352 181.404514
1505 555.499340 68.202397 56.988517 181.403493
1506 555.499238 68.209550 56.992292 181.404393
1507 555.500339 68.229045 56.995192 181.410087
1508 555.500009 68.245779 56.995211 181.410122
1509 555.499805 68.263049 56.995336 181.410382
1510 555.497185 68.270453 56.993129 181.406046
1511 555.495513 68.279384 56.992985 181.405751
1512 555.495185 68.293734 56.994181 181.408097
1513 555.494265 68.306919 56.994181 181.408106
1514 555.495020 68.327032 56.995752 181.411195
1515 555.494988 68.345601 56.995752 181.411195
1516 555.494957 68.364169 56.995752 181.411195
1517 555.495565 68.375848 56.994586 181.410936
1518 555.496494 68.385684 56.994178 181.410312
1519 555.497587 68.395832 56.994170 181.410261
1520 555.498346 68.414868 56.995752 181.411195
1521 555.498315 68.433436 56.995752 181.411195
1522 555.497346 68.437387 56.992884 181.407846
1523 555.497884 68.441108 56.992545 181.407638
1524 555.499457 68.461455 56.995752 181.411195
1525 555.499154 68.478907 56.995496 181.410685
1526 555.497209 68.489284 56.993836 181.407422
1527 555.497391 68.506658 56.995056 181.409828
1528 555.499012 68.457444 56.987652 181.409023
1529 555.502599 68.475316 56.995347 181.410399
1530 555.501098 68.487367 56.994184 181.408106
1531 555.500547 68.502080 56.994529 181.408789
1532 555.500026 68.496909 56.990895 181.406020
1533 555.501007 68.493434 56.990933 181.405726
1534 555.499542 68.436058 56.986837 181.406357
1535 555.499938 68.406754 56.989182 181.404626
1536 555.498739 68.371772 56.989115 181.405128
1537 555.501434 68.382201 56.993583 181.408781
1538 555.500628 68.369366 56.990631 181.407976
1539 555.501624 68.366238 56.991637 181.407102
1540 555.503651 68.386853 56.995752 181.411195
1541 555.503619 68.405421 56.995752 181.411195
1542 555.503588 68.423990 56.995752 181.411195
1543 555.503557 68.442558 56.995752 181.411195
1544 555.502148 68.455423 56.994461 181.408659
1545 555.503661 68.449659 56.991460 181.408062
1546 555.506366 68.456025 56.992928 181.409438
1547 555.505844 68.407775 56.988984 181.412736
1548 555.508485 68.393586 56.991800 181.411247
1549 555.508997 68.345462 56.989596 181.413679
1550 555.511101 68.343601 56.992036 181.407136
1551 555.512152 68.337742 56.990721 181.406253
1552 555.511723 68.346734 56.993023 181.405829
1553 555.510172 68.356051 56.993047 181.405873
1554 555.509126 68.367492 56.993537 181.406825
1555 555.503204 68.288415 56.984094 181.404263
1556 555.502551 68.223463 56.984817 181.404765
1557 555.505544 68.235138 56.993461 181.406678
1558 555.504008 68.245000 56.993270 181.406305
1559 555.503394 68.258466 56.994042 181.407837
1560 555.501635 68.268025 56.993327 181.406427
1561 555.497013 68.262400 56.990781 181.403761
1562 555.493257 68.217586 56.988041 181.413039
1563 555.503917 68.108919 56.980681 181.430919
1564 555.512014 68.097885 56.991832 181.408556
1565 555.513942 68.117773 56.995752 181.411195
1566 555.513911 68.136341 56.995752 181.411195
1567 555.513880 68.154910 56.995752 181.411195
1568 555.513848 68.173478 56.995752 181.411195
1569 555.513162 68.189329 56.995135 181.409984
1570 555.512610 68.205076 56.994977 181.409672
1571 555.512137 68.220979 56.994977 181.409672
1572 555.512494 68.240309 56.995752 181.411195
1573 555.512462 68.258877 56.995752 181.411195
1574 555.512431 68.277446 56.995752 181.411195
1575 555.512400 68.296014 56.995752 181.411195
1576 555.512369 68.314583 56.995752 181.411195
1577 555.510402 68.317729 56.992566 181.406504
1578 555.509857 68.322051 56.992319 181.406115
1579 555.508482 68.330498 56.992887 181.405561
1580 555.509576 68.350612 56.995466 181.410633
1581 555.509453 68.368492 56.995529 181.410762
1582 555.508262 68.382015 56.994561 181.408841
1583 555.507573 68.396576 56.994580 181.408884
1584 555.506996 68.365524 56.989957 181.408313
1585 555.509566 68.344484 56.990406 181.404713
1586 555.510238 68.349729 56.992634 181.406210
1587 555.511765 68.370790 56.995752 181.411195
1588 555.511734 68.389358 56.995752 181.411195
1589 555.507987 68.393067 56.992575 181.405232
1590 555.508313 68.409519 56.994597 181.408919
1591 555.507517 68.423678 56.994496 181.408711
1592 555.507632 68.440624 56.995140 181.410183
1593 555.507415 68.455042 56.994803 181.409897
1594 555.507858 68.474260 56.995752 181.411195
1595 555.507827 68.492828 56.995752 181.411195
1596 555.507796 68.511397 56.995752 181.411195
1597 555.504902 68.476895 56.989025 181.406176
1598 555.505296 68.445449 56.989101 181.406202
1599 555.506283 68.456968 56.993586 181.406928
1600 555.507335 68.477670 56.995752 181.411195
1601 555.507304 68.496238 56.995752 181.411195
1602 555.506117 68.510021 56.994667 181.409058
1603 555.505421 68.524664 56.994621 181.408971
1604 555.505140 68.540978 56.994991 181.409698
1605 555.505489 68.560295 56.995752 181.411195
1606 555.505458 68.578864 56.995752 181.411195
1607 555.500708 68.560927 56.989185 181.403770
1608 555.498802 68.545344 56.989028 181.403674
1609 555.497208 68.530891 56.989158 181.403718
1610 555.499620 68.541956 56.993523 181.408452
1611 555.499336 68.551814 56.993651 181.408002
1612 555.500355 68.571979 56.995752 181.411195
1613 555.500324 68.590547 56.995752 181.411195
1614 555.500293 68.609116 56.995752 181.411195
1615 555.500261 68.627684 56.995752 181.411195
1616 555.500230 68.646253 56.995752 181.411195
1617 555.500199 68.664821 56.995752 181.411195
1618 555.500168 68.683389 56.995752 181.411195
1619 555.500136 68.701958 56.995752 181.411195
1620 555.500105 68.720526 56.995752 181.411195
1621 555.500074 68.739095 56.995752 181.411195
1622 555.499181 68.754097 56.994939 181.409603
1623 555.498825 68.770433 56.995064 181.409845
1624 555.499137 68.789677 56.995752 181.411195
1625 555.499106 68.808245 56.995752 181.411195
1626 555.499075 68.826813 56.995752 181.411195
1627 555.499044 68.845382 56.995752 181.411195
1628 555.499012 68.863950 56.995752 181.411195
1629 555.498981 68.882519 56.995752 181.411195
1630 555.498950 68.901087 56.995752 181.411195
1631 555.498919 68.919656 56.995752 181.411195
1632 555.498887 68.938224 56.995752 181.411195
1633 555.498856 68.956792 56.995752 181.411195
1634 555.498825 68.975361 56.995752 181.411195
1635 555.498794 68.993929 56.995752 181.411195
1636 555.498762 69.012498 56.995752 181.411195
1637 555.498731 69.031066 56.995752 181.411195
1638 555.498700 69.049635 56.995752 181.411195
1639 555.498669 69.068203 56.995752 181.411195
1640 555.498637 69.086771 56.995752 181.411195
1641 555.498291 69.104033 56.995458 181.410615
1642 555.498406 69.122891 56.995752 181.411195
1643 555.498375 69.141460 56.995752 181.411195
1644 555.498344 69.160028 56.995752 181.411195
1645 555.498313 69.178597 56.995752 181.411195
1646 555.498281 69.197165 56.995752 181.411195
1647 555.498250 69.215734 56.995752 181.411195
1648 555.498219 69.234302 56.995752 181.411195
1649 555.498187 69.252870 56.995752 181.411195
1650 555.498156 69.271439 56.995752 181.411195
1651 555.498125 69.290007 56.995752 181.411195
1652 555.498094 69.308576 56.995752 181.411195
1653 555.498062 69.327144 56.995752 181.411195
1654 555.498031 69.345713 56.995752 181.411195
1655 555.497345 69.361572 56.995140 181.409992
1656 555.498508 69.342047 56.990824 181.412900
1657 555.500941 69.359763 56.995752 181.411195
1658 555.500910 69.378332 56.995752 181.411195
1659 555.500878 69.396900 56.995752 181.411195
1660 555.500847 69.415469 56.995752 181.411195
1661 555.500816 69.434037 56.995752 181.411195
1662 555.500785 69.452605 56.995752 181.411195
1663 555.500240 69.469054 56.995271 181.410252
1664 555.500449 69.488094 56.995752 181.411195
1665 555.500418 69.506662 56.995752 181.411195
1666 555.500386 69.525231 56.995752 181.411195
1667 555.500355 69.543799 56.995752 181.411195
1668 555.500324 69.562367 56.995752 181.411195
1669 555.500293 69.580936 56.995752 181.411195
1670 555.500261 69.599504 56.995752 181.411195
1671 555.500230 69.618073 56.995752 181.411195
1672 555.500199 69.636641 56.995752 181.411195
1673 555.500168 69.655210 56.995752 181.411195
1674 555.500136 69.673778 56.995752 181.411195
1675 555.500105 69.692346 56.995752 181.411195
1676 555.500074 69.710915 56.995752 181.411195
1677 555.500043 69.729483 56.995752 181.411195
1678 555.500011 69.748052 56.995752 181.411195
1679 555.499980 69.766620 56.995752 181.411195
1680 555.499949 69.785189 56.995752 181.411195
1681 555.498531 69.798019 56.994453 181.408642
1682 555.499150 69.817864 56.995752 181.411195
1683 555.499118 69.836432 56.995752 181.411195
1684 555.499087 69.855001 56.995752 181.411195
1685 555.497460 69.866966 56.994254 181.408244
1686 555.496490 69.880026 56.994167 181.408071
1687 555.497251 69.900156 56.995752 181.411195
1688 555.497220 69.918725 56.995752 181.411195
1689 555.501652 69.926181 56.993822 181.410728
1690 555.502585 69.944983 56.995752 181.411195
1691 555.502554 69.963551 56.995752 181.411195
1692 555.501030 69.975949 56.994352 181.408434
1693 555.500006 69.988896 56.994167 181.408071
1694 555.499025 70.001826 56.994118 181.407976
1695 555.499810 70.022004 56.995752 181.411195
1696 555.499779 70.040573 56.995752 181.411195
1697 555.499239 70.057038 56.995276 181.410252
1698 555.499109 70.074685 56.995437 181.410563
1699 555.498896 70.092167 56.995434 181.410572
1700 555.499023 70.111047 56.995752 181.411195
1701 555.498992 70.129615 56.995752 181.411195
1702 555.498961 70.148184 56.995752 181.411195
1703 555.498930 70.166752 56.995752 181.411195
1704 555.498898 70.185321 56.995752 181.411195
1705 555.498867 70.203889 56.995752 181.411195
1706 555.498836 70.222458 56.995752 181.411195
1707 555.498804 70.241026 56.995752 181.411195
1708 555.498773 70.259594 56.995752 181.411195
1709 555.498742 70.278163 56.995752 181.411195
1710 555.498711 70.296731 56.995752 181.411195
1711 555.498679 70.315300 56.995752 181.411195
1712 555.496778 70.324132 56.993626 181.407448
1713 555.506252 70.163485 56.980743 181.432572
1714 555.513725 70.171365 56.995752 181.411195
1715 555.513691 70.189916 56.995749 181.411195
1716 555.513661 70.208485 56.995752 181.411195
1717 555.513630 70.227053 56.995752 181.411195
1718 555.513598 70.245622 56.995752 181.411195
1719 555.513567 70.264190 56.995752 181.411195
1720 555.513536 70.282759 56.995752 181.411195
1721 555.513505 70.301327 56.995752 181.411195
1722 555.513297 70.319168 56.995586 181.410866
1723 555.512642 70.334976 56.995089 181.409880
1724 555.512409 70.352004 56.995257 181.410209
1725 555.511620 70.366903 56.994811 181.409352
1726 555.512059 70.386393 56.995752 181.411195
1727 555.512027 70.404961 56.995752 181.411195
1728 555.511996 70.423530 56.995752 181.411195
1729 555.511965 70.442098 56.995752 181.411195
1730 555.509015 70.448594 56.993018 181.405803
1731 555.507491 70.456192 56.992729 181.405648
1732 555.507647 70.472056 56.994510 181.408763
1733 555.507759 70.489859 56.995301 181.410321
1734 555.507953 70.508864 56.995752 181.411195
1735 555.507922 70.527433 56.995752 181.411195
1736 555.507891 70.546001 56.995752 181.411195
1737 555.507859 70.564569 56.995752 181.411195
1738 555.507828 70.583138 56.995752 181.411195
1739 555.507797 70.601706 56.995752 181.411195
1740 555.507766 70.620275 56.995752 181.411195
1741 555.507734 70.638843 56.995752 181.411195
1742 555.507703 70.657412 56.995752 181.411195
1743 555.507672 70.675980 56.995752 181.411195
1744 555.507641 70.694548 56.995752 181.411195
1745 555.507609 70.713117 56.995752 181.411195
1746 555.507578 70.731685 56.995752 181.411195
1747 555.506375 70.745416 56.994656 181.409040
1748 555.503111 70.750548 56.992879 181.406184
1749 555.503070 70.765642 56.994398 181.408521
1750 555.503599 70.785063 56.995640 181.410970
1751 555.499650 70.772916 56.990647 181.405812
1752 555.493106 70.761435 56.990085 181.402705
1753 555.472412 70.401370 56.972500 181.432070
1754 555.484006 70.409501 56.995752 181.411195
1755 555.483975 70.428069 56.995752 181.411195
1756 555.483944 70.446638 56.995752 181.411195
1757 555.483913 70.465206 56.995752 181.411195
1758 555.483881 70.483774 56.995752 181.411195
1759 555.483850 70.502343 56.995752 181.411195
1760 555.483819 70.520911 56.995752 181.411195
1761 555.483788 70.539480 56.995752 181.411195
1762 555.488959 70.505662 56.988826 181.423874
1763 555.496546 70.473432 56.989759 181.420083
1764 555.499511 70.487557 56.995752 181.411195
1765 555.499480 70.506125 56.995752 181.411195
1766 555.499449 70.524693 56.995752 181.411195
1767 555.499417 70.543262 56.995752 181.411195
1768 555.499386 70.561830 56.995752 181.411195
1769 555.499355 70.580399 56.995752 181.411195
1770 555.499324 70.598967 56.995752 181.411195
1771 555.499292 70.617536 56.995752 181.411195
1772 555.499261 70.636104 56.995752 181.411195
1773 555.499230 70.654672 56.995752 181.411195
1774 555.499199 70.673241 56.995752 181.411195
1775 555.499167 70.691809 56.995752 181.411195
1776 555.499136 70.710378 56.995752 181.411195
1777 555.499105 70.728946 56.995752 181.411195
1778 555.499074 70.747515 56.995752 181.411195
1779 555.499042 70.766083 56.995752 181.411195
1780 555.499011 70.784651 56.995752 181.411195
1781 555.498980 70.803220 56.995752 181.411195
1782 555.498949 70.821788 56.995752 181.411195
1783 555.498917 70.840357 56.995752 181.411195
1784 555.496818 70.850366 56.993814 181.407379
1785 555.499568 70.826176 56.991362 181.411446
1786 555.501150 70.842204 56.995203 181.410131
1787 555.499844 70.854892 56.994300 181.408348
1788 555.498650 70.867069 56.993982 181.407707
1789 555.497916 70.880821 56.994268 181.408270
1790 555.497518 70.896265 56.994714 181.409153
1791 555.498005 70.915855 56.995752 181.411195
1792 555.497974 70.934424 56.995752 181.411195
1793 555.497943 70.952992 56.995752 181.411195
1794 555.497912 70.971560 56.995752 181.411195
1795 555.491463 70.966069 56.991216 181.403666
1796 555.484456 70.920169 56.986280 181.405622
1797 555.496100 70.771228 56.984219 181.426574
1798 555.500481 70.776507 56.994485 181.408694
1799 555.499782 70.790943 56.994531 181.408789
1800 555.499950 70.809018 56.995369 181.410434
1801 555.500110 70.827968 56.995752 181.411195
1802 555.500033 70.846346 56.995711 181.411109
1803 555.500022 70.864957 56.995752 181.411195
1804 555.499991 70.883526 56.995752 181.411195
1805 555.498283 70.895153 56.994178 181.408097
1806 555.498239 70.911965 56.995002 181.409724
1807 555.497577 70.927106 56.994806 181.409334
1808 555.497225 70.943316 56.995007 181.409741
1809 555.495854 70.905837 56.988484 181.410261
1810 555.499209 70.923852 56.995521 181.410745
1811 555.497810 70.936509 56.994360 181.408452
1812 555.498474 70.956449 56.995752 181.411195
1813 555.498443 70.975018 56.995752 181.411195
1814 555.498412 70.993586 56.995752 181.411195
1815 555.496864 71.005880 56.994333 181.408400
1816 555.499053 70.892020 56.986358 181.411706
1817 555.500900 70.898676 56.993113 181.405994
1818 555.499378 70.908222 56.993115 181.406011
1819 555.497534 70.916426 56.992816 181.405423
1820 555.496872 70.929200 56.993784 181.407327
1821 555.502622 70.459377 56.974837 181.439989
1822 555.513048 70.463549 56.995752 181.411195
1823 555.513017 70.482117 56.995752 181.411195
1824 555.512985 70.500686 56.995752 181.411195
1825 555.512954 70.519254 56.995752 181.411195
1826 555.512923 70.537822 56.995752 181.411195
1827 555.512892 70.556391 56.995752 181.411195
1828 555.512860 70.574959 56.995752 181.411195
1829 555.512829 70.593528 56.995752 181.411195
1830 555.512798 70.612096 56.995752 181.411195
1831 555.512767 70.630665 56.995752 181.411195
1832 555.512735 70.649233 56.995752 181.411195
1833 555.512704 70.667801 56.995752 181.411195
1834 555.512673 70.686370 56.995752 181.411195
1835 555.512642 70.704938 56.995752 181.411195
1836 555.512610 70.723507 56.995752 181.411195
1837 555.508114 70.703536 56.998299 181.404799
1838 555.501859 70.679061 56.998282 181.404523
1839 555.500563 70.700966 56.995752 181.411195
1840 555.500532 70.719534 56.995752 181.411195
1841 555.497793 70.726895 56.993213 181.406202
1842 555.499143 70.746013 56.995407 181.411031
1843 555.499222 70.760683 56.995004 181.410520
1844 555.493663 70.742521 56.989786 181.404903
1845 555.497066 70.590209 56.985646 181.413618
1846 555.501278 70.604207 56.994991 181.409707
1847 555.501627 70.623520 56.995752 181.411195
1848 555.501596 70.642089 56.995752 181.411195
1849 555.501565 70.660657 56.995752 181.411195
1850 555.501533 70.679225 56.995752 181.411195
1851 555.501502 70.697794 56.995752 181.411195
1852 555.498924 70.705821 56.993363 181.406504
1853 555.496608 70.712342 56.992490 181.404782
1854 555.498208 70.734117 56.995752 181.411195
1855 555.498177 70.752686 56.995752 181.411195
1856 555.498145 70.771254 56.995752 181.411195
1857 555.497810 70.788568 56.995469 181.410633
1858 555.497354 70.805081 56.995225 181.410157
1859 555.497587 70.824168 56.995752 181.411195
1860 555.497556 70.842737 56.995752 181.411195
1861 555.497524 70.861305 56.995752 181.411195
1862 555.497656 70.878800 56.995578 181.411230
1863 555.498117 70.894669 56.995325 181.411282
1864 555.498299 70.913194 56.995752 181.411195
1865 555.497392 70.928136 56.994931 181.409577
1866 555.496470 70.927634 56.995379 181.407067
1867 555.496625 70.948267 56.995752 181.411195
1868 555.496593 70.966835 56.995752 181.411195
1869 555.496562 70.985403 56.995752 181.411195
1870 555.505443 70.927258 56.987900 181.437471
1871 555.509338 70.932688 56.995752 181.411195
1872 555.508989 70.949941 56.995456 181.410607
1873 555.508559 70.966536 56.995238 181.410191
1874 555.508785 70.985607 56.995752 181.411195
1875 555.508754 71.004175 56.995752 181.411195
1876 555.508722 71.022744 56.995752 181.411195
1877 555.502225 71.019104 56.997994 181.398369
1878 555.495925 71.029321 56.997345 181.401467
1879 555.506135 70.533850 56.978832 181.439418
1880 555.514563 70.538307 56.995752 181.411195
1881 555.514532 70.556875 56.995752 181.411195
1882 555.513460 70.571143 56.994776 181.409283
1883 555.512378 70.584306 56.994311 181.408348
1884 555.513067 70.604298 56.995752 181.411195
1885 555.513036 70.622867 56.995752 181.411195
1886 555.513005 70.641435 56.995752 181.411195
1887 555.512973 70.660004 56.995752 181.411195
1888 555.512942 70.678572 56.995752 181.411195
1889 555.512911 70.697140 56.995752 181.411195
1890 555.512879 70.715709 56.995752 181.411195
1891 555.512848 70.734277 56.995752 181.411195
1892 555.512817 70.752846 56.995752 181.411195
1893 555.512786 70.771414 56.995752 181.411195
1894 555.508955 70.774214 56.992545 181.404825
1895 555.506899 70.779870 56.992705 181.404635
1896 555.505099 70.788113 56.992672 181.405137
1897 555.506608 70.809711 56.995752 181.411195
1898 555.506577 70.828279 56.995752 181.411195
1899 555.504673 70.839093 56.993993 181.407733
1900 555.503031 70.849094 56.993414 181.406591
1901 555.502133 70.861543 56.993847 181.407448
1902 555.499053 70.861560 56.994953 181.404912
1903 555.495923 70.866074 56.994684 181.405146
1904 555.503175 70.417299 56.984894 181.425847
1905 555.508573 70.428541 56.995752 181.411195
1906 555.508542 70.447109 56.995752 181.411195
1907 555.508510 70.465678 56.995752 181.411195
1908 555.508479 70.484246 56.995752 181.411195
1909 555.508448 70.502815 56.995752 181.411195
1910 555.508417 70.521383 56.995752 181.411195
1911 555.508385 70.539951 56.995752 181.411195
1912 555.508354 70.558520 56.995752 181.411195
1913 555.508323 70.577088 56.995752 181.411195
1914 555.508292 70.595657 56.995752 181.411195
1915 555.508260 70.614225 56.995752 181.411195
1916 555.508229 70.632794 56.995752 181.411195
1917 555.508198 70.651362 56.995752 181.411195
1918 555.508167 70.669930 56.995752 181.411195
1919 555.508135 70.688499 56.995752 181.411195
1920 555.508104 70.707067 56.995752 181.411195
1921 555.508073 70.725636 56.995752 181.411195
1922 555.508042 70.744204 56.995752 181.411195
1923 555.508010 70.762773 56.995752 181.411195
1924 555.507979 70.781341 56.995752 181.411195
1925 555.507948 70.799909 56.995752 181.411195
1926 555.507916 70.818478 56.995752 181.411195
1927 555.501843 70.814821 56.991737 181.404843
1928 555.498299 70.816003 56.991928 181.404947
1929 555.500180 70.837695 56.995752 181.411195
1930 555.500149 70.856264 56.995752 181.411195
1931 555.500117 70.874832 56.995752 181.411195
1932 555.499586 70.891341 56.995284 181.410278
1933 555.499049 70.907304 56.995056 181.409828
1934 555.497428 70.918162 56.994064 181.408131
1935 555.497493 70.935163 56.995048 181.409828
1936 555.520406 70.032372 56.967295 181.442733
1937 555.534603 70.035172 56.995752 181.411195
1938 555.534572 70.053741 56.995752 181.411195
1939 555.534288 70.071262 56.995515 181.410719
1940 555.534375 70.090068 56.995752 181.411195
1941 555.533759 70.106222 56.995205 181.410131
1942 555.534001 70.125323 56.995752 181.411195
1943 555.533970 70.143891 56.995752 181.411195
1944 555.533938 70.162460 56.995752 181.411195
1945 555.533907 70.181028 56.995752 181.411195
1946 555.533876 70.199597 56.995752 181.411195
1947 555.533845 70.218165 56.995752 181.411195
1948 555.533813 70.236733 56.995752 181.411195
1949 555.533782 70.255302 56.995752 181.411195
1950 555.533751 70.273870 56.995752 181.411195
1951 555.533720 70.292439 56.995752 181.411195
1952 555.533688 70.311007 56.995752 181.411195
1953 555.533657 70.329576 56.995752 181.411195
1954 555.533626 70.348144 56.995752 181.411195
1955 555.533595 70.366712 56.995752 181.411195
1956 555.533563 70.385281 56.995752 181.411195
1957 555.533532 70.403849 56.995752 181.411195
1958 555.533501 70.422418 56.995752 181.411195
1959 555.533469 70.440986 56.995752 181.411195
1960 555.533438 70.459555 56.995752 181.411195
1961 555.533407 70.478123 56.995752 181.411195
1962 555.533376 70.496691 56.995752 181.411195
1963 555.533344 70.515260 56.995752 181.411195
1964 555.533313 70.533828 56.995752 181.411195
1965 555.533282 70.552397 56.995752 181.411195
1966 555.533251 70.570965 56.995752 181.411195
1967 555.533219 70.589534 56.995752 181.411195
1968 555.533188 70.608102 56.995752 181.411195
1969 555.533157 70.626670 56.995752 181.411195
1970 555.533126 70.645239 56.995752 181.411195
1971 555.532893 70.662976 56.995562 181.410832
1972 555.532957 70.681727 56.995752 181.411195
1973 555.532926 70.700295 56.995752 181.411195
1974 555.532895 70.718864 56.995752 181.411195
1975 555.513465 70.615558 56.988253 181.408391
1976 555.506292 70.581325 56.988753 181.405976
1977 555.509761 70.602503 56.995752 181.411195
1978 555.509729 70.621071 56.995752 181.411195
1979 555.509698 70.639639 56.995752 181.411195
1980 555.509667 70.658208 56.995752 181.411195
1981 555.509636 70.676776 56.995752 181.411195
1982 555.509604 70.695345 56.995752 181.411195
1983 555.509573 70.713913 56.995752 181.411195
1984 555.509542 70.732482 56.995752 181.411195
1985 555.509511 70.751050 56.995752 181.411195
1986 555.509479 70.769618 56.995752 181.411195
1987 555.509448 70.788187 56.995752 181.411195
1988 555.509417 70.806755 56.995752 181.411195
1989 555.509386 70.825324 56.995752 181.411195
1990 555.509354 70.843892 56.995752 181.411195
1991 555.509323 70.862461 56.995752 181.411195
1992 555.509292 70.881029 56.995752 181.411195
1993 555.509261 70.899597 56.995752 181.411195
1994 555.509229 70.918166 56.995752 181.411195
1995 555.509198 70.936734 56.995752 181.411195
1996 555.509167 70.955303 56.995752 181.411195
1997 555.509135 70.973871 56.995752 181.411195
1998 555.509104 70.992440 56.995752 181.411195
