5 265.266836 126.626360 97.002647 213.855134
6 263.125606 130.010042 101.201649 212.544895
7 259.172426 131.705634 106.835125 212.059090
8 255.220414 131.733860 112.090882 212.894865
9 251.838436 129.648974 116.075175 214.039237
10 250.460097 129.264531 118.309847 215.723298
11 248.048642 127.774647 120.319643 217.600365
12 246.773828 126.451694 121.445716 219.378529
13 245.874190 124.640744 122.271988 220.547882
14 245.993354 123.939692 123.110324 222.256110
15 246.307967 123.089392 123.880137 223.981613
16 247.430112 122.188316 124.684931 226.839499
17 248.398657 121.071399 125.527817 229.202217
18 249.666006 120.286916 126.765096 232.710283
19 250.464527 119.867693 127.474287 235.605933
20 251.938846 119.434595 128.117859 239.333661
21 253.111464 118.105525 129.448962 244.261319
22 253.946673 114.999576 129.980363 249.301821
23 255.075092 111.852534 130.663826 254.421123
24 255.671044 108.185922 131.569862 259.230748
25 255.364553 103.064006 132.897277 265.001694
26 254.605542 98.552141 133.897409 272.500071
27 253.416498 99.246646 134.760198 281.897059
28 249.396486 97.892898 134.967073 294.846569
29 245.107618 98.279095 135.252471 310.512148
30 242.050438 101.740622 136.174679 330.160141
31 239.745629 102.056783 137.192513 344.488718
32 237.020703 99.972461 137.760890 355.524466
33 234.009109 98.544873 137.874585 362.719849
34 231.234191 97.643593 137.826351 367.293406
35 226.495748 96.318721 138.300577 369.564177
36 222.858634 94.359842 138.230588 372.597575
37 221.718684 95.220027 138.665323 373.633005
38 220.808854 95.929779 139.184041 374.177535
39 220.331280 96.082173 139.737532 375.173319
40 220.393707 95.513458 140.504945 376.994067
41 220.491411 94.598082 141.602336 377.791966
42 221.529024 92.852196 142.457665 379.747452
43 221.933684 92.448592 142.537712 379.828206
44 223.202755 92.640109 142.894909 379.744021
45 224.618209 93.667530 142.944045 379.175114
46 226.033022 95.205375 142.895120 378.752202
47 227.904465 97.713277 142.973352 377.792204
48 230.137830 100.042005 142.846591 376.963919
49 232.781693 100.900153 142.983840 377.759141
50 235.370712 100.981145 142.833438 378.101045
51 238.761473 100.710591 142.841320 378.623974
52 241.579170 99.058067 142.384081 378.572160
53 244.242346 98.510210 141.947015 379.527489
54 246.913544 95.790363 141.516422 381.267916
55 248.659144 93.296530 141.440566 382.043921
56 250.404652 92.262758 141.041720 382.588933
57 251.684884 90.673326 140.783112 382.074237
58 252.072995 88.422553 140.215312 379.685901
59 252.565217 88.143531 139.824885 377.347368
60 253.001154 89.274574 139.232185 374.906833
61 253.756872 91.218606 138.885865 373.505741
62 254.912901 94.791776 138.570629 372.852847
63 256.072088 97.711917 138.757831 372.000834
64 257.087759 99.032311 138.998886 369.266394
65 258.359069 97.144232 138.729457 367.591918
66 260.249909 94.815890 139.013455 365.887215
67 262.002093 90.024975 139.992306 359.665134
68 263.087861 84.805743 139.789661 352.726776
69 264.466724 85.210545 139.363770 353.420725
70 266.043924 85.296588 138.936227 355.132977
71 267.585903 85.584537 138.208904 358.376290
72 267.874901 85.021396 137.880850 359.031181
73 267.512438 83.622282 137.417586 359.741844
74 265.476451 80.864565 136.472149 357.893852
75 262.400746 76.881273 135.369189 355.353160
76 258.747363 75.825770 134.854002 351.794270
77 255.913103 76.980597 134.348693 349.336206
78 250.785010 82.053915 133.594554 346.189590
79 246.031108 88.319635 133.256907 342.651667
80 244.590551 89.328538 132.816768 341.408200
81 241.620693 91.963365 132.154043 338.696907
82 239.244612 94.041123 131.667288 337.582268
83 237.726620 94.972792 131.229804 336.943476
84 236.900897 94.649970 130.617522 337.006685
85 236.748007 94.241970 129.980879 339.047994
86 236.744079 93.222307 128.925721 340.638335
87 236.549909 91.498913 127.830989 341.479252
88 236.452401 88.474180 126.727252 341.610145
89 235.731693 84.125436 125.750549 341.793527
90 235.042519 80.728278 124.871994 342.007192
91 233.269250 79.606219 123.699182 338.655263
92 231.956069 79.919706 122.757938 337.361926
93 230.666996 80.059248 121.838506 335.699213
94 229.394828 81.358687 121.009905 333.930441
95 228.099631 82.944217 120.459729 330.703753
96 228.954167 85.203942 120.113572 331.665630
97 230.389918 88.405422 120.312247 330.511443
98 232.846055 91.666064 120.373935 331.749691
99 240.176245 96.385674 119.731568 334.475983
100 243.146015 95.466477 119.884157 337.355405
101 246.035565 95.071732 120.386873 338.026684
102 249.484489 91.823239 121.047629 340.022994
103 250.993313 90.354348 121.344107 341.076925
104 251.649806 88.629459 121.793526 341.314232
105 252.246494 87.574990 122.278474 339.899105
106 251.639729 86.945584 122.073098 337.644459
107 251.635809 87.233354 122.061643 336.283900
108 251.568918 87.787406 121.982920 335.526804
109 251.495950 90.107021 121.475857 333.407684
