64 749.026970 264.724315 103.539509 121.676426
65 748.943680 263.902041 104.069388 126.361501
66 738.347170 260.006186 106.980148 132.832238
67 717.255439 251.335901 109.268062 140.410537
68 710.737035 247.159681 109.906504 145.964123
69 706.842061 243.608544 111.642936 150.424572
70 700.520920 246.539968 112.684651 150.770077
71 691.207240 242.587038 114.173671 151.002779
72 676.991951 238.226785 116.437645 150.635595
73 674.560412 238.070785 118.243290 152.679305
74 663.759999 236.899283 120.745229 153.537256
75 659.997110 239.660250 122.248731 153.739335
76 656.039854 243.014846 123.282302 153.388216
77 653.516948 245.156437 123.949715 154.415056
78 651.865551 243.001934 124.440532 156.609203
79 641.918713 237.024304 127.068319 164.563887
80 629.381398 236.243022 130.202980 171.418184
81 624.337100 238.886362 133.286605 176.210740
82 615.385445 246.128766 134.497753 182.323514
83 608.735952 250.357109 137.105519 185.286461
84 596.697930 250.105722 139.133292 189.009252
85 599.915152 248.265771 140.801453 195.260184
86 593.902845 252.379025 142.614619 201.026432
87 597.036308 244.376546 146.184925 208.311974
88 587.773753 241.069104 148.927553 216.765208
89 584.864083 244.913518 153.009053 221.928989
90 579.649400 245.908138 156.436483 226.098668
91 580.188109 251.731602 158.785115 231.477757
92 573.605965 257.327363 161.556022 237.942817
93 569.123906 259.932615 163.161472 244.207661
94 567.756935 264.918367 164.310744 251.595839
95 570.645312 254.215947 165.279918 257.498970
96 568.503129 262.871457 166.564166 261.947281
97 575.455277 254.764887 167.369420 266.912175
98 573.773143 253.110920 172.113041 269.186517
99 581.233972 253.144500 174.841791 270.184020
100 585.236881 242.087085 181.043746 272.580390
101 582.937148 251.160337 185.517818 275.192681
102 581.996334 254.337578 190.221051 277.971070
103 579.298926 251.739668 194.248599 278.589073
104 567.218675 245.016947 200.342395 280.313201
105 577.530190 235.063597 202.511853 279.391818
106 576.616018 235.610250 205.418264 281.513267
107 578.176388 227.368035 210.336053 285.516179
108 579.680283 221.673728 213.990734 286.180029
109 586.811987 204.218765 219.732203 289.955852
110 583.332063 198.866368 228.828421 291.855174
111 585.406066 220.956715 232.657117 296.848185
112 598.376580 204.034336 239.586745 300.295017
113 582.487000 231.655574 245.291817 298.362134
114 576.165581 214.523927 251.041565 300.583200
115 574.811674 229.242963 255.492384 304.411474
116 571.069736 217.627972 258.265974 308.092723
117 542.394149 252.983160 266.038439 310.794135
118 502.106993 248.580567 277.492716 310.818886
119 498.342122 255.043893 280.966368 317.876917
120 465.910889 254.789459 284.881304 318.215199
121 459.011006 245.117531 285.490159 321.308444
122 468.126419 234.758525 287.518490 325.199420
123 467.753244 222.420408 288.410545 328.110315
124 465.850552 224.654168 287.765293 327.595696
125 470.057236 224.005600 287.454391 329.977633
126 453.565261 230.554291 286.797780 331.257041
127 472.654239 226.666856 286.906557 336.859794
128 469.717923 245.993675 287.816940 343.731380
129 501.507317 219.564842 289.683545 348.404160
130 510.842889 215.815418 296.223403 357.220194
131 491.245658 226.546134 303.509094 368.407273
132 504.649979 173.634188 309.727832 382.909080
133 505.060490 163.884690 311.496924 398.286491
134 508.504292 177.597152 313.991463 403.223773
135 502.540343 155.607694 318.062704 406.722513
136 494.552522 173.312542 322.380042 406.080328
137 478.886853 192.977972 330.124519 407.774829
138 484.507512 193.023886 334.724294 416.338569
139 484.316076 186.992465 339.918600 419.177661
140 492.075562 186.174412 342.853102 419.386041
141 490.251526 192.814164 348.834192 412.777045
142 468.844329 202.093498 355.144434 405.067075
143 461.695308 215.827194 364.562949 401.827059
144 465.353200 214.819372 372.435000 393.956423
145 454.136944 212.848289 380.010562 394.426943
146 451.040074 208.775957 386.859714 393.670387
147 456.228618 219.765077 393.928108 388.409325
148 450.625699 224.694785 397.098660 386.664346
149 441.060861 229.476289 401.495713 383.526092
150 447.295912 240.240672 406.677443 377.336206
151 454.668331 248.233276 408.764645 369.002509
152 437.004789 258.308494 414.759130 359.758452
153 450.951044 252.024479 415.219991 358.681332
154 444.543386 260.987560 418.406268 349.496656
155 451.260742 262.607831 422.710958 341.690316
156 454.881195 252.442654 428.729792 340.509464
157 447.235044 256.034715 429.066565 335.188493
158 428.872062 253.906994 432.486396 337.622536
159 428.457945 259.828610 438.074370 330.379644
160 424.921699 259.638606 440.717830 327.838998
161 417.395534 262.081209 443.348255 325.185332
162 334.703651 271.312691 452.602310 321.253022
163 377.492599 269.829272 471.237620 322.859416
164 258.070611 261.962195 489.943341 322.045794
165 160.947150 291.669321 497.891664 319.664082
166 135.231460 295.316146 510.340315 317.468796
167 134.719170 291.409038 513.779256 318.679176
168 134.283398 289.274398 515.901907 317.994242
169 131.600476 288.198127 518.206607 316.748957
170 127.404277 286.667961 519.445026 315.575765
171 127.866259 288.353644 518.332114 313.990645
172 129.938408 287.062211 517.290007 312.589768
173 123.946107 285.688560 517.099676 310.212636
174 123.914336 286.575656 517.139701 309.246112
175 125.583751 287.099194 517.667503 309.043222
176 123.051531 285.328480 518.835384 308.968974
177 124.020208 291.741921 516.446517 308.832427
178 129.471974 293.915278 515.489512 310.706361
179 128.022419 295.915979 513.558547 312.176405
180 134.679542 297.348444 513.437778 314.711168
181 139.840947 296.400383 512.397879 316.875879
182 146.285379 292.539108 512.559360 318.695729
183 148.602217 295.403171 514.881402 321.963336
184 154.805240 297.703959 515.577804 324.219935
185 147.708319 304.062660 519.605341 326.515700
186 161.934390 297.951335 519.214651 325.909767
187 178.242005 301.642957 518.693062 326.325930
188 189.539158 297.043102 516.954269 325.641244
189 196.474407 297.926711 517.574773 324.140909
190 189.246565 293.317652 520.673916 321.133553
191 209.165007 290.164447 521.732751 320.412897
192 247.933788 277.618763 526.484295 319.736220
193 247.804389 271.006055 536.654588 314.077209
194 302.137955 270.566181 547.044117 311.948881
195 400.619255 264.945144 582.500206 310.530121
196 485.900586 232.908720 616.524435 312.599554
197 506.241108 190.824842 610.393548 329.690198
198 515.087196 181.279611 608.148101 342.696196
199 524.587087 185.251981 605.360489 358.805168
200 538.947801 171.862863 598.996183 368.416656
201 566.763974 160.426478 588.577127 379.994293
202 570.633265 148.096697 586.922697 388.306810
203 580.947730 145.648144 582.570529 391.280343
204 592.342467 142.898082 573.073817 394.358882
205 600.775813 139.677994 565.724347 398.426091
206 591.407229 142.213041 564.179620 402.401160
207 593.783103 133.374804 561.884915 407.156090
208 601.185482 137.113301 557.425887 407.814162
209 592.553444 129.957595 556.887459 411.967663
210 599.176792 133.830016 552.072408 413.882882
211 598.360857 137.296039 550.877554 415.216405
212 594.196976 137.345491 549.988225 417.493047
213 598.344873 136.876611 547.204854 417.875126
214 593.712468 136.888920 547.629255 418.952441
215 605.971023 132.066917 543.341397 420.085325
216 612.698218 138.613981 538.253130 418.412851
217 613.282978 138.482464 533.449252 418.497007
218 607.941101 134.457393 529.612041 420.863226
219 573.117887 131.113297 537.492600 423.269983
220 587.725816 129.951213 537.773062 423.049370
221 600.080938 131.691668 533.838486 421.820965
222 596.405276 124.212640 536.644547 425.169157
223 579.062400 124.041257 541.297942 425.562978
224 577.782691 116.430000 543.302235 429.074108
225 580.596492 113.982513 543.626263 431.079041
226 577.768439 108.892511 543.950169 431.398131
227 570.991798 112.171437 543.105902 429.562547
228 574.956089 109.570536 542.115018 429.989215
229 569.607617 109.420426 543.587508 426.143485
230 566.220766 108.312972 544.765176 425.082300
231 569.596403 111.800916 544.063614 423.448821
232 558.845676 112.953920 544.011933 422.522305
233 555.636812 116.359228 544.586589 424.589917
234 555.773091 116.806545 543.754985 427.049640
235 550.241029 118.367621 544.698329 428.621897
236 550.636616 109.015725 544.525934 432.438175
237 553.121994 106.535659 543.116781 432.997535
238 550.655493 108.509305 541.673330 430.990629
