2 778.623725 310.382691 199.009461 335.495332
3 778.955953 310.606660 199.493902 335.346356
4 779.047310 310.844437 199.484979 335.374177
5 779.153488 311.118888 199.486834 335.365762
6 779.343422 311.563286 199.505613 335.283661
7 780.029440 312.422764 200.012779 335.125793
8 781.615318 312.649798 200.484607 335.087351
9 782.504376 312.923234 200.531483 334.899359
10 783.365801 313.070086 200.981406 334.502712
11 784.069221 313.932309 201.036977 334.359010
12 784.725832 314.086016 201.428082 334.248130
13 785.212918 314.333156 201.428937 334.286985
14 787.038797 314.855310 201.393694 334.060524
15 788.363431 315.830657 201.504554 334.030251
16 788.998345 316.504019 201.970140 334.244207
17 789.177310 317.134618 201.978270 334.273140
18 789.212140 317.568855 201.985899 334.316971
19 789.263835 317.998370 201.992747 334.316621
20 789.553622 318.902658 202.014111 334.166960
21 790.778220 319.993876 202.532666 334.015816
22 793.085492 321.214082 203.087951 333.697051
23 793.563888 321.449934 203.433986 333.840832
24 793.931195 321.619630 203.429270 333.810190
25 794.059026 321.712863 203.437518 333.881269
26 794.124084 321.774490 203.448212 333.912947
27 794.164883 321.818494 203.454451 333.917724
28 794.250236 321.846143 203.439071 333.888723
29 794.334439 321.870518 203.437664 333.901718
30 794.492686 321.829738 203.414239 333.881667
31 794.830654 321.698394 203.380490 333.859402
32 795.213288 321.554005 203.398810 333.849591
33 795.740593 321.468736 203.403342 333.797958
34 796.290455 321.276743 203.380655 333.854560
35 796.804257 321.025807 203.343364 333.908360
36 797.294844 320.783695 203.342238 333.911338
37 798.069204 320.553073 203.331991 333.810126
38 798.719309 320.165155 203.318668 333.947857
39 799.289771 319.703147 203.317290 333.994649
40 799.998374 319.500070 203.338726 333.823456
41 800.702509 319.393196 203.329177 333.838268
42 801.149507 319.195749 203.350729 333.914523
43 801.977639 318.835487 203.329886 333.889598
44 802.478536 318.715880 203.402711 333.812292
45 802.855959 318.743066 203.400829 333.815700
46 803.151037 318.691099 203.395288 333.867763
47 803.561030 318.497569 203.384158 333.845339
48 804.335380 318.232833 203.283793 333.880138
49 804.919874 318.009657 203.320813 333.896033
50 805.345456 317.893729 203.351855 333.874739
51 805.803094 317.838218 203.352311 333.853446
52 806.014614 317.884978 203.420682 333.874134
53 806.255012 317.973903 203.418616 333.848126
54 808.603850 318.412817 203.360462 332.935816
55 810.315814 319.078468 203.327343 331.985225
56 811.839639 319.646241 203.239127 330.995397
57 813.631474 319.893152 203.237109 330.064586
58 814.768284 319.832752 203.294428 330.149147
59 816.779920 320.268871 203.127332 329.877690
60 820.332038 320.039437 202.834195 329.759638
61 823.451841 316.063996 201.987706 331.648197
62 833.584013 307.797339 200.260383 334.491339
63 845.399764 302.073122 197.733989 339.300820
64 850.552616 301.534881 196.567913 341.414790
65 865.533834 302.215493 193.219208 342.964582
66 878.532919 302.308470 191.354068 341.987659
67 882.201039 303.338592 191.134670 341.712444
68 882.937078 303.509931 191.426026 341.825408
69 883.636422 305.948881 191.467638 341.431607
70 884.347788 307.543751 191.614956 340.972220
71 887.573333 311.377296 192.413388 339.143173
72 889.768986 313.334969 192.497586 338.232366
73 893.942284 316.700428 192.979976 335.562156
74 896.730991 318.773625 193.675930 333.706954
75 898.067534 320.088569 194.245577 332.846199
76 899.532655 320.781991 194.743372 332.166830
77 907.233357 323.746638 195.891672 328.365344
78 910.791854 325.328700 196.117451 326.545324
79 915.928825 326.125182 196.816654 324.750475
80 916.995648 326.646224 196.774223 324.685391
81 917.362176 327.138175 196.928956 324.831731
82 918.120449 328.328562 196.957841 324.531829
83 918.596850 329.369773 196.961627 324.659247
84 918.641963 329.688953 196.991038 324.866290
85 918.649619 329.805756 196.966821 324.902755
86 918.663249 329.850380 196.960500 324.925086
87 918.724313 329.630955 196.926034 324.927504
88 918.775405 329.619177 196.953069 324.937066
89 919.639052 329.354167 196.788276 324.967719
90 921.258717 328.986349 196.827128 325.019248
91 921.726734 329.352073 197.031309 325.304124
92 922.728486 329.894720 197.666417 325.281308
93 928.708691 331.862805 198.237186 325.020306
94 934.147189 333.388694 199.057558 324.883690
95 943.192501 334.574984 199.424886 325.557435
96 947.835548 336.082265 199.593997 325.942422
97 948.713665 336.312500 200.271788 325.753567
98 948.841740 336.405078 200.452493 325.931587
99 948.881153 336.350165 200.443803 325.954376
100 948.906317 336.119875 200.450065 326.013400
101 948.928272 336.359159 200.459798 326.424741
102 948.945362 336.392772 200.459798 326.424741
103 948.962452 336.426385 200.459798 326.424741
104 948.978509 336.486200 200.461805 326.419992
105 949.274356 335.980239 200.308549 326.906873
106 949.386306 335.992515 200.451518 326.932281
107 949.442661 336.063531 200.448535 326.960379
108 949.590558 336.450999 200.422196 326.975223
109 949.896688 338.141475 200.385684 327.127126
110 949.966322 338.342061 200.454826 327.440314
111 950.098789 338.380493 200.323024 328.076371
112 950.416789 338.926297 200.178516 329.837119
113 950.672238 339.214158 200.251884 331.385302
114 950.937850 340.370294 200.048262 333.970563
115 951.336756 347.638212 199.774552 337.933126
116 951.385164 349.276025 199.658279 339.031962
117 951.390419 350.013607 199.837351 339.522891
118 951.401944 350.383775 199.947805 339.921045
119 951.259622 350.425181 199.869633 339.860881
120 950.872116 350.581542 199.611721 340.006777
121 950.528574 350.916236 199.545059 340.462316
122 950.437708 351.012525 199.720917 340.461910
123 950.469522 351.072275 199.909840 340.416075
124 950.490608 351.143349 199.961948 340.460335
125 950.475711 351.247400 199.954138 340.561195
126 950.495638 351.462607 199.959898 340.921398
127 950.512685 351.497713 199.959898 340.921398
128 950.525174 351.529615 199.954042 340.971886
129 950.247831 351.275803 199.955568 340.940325
130 949.769530 351.209965 199.941549 340.900000
131 948.925457 351.131591 199.947071 340.939203
132 948.142147 351.178299 200.056353 340.915041
133 948.082889 351.178469 200.516368 340.873366
134 948.225104 351.209022 200.966359 340.904537
135 948.048568 351.174770 200.956007 340.936846
136 948.033090 351.203778 200.961681 340.905724
137 947.918259 351.146152 200.937145 340.939594
138 947.845810 351.151380 200.961605 340.904195
139 946.203605 349.388585 200.869652 341.416032
140 945.513727 346.759881 200.888025 342.194170
141 944.114933 343.131001 200.880463 343.496983
142 943.463700 341.682576 201.107604 343.858348
143 943.436745 340.990883 201.859397 343.859884
144 942.519563 339.714222 202.361397 343.527932
145 943.144709 338.021273 203.069151 343.480051
146 943.744893 336.779143 204.413762 341.020395
147 943.533551 340.255079 205.745292 336.439799
148 943.743731 343.080286 207.729823 332.114425
149 943.890374 349.000395 211.342190 324.311152
150 948.567331 355.446110 215.161307 318.672297
151 959.026299 358.866385 219.172472 313.151847
152 974.794345 355.009176 222.202826 309.221880
153 995.552249 349.198386 228.450441 303.547375
154 998.186392 354.438335 233.717540 299.792188
155 1005.654159 372.901024 242.651704 294.213753
156 1013.669825 402.127601 249.771376 288.247054
157 1016.892424 416.844458 256.164718 282.669999
158 1016.603976 426.750188 259.274451 277.810342
159 1016.083081 428.711989 260.407256 276.503535
160 1014.752493 430.797719 262.668838 275.296593
161 1011.117392 433.231255 267.546159 272.815311
162 1005.950452 436.756954 271.720138 268.092657
163 999.519225 443.665009 275.025920 260.738493
164 998.381414 445.853144 276.256105 258.030964
165 994.119301 446.615485 278.266532 254.576299
166 990.279006 446.692038 280.357687 249.112164
167 985.781233 446.937827 281.894066 243.120996
168 980.869746 447.150040 282.693479 235.936744
169 980.403664 446.927838 282.130145 234.495786
170 978.864967 446.537485 279.930959 233.819832
171 976.377001 443.728467 270.570278 234.535148
172 971.906447 436.982795 252.872719 239.247992
173 966.757037 421.144602 229.125806 255.491947
174 959.860463 401.516260 221.660949 268.469675
175 952.728856 409.928961 218.178288 258.959863
176 949.443705 417.649701 215.753684 252.445737
177 946.347275 423.341404 215.486983 245.262384
178 937.049348 424.287395 216.022989 241.056889
179 929.306180 426.801249 217.415015 236.084781
180 924.342988 429.413191 216.441328 233.246562
181 913.257326 437.711183 213.073158 224.160443
182 904.307914 443.639178 205.817163 216.343458
183 892.535781 452.000271 199.407053 207.512845
184 885.704569 455.383815 197.265829 204.838530
185 879.727333 458.124108 196.798705 202.027970
186 869.354672 459.944684 195.369330 198.888577
187 860.649162 463.602015 193.194414 194.044766
188 859.660158 464.513960 192.770049 193.653407
189 859.134239 464.670744 192.482002 193.742397
190 857.132580 463.383346 192.401352 193.687125
191 851.020120 460.486489 192.481559 194.144338
192 845.642724 458.678672 192.310690 194.688921
193 839.420789 459.273241 193.517762 194.197648
194 836.224194 459.785881 193.879936 194.082426
195 828.673474 459.122422 193.488726 194.169309
196 823.225860 459.554511 192.369228 193.218257
197 817.702450 460.740382 189.212537 191.272789
198 816.692629 461.115265 189.218066 190.125656
199 815.440235 461.789544 189.367947 188.187859
200 815.149996 461.967798 189.609960 187.713427
201 813.709395 460.892409 189.424623 187.845631
202 813.635606 460.773665 189.420546 188.016674
203 813.480813 459.997681 189.282927 188.910302
204 813.434138 458.337517 189.140609 190.055052
205 813.620041 458.219641 189.383841 190.674263
206 813.714256 458.139993 189.425516 191.086049
207 813.767934 458.337372 189.471220 191.452197
208 813.848929 458.215399 189.464280 191.521030
209 814.858253 454.191072 189.904572 191.928259
210 815.010645 454.189717 190.036240 191.881860
211 815.305530 454.146623 190.532447 191.845230
212 815.692342 454.136163 191.085930 191.861087
213 815.991622 454.180635 191.539886 191.894266
214 816.218795 454.231140 191.961502 191.955743
215 816.283335 454.248956 191.984482 191.928745
216 816.310769 454.281599 191.971390 191.943274
217 816.601536 454.319300 192.040109 191.844232
218 817.020893 454.390080 192.503387 191.873822
219 818.169313 454.254902 193.209119 191.540533
220 819.169875 453.621815 193.861469 191.167520
221 820.437218 452.349854 194.676620 190.473956
222 821.803720 450.502679 195.848630 189.357764
223 823.653446 448.043952 197.183821 188.268493
224 825.815501 444.830841 198.332538 187.365505
225 829.580596 439.835527 198.839366 186.985928
226 829.739521 435.423896 198.184036 188.026927
227 831.143201 419.984696 195.582006 192.735487
228 831.113809 419.180009 195.842099 192.604227
229 830.354096 419.581051 196.038945 192.102684
230 827.766126 418.566744 195.828060 192.187818
231 821.654608 420.205033 196.774840 190.500302
232 820.051007 420.302238 196.398362 191.131168
233 819.234778 421.405076 197.031177 189.874276
234 817.336721 422.260788 197.825206 189.003954
235 811.061820 423.531495 199.671558 187.733865
236 804.152868 423.830316 200.275517 186.739245
237 791.908713 421.363865 198.817423 188.036593
238 773.087082 414.145513 191.146408 199.398969
239 758.529664 412.155806 188.535453 204.198165
240 755.023091 412.836533 189.368780 204.092024
241 743.860795 414.331010 195.861751 203.591938
242 728.354049 418.204489 209.419260 201.870606
243 719.567955 421.088534 216.705888 199.873952
244 718.495823 423.038898 217.906574 197.908020
245 717.739279 425.430164 218.398536 195.703952
246 712.266592 437.677324 220.372577 184.615721
247 708.721883 445.917228 222.575988 176.197523
248 709.435874 448.999778 222.857044 173.808280
249 711.358479 452.747697 221.941874 172.169556
250 717.726723 460.420641 216.079487 170.641791
251 724.965173 469.577639 208.069087 170.437616
252 726.268171 469.471985 205.436754 171.004666
253 726.195337 469.645513 205.289988 171.533676
254 725.560685 469.086466 204.890982 172.510615
255 724.823318 466.038020 203.752816 174.614970
256 722.224042 445.768926 200.221507 192.362138
257 720.337697 428.743481 194.693216 203.333449
258 720.301524 422.876613 192.493386 207.852576
259 714.612458 413.960120 188.394586 212.402437
260 714.277245 413.460231 188.142137 212.846886
261 711.002625 409.526625 187.522334 213.055658
262 706.846853 404.441277 188.250084 215.257649
263 695.428223 395.997807 183.954369 219.946130
264 693.329050 393.245368 180.246698 222.211967
265 692.692104 392.259544 179.389700 223.495586
266 692.745757 392.012871 179.229143 223.765101
267 692.623056 391.293944 179.241768 224.995996
268 690.895581 391.130250 178.198544 225.864272
269 688.515845 393.495237 177.103664 225.931418
270 683.642070 398.199371 175.780812 224.466426
271 680.218785 399.676822 175.901835 223.937313
272 677.084462 401.341399 176.570989 223.742072
273 672.271401 407.168972 177.138247 222.577505
274 671.068800 408.881154 176.526461 222.444146
275 671.105954 409.046635 176.521021 222.469306
276 670.893684 409.505517 176.701983 222.378955
277 671.040034 409.563303 176.964510 222.448713
278 668.883132 417.671349 178.703812 212.853462
279 662.881149 430.982416 182.211584 198.887005
280 654.430317 438.117885 190.883766 189.965258
281 642.710216 444.628327 199.185474 182.216454
282 619.610415 453.146731 204.996383 174.511596
283 596.082280 460.182093 202.238277 171.045237
284 584.434163 464.608442 195.464239 168.270391
285 581.772154 465.761475 193.495930 167.894730
286 579.790741 466.087169 192.548274 167.778419
287 571.337857 465.557643 193.207757 167.645752
288 570.883507 465.203471 193.048929 168.350555
289 570.521037 465.121805 192.863222 168.593717
290 562.392454 467.104371 190.251067 167.495163
291 560.010895 467.590428 189.460747 167.255829
292 559.984890 467.624329 189.369700 167.372200
293 558.154735 467.223720 187.493623 166.652593
294 527.992365 464.895248 188.914423 165.123238
295 512.754147 464.573213 188.274940 165.804713
296 497.831975 464.242739 186.124569 165.658541
297 485.019884 465.078671 184.470010 162.697718
298 482.347639 469.407984 183.906229 155.861055
299 482.406816 472.083635 184.942228 149.984817
300 483.498753 473.811982 186.572280 145.796778
301 483.712890 473.909743 186.984369 145.942753
302 483.717896 473.936570 186.962505 145.966347
303 484.012006 470.373210 183.693140 151.028274
304 484.519678 467.980215 180.799588 155.618349
305 481.851993 456.715638 172.075258 165.694463
306 479.810527 446.222127 164.554224 176.275201
307 477.646588 439.251001 160.013994 179.590622
308 475.416670 430.818428 154.629302 185.260426
309 474.399588 424.801618 149.264950 189.388716
310 473.428202 422.969490 148.203486 191.652020
311 471.859380 420.224431 147.141207 193.738385
312 470.141453 415.647134 145.582027 196.568616
313 468.796888 413.973191 145.113475 198.047134
314 467.845294 413.364186 144.356961 199.110260
315 466.830269 413.156641 143.370184 199.846022
316 466.748950 413.087480 143.394802 199.935465
317 466.121496 412.006390 143.146080 200.265598
318 464.712756 406.759596 143.083935 203.275122
319 462.000765 393.780286 142.946234 209.710880
320 461.010846 384.258557 142.792559 215.793617
321 461.022547 373.688136 142.027609 221.047802
322 461.044560 360.993546 141.167970 227.537344
323 460.382371 355.322624 140.667127 230.356210
324 459.239129 349.032081 140.542311 231.900134
325 457.703745 340.465736 141.101772 233.018071
326 456.632306 329.371938 141.650039 231.794961
327 454.933841 318.998187 142.083115 229.141385
328 452.137919 311.066806 141.585212 238.885662
329 446.655413 305.208829 140.358885 248.863295
330 443.790135 297.955094 142.493354 261.759464
331 445.406160 280.609112 151.673963 273.475493
332 448.118541 280.821943 153.566762 275.546654
333 445.048640 279.286003 155.706581 289.664076
334 443.883059 286.338069 155.803463 296.751325
335 443.658274 282.709077 156.628336 300.627004
336 443.064538 277.216345 157.072737 301.756220
337 438.084313 269.700824 157.408158 302.136689
338 425.294486 258.916704 157.793123 302.929470
339 422.148898 235.345964 158.155073 305.515180
340 419.264536 228.037652 157.558713 309.634089
341 417.310279 224.802045 157.182641 316.548582
342 415.667806 222.457126 156.183269 325.132887
343 414.514115 220.087983 155.985072 334.804233
344 415.206381 208.516539 155.634345 355.570321
345 415.477394 206.092790 155.541548 366.340567
346 416.407364 206.541374 155.942194 367.005740
347 420.171694 198.758151 156.267539 368.442446
348 417.786188 196.989299 158.966454 365.826715
349 417.286063 190.188956 162.409518 363.967809
350 417.632647 193.903367 164.072502 363.258393
351 418.281470 198.022433 165.145512 363.085377
352 420.433593 205.525789 166.657430 362.550514
353 430.293839 220.841012 169.003393 359.368411
354 431.047252 229.213723 171.031783 352.073546
355 432.931624 249.042229 172.646791 338.460642
356 433.851348 249.579499 172.986809 337.894989
357 434.078183 251.167851 172.983551 336.923233
358 436.312732 285.373083 172.680332 317.277014
359 440.385531 326.119329 171.788411 299.801256
360 445.817731 356.904431 172.164647 274.263096
361 446.136936 377.371375 173.017775 251.120814
362 447.278975 385.064095 170.776471 236.953560
363 448.257028 394.986496 167.871424 218.054540
364 449.889363 393.311404 163.305489 216.288111
365 450.975429 389.814500 157.805553 214.477622
366 451.571338 385.461089 156.051979 214.297523
367 451.617576 367.317423 153.301646 219.541049
368 450.692740 338.236614 149.335577 233.055361
369 450.456105 304.410621 143.691715 255.530336
370 449.034609 286.399701 142.008845 261.331055
371 441.362151 282.017673 141.920433 262.471233
372 430.474110 277.305659 142.206782 261.907684
373 425.426070 273.366020 142.509479 262.362638
374 415.081205 269.832503 143.031366 260.046059
375 404.930386 242.051108 146.302317 261.242713
376 401.034789 227.530503 149.894844 262.619393
377 399.250261 220.390874 150.889878 268.638351
378 399.251421 219.231760 150.975375 271.045906
379 399.203561 216.825927 151.021392 274.061832
380 399.477353 215.004473 151.485610 276.950753
381 399.545823 214.582627 151.638760 281.232417
382 399.681317 214.183822 151.940451 282.305700
383 399.688123 208.920650 152.123773 287.519757
384 399.709095 197.569399 152.985529 299.850568
385 403.056093 194.617625 151.698325 308.230634
386 413.291649 191.604704 151.174374 320.581482
387 428.102244 201.848412 149.811891 330.408292
388 442.352847 180.853563 148.318341 366.787452
389 459.594021 174.776345 146.310403 390.385358
390 476.025166 163.002429 145.124404 398.146281
391 494.739745 168.329333 145.260376 395.135418
392 513.963092 176.112066 144.234845 402.729827
393 520.714799 169.949221 144.103608 401.478838
394 524.734099 156.457093 143.488263 409.807097
395 528.523104 136.056594 146.373494 427.958536
396 533.609993 149.710618 148.555399 426.059833
397 538.136888 135.433620 151.360886 436.123172
398 539.270531 147.661754 153.341816 422.446239
399 537.918626 160.653811 156.876960 408.887561
400 536.805075 166.706643 160.211357 403.566467
401 538.321958 177.941543 162.388405 400.470101
402 535.691516 182.107602 167.061495 406.075159
403 537.075516 177.690774 168.277808 414.113947
404 536.996117 181.431442 168.503881 421.477800
405 536.851226 169.114832 169.949345 433.477229
406 536.447272 168.725326 169.820504 434.291943
407 536.516146 168.802027 169.871622 434.545809
408 536.705706 168.643998 169.869960 435.298131
409 536.249812 168.627375 169.835371 435.408525
410 536.064953 168.879488 169.485570 435.261562
411 534.213962 168.671700 168.648860 436.104942
412 528.337982 163.862165 168.965993 436.240970
413 523.676329 171.305200 168.716944 427.873329
414 519.026793 172.314373 167.892159 424.600596
415 507.530721 169.868181 167.337269 421.341637
416 506.579548 167.617181 167.487996 422.075767
417 505.713000 168.324979 167.230182 421.758694
418 504.668825 170.557934 166.625573 420.327617
419 504.879180 170.982867 166.691809 420.002414
420 505.118195 172.114485 166.681489 419.732708
421 504.892574 172.506221 166.731816 419.582574
422 503.373963 173.348033 166.615689 418.625095
423 500.591887 173.144966 165.683814 419.130266
424 498.869638 169.110873 165.313046 420.821319
425 496.737487 170.013887 165.655000 419.590184
426 496.785294 171.279995 165.473881 418.466841
427 497.195596 172.666149 164.871406 417.047729
428 497.591388 172.571309 164.031716 416.994398
429 497.525215 172.856007 164.010034 416.769603
430 491.212905 181.068930 163.227880 408.783528
431 480.808173 179.347155 162.057445 405.958290
432 471.291315 165.398441 161.333634 408.739304
433 471.844478 167.882991 161.580806 408.346857
434 472.448841 168.517747 161.808951 408.725993
435 472.239887 168.638778 161.499868 407.648916
436 471.760455 172.033473 161.010999 405.225937
437 470.192420 174.144588 161.431169 404.119292
438 470.110113 175.258551 161.507847 404.997883
439 469.757706 173.751871 162.754431 406.330185
440 469.986942 174.425182 163.129458 406.338148
441 464.382534 177.129132 165.950716 404.264412
442 463.157350 180.914204 166.194278 402.794935
443 463.070626 180.820535 166.484749 403.098811
444 462.757828 180.673533 166.706542 403.822199
445 462.737545 180.329932 167.103354 404.258237
446 462.902426 180.382804 167.466766 404.422308
447 461.736637 179.003418 168.206636 403.792340
448 458.197871 170.295447 171.302433 405.112008
449 447.110415 145.401485 179.125023 421.446635
450 435.203185 129.953968 190.736331 427.819570
451 423.814065 121.792239 206.351043 436.462234
452 417.133470 119.605989 215.474419 440.477857
453 413.540550 118.917353 220.878930 442.256411
454 411.363446 118.728154 225.901819 442.721698
455 408.450524 117.568418 229.250522 444.096140
456 406.789123 116.751718 231.193712 444.385608
457 408.464956 115.231233 231.746960 445.223336
458 410.048258 112.482799 231.595517 447.171364
459 408.922055 114.739011 232.909856 447.461890
460 408.410067 116.043816 233.641698 449.002804
461 410.512644 113.161317 235.870782 451.345496
462 411.054136 112.404356 237.165927 453.923197
463 413.862906 108.482766 238.485672 456.201145
464 411.950380 111.698467 240.319201 456.444231
465 413.552586 111.507565 241.687654 455.974421
