56 491.319648 88.842180 255.766235 263.807232
57 493.030403 88.995124 255.362085 262.854409
58 496.483339 88.970377 254.529633 260.975034
59 501.820292 90.556101 252.672774 260.684321
60 506.603988 90.760873 251.317594 261.791842
61 510.536890 92.341340 250.516847 261.017215
62 512.400596 95.137703 249.967085 261.505050
63 516.287362 97.136016 249.188006 261.162510
64 517.297701 98.429902 249.281010 260.481695
65 518.167218 99.805332 249.489899 260.428104
66 520.671656 106.210758 250.599386 259.371497
67 521.975576 109.945870 250.551907 258.178329
68 522.343498 112.206358 250.329171 257.742429
69 522.574041 112.520257 250.262753 257.796162
70 522.745604 112.687108 250.288960 257.805130
71 522.841926 114.785750 250.447682 257.229132
72 522.975732 115.164177 250.222810 257.310370
73 523.363531 115.388911 250.182353 257.186713
74 523.659659 116.383615 250.066703 257.099817
75 524.034683 117.082793 250.193509 256.862018
76 524.314209 117.295238 250.248109 256.807920
77 524.084427 120.549820 248.780658 254.256182
78 524.196236 120.883652 248.667074 254.076046
79 525.108362 121.736784 248.200076 253.789818
80 525.114579 121.901876 248.165077 253.508993
81 523.661730 122.584453 247.447820 252.392649
82 524.469483 123.089164 246.701177 251.328964
83 524.162749 123.208609 245.960779 249.431577
84 521.233084 125.119443 245.432634 247.498410
85 521.153835 124.934349 245.124238 247.244882
86 516.375753 124.650170 245.008392 242.351689
87 515.626342 125.048421 245.243970 242.203609
88 515.486199 124.876683 245.360964 242.204326
89 515.414609 124.943635 245.310779 242.287663
90 513.864945 123.649175 246.029244 243.309581
91 514.370948 122.158475 246.424868 246.126974
92 513.140536 120.156516 245.452433 246.276238
93 510.990040 121.643008 245.299739 246.734822
94 511.146103 121.582545 245.308882 247.162052
95 506.365393 112.641642 246.520267 242.684839
96 504.421900 116.310115 246.519651 237.789644
97 505.890460 116.811636 243.238428 214.497405
98 505.349190 116.111599 243.384064 214.360600
99 496.201540 126.365864 244.414330 202.890653
100 500.487792 140.526166 238.371982 188.086360
101 489.539290 152.876198 249.798372 177.948037
102 482.932328 174.915585 243.973815 162.759322
103 487.142521 174.417151 239.568341 153.941906
104 489.585200 172.856258 238.348881 152.935120
105 494.806777 174.120022 225.752763 148.811781
106 499.999142 168.432043 221.003564 150.615208
107 504.728159 160.451755 217.279912 150.228199
108 503.891727 158.023514 216.100758 151.122883
109 506.317285 139.682534 215.492321 158.862493
110 506.390600 125.609312 220.919448 161.444306
111 506.262277 125.508847 221.789778 161.332613
112 509.211958 118.641212 222.970674 160.972456
113 509.826348 116.386124 222.983327 159.116390
114 508.918080 113.886141 223.626184 162.947597
115 509.286696 113.750994 223.757986 162.988458
116 508.851129 111.627978 228.636902 163.059327
117 508.864844 111.910069 228.952107 163.384732
118 509.713371 112.680938 233.130939 170.167089
119 505.359412 106.815448 258.536456 233.923273
120 498.924832 147.588050 259.518086 233.256800
121 465.091545 170.719079 283.693346 225.959131
122 471.069998 179.280713 284.290195 220.659103
123 472.527432 179.630267 284.209226 220.602440
124 474.112025 181.185333 284.353636 220.713901
125 474.913987 181.669300 284.226251 220.680833
126 475.329697 181.761567 284.416406 220.763146
127 475.402221 181.943971 284.379792 220.807985
128 475.889641 181.660659 284.258159 220.931534
129 476.283795 181.466837 284.220852 220.970672
130 478.402501 174.656015 287.034824 219.232613
131 478.171558 174.906097 287.355644 219.571675
132 478.563665 174.962473 286.868245 220.470086
133 477.978892 175.224473 286.840594 220.149497
134 477.299517 175.538670 286.902055 221.030707
135 476.930816 176.345045 286.786784 221.910553
136 478.496009 172.812483 285.338490 221.702910
137 472.162873 178.543431 286.972662 226.838032
138 471.955238 178.846365 286.860835 227.136764
139 476.032375 165.986951 286.418652 226.852100
140 474.849631 166.783969 286.067385 226.914868
141 474.956170 166.915629 286.376815 226.819008
142 474.820232 165.214221 286.667502 227.816729
143 474.300098 165.673402 286.745578 227.943238
144 474.364727 165.699935 286.904682 227.871059
145 474.878929 164.086612 287.651649 228.112720
146 474.915294 164.267090 287.836729 228.395205
147 473.749212 168.226217 287.023508 228.777558
148 475.697829 163.152018 287.867458 230.530356
149 474.603120 162.940316 289.067596 230.027976
150 474.483184 163.557752 289.259499 230.831458
151 474.718618 163.439701 289.414578 231.140022
152 472.300205 158.062757 290.074527 229.663224
153 472.171737 158.202059 290.238333 230.176814
154 472.291530 158.328876 290.339302 230.364678
155 472.379830 158.362092 290.326017 230.364106
156 472.423838 158.412936 290.332680 230.363359
157 472.523858 158.358926 290.490373 230.367997
158 472.505247 158.233331 290.307802 230.268022
159 472.551825 158.360069 290.345895 230.342520
160 472.625497 158.383997 290.311861 230.364007
161 473.357305 157.360281 290.196431 230.155242
162 473.501000 157.505775 290.326488 230.363095
163 473.579666 157.547344 290.326488 230.363095
164 473.673112 157.572975 290.326253 230.365755
165 473.624194 157.335073 290.345923 230.194777
166 473.693143 157.460800 290.326488 230.363095
167 473.771809 157.502368 290.326488 230.363095
168 473.882072 157.443467 290.328552 230.370932
169 473.949635 157.376372 290.357005 230.394771
170 473.906341 157.443219 290.318634 230.333936
171 473.979528 157.488706 290.331018 230.367425
172 473.465816 154.977889 290.126422 230.725317
173 471.787569 154.316636 290.505084 230.852565
174 471.879977 154.055103 290.891351 231.279119
175 469.735322 146.084693 291.353310 230.554462
176 469.116930 146.135320 291.701436 230.695878
177 469.013108 146.492546 291.857533 230.901703
178 468.714655 144.526699 291.895921 231.547696
179 467.349880 141.460935 293.100970 230.719225
180 467.569562 141.623474 293.327342 230.859593
181 467.647718 141.666735 293.324696 230.862798
182 467.515589 140.638303 293.992462 229.951147
183 467.527756 140.629510 293.824973 229.864478
184 467.708355 140.616388 293.830202 229.949978
185 470.427399 139.687204 293.462455 228.688207
186 470.841843 140.227797 293.372588 229.068619
187 471.120459 140.383321 293.339140 229.395447
188 473.482424 139.010360 292.898977 228.335632
189 473.524776 139.065893 292.824995 228.364283
190 473.748317 139.042195 292.819532 228.533744
191 477.690809 136.904837 293.159189 227.116767
192 478.772552 134.703635 294.275920 224.488127
193 478.884620 134.774390 294.336232 224.362473
194 481.401999 134.262815 294.252382 223.624867
195 481.523252 134.331255 294.393864 223.779509
196 481.427606 137.067942 294.769735 222.528575
197 481.855272 137.117101 294.797130 222.860850
198 481.957340 136.825212 294.833493 222.890762
199 481.857938 137.410335 295.048741 222.685781
200 482.112551 137.381242 295.380695 222.837212
201 482.053110 137.162718 295.169943 222.586709
202 482.247997 137.349830 295.378046 222.849951
203 482.304295 137.389637 295.327870 222.870697
204 483.942743 136.938033 296.180319 222.053643
205 484.047020 137.230270 296.344593 222.258790
206 484.160663 137.967634 296.632277 222.205413
207 484.436918 137.886958 297.001813 222.325779
208 484.819260 137.808389 297.367092 222.320782
209 484.888778 137.872842 297.323925 222.366414
210 484.722179 137.769690 297.433071 222.129109
211 484.805776 137.856116 297.349431 222.322660
212 484.867130 137.957984 297.334904 222.265039
213 484.946727 137.961857 297.381377 222.364430
214 484.963155 138.090138 297.358410 222.285304
215 485.112255 138.569375 297.422063 222.017856
216 484.818153 139.253568 297.479558 221.678051
217 484.242539 139.543224 297.810061 222.005632
218 491.014200 144.599062 296.146949 219.126404
219 491.814560 144.541779 298.247399 215.031944
220 490.900968 147.574607 298.422270 213.172430
221 493.659317 149.113713 296.856604 212.000274
222 496.063138 143.353474 298.884602 206.482805
223 495.590404 144.145356 298.912402 205.632763
224 495.521925 144.715179 298.860234 204.985133
225 496.301871 145.205692 297.436174 199.686623
226 495.065110 149.187835 297.284686 192.600880
