92 254.346111 482.256634 130.606849 131.321507
93 254.571745 482.609225 130.700777 131.073926
94 254.747517 483.085118 130.706336 131.074691
95 254.896023 483.538995 130.706324 131.075619
96 255.039101 483.955193 130.624294 131.071110
97 255.229958 484.415463 130.715525 131.076660
98 255.374176 484.869397 130.708417 131.075857
99 255.335563 484.963484 130.186503 131.129043
100 255.417222 485.249816 130.037048 131.093953
101 255.222802 485.299911 129.434271 131.025988
102 254.985280 485.539556 128.843760 131.043671
103 254.413476 485.162984 127.592532 131.179124
104 254.284081 485.309457 127.290198 131.000907
105 251.152291 486.785458 124.059446 129.948826
106 251.376439 487.070952 124.253844 129.580050
107 248.968741 486.929971 123.505064 129.234587
108 249.220401 487.315743 123.755169 129.086519
109 249.349427 487.778155 123.756831 129.086161
110 249.477622 488.240745 123.756831 129.086161
111 249.580516 488.749939 123.758824 129.087785
112 249.707715 489.211718 123.756831 129.086161
113 249.640918 489.682540 123.710297 129.092355
114 249.348159 490.092850 123.575279 128.979673
115 274.016182 455.924773 125.796161 124.647744
116 273.682253 455.030938 131.038727 124.324942
117 310.925318 355.548222 128.765136 124.758570
118 341.953935 327.932225 131.597325 120.559561
119 398.617746 226.940436 132.985982 119.709646
120 400.813115 183.660841 136.355391 116.227953
121 425.861014 191.084775 142.552298 111.736362
122 425.769381 191.454576 143.997566 111.672564
123 425.411455 192.116340 144.795355 111.434481
124 425.486411 192.372652 144.804689 111.140828
125 425.442907 193.452935 144.965167 110.817310
126 425.364259 193.777464 144.977736 110.629413
127 425.333975 194.191072 144.831101 110.640771
128 425.312631 194.643699 144.946215 110.613476
129 425.177477 195.457357 144.944542 110.455483
130 425.173525 195.732830 144.808796 110.135102
131 425.179983 196.163245 144.896461 110.141752
132 425.164748 196.580768 144.862983 110.144176
133 423.262755 199.998830 145.613464 108.760855
134 423.396597 200.389245 145.725454 108.640539
135 423.445343 200.851783 145.738862 108.651308
136 423.484232 201.310262 145.740234 108.651677
137 423.545179 201.753858 145.733432 108.650877
138 423.613134 202.194943 145.732791 108.651397
139 423.659297 202.635218 145.748442 108.658216
140 423.743445 203.047608 145.731761 108.655092
141 423.784199 203.473987 145.759949 108.665149
142 423.714961 203.881169 145.893150 108.670389
143 423.416995 204.309847 146.047048 108.635929
144 423.211645 204.776224 146.599434 108.620877
145 419.951040 205.442658 147.928353 108.147263
146 419.501647 205.899922 148.135689 108.123444
147 415.988106 206.829170 149.719262 107.504537
148 413.004402 207.454184 151.368062 107.325129
149 412.014001 207.816137 152.308657 107.334912
150 411.692280 208.124856 152.670676 107.223324
151 410.965375 208.652928 153.450489 107.135731
152 410.133931 209.168002 154.048417 107.120117
153 408.714582 209.765342 155.622265 107.226933
154 407.947522 210.237946 156.525288 107.126940
155 405.766662 211.157843 157.776970 106.988815
156 405.606213 211.428544 157.921963 106.709055
157 405.632326 211.798843 157.695738 106.657997
158 405.772727 212.193926 157.695422 106.657997
159 405.933439 212.576177 157.690156 106.658064
160 406.096784 212.958395 157.690156 106.658064
161 406.260129 213.340613 157.690156 106.658064
162 406.423475 213.722831 157.690156 106.658064
163 406.586820 214.105049 157.690156 106.658064
164 406.750165 214.487267 157.690156 106.658064
165 406.913510 214.869485 157.690156 106.658064
166 407.076856 215.251702 157.690156 106.658064
167 407.235138 215.767495 157.640567 106.622430
168 407.423278 216.167530 157.690156 106.658064
169 407.586623 216.549747 157.690156 106.658064
170 407.749968 216.931965 157.690156 106.658064
171 407.913313 217.314183 157.690156 106.658064
172 408.076659 217.696401 157.690156 106.658064
173 408.240004 218.078619 157.690156 106.658064
174 408.403349 218.460837 157.690156 106.658064
175 408.566694 218.843055 157.690156 106.658064
176 408.730492 219.225324 157.689282 106.657982
177 408.894274 219.607583 157.690156 106.658064
178 409.057619 219.989801 157.690156 106.658064
179 409.346481 219.417798 157.396886 107.136284
180 409.419014 219.743415 157.152932 107.197130
181 409.377847 217.387364 156.674961 108.283714
182 409.406077 217.340524 156.579881 108.374269
183 409.345490 216.726910 156.440980 108.620992
184 409.258771 216.682541 156.086152 108.913259
185 409.474038 216.941110 156.193097 108.651672
186 409.635833 217.330472 156.193097 108.651672
187 410.191349 213.017566 155.889418 110.680906
188 410.254956 213.396260 155.694078 110.645281
189 410.416234 213.792767 155.694078 110.645281
190 410.577511 214.189273 155.694078 110.645281
191 410.738789 214.585780 155.694078 110.645281
192 410.900066 214.982286 155.694078 110.645281
193 411.086070 215.274565 155.667953 110.723849
194 411.279148 215.547890 155.673108 110.709373
195 411.516177 215.524027 155.627189 110.896900
196 411.794063 215.489525 155.636711 110.847903
197 411.984024 215.784720 155.694078 110.645281
198 412.145302 216.181227 155.694078 110.645281
199 412.306579 216.577733 155.694078 110.645281
200 412.467857 216.974240 155.694078 110.645281
201 412.629135 217.370746 155.694078 110.645281
202 412.790412 217.767253 155.694078 110.645281
203 412.951690 218.163759 155.694078 110.645281
204 413.112967 218.560266 155.694078 110.645281
205 413.116426 218.691392 155.637023 110.686581
206 413.184750 218.865292 155.650762 110.676774
207 413.255139 219.042318 155.651767 110.678107
208 413.301950 219.025143 155.607566 110.698310
209 413.207174 218.381853 155.421190 110.884467
210 413.223571 218.579521 155.169173 110.674455
211 413.775000 215.782042 154.710129 111.098353
212 413.927237 216.193339 154.694679 111.146676
213 414.512551 214.739901 154.385529 111.658577
214 415.037275 212.362223 153.844723 112.316445
215 415.156448 212.621746 153.687939 112.176161
216 415.350531 212.966528 153.690671 112.169209
217 415.521872 210.855318 153.729128 112.906709
218 415.513475 209.036397 153.750629 113.250446
219 415.603962 209.364496 153.729804 113.156418
220 415.701272 209.738353 153.732734 113.157944
221 415.843115 210.133464 153.698000 113.137292
222 416.002325 210.538901 153.698000 113.137292
223 416.161535 210.944337 153.698000 113.137292
224 416.320745 211.349774 153.698000 113.137292
225 415.559326 212.071911 154.035116 112.635216
226 414.961861 212.745189 154.513010 112.189191
227 415.142924 213.171883 154.707546 112.132237
228 415.276172 213.592368 154.701582 112.140412
229 415.433644 213.994270 154.696039 112.140487
230 415.593888 214.396135 154.696039 112.140487
231 415.751464 214.796578 154.701811 112.138283
232 415.908821 215.199545 154.696039 112.140487
233 416.032775 215.586282 154.754265 112.129576
234 416.141297 215.981543 154.744930 112.121819
235 416.277095 216.392741 154.696039 112.140487
236 416.437339 216.794606 154.696039 112.140487
237 416.597583 217.196471 154.696039 112.140487
238 416.745986 217.592021 154.721641 112.130708
239 416.853946 217.975054 154.787007 112.105275
240 416.930265 218.371581 154.784280 112.106354
241 360.048409 209.978732 152.518273 108.897015
242 313.654627 227.790833 156.446818 103.922018
243 258.194590 250.812763 158.793290 101.193979
244 226.156112 224.577248 154.296204 115.902384
245 227.220762 224.338970 152.156795 118.906472
246 242.348309 221.216075 145.060706 125.647589
247 303.989093 223.551381 140.559880 126.943255
248 349.226915 223.180643 135.189849 132.094232
249 385.941065 220.677728 129.111519 139.012589
250 409.562233 218.773077 124.272006 143.018178
251 423.637486 218.171949 121.426676 143.304548
252 424.504772 218.403113 121.203473 143.110539
253 428.586112 218.697650 120.812784 142.943011
254 432.237549 218.827240 120.449297 142.597815
255 436.429037 219.248040 119.932203 142.683439
256 440.643124 219.664506 119.423887 142.587983
257 445.385943 219.930329 118.808688 142.574059
258 449.201052 220.182208 118.521867 142.575381
259 452.194466 220.361739 118.669355 142.553636
260 455.217454 220.384797 118.606290 142.549054
261 457.266670 220.499322 118.643695 142.520824
262 462.857165 219.945770 118.177751 142.595558
263 464.089380 220.220202 118.255604 142.570036
264 471.585716 219.821836 117.384593 142.491797
265 474.651823 219.931300 117.191648 142.095634
266 478.148377 220.247767 117.099347 142.072470
267 482.504429 220.524684 117.067136 141.986290
268 486.701558 220.595194 117.054939 141.520736
269 488.480294 220.843452 117.320636 141.642690
270 491.385367 221.054006 117.256512 141.693073
271 494.816298 221.157147 117.222609 141.652508
272 497.629311 221.291878 117.259319 141.659292
273 504.122223 220.733250 116.607653 141.653422
274 507.423866 220.925125 116.689373 141.578926
275 511.669776 221.095103 116.528341 141.558593
276 516.929028 221.239334 116.458185 141.527825
277 520.114234 221.464405 116.239180 141.512583
278 524.972512 221.586078 116.057121 141.362143
279 527.305599 221.591994 116.318980 140.981130
280 528.925192 221.598484 116.310730 140.590921
281 533.642176 221.846033 116.067492 140.452816
282 551.225315 220.798392 114.092986 140.593111
283 569.320681 219.953860 112.902172 139.640501
284 598.334800 220.419357 110.049507 137.894291
285 634.833540 221.640428 107.206274 136.103088
286 619.421931 222.072811 107.657612 133.143671
287 611.542388 224.707732 108.476834 131.063550
288 594.934989 226.309379 108.610080 129.576897
289 595.299455 226.463485 108.909069 129.353190
290 556.424902 213.620612 107.207826 125.369225
