2 1163.838035 1.694123 43.988870 128.462580
3 1163.543293 2.117037 44.162706 128.308980
4 1161.968496 4.211217 45.124952 127.869336
5 1159.353618 6.209686 46.718830 126.804120
6 1156.140903 7.811791 48.908911 126.124175
7 1150.349917 10.008435 51.224476 125.970578
8 1148.912731 10.110198 52.009685 126.044502
9 1145.413985 10.641633 52.538382 126.030615
10 1142.402577 10.096914 52.565492 126.848969
11 1141.795464 9.526581 52.293276 127.629922
12 1141.390206 9.156799 52.240919 128.893591
13 1140.979281 8.455675 52.058844 130.819273
14 1140.661749 6.339983 52.470450 135.179896
15 1140.488224 6.181559 52.521634 136.156665
16 1136.425840 3.679426 53.610012 140.797076
17 1136.616941 3.772073 53.991240 140.985161
18 1135.043909 4.669463 54.117458 140.722384
19 1134.980831 4.897954 54.523230 141.092238
20 1132.198445 7.349795 54.942405 141.210860
21 1131.071760 7.921681 55.284773 141.376161
22 1130.221762 8.273597 55.522606 141.727045
23 1128.692622 8.777860 56.005832 142.521259
24 1126.017521 9.003314 56.433765 143.686998
25 1124.052841 8.571778 56.408618 144.437070
26 1123.477573 8.269408 56.146999 144.797936
27 1118.146879 7.601049 55.625221 145.219607
28 1118.097269 7.819242 55.811750 145.466046
29 1116.922409 8.471613 54.974054 145.905678
30 1114.109859 11.187457 54.113179 146.084468
31 1113.157223 13.994540 53.364634 144.799724
32 1111.396555 22.735049 52.773955 138.881976
33 1107.582678 26.139284 52.581896 136.540018
34 1107.418745 27.296280 52.435592 136.453732
35 1106.366198 27.859621 51.882823 135.886777
36 1105.970723 27.943748 51.527216 135.654227
37 1104.692726 27.631759 51.658990 135.892965
38 1103.916418 26.582563 52.134347 137.186616
39 1103.059114 25.699235 52.656843 138.472108
40 1102.665436 25.447831 53.030206 138.677699
41 1100.115188 25.197155 53.382508 139.919322
42 1097.532920 27.313877 53.219764 140.640008
43 1096.613988 29.306207 53.177314 140.887491
44 1095.689041 30.874333 53.532292 140.966457
45 1095.632199 30.987128 54.010431 140.952815
46 1092.937365 32.658499 54.387008 140.432699
47 1092.376873 34.129112 54.018917 139.433215
48 1092.396868 33.579866 53.343296 139.778554
49 1090.944741 30.959565 52.868654 141.719906
50 1088.133968 30.258637 52.688200 142.350465
51 1086.802193 30.331753 52.599739 142.650936
52 1083.640643 31.036070 52.089169 143.196360
53 1083.377078 31.824690 52.233929 143.148673
54 1079.880131 33.721552 52.109646 142.865094
55 1079.019268 34.857492 52.336601 142.422232
56 1076.140668 36.621344 51.954515 141.522774
57 1074.702338 38.216152 51.514171 140.457289
58 1074.189842 39.153760 52.097794 139.539705
59 1069.885723 39.584326 52.353869 139.333590
60 1069.941232 39.680063 52.492402 139.466701
61 1067.715505 40.759789 52.583921 138.771460
62 1065.562243 40.373974 52.816651 139.370017
63 1065.056799 40.316957 52.785299 139.885915
64 1064.662964 39.703917 52.709353 140.563805
65 1062.571991 40.131913 52.680775 141.458906
66 1059.933452 41.573160 52.402996 141.415268
67 1058.276779 44.238673 51.603397 141.489845
68 1056.874926 45.738360 51.541570 141.653338
69 1055.784319 50.335134 51.547328 142.616670
70 1055.325061 51.205348 51.747053 143.956537
71 1055.261511 50.738099 51.791232 144.421525
72 1054.546550 51.302797 51.977741 144.486681
73 1052.390517 52.740268 51.813302 144.507193
74 1051.453252 53.548923 52.021381 144.857507
75 1046.286589 58.410146 52.817882 144.923336
76 1046.375083 58.281875 52.971157 145.066390
77 1046.305264 58.421509 52.915239 145.516048
78 1042.383059 56.969375 52.992107 146.986859
79 1039.207742 58.073262 52.106627 146.830125
80 1037.513128 58.420299 51.993864 148.678833
81 1037.050561 55.354127 51.623723 151.517207
82 1032.025181 59.313672 53.276667 151.534531
83 1030.697154 55.385895 54.439478 152.166079
84 1024.509535 55.270456 57.373319 151.377814
85 1022.995184 57.905252 58.307960 150.047533
86 1019.420244 62.773396 60.346851 147.189010
87 1017.868223 63.581663 61.324151 146.804493
88 1016.000461 64.379855 62.389219 146.207779
89 1015.197872 64.812224 62.765193 146.220853
90 1014.915529 65.068542 63.041126 146.392770
91 1011.511546 65.149548 63.755271 146.135844
92 1005.776064 65.851338 64.526334 145.845422
93 1004.771999 68.569657 65.010972 145.119378
94 1000.089059 70.872597 65.820480 144.733478
95 997.312905 72.776417 67.101182 144.117562
96 995.085065 75.028923 68.539991 143.682012
97 989.818053 76.947597 71.759905 143.681026
98 987.593501 77.442490 73.772829 143.899468
99 986.699785 77.900644 74.553171 143.843726
100 985.276238 78.490051 75.535891 144.045037
101 984.522397 78.398718 76.205924 144.909918
102 983.996645 78.425962 76.586092 145.090686
103 979.754225 77.688448 77.199495 146.163028
104 975.284382 77.273366 77.782391 147.158385
105 963.712999 76.727074 81.297740 148.113090
106 953.964923 78.104336 86.015280 149.164158
107 951.814463 78.200849 88.725318 149.658222
108 946.645861 78.254429 92.958138 150.553787
109 945.256160 78.315904 94.277338 151.250525
110 942.729208 78.589834 95.701104 151.404628
111 941.653918 78.897905 96.681335 151.475583
112 937.242213 79.894749 98.325922 151.224004
113 934.142080 81.408920 100.405487 150.687796
114 933.705783 81.645989 100.879831 151.005652
115 932.885657 81.831787 101.568362 151.590402
116 930.629334 81.757649 102.880930 152.621879
117 930.664823 81.937225 102.991631 152.989465
118 927.970549 82.218434 102.958346 153.257995
119 924.746723 83.246793 102.529692 153.628332
120 924.936785 83.516553 102.974289 153.949779
121 921.819920 86.964754 102.583575 153.923615
122 921.733526 87.354463 102.914973 153.835870
123 918.958602 89.984107 102.739233 153.523978
124 918.364653 90.408094 103.021615 154.063314
125 916.955181 91.364078 103.507541 154.462767
126 910.401390 93.676379 103.826188 154.249473
127 897.454906 92.387425 105.726240 155.446655
128 868.492353 89.448133 113.736982 158.669026
129 867.948919 89.151500 114.841076 159.675500
130 868.018006 89.302481 114.986784 159.988136
131 868.482436 89.145090 115.341350 160.365852
132 872.091372 89.678614 115.536983 161.173668
133 872.062853 89.531556 116.704335 162.129627
134 870.409859 89.703941 118.805558 163.648126
135 865.210766 92.714276 121.089697 163.531394
136 863.771355 95.272956 121.566788 163.453670
137 861.908497 97.170084 122.059250 163.283357
138 860.591681 97.828496 122.132684 163.791644
139 858.785387 98.403500 121.640611 164.044395
140 856.779793 98.050143 120.872527 165.034018
141 852.930574 98.674000 119.931567 165.397921
142 852.939654 98.714417 119.951265 165.498359
143 852.955369 98.704892 119.980534 165.482583
144 851.528938 96.670751 120.689575 167.446587
145 848.556339 95.383975 121.844913 169.711383
146 842.819465 95.861726 123.463748 171.628931
147 830.748247 99.485059 123.760833 172.074044
148 826.384666 101.362118 123.432196 172.447991
149 821.652567 103.561646 122.741634 171.994761
150 815.161393 106.214473 121.220823 171.925767
151 814.990121 106.431450 121.119664 172.009694
152 813.452994 106.725931 120.508894 172.768092
153 805.239518 107.203039 118.421375 173.890741
154 798.265235 104.654055 117.009924 174.562626
155 789.475077 103.187006 116.779626 175.073566
156 789.277114 103.292788 116.788154 175.602112
157 789.365513 103.479966 116.957181 175.986002
158 789.378487 103.475963 116.981020 175.981478
159 789.379541 103.474222 116.981020 175.981478
160 789.380596 103.472480 116.981020 175.981478
161 788.181709 103.889642 116.674566 176.151901
162 781.544970 106.592693 115.666475 177.112656
163 779.273121 107.644542 113.906565 178.549442
164 777.033225 108.145095 112.457535 179.552572
165 774.401517 107.925253 111.087366 180.159456
166 766.628192 106.946666 109.923482 180.688861
167 760.746897 108.855840 106.684325 181.150633
168 757.892829 99.219304 103.535104 182.863557
169 752.336036 91.167801 102.345702 181.704904
170 749.459092 103.090069 101.201761 182.235194
171 747.837642 114.741616 100.484986 181.456814
172 745.301241 118.085162 100.044347 179.900934
173 744.269966 118.644762 100.054837 179.629649
174 741.288665 120.448558 99.947630 179.042327
175 736.238728 123.172769 99.819145 177.911236
176 733.315840 120.750540 99.927788 177.248329
177 725.320006 123.994588 100.825739 174.966098
178 719.762825 121.067329 101.804272 174.310248
179 715.638366 133.662123 102.854291 171.316991
180 715.700793 133.743004 102.985104 171.483195
181 715.273315 133.594108 103.145614 171.393354
182 714.692688 133.415731 103.689919 171.280174
183 709.521158 133.280875 105.040882 170.423161
184 702.253878 131.117589 107.122872 168.538132
185 700.422573 127.749278 108.114156 167.651749
186 693.694048 129.565358 108.743060 165.855780
187 692.923788 130.546587 109.083924 165.435491
188 685.048941 135.336302 110.159229 163.756473
189 684.874957 135.725850 110.518763 163.815672
190 683.519774 135.793717 111.651486 163.795058
191 677.061089 135.487751 112.774565 162.906003
192 670.647826 128.225650 113.098745 162.105469
193 669.451465 129.337429 113.300862 161.915686
194 664.002158 133.669332 113.419197 159.910236
195 663.762126 133.758579 113.343807 159.907326
196 660.152617 134.007606 112.846494 159.666405
197 654.774290 134.682644 112.522228 159.515335
198 639.856267 136.213329 112.445702 158.213951
199 639.851767 136.370971 112.468758 158.464402
200 638.994238 136.464613 112.382771 158.190316
201 636.574432 137.361524 112.125451 158.058492
202 632.466706 141.251895 111.831830 157.991310
203 629.314130 146.416634 111.450439 156.593947
204 625.370261 148.270040 110.930211 156.523240
205 625.388615 148.504685 110.980369 156.979630
206 622.643316 149.188102 110.629376 156.821031
207 618.564558 150.145111 110.528721 156.771105
208 615.297695 150.466376 110.175479 157.073246
209 610.498475 151.064154 109.606501 157.263850
210 610.250536 151.344540 109.611246 157.419896
211 607.328986 153.054774 109.107926 156.930540
212 607.180982 153.827350 109.415785 156.699581
213 600.704505 158.915021 109.669851 156.175117
214 600.538146 159.397238 110.072174 156.321773
215 592.583197 165.050706 111.231450 155.231017
216 590.818829 167.343340 111.567411 154.831302
217 590.011831 168.600126 112.326304 154.523422
218 588.657126 170.023987 113.122492 154.395551
219 588.142128 170.380761 113.784033 154.347125
220 588.208299 170.445949 113.990585 154.491579
221 587.891650 170.421553 114.045515 154.565000
222 587.826493 170.740472 114.523723 154.997236
223 588.049289 170.731669 114.982529 154.985100
224 586.024914 171.052829 114.839516 154.976460
225 581.376383 171.481635 114.495079 154.940880
226 574.408101 171.818113 114.261031 155.068470
227 564.275670 174.991634 114.739346 155.736992
228 558.941595 186.139280 114.384880 156.768153
229 557.259127 186.542514 114.236778 157.422005
230 547.946259 187.709091 113.245341 159.060842
231 545.735972 187.847579 113.008982 160.256433
232 543.495627 187.799966 113.319236 160.804584
233 542.125586 188.485485 113.245393 161.275799
234 537.223120 193.506044 112.873030 162.385067
235 531.929479 199.956946 111.614387 165.019939
236 530.795120 200.162387 111.420152 166.871041
237 527.738323 200.650508 110.989902 168.561022
238 525.878553 200.917607 110.562230 169.835607
239 522.745905 201.519632 110.409747 170.746057
240 513.222983 203.922744 108.890021 172.312283
241 513.207765 204.006074 108.981341 172.542427
242 504.591380 204.600733 108.616563 175.082515
243 497.857355 205.746897 109.993642 175.451429
244 494.850403 206.244195 109.749363 175.624615
245 491.332494 207.432933 109.412243 175.735650
246 483.888907 209.862124 108.178435 175.703835
247 483.654973 210.149502 108.075898 176.107002
248 482.757797 210.920329 107.945257 176.756651
249 480.399767 213.129997 107.765543 177.324789
250 480.457314 213.406710 107.962700 177.713518
251 479.927686 214.451379 107.749465 179.939525
252 478.550065 214.622156 107.924987 182.034616
253 474.445199 215.791091 108.699704 184.854262
254 473.446564 215.962805 108.843549 185.542724
255 469.872015 216.889633 108.496417 186.812514
256 468.923701 217.132332 108.407163 187.461617
257 457.436185 221.279407 106.503264 189.391065
258 457.573035 221.309505 106.878747 189.531310
259 457.625947 221.531972 106.982642 189.980005
260 455.888698 222.577617 107.028990 190.025395
261 454.841252 224.611549 107.561107 190.791052
262 454.488078 225.146538 108.056566 191.143026
263 452.336223 229.714258 108.551002 192.668832
264 452.552863 229.867777 108.982318 192.979689
265 452.004799 230.124737 109.160687 192.868269
266 440.803324 233.113526 111.793619 191.407143
267 435.527919 232.980623 112.691503 191.828558
268 422.844989 231.708452 115.882099 194.351752
269 421.591193 231.298272 116.375631 195.900326
270 408.740163 229.312380 116.126444 200.813026
271 406.119089 227.560625 114.711074 205.210621
272 401.939038 225.185216 113.353513 211.782700
273 395.843264 225.488807 112.405121 214.359995
274 395.108947 225.271440 112.637007 215.316248
275 385.260548 224.233826 113.159638 219.267380
276 388.537416 223.666993 115.739755 223.666356
277 392.417845 221.632889 118.670771 228.962025
278 391.065969 219.686474 122.398483 232.607488
279 393.007980 215.480460 126.325187 237.111913
280 394.974617 210.599223 130.810327 244.459718
281 383.625430 202.480891 134.657177 256.066075
282 374.091566 200.786620 139.302280 259.166440
283 367.205388 201.734504 139.710179 259.931739
284 359.017865 206.975461 140.056450 261.554915
285 358.810104 206.962008 140.983132 262.539104
286 358.349325 206.848386 141.296771 264.038731
287 355.224872 207.473459 142.037857 265.225866
288 350.256953 210.066154 142.900085 264.905118
289 350.249735 210.238643 142.978214 264.886527
290 350.250318 210.278813 142.976803 264.972112
291 349.825079 210.711684 142.873266 264.800917
292 343.379301 213.584527 142.541397 263.824266
293 339.914588 215.486863 142.880126 262.759743
294 337.680881 218.043597 142.493202 262.149131
295 331.878224 224.722902 141.756927 261.409196
296 331.350691 225.069425 142.067934 261.294020
297 317.516780 230.410640 144.661263 259.926350
298 316.079123 231.998140 145.785419 259.279628
299 315.467403 232.473110 146.459947 259.484211
300 314.667348 233.709735 147.312174 259.645394
301 314.700247 234.407038 147.677261 260.086797
302 314.311494 236.017517 148.334977 260.576654
303 313.304709 237.547126 148.868759 260.878445
304 310.730883 239.496413 149.413887 260.601335
305 309.579331 240.079476 150.123256 261.116701
306 303.421857 239.783726 152.908342 262.697626
307 296.571745 240.188765 154.021152 263.822377
308 287.079951 239.273517 157.243270 267.463449
309 283.948152 238.471698 158.534340 270.971049
310 277.543839 242.519878 160.456985 273.767321
311 277.308879 242.952712 160.515130 274.048002
312 268.296127 251.438887 160.157418 274.398075
313 268.393389 251.577783 160.457563 274.443533
314 268.320932 251.655415 160.484219 274.476047
315 266.881833 252.497494 160.738972 274.571532
316 264.483862 253.329522 161.299736 275.114805
317 260.988173 256.390672 161.637215 274.900762
318 253.226339 258.715322 162.058376 275.624783
319 250.591233 260.000414 162.412751 275.828608
320 246.296476 261.913198 162.355256 275.429944
321 237.537044 264.563053 161.931338 275.523318
322 228.723912 269.609158 160.841857 276.859552
323 228.471656 270.493494 160.942944 277.429484
324 227.634094 277.581055 160.711964 278.743406
325 227.664729 277.937152 160.958398 278.960847
326 226.821667 279.726234 160.798454 279.096160
327 226.768976 280.093830 160.974251 279.552604
328 224.706268 281.424256 160.709307 280.180832
329 220.883186 282.517006 160.659545 280.901044
330 215.679106 280.856099 160.487064 283.493162
331 213.629111 280.042876 159.997955 284.986719
332 208.027526 278.822216 159.224800 287.103547
333 204.543575 277.718739 159.235448 288.973149
334 199.028172 276.963593 159.985637 290.445061
335 196.521468 279.861846 160.147263 290.994036
336 189.318135 295.820920 161.774363 290.859589
337 186.984227 301.879339 162.206869 291.398337
338 185.354301 304.587951 163.360420 290.857968
339 183.893368 305.837175 163.930199 290.849862
340 180.071928 308.407933 164.033564 290.906296
341 180.011162 308.454355 164.489058 291.062012
342 172.128963 309.256696 164.711215 292.751316
343 171.350886 309.632983 165.007364 293.246440
344 171.578090 309.737441 165.467692 293.474263
345 170.824098 309.653602 165.155166 293.722775
346 166.830368 312.081716 164.422095 294.555994
347 161.975961 313.733711 164.009634 294.764327
348 155.478765 319.572276 162.671257 296.055593
349 149.704576 326.386765 162.017306 296.559578
350 147.063582 327.659840 162.167740 298.219099
351 141.784504 327.008619 164.259723 301.820469
352 133.746387 323.480148 169.490295 308.464232
353 127.424183 321.244041 174.066583 313.858832
354 118.942169 318.978916 180.147749 318.374959
355 110.117850 316.893821 184.619517 321.836687
356 108.854901 316.222586 186.261305 323.156368
357 107.479796 315.141698 187.393908 325.634159
358 105.502508 314.620746 187.791225 326.853757
359 103.339127 313.276815 188.129457 328.374610
360 101.068836 313.091312 188.598468 328.843279
361 100.494326 313.159067 188.954894 329.370298
362 92.490431 314.368365 187.957466 331.764005
363 91.143755 315.457324 187.824322 332.475072
364 85.691329 323.362785 186.812037 334.031339
365 83.707086 323.058924 187.701248 336.229385
366 80.760478 326.099539 188.629158 338.254070
367 75.577633 329.497371 189.144313 342.419601
368 66.163668 334.423011 188.151051 343.559158
369 58.483071 335.163446 188.269106 344.584872
370 50.258838 339.013762 189.668624 343.707915
371 38.581027 342.047210 191.666017 343.481380
372 34.071999 343.278780 191.148468 343.154363
373 26.598191 347.064639 189.940744 341.827913
374 26.568151 347.545756 189.918533 341.795728
375 26.492537 347.773527 189.835128 342.063764
376 21.837448 355.870142 188.609911 344.183077
377 18.820807 367.470333 188.957228 343.446173
378 18.788165 367.549906 188.988780 343.435449
379 16.088747 377.737612 189.816570 341.704855
380 11.125795 386.979736 191.884696 339.377538
381 10.928043 384.524931 191.678915 339.984558
382 8.790996 380.446009 190.358936 341.139996
383 6.512489 375.006960 187.182561 343.484074
384 6.293661 371.088956 186.224145 346.003912
385 4.396298 365.756309 183.274024 350.101604
386 1.613792 365.923250 179.937042 352.730101
387 0.000000 372.378377 166.228174 358.336865
388 0.000000 368.564852 159.452844 365.688131
389 0.000000 365.524025 158.289243 370.199707
390 0.000000 362.471743 157.258355 374.964829
391 0.000000 358.340255 153.366648 379.940146
392 0.000000 354.225529 145.514270 383.929281
393 0.000000 349.544238 140.889571 386.576257
394 0.000000 343.783510 137.972466 389.113140
395 0.212401 336.201211 137.040282 390.183628
396 0.438917 336.282550 137.477747 390.466167
397 0.921089 333.381413 137.191805 390.421310
398 0.000000 289.108942 134.738618 393.800072
399 3.635615 228.831664 129.595853 395.420026
400 4.319261 218.166467 128.767296 396.556401
401 4.081396 211.522974 128.318970 397.639640
402 3.860991 204.662253 127.708499 398.117152
403 3.641367 200.885915 127.386298 398.681393
404 3.095333 192.347611 126.163700 398.301981
405 2.906232 193.319172 125.464995 400.085543
406 2.957929 195.741137 124.129761 402.310866
407 3.353336 198.739328 123.787439 403.716433
408 3.485289 202.080957 123.642289 404.410232
