2 984.982369 413.789738 152.848819 71.154642
3 981.959369 414.379624 153.822478 69.188907
4 979.570011 414.745455 154.080519 67.345341
5 977.468519 414.106335 155.588067 65.761449
6 974.185695 413.287569 157.682312 63.647496
7 969.715188 411.778329 158.364308 62.391217
8 965.298051 409.562728 159.405304 61.388627
9 960.935334 407.154546 159.664858 59.687116
10 959.117958 404.041975 157.655556 59.295505
11 955.486137 402.365171 158.664373 57.640997
12 953.615865 400.609248 158.128437 56.805754
13 951.899815 398.068601 158.019607 55.949064
14 950.076857 395.657164 157.004895 54.528778
15 948.544008 394.078381 156.359030 53.493652
16 946.913363 391.239725 154.885361 52.705518
17 945.827838 388.091805 152.336344 52.964202
18 945.837574 387.964800 152.451323 52.916437
19 945.424116 385.433713 151.930293 52.247419
20 944.854296 384.348643 152.044756 51.984443
21 945.096898 380.496360 150.696558 51.510747
22 945.216412 379.685225 150.783251 51.521464
23 944.962759 375.762432 149.885835 51.963657
24 944.888406 375.334370 149.896402 51.857403
25 946.295564 371.287924 147.800667 52.237546
26 947.433513 369.102592 147.627155 52.851389
27 947.960897 364.917525 147.241042 54.099315
28 947.754892 363.768385 147.396153 54.174560
29 947.004177 360.749190 146.657918 54.603244
30 947.001424 360.354488 146.993103 54.725822
31 946.832867 357.934673 146.553726 54.659749
32 947.078056 356.402225 147.072016 54.521516
33 947.129711 352.500210 146.728491 54.100785
34 947.171819 352.201174 146.849226 54.413043
35 946.095600 349.875676 147.635258 54.834281
36 948.852293 347.083473 147.865956 55.480792
37 957.561091 343.990800 147.012960 54.791978
38 958.065555 343.336246 147.798545 55.247403
39 964.501438 340.267532 150.534689 54.995063
40 971.193128 338.626052 150.977463 54.766336
41 982.342456 335.054595 151.002671 54.640189
42 991.483880 333.132200 150.428842 54.817042
43 995.425071 329.686462 147.377305 55.513144
44 1001.782580 326.584198 147.795506 56.096902
45 1005.621108 322.988185 148.492204 56.770035
46 1007.280927 321.143015 149.898638 57.143438
47 1012.271249 316.690707 150.799198 58.875003
48 1014.169983 315.015493 152.401210 59.313589
49 1019.534166 310.430667 151.631198 60.114383
50 1025.406746 306.861507 155.639785 62.004122
51 1031.290446 302.244313 157.001839 63.053399
52 1036.265303 299.850485 159.904799 63.411921
53 1042.218154 294.891651 160.746956 63.704621
54 1047.611282 290.770255 162.342882 64.126062
55 1053.551668 286.074869 164.060685 64.766593
56 1058.541142 283.347451 165.569675 65.759549
57 1065.650877 279.297634 165.576584 66.730202
58 1070.520380 276.635433 167.510166 67.739330
59 1075.130729 271.380247 169.884083 70.280614
60 1077.066164 268.888346 170.971913 70.969482
61 1082.469366 263.562274 174.970802 71.464361
62 1085.667566 261.447321 176.541824 71.053490
63 1090.683039 258.038237 178.254642 71.355278
64 1093.064894 257.731614 179.284245 71.407159
65 1103.910861 255.707511 180.844834 71.865735
66 1114.771654 255.970750 184.084648 73.299696
67 1127.002210 255.867019 186.557417 74.433193
68 1139.049748 259.190953 188.942430 74.644797
69 1152.683861 260.092475 191.760507 75.972272
70 1166.622395 265.614414 197.160791 76.343617
71 1181.100821 266.939582 198.190899 77.258893
72 1194.302001 271.753767 204.936708 77.941655
73 1208.602744 271.222050 209.275597 79.259097
74 1223.604910 271.806597 213.306790 80.136625
75 1239.755053 268.806953 218.617856 82.203271
76 1255.488839 269.148830 223.939162 83.402859
77 1277.299612 265.188628 226.283641 87.261046
78 1293.371298 267.048916 229.312943 87.593377
79 1310.077967 266.243209 233.991669 89.940274
80 1320.967365 269.169514 241.207470 90.793642
81 1333.094248 267.694489 246.930397 93.198695
82 1344.501780 269.150596 250.598907 94.556157
83 1356.398773 268.953262 254.767911 97.206975
84 1364.260225 270.220645 262.533543 99.712197
85 1374.438196 270.508862 266.586674 101.057792
86 1380.840605 270.690298 275.433215 104.182881
87 1391.619900 268.478195 278.917792 105.470045
88 1400.175568 264.194688 284.612536 108.428774
89 1409.883289 258.073619 291.999375 111.481676
90 1415.812832 252.557354 298.110628 113.606150
91 1424.090247 244.491215 303.953358 115.791171
92 1424.878470 240.391883 311.256347 117.263932
93 1429.952818 231.677594 316.989325 119.581611
94 1430.484651 224.664663 322.731238 122.134335
95 1428.943374 215.580461 330.688753 124.565877
96 1427.936888 207.836756 334.199482 126.323718
97 1426.320486 199.445162 338.312051 127.690401
98 1424.180975 192.406742 342.431868 129.451801
99 1420.659734 182.817562 349.457325 131.079921
100 1415.385288 174.433656 356.014494 134.339981
101 1409.318449 166.691066 361.076656 136.219179
102 1405.516745 161.009825 364.236858 138.052407
103 1399.996576 156.507098 369.463602 139.917465
104 1398.165031 155.806680 372.140527 140.442013
105 1396.941697 155.511776 374.997931 140.806425
106 1396.006140 155.408906 377.454615 141.474592
107 1396.083608 155.447067 377.718005 141.627854
108 1394.920771 162.736181 384.054213 145.134750
109 1394.350464 171.043431 390.157571 150.511456
110 1396.216963 186.208669 390.369470 153.811327
111 1399.322619 200.665281 392.721350 156.945630
112 1398.361736 224.795243 399.637414 158.916369
113 1396.197181 248.387588 401.939468 162.846740
114 1391.734708 274.522757 406.644134 165.044604
115 1383.587989 299.916516 411.415484 166.268095
116 1372.712159 323.235694 415.076690 166.663900
117 1361.352571 340.377710 420.906438 167.466101
118 1347.182870 353.766972 428.039445 169.440727
119 1334.565474 362.881829 434.283105 170.452817
120 1323.356483 365.287247 440.748639 171.187097
