77 324.277447 493.222166 57.763570 76.586473
78 318.312213 498.026598 57.377006 74.276722
79 334.926034 497.394975 56.077125 73.056844
80 345.058031 494.904396 57.731522 71.253324
81 356.990512 496.115165 57.788914 71.172331
82 359.954681 501.553626 53.265010 69.879785
83 358.115139 519.975502 51.986993 64.541157
84 357.128008 498.555357 52.790826 66.801611
85 352.021438 480.558204 54.662154 70.626432
86 371.499705 488.510301 52.807020 71.673886
87 367.928085 487.114738 52.252284 69.825837
88 362.186609 480.956470 51.382179 68.918887
89 359.522238 481.001784 50.832366 68.440236
90 376.616224 481.187767 49.514303 70.138828
91 384.088286 440.071781 47.997026 69.850136
92 376.515388 435.855120 47.178588 68.238705
93 361.027130 429.889402 46.489305 66.513755
94 366.211776 387.183657 44.349510 67.105406
95 351.783603 376.417582 42.950671 66.433761
96 343.078914 391.516036 41.112548 68.256253
97 338.855961 428.831922 39.243757 65.519535
98 325.706412 445.350348 38.736437 65.313848
99 324.354824 494.656438 38.170087 62.768839
100 324.263713 541.236724 36.953290 60.836712
101 316.622275 549.124179 40.866384 58.688829
102 299.025190 528.155288 39.735098 58.789294
103 280.676926 532.247230 39.401560 54.652606
104 277.830978 556.050918 36.342414 52.160233
105 283.363001 556.429569 34.015493 51.987575
106 283.560346 547.044789 33.726846 49.738858
107 282.008182 562.068448 33.564697 47.553067
108 299.841226 559.849443 32.569231 49.590143
109 299.599080 534.083436 31.479254 49.669123
110 294.645954 556.031196 31.531540 47.486935
111 297.089507 568.651367 31.868762 44.597793
112 297.905686 581.173157 30.675331 42.856516
113 299.095144 585.467107 30.381647 42.156543
114 295.931063 584.857915 30.914169 41.696099
115 294.882550 585.310201 29.532191 40.496116
116 296.326939 572.730448 30.170074 39.908655
117 305.457680 573.253468 29.545976 38.980133
118 308.438679 572.172733 29.340001 39.040033
119 308.762950 558.016859 28.942098 40.561848
120 309.516894 557.420829 28.896220 40.558133
121 309.477910 558.033825 28.706782 39.995489
122 308.750399 558.428595 28.751809 39.069185
123 309.767222 557.357052 29.689062 38.829050
124 303.610730 562.809709 30.657733 38.283148
125 303.751887 562.248488 30.887685 37.832989
126 300.121918 565.389243 32.297141 35.879023
127 295.263885 565.565233 32.157496 33.958189
128 296.404939 583.093414 30.657804 33.125208
129 291.826362 602.610215 29.420902 32.598700
130 285.630272 602.385395 29.278682 32.232685
131 284.987064 599.672840 29.376653 31.741729
132 286.475927 593.525717 29.731043 32.183881
133 279.560478 582.747668 31.427320 32.071367
134 280.115614 585.928077 31.342191 32.098246
135 278.262165 588.523671 31.797187 31.973444
136 279.243372 591.507258 33.379999 31.067294
137 277.263281 590.795762 34.261999 31.108402
138 271.434416 591.585264 34.675014 32.478687
139 267.198410 577.999749 33.516990 33.604939
140 265.141260 571.997636 35.826068 32.936907
141 265.097288 563.135739 38.186803 33.084662
142 253.760570 557.301391 36.937523 33.131677
143 247.486747 552.629020 38.305759 31.759907
144 248.461745 552.155389 40.633996 32.100912
145 255.243423 548.254569 41.171648 32.686197
146 256.425293 546.116914 41.349109 32.811777
