2 499.017498 118.018061 290.826537 97.920685
3 498.953758 118.069275 290.913719 97.753335
4 497.849509 119.166961 291.826522 96.616375
5 497.857120 119.381896 291.875119 96.853706
6 497.464912 119.738913 292.195975 96.470405
7 497.420167 119.795800 292.522442 96.305850
8 496.757489 120.801713 294.129191 94.428847
9 496.845099 120.888623 294.432257 94.351614
10 496.993658 120.960788 294.320294 94.451244
11 497.072417 121.016353 294.350556 94.401348
12 497.168204 121.084470 294.315140 94.423775
13 497.169636 121.272532 294.432370 94.284324
14 497.873099 121.296728 295.842048 94.546278
15 497.480457 122.233378 296.771831 93.975886
16 497.671343 122.247255 296.785317 93.949207
17 497.724812 122.296941 296.841498 93.927383
18 497.419265 122.507453 297.216694 93.643987
19 497.663326 122.060676 294.145076 94.915961
20 497.611609 122.517377 293.968562 94.971380
21 497.223608 123.124558 293.789575 93.985898
22 497.295890 123.171022 293.874908 93.886693
23 497.356263 123.217788 293.855085 93.984473
24 496.912540 123.584115 294.403523 93.230099
25 496.878207 123.772598 294.422736 93.349604
26 496.939602 123.865741 294.313272 93.425754
27 497.139860 123.192953 295.198183 92.749018
28 497.317386 123.335885 295.297815 92.926896
29 497.390861 123.384752 295.434930 92.821308
30 497.446237 123.491947 295.312638 92.926151
31 497.475116 123.523825 295.319655 92.884887
32 497.306628 123.412118 295.362209 93.057397
33 496.449761 123.480375 296.163791 93.338502
34 494.458450 122.509885 295.623345 93.492871
35 494.433043 122.045885 295.411699 93.708021
36 494.276813 122.225823 295.468226 93.800969
37 493.392864 121.921549 296.084377 93.949359
38 488.716174 122.005412 298.887550 93.590567
39 488.587623 122.256287 298.953293 93.834344
40 485.598581 121.954581 300.030042 93.364432
41 484.138129 121.778997 300.853037 92.821962
42 481.875779 121.090198 301.068463 93.186998
43 481.751166 121.280436 301.548881 93.222476
44 481.225539 121.198216 302.093862 93.355748
45 477.009183 120.766986 304.232722 92.700292
46 477.194279 120.221063 303.763677 93.258554
47 477.083348 120.245078 303.013760 93.515047
48 477.242198 120.537630 303.512634 93.850902
49 477.467993 121.566481 302.924727 94.027969
50 477.266801 122.425606 303.156069 94.055017
51 477.393049 123.045167 303.246031 94.358941
52 481.216127 126.268460 288.322713 94.207662
53 487.505791 126.566833 272.695473 95.177147
54 490.677851 127.646833 264.530076 95.122727
55 490.743514 127.842869 264.989285 95.306277
56 490.769355 127.958059 264.831977 95.424166
57 490.788757 127.591454 267.571678 95.075942
58 489.692254 126.662739 270.667078 94.643577
59 486.890544 125.438074 275.690222 93.525251
60 485.140723 124.231799 281.682595 94.448191
61 476.766969 123.481413 284.760011 91.679657
62 476.890021 123.646231 284.808886 91.934920
63 475.216573 124.125542 286.364762 91.879615
64 479.548238 124.765240 282.512269 91.059260
65 480.760576 125.643014 282.006023 91.398685
66 481.001530 125.791530 282.422220 91.413398
67 479.749918 126.446646 282.685343 91.423420
68 481.956601 127.135735 281.650092 92.078773
69 482.153352 127.364101 281.821198 92.426548
70 480.787863 129.146388 282.078771 89.516591
71 482.401876 133.108244 281.297448 87.020508
72 482.098852 133.528034 281.945562 87.366360
73 483.056281 134.790058 280.383573 86.884215
74 483.330572 138.292698 278.576701 87.382005
75 483.389229 139.633821 276.678601 87.195433
76 487.555478 140.413014 269.350784 88.057806
77 484.535802 141.466089 270.800034 88.515061
78 484.452095 141.939708 271.551459 88.790443
79 480.945359 144.934469 277.171140 82.714759
80 476.127695 142.848683 283.445136 85.886239
81 475.690353 143.033897 284.240277 85.865399
82 475.838651 143.127894 284.319748 85.937077
83 475.203497 143.556751 284.746427 85.761789
84 475.087215 143.701799 285.380244 86.385672
85 474.847306 143.516954 285.664984 87.000913
86 473.291996 146.782613 285.373096 86.487911
87 473.354496 146.813921 285.348997 86.435800
88 474.181378 147.034574 284.495976 86.540273
89 474.253825 146.295697 283.648760 88.220704
90 474.545691 146.373361 283.803016 88.443469
91 474.932347 146.180473 283.723482 88.216458
92 475.105680 146.173776 284.005904 88.262608
93 475.245692 146.260809 284.377390 88.385625
94 473.872676 145.498184 284.417179 88.293085
95 474.155195 145.514760 283.812569 88.530485
96 473.089849 143.600602 282.027135 90.544108
97 472.539771 143.910550 282.910087 90.337939
98 472.640432 144.000366 282.654001 90.422677
99 472.385278 144.047840 282.857471 90.078155
100 471.400626 144.016566 283.833501 89.663473
101 471.044892 143.973171 284.181953 89.447662
102 471.203306 143.739651 284.020021 89.496270
103 471.493082 143.619533 284.178323 89.297332
104 471.676305 143.685355 284.249897 89.347776
105 471.813770 143.236038 284.064192 89.158311
106 472.201439 143.115996 284.212970 89.355701
107 472.068967 143.187207 284.905515 89.329079
108 471.567695 142.998396 285.940174 88.920733
109 471.512510 143.095121 286.018493 88.835224
110 471.672347 143.098048 286.440805 88.840703
111 471.730634 143.160267 286.343741 88.915934
112 471.755880 143.052755 286.263098 88.689528
113 471.931695 143.182833 286.267114 88.894090
114 472.081349 143.230912 286.321295 88.922596
115 472.200524 143.276760 286.336241 88.936979
116 472.042414 143.234016 286.815920 88.838042
117 472.190700 143.273953 286.813115 88.933274
118 472.306327 143.324398 286.818028 88.929327
119 472.442146 143.374715 286.804301 88.929416
120 472.562179 143.427088 286.818028 88.929327
121 472.613683 143.416969 286.876436 88.947219
122 472.697649 143.460441 286.818028 88.929327
123 472.834111 143.510393 286.726610 88.933847
124 473.303343 143.257667 287.836072 89.045481
125 473.290070 143.437111 287.885207 89.460456
126 473.148133 142.962612 288.074089 90.007416
127 473.168329 143.008541 288.326280 90.476878
128 473.022398 142.410284 288.456749 90.500902
129 472.284967 141.859308 288.289123 91.264415
130 472.139675 141.709850 288.594977 91.417577
131 472.392748 141.648075 288.765468 91.437983
132 472.390315 140.999646 288.815671 91.805227
133 472.438933 141.012076 288.972907 91.906076
134 472.467625 141.073642 288.820563 91.928296
135 472.553416 141.063931 288.812515 91.928520
136 472.677930 141.111161 288.807774 91.925620
137 472.707813 141.029716 288.780117 91.872310
138 472.726844 141.029924 288.832772 91.974056
139 472.651609 140.934935 288.769823 91.969265
140 472.837723 140.845490 288.759005 91.925002
141 472.926112 140.844363 288.828239 91.936877
142 472.661814 140.480599 288.834619 92.270852
143 472.625592 140.506698 288.975870 92.340362
144 472.604266 140.502695 288.796006 92.440243
145 472.643851 140.471012 288.868078 92.429953
146 472.662310 140.439429 288.806148 92.439286
147 472.772727 140.430857 288.801794 92.426843
148 472.865780 140.386467 288.772992 92.399581
149 472.652037 140.263644 289.090222 92.340155
150 472.579567 140.109995 289.386169 92.423310
151 472.590307 140.081707 289.356751 92.414462
152 472.605512 140.021600 289.286763 92.438223
153 472.557784 140.021873 289.419424 92.399881
154 472.525778 140.034746 289.316995 92.445664
155 472.586124 140.076663 289.328176 92.425432
156 472.241517 140.016426 289.877013 92.255751
157 472.172555 140.154001 289.845538 92.407211
158 472.013861 140.147092 289.815600 92.420532
159 471.776699 139.964679 289.948282 92.425366
160 471.595646 139.896959 289.982286 92.356624
161 471.613049 139.944802 289.803804 92.428193
162 471.619838 139.907156 289.840574 92.439427
163 471.643340 139.903334 289.870913 92.430615
164 471.721656 139.942067 289.848940 92.412367
165 471.746741 139.979215 289.797443 92.452955
166 471.854587 140.018245 289.851222 92.422036
167 471.951392 140.074981 289.816125 92.426548
168 472.065745 140.129460 289.816125 92.426548
169 472.067453 140.119953 289.948628 92.422759
170 472.090498 140.156077 289.874481 92.401808
171 471.941201 140.170209 290.315935 92.300277
172 471.889739 139.981488 290.720373 92.371846
173 472.025431 139.962154 290.807749 92.417074
174 472.144050 140.021370 290.815491 92.426548
175 472.258797 140.075850 290.815491 92.426548
176 472.373545 140.130329 290.815491 92.426548
177 472.488292 140.184808 290.815491 92.426548
178 472.602331 140.199097 290.783591 92.395258
179 472.721568 140.150598 290.807249 92.351486
180 472.833984 140.238882 290.813563 92.414784
181 472.928479 140.239221 290.863488 92.357079
182 473.021392 140.321568 290.809663 92.425697
183 473.144521 140.370650 290.808442 92.425507
184 473.311081 140.330590 291.453231 92.270240
185 473.417642 140.414736 291.297591 92.432313
186 473.663168 140.333238 291.439327 92.442616
187 473.914094 140.277822 291.252472 92.457405
188 474.527701 139.889657 291.320011 92.452280
189 475.065825 139.567626 291.077724 92.478370
190 475.364532 139.517476 291.274712 92.435321
191 475.514928 139.556476 291.298981 92.424153
192 475.617439 139.467013 291.551568 92.276785
193 477.176890 138.386215 290.899684 92.215961
194 477.270924 138.530378 290.792721 92.423174
195 478.835064 137.259153 290.005593 92.494434
196 479.094693 137.227854 290.345978 92.420417
197 479.272630 137.208533 290.306985 92.439405
198 479.402383 137.248124 290.307760 92.426027
199 480.053377 136.848883 290.461560 92.532679
200 480.144185 136.949834 290.216447 92.826892
201 480.298331 136.739959 290.933779 92.657193
202 483.857504 132.185402 288.595837 92.304395
203 484.028620 131.158253 291.110457 91.785539
204 484.288874 130.963792 291.284289 91.735079
205 484.716439 129.368453 292.096315 92.096547
206 484.940890 129.587933 292.314540 92.426548
207 485.243334 128.829309 293.775191 92.317514
208 485.378464 128.938306 293.813589 92.426548
209 485.289660 128.797724 294.758302 92.295469
210 485.446239 128.882351 294.785202 92.397631
211 485.694136 128.713638 295.620088 92.331161
212 486.150783 128.553190 296.261300 92.506916
213 486.293051 128.817581 296.312004 92.926151
214 487.846538 129.535295 296.062168 92.871849
215 488.649886 129.991197 297.010800 92.889477
216 488.940973 130.129571 297.349842 92.917206
217 489.919723 131.624226 297.516626 92.873818
218 491.316193 132.698092 297.636216 92.858865
219 491.528011 132.876420 297.771081 92.917064
220 491.686478 133.052730 297.873491 92.912342
221 491.529183 133.978169 297.299332 93.196501
222 491.659223 134.147145 297.285027 93.427069
223 491.789705 134.201556 297.311370 93.425754
224 491.703717 134.038054 297.272685 93.402204
225 491.830326 134.075588 297.292560 93.379698
