326 516.004138 50.536326 28.804233 123.668063
327 515.589463 51.288783 29.879662 123.056332
328 507.931690 47.034982 30.916086 124.999801
329 505.672699 49.249257 33.507346 124.749643
330 502.150348 52.233176 37.064454 123.790568
331 503.690593 51.185077 39.121596 127.336369
332 515.673256 51.395988 41.184559 131.018173
333 518.440936 52.836487 41.153509 132.068507
334 512.809217 51.876450 44.328947 132.741225
335 512.893069 52.010778 44.498563 132.977049
336 503.146512 52.207634 47.978280 130.720588
337 506.709115 55.843662 48.221027 130.882096
338 506.368905 55.197546 50.535127 130.642952
339 507.988283 56.051823 51.130535 132.432175
340 507.597620 55.827970 51.560565 133.070915
341 509.078914 55.780127 51.594142 134.466936
342 509.619766 55.693384 51.437310 135.480996
343 509.985491 55.986924 51.109876 135.916841
344 510.178554 56.001856 51.465124 135.998852
345 510.193283 55.970531 51.468471 135.991446
346 510.255289 55.888810 51.275877 136.218966
347 510.379005 55.958505 51.329692 136.697536
348 510.533153 55.937797 51.374290 137.263502
349 510.682503 55.894113 51.393162 137.778429
350 510.798469 55.914255 51.428730 138.194048
351 511.063791 55.459526 50.934376 139.192225
352 511.624540 55.676453 50.693324 140.089829
353 512.260867 54.764206 50.237317 141.373013
354 512.519697 53.959754 49.958625 142.107002
355 512.769779 53.756215 49.690077 142.875073
356 512.948033 53.677291 49.862227 143.082691
357 512.800984 52.713511 49.286752 143.898192
358 513.039447 52.563001 49.262096 144.114457
359 513.234549 52.482738 49.261464 144.597567
360 513.375284 52.421777 49.221600 144.998057
361 514.062795 52.161318 48.832379 145.170828
362 515.871201 52.139099 47.828310 145.655973
363 517.914244 51.005730 46.760731 146.499636
364 519.099619 53.188568 46.227328 145.358892
365 521.595070 53.228477 45.789837 144.925570
366 531.941984 53.077911 45.246966 144.593884
367 546.977221 62.718942 45.597459 139.907094
368 556.241133 74.382930 48.387628 131.737454
369 556.220007 74.497674 48.787787 132.031433
370 556.330817 74.699931 49.302888 132.505604
371 556.374573 74.923486 49.715115 133.021968
372 556.449848 75.160484 50.156579 133.471093
373 556.587148 75.183627 50.578911 133.465746
374 556.776219 75.204325 51.046745 133.470940
375 556.875247 75.169540 51.742344 133.486918
376 556.918776 75.137523 52.131091 133.525559
377 557.097785 75.370974 52.508394 133.980486
378 557.343305 75.380494 52.995198 133.981055
379 557.337660 75.381571 53.014324 133.984103
380 557.560459 75.361431 53.519748 133.970518
381 557.683766 75.271836 54.099433 133.939126
382 557.676839 75.149446 54.682340 133.864681
383 557.667493 75.163624 55.103918 133.882763
384 557.397978 75.153343 55.732609 133.833582
385 557.485368 75.224751 56.017936 133.957183
386 557.458929 75.195361 56.632193 133.868093
387 556.990120 75.156723 57.257275 133.784114
388 556.991048 75.238891 57.556056 133.925727
389 556.896966 75.216578 58.129765 133.879568
390 557.065088 75.270500 58.501174 133.972914
391 557.052536 75.226204 59.104890 133.911440
392 556.584863 75.060483 59.692968 133.787213
393 556.705415 75.153554 60.007496 133.971330
394 556.693757 75.110204 60.603079 133.912743
395 556.425742 75.024500 61.151346 133.867780
396 556.588298 75.086879 61.498821 133.975387
397 556.578489 75.096169 61.498328 133.975860
398 556.569172 75.105357 61.498240 133.975930
399 556.546058 75.106952 61.503396 133.972755
400 556.657027 75.079828 62.046430 133.958090
401 554.868191 74.366417 62.480187 133.920353
402 554.878017 74.406081 62.493631 133.980965
403 554.881121 74.415438 62.493631 133.980965
404 554.884225 74.424796 62.493631 133.980965
405 554.887329 74.434154 62.493631 133.980965
406 554.890432 74.443511 62.493631 133.980965
407 554.893536 74.452869 62.493631 133.980965
408 554.896640 74.462226 62.493631 133.980965
409 554.899744 74.471584 62.493631 133.980965
410 554.902848 74.480942 62.493631 133.980965
411 554.905952 74.490299 62.493631 133.980965
412 554.909056 74.499657 62.493631 133.980965
413 554.912160 74.509014 62.493631 133.980965
414 554.915264 74.518372 62.493631 133.980965
415 554.918368 74.527729 62.493631 133.980965
416 554.921472 74.537087 62.493631 133.980965
417 554.924576 74.546445 62.493631 133.980965
418 554.927679 74.555802 62.493631 133.980965
419 554.930783 74.565160 62.493631 133.980965
420 554.933887 74.574517 62.493631 133.980965
421 554.936991 74.583875 62.493631 133.980965
422 554.940095 74.593233 62.493631 133.980965
423 554.943199 74.602590 62.493631 133.980965
424 554.946303 74.611948 62.493631 133.980965
425 554.949407 74.621305 62.493631 133.980965
426 554.952511 74.630663 62.493631 133.980965
427 554.955615 74.640021 62.493631 133.980965
428 554.958719 74.649378 62.493631 133.980965
429 554.961822 74.658736 62.493631 133.980965
430 554.964926 74.668093 62.493631 133.980965
431 554.968030 74.677451 62.493631 133.980965
432 554.971134 74.686809 62.493631 133.980965
433 554.974238 74.696166 62.493631 133.980965
434 554.977342 74.705524 62.493631 133.980965
435 554.980446 74.714881 62.493631 133.980965
436 554.983550 74.724239 62.493631 133.980965
437 554.986654 74.733597 62.493631 133.980965
438 554.989758 74.742954 62.493631 133.980965
439 554.992862 74.752312 62.493631 133.980965
440 554.995965 74.761669 62.493631 133.980965
441 554.999069 74.771027 62.493631 133.980965
442 555.002173 74.780385 62.493631 133.980965
443 555.005277 74.789742 62.493631 133.980965
444 555.008381 74.799100 62.493631 133.980965
445 555.011485 74.808457 62.493631 133.980965
446 555.014589 74.817815 62.493631 133.980965
447 555.017693 74.827173 62.493631 133.980965
448 555.020797 74.836530 62.493631 133.980965
449 555.023901 74.845888 62.493631 133.980965
450 555.027005 74.855245 62.493631 133.980965
451 555.030109 74.864603 62.493631 133.980965
452 555.033212 74.873961 62.493631 133.980965
453 555.036316 74.883318 62.493631 133.980965
454 555.039420 74.892676 62.493631 133.980965
455 555.042524 74.902033 62.493631 133.980965
456 555.045628 74.911391 62.493631 133.980965
457 555.048732 74.920748 62.493631 133.980965
458 555.051836 74.930106 62.493631 133.980965
459 555.054940 74.939464 62.493631 133.980965
460 555.058044 74.948821 62.493631 133.980965
461 555.061148 74.958179 62.493631 133.980965
462 555.064252 74.967536 62.493631 133.980965
463 555.067355 74.976894 62.493631 133.980965
464 555.070459 74.986252 62.493631 133.980965
465 555.073563 74.995609 62.493631 133.980965
466 555.076667 75.004967 62.493631 133.980965
467 555.079771 75.014324 62.493631 133.980965
468 555.082875 75.023682 62.493631 133.980965
469 555.085979 75.033040 62.493631 133.980965
470 555.089083 75.042397 62.493631 133.980965
471 555.092187 75.051755 62.493631 133.980965
472 555.095291 75.061112 62.493631 133.980965
473 555.098395 75.070470 62.493631 133.980965
474 555.101499 75.079828 62.493631 133.980965
475 555.104602 75.089185 62.493631 133.980965
476 555.107706 75.098543 62.493631 133.980965
477 555.110810 75.107900 62.493631 133.980965
478 555.113914 75.117258 62.493631 133.980965
479 555.117018 75.126616 62.493631 133.980965
480 555.120122 75.135973 62.493631 133.980965
481 555.123226 75.145331 62.493631 133.980965
482 555.126330 75.154688 62.493631 133.980965
483 555.129434 75.164046 62.493631 133.980965
484 555.132538 75.173404 62.493631 133.980965
485 555.135642 75.182761 62.493631 133.980965
486 555.138745 75.192119 62.493631 133.980965
487 555.141849 75.201476 62.493631 133.980965
488 555.144953 75.210834 62.493631 133.980965
489 555.148057 75.220192 62.493631 133.980965
490 555.151161 75.229549 62.493631 133.980965
491 555.154265 75.238907 62.493631 133.980965
492 555.157369 75.248264 62.493631 133.980965
493 555.160473 75.257622 62.493631 133.980965
494 555.163577 75.266980 62.493631 133.980965
495 555.166681 75.276337 62.493631 133.980965
496 555.169785 75.285695 62.493631 133.980965
497 555.172888 75.295052 62.493631 133.980965
498 555.175992 75.304410 62.493631 133.980965
