5 301.128677 216.280870 26.821604 57.108564
6 300.135127 217.775687 26.830507 57.497368
7 299.582340 218.028304 26.888775 57.472705
8 298.110721 219.479706 26.793200 57.571772
9 296.407327 219.487375 26.849540 58.124023
10 295.293576 219.837765 26.867707 58.539524
11 293.254796 219.528376 26.808643 59.220532
12 291.232562 218.273312 26.820648 59.727094
13 290.693782 216.618968 26.959883 59.909926
14 290.586506 215.968731 26.968249 59.818594
15 290.633654 214.701467 26.994055 59.777950
16 290.867304 214.264131 26.989762 59.849356
17 291.294018 213.363389 27.028276 59.835895
18 291.674812 214.316600 27.497127 59.774797
19 291.943772 216.041854 27.508180 59.703435
20 292.240662 216.586866 27.942214 59.800944
21 292.356061 217.108501 27.950395 59.776586
22 292.359800 217.292452 27.957396 59.779910
23 292.603956 220.330614 27.983778 59.606263
24 293.101512 221.119634 28.031360 59.730131
25 293.355179 221.219589 28.449079 59.800135
26 293.825567 219.571597 28.587439 59.828247
27 294.132326 220.338151 28.987235 59.699146
28 294.674276 220.572180 29.051614 59.785386
29 295.244002 221.262958 29.573829 59.755125
30 295.373055 221.148391 29.978764 59.794278
31 295.332280 221.366188 29.966331 59.757514
32 295.291635 221.342417 29.970559 59.786047
33 295.068437 221.988184 29.952723 59.745206
34 295.043808 222.095898 29.964380 59.780182
35 295.057575 222.224687 29.972011 59.771132
36 295.039141 222.460039 29.978398 59.772703
37 294.990796 222.867920 29.967184 59.741083
38 294.938877 223.153791 29.974248 59.751337
39 295.095898 225.769933 29.991789 59.568372
40 294.756140 226.636825 29.958515 59.809799
41 294.810676 228.638988 29.963236 59.630244
42 293.824171 226.056948 30.065919 59.840824
43 293.796204 225.291905 30.501947 59.759474
44 293.699622 225.740851 30.978711 59.759110
45 292.486375 222.367363 31.117141 59.780331
46 292.330236 223.110499 31.473267 59.778766
47 292.311457 224.291010 31.454574 59.709340
48 292.107334 223.928615 31.482043 59.815793
49 291.173870 226.522005 31.368835 59.873242
50 290.771152 226.782239 31.461114 59.848772
51 290.764162 226.478341 31.487383 59.858165
52 290.763025 225.528008 31.510471 59.824113
53 291.088712 225.181488 31.960426 59.835892
54 291.291073 223.935830 32.042206 59.819186
55 292.343492 221.620520 32.685492 59.735616
56 292.835153 221.117425 33.026024 59.860476
57 292.974075 217.467765 33.691719 59.737083
58 293.253833 214.721026 34.137764 59.797763
59 293.118984 210.847980 34.620142 59.897567
60 293.229563 210.279128 34.997922 59.831749
61 293.037832 209.777284 35.009701 59.823987
62 292.656436 207.917643 35.535701 59.888391
63 292.713481 206.855938 36.057222 59.882618
64 292.152848 198.862131 36.755878 60.074804
65 292.354347 198.531379 36.964201 60.346672
66 292.354328 198.595849 36.941528 60.280851
67 292.145788 198.468962 36.982475 60.299161
68 292.108626 198.421529 36.968073 60.287071
69 291.879730 198.366984 36.976916 60.296738
70 291.770227 198.495862 36.951016 60.253912
71 291.345463 198.558511 36.952676 60.330500
72 291.136388 198.635715 36.960954 60.258975
73 291.041759 198.847152 36.950365 60.247776
74 291.002014 199.011918 36.957202 60.261298
75 291.032397 199.654275 36.950307 60.231785
76 291.032654 199.826763 36.948223 60.269090
77 290.872159 199.690072 36.985579 60.275589
78 290.894138 200.108895 36.951381 60.250947
79 290.777336 200.812339 36.913271 60.245457
80 290.805545 201.245528 36.955550 60.249224
81 290.862777 201.746245 36.968560 60.258776
82 290.887364 201.910718 36.962371 60.272107
83 290.968487 202.477052 37.024100 60.266176
84 291.276095 202.476501 37.466869 60.297785
85 291.403976 203.254868 37.530048 60.253145
86 291.752380 204.770727 38.023768 60.213135
87 292.061299 206.791716 38.496929 60.200418
88 292.034091 207.414013 38.445467 60.232515
89 292.011113 207.878283 38.440517 60.219704
90 291.970821 208.389056 38.427893 60.226590
91 291.980263 208.823516 38.418486 60.262648
92 291.961186 208.850708 38.457387 60.280975
93 291.971056 208.890404 38.444723 60.300168
94 291.745211 208.399294 38.505618 60.317091
95 291.488597 206.374072 39.074647 60.423811
96 291.737235 206.898707 39.445094 60.263490
97 291.363303 207.974610 39.435714 60.323319
98 291.489625 207.575224 39.484224 60.327670
99 291.609812 206.015453 39.562378 60.326343
100 291.955136 204.993752 40.027304 60.341855
101 292.108740 205.362182 40.465938 60.293501
102 292.292889 206.204920 40.467081 60.242647
103 292.488134 208.193694 40.471839 60.184921
104 292.008015 209.746911 40.425143 60.360537
105 291.480526 210.282433 40.423948 60.336924
106 291.453754 211.036825 40.437269 60.245768
107 290.979836 212.555086 40.424738 60.265824
108 291.094695 212.632796 40.442165 60.336538
109 290.839063 212.542029 40.460214 60.371254
110 290.699498 211.234430 40.528570 60.343300
111 290.829080 211.190288 40.949034 60.312097
112 293.841655 210.700450 41.362766 60.192817
113 295.048714 210.975194 41.591262 60.294950
114 295.618637 211.787939 42.006939 60.256315
115 296.189727 211.564561 42.562384 60.362444
116 296.342545 210.825966 43.000787 60.351461
117 296.500422 208.381105 43.662141 60.359216
118 298.632044 207.622979 44.246884 60.394878
119 304.098068 208.021570 45.169088 60.323420
120 305.468066 208.748399 45.584593 60.304132
121 305.856470 208.998186 45.985374 60.344985
122 305.947935 208.267153 45.999708 60.345221
123 306.240417 208.204185 45.955659 60.370617
124 307.001399 210.087094 45.997763 60.244340
125 307.081418 210.275881 45.972216 60.310170
126 309.054897 211.815312 46.163094 60.197418
127 310.930865 213.528927 46.646581 60.207362
128 311.504523 215.003879 47.022037 60.241917
129 311.518904 217.821693 47.335404 60.309394
130 310.811856 222.101258 47.247104 60.388872
131 308.345945 221.568160 47.395256 60.482223
132 306.448218 222.015931 47.370937 60.490529
133 303.012355 221.426477 47.383385 60.549325
134 302.770111 219.012491 47.658918 60.804584
135 302.468938 218.221328 48.024360 60.853442
136 302.027380 217.160598 48.533513 60.889937
137 301.480975 215.227339 49.099582 60.849128
138 301.610886 213.949991 49.551859 60.819262
139 303.985778 211.553951 50.377145 60.601141
140 304.599814 207.606216 50.822276 60.674847
141 306.183301 204.344995 51.383421 60.756594
142 307.300712 204.198643 51.592455 60.843320
143 310.605991 208.922316 52.021431 60.508836
144 309.538816 207.445444 52.467704 60.830120
145 310.181422 209.107909 52.452453 60.615050
146 313.684754 208.433418 52.917516 60.762530
147 314.075740 207.114062 53.128101 60.875435
148 313.460169 211.983157 53.278191 60.566609
149 310.215716 209.618975 53.562956 60.851016
150 308.808626 209.256596 53.973208 60.798816
151 307.238148 208.538035 54.017901 60.759878
152 305.508802 209.251397 54.392606 60.904699
153 302.374959 208.322330 54.468074 60.897803
154 298.189507 210.024492 54.321522 61.108570
155 296.296948 207.137738 54.652165 61.335164
156 295.485299 210.383091 54.766927 61.311420
157 295.053226 212.399074 54.878854 61.324329
158 292.398999 214.961192 54.750533 61.410736
159 291.416593 215.690741 54.905888 61.363452
160 289.097341 219.178604 54.701778 61.448760
161 288.320620 219.900532 54.876140 61.394900
162 287.469060 221.638276 54.829557 61.326833
163 286.459801 222.145731 54.908550 61.360449
164 286.456565 222.588400 54.951437 61.306900
165 286.943746 223.858761 55.022124 61.264575
166 287.801804 225.884853 55.571211 61.211695
167 287.660968 225.761707 56.059304 61.317334
168 288.551305 224.896155 56.757702 61.399883
169 290.440808 226.920792 57.165277 61.085918
170 290.552875 226.171294 57.647540 61.345109
171 290.391289 225.033542 58.167109 61.370883
172 289.598298 224.116518 58.602548 61.440557
173 289.163505 223.184656 59.120304 61.398868
174 288.848247 223.938060 59.521282 61.283912
175 287.674916 222.637144 60.125539 61.450211
176 287.645692 222.210552 60.538147 61.279112
177 286.986909 219.285125 61.312133 61.394068
178 287.165802 222.424598 61.507639 60.899244
179 286.660003 219.991206 62.249534 60.858355
180 286.415336 217.138670 62.877405 60.783188
181 289.217683 216.020862 63.420624 60.785585
182 288.767333 212.782870 63.875141 60.725255
183 285.771932 211.084288 64.037805 60.918472
184 273.040973 210.690223 64.452307 61.439500
185 267.171481 208.399209 64.562930 61.571941
186 261.881980 205.916957 65.120872 61.926735
187 256.759661 205.471124 65.524015 61.996813
188 255.790781 203.131115 66.240887 61.850111
189 254.461052 201.307353 66.677511 61.881703
190 253.063949 199.314299 67.174657 61.880030
191 252.487599 199.934376 67.498610 61.801363
192 250.601781 199.056734 67.551675 61.899835
193 246.054882 198.018256 67.908309 62.085948
194 241.305898 197.111215 67.864684 62.597093
195 239.804831 195.330085 68.161749 62.848868
196 238.396017 194.129883 68.560283 62.857994
197 237.009282 193.244755 69.037712 62.825734
198 236.729862 193.079204 69.487009 62.741926
199 236.587684 193.270188 69.419960 62.759479
