2 300.526035 26.578739 134.307500 200.850523
3 302.594905 24.604845 134.538154 199.824930
4 300.072466 25.482604 134.763300 198.845720
5 300.382402 25.476458 134.896076 197.964430
6 299.931579 25.914158 134.796189 197.044401
7 301.098910 26.607344 134.844552 196.573757
8 302.100206 26.973413 134.919070 196.049753
9 302.873204 27.685066 134.888538 195.599342
10 303.162853 28.162308 134.882455 194.986117
11 302.083054 29.021376 134.862931 193.928154
12 299.546644 28.771741 134.785792 192.975519
13 297.815268 29.197461 135.058116 191.722234
14 298.053597 28.536896 135.508703 190.773111
15 298.251010 28.818330 136.084992 189.833236
16 295.768910 30.112496 136.518433 188.811503
17 295.514073 30.021282 136.932126 187.693273
18 297.227455 25.976938 136.957355 186.471537
19 300.692441 28.649006 136.935830 184.900005
20 301.011161 29.751848 137.156203 183.883941
21 302.234769 29.390288 137.560772 182.820950
22 302.006867 30.296360 138.124158 181.920466
23 308.719877 28.732882 138.863534 180.078551
24 308.404658 29.412735 139.050327 179.474401
25 305.781626 29.539192 139.438523 178.612348
26 310.555553 29.491714 139.701818 177.721544
27 311.868382 29.718943 139.947676 177.026138
28 311.525944 29.966039 139.838841 176.567376
29 312.512739 29.701709 139.964659 175.820221
30 314.057841 28.127214 140.034433 174.759663
31 314.450255 28.019915 140.336537 174.045614
32 311.576408 26.835350 140.146330 173.598607
33 313.111947 27.361263 140.639585 172.767494
34 312.630484 28.002500 141.138522 171.855115
35 313.073354 28.089984 141.674700 170.814606
36 310.121818 25.926256 142.068672 169.968750
37 304.999841 26.904229 142.383691 169.025169
38 295.114424 28.871599 141.964023 168.572513
39 285.745437 33.046691 141.072185 167.625059
40 268.559136 27.792037 140.859275 167.593745
41 261.187524 23.993297 140.554037 167.765065
42 258.825908 23.866505 140.706147 167.473758
43 258.290019 24.446234 140.758737 166.697775
44 257.411923 25.941841 140.654881 166.071294
45 255.928541 25.896101 140.755598 165.727741
46 253.652955 26.498897 140.654827 165.163712
47 252.271608 27.232044 140.681143 164.653249
48 251.139780 27.468126 140.679415 164.224548
49 250.916657 27.104505 140.753217 163.741198
50 249.733288 26.636471 140.721019 163.330480
51 247.743046 23.122301 140.856791 162.758378
52 247.209537 23.016219 140.691631 162.357514
53 246.917792 24.591234 140.590672 161.607857
54 246.301703 23.485536 140.716662 161.350293
55 246.216013 23.907724 140.684511 160.796236
56 245.859693 24.708527 140.641905 160.250088
57 245.077717 26.431158 140.561197 159.656016
58 244.978624 27.635689 140.620497 159.177788
59 244.968563 30.528862 140.467540 158.468717
60 244.046626 33.252722 139.938657 157.623401
61 241.639385 36.647481 139.333196 157.212506
62 239.139656 39.378930 138.978579 156.733773
63 235.048606 41.727948 138.487719 156.363294
64 232.948134 44.246778 137.927040 155.776839
65 231.141266 45.516446 137.566322 155.376901
66 229.743833 45.789044 137.683544 154.854948
67 229.025058 46.667556 137.735233 154.419868
68 228.023397 47.570343 137.722704 153.850676
69 227.807535 49.076117 137.682235 153.308049
70 227.988442 51.361875 137.601092 152.724380
71 227.927498 53.762410 137.622801 152.249712
72 227.704266 57.965052 137.402418 151.697022
73 227.232948 61.471446 137.079288 151.197307
74 226.200249 65.385998 136.923270 150.808619
75 225.854428 72.728047 136.376496 150.123032
76 224.475086 76.695910 136.063375 149.869281
77 224.366337 83.691582 135.987306 149.197369
78 224.664729 96.157291 135.623287 148.284461
79 224.439790 97.702262 135.924651 147.829348
80 224.005883 100.056460 135.906143 147.463611
81 223.824761 99.998736 135.965331 146.865226
82 223.800390 99.258383 136.046621 146.356576
83 224.272307 99.759482 136.470567 145.871702
84 224.320739 103.353630 136.362677 145.345972
85 224.086942 103.880448 136.419805 145.026386
86 224.192062 103.542797 136.518771 144.866875
87 224.354396 105.572747 136.959243 144.508094
88 224.340099 107.096447 136.929578 144.478162
89 224.491533 108.764248 136.892897 144.006062
90 224.716247 109.742966 136.898672 144.042953
91 224.976708 110.708724 136.940154 144.059986
92 224.950325 110.201826 136.851062 144.027208
93 225.030308 109.992219 136.833704 144.050525
94 225.403866 112.001799 136.867511 143.982270
95 225.564586 112.529253 136.877408 143.514288
96 225.463813 112.530396 136.861854 143.451563
97 225.514144 112.555217 136.837173 143.010425
98 225.485573 112.997051 136.873292 143.008981
99 225.442732 111.485337 136.959471 142.879703
100 225.339326 111.468160 136.897026 142.515363
101 225.562022 111.495149 136.871581 142.432808
102 225.463378 111.537388 136.876800 141.992378
103 225.572229 113.704961 136.873835 141.479798
104 225.378127 114.631601 136.903532 140.957312
105 225.300960 114.553291 136.892002 140.432330
106 224.932661 114.755131 136.890147 140.003717
107 224.245895 114.597741 136.942382 139.989152
108 223.741703 114.988982 136.898417 139.488440
109 223.171970 115.660203 136.825539 139.054590
110 222.808342 117.581013 136.770612 139.103934
111 222.363552 117.266033 136.783311 138.958025
112 221.959663 117.918686 136.807515 138.513210
113 221.463229 118.416604 136.787525 138.537211
114 220.735892 118.645652 136.753137 138.485055
115 219.947003 119.196808 136.720944 138.068389
116 219.663770 120.080641 136.776472 138.009810
117 219.104171 120.622575 136.779692 138.024597
118 218.196646 120.830584 136.761224 138.002215
119 217.546937 121.522353 136.739053 138.022913
120 216.744695 122.579322 136.693846 138.044462
121 216.071096 122.884921 136.727398 137.975039
122 215.440997 123.294598 136.685700 137.495530
123 214.105216 123.118273 136.665861 137.022555
124 213.222577 122.982442 136.755939 136.961914
125 212.262909 122.070168 136.805228 136.396662
126 211.501974 121.470967 136.777308 135.898259
127 210.191595 120.954038 136.696420 135.500202
128 209.459907 119.823310 136.883313 135.306651
129 208.719756 118.098504 136.930355 134.775712
130 207.910061 117.857420 136.839322 134.444834
131 207.022460 117.434880 136.876500 133.945544
132 205.723926 116.025716 136.944289 133.343716
133 203.733559 114.789287 136.846815 132.959431
134 202.419529 114.309415 136.880112 132.471939
135 201.332480 113.803505 136.879590 131.947369
136 199.902204 114.072249 136.718703 131.513492
137 197.052438 113.843189 136.670316 131.619733
138 196.125723 113.776184 136.873567 131.437388
139 194.458292 112.799678 136.865257 130.916281
140 191.719797 110.323040 136.961307 130.396763
141 188.265704 107.688234 137.010237 129.778537
142 187.624827 105.353382 137.487608 129.276578
143 186.764843 104.315819 137.251810 128.842568
144 186.129209 103.082552 137.173315 128.328271
145 185.749698 102.783048 137.123801 127.918753
146 185.598787 101.280166 137.085196 127.423401
147 185.461894 99.722345 137.181091 126.972187
148 185.211284 97.891820 137.204387 126.511276
149 184.985330 94.863084 137.327983 126.539872
150 184.474919 90.615508 137.320286 126.597293
151 182.837424 83.970483 137.281235 126.726113
152 179.794147 81.708797 137.186520 126.820093
153 177.213209 82.234715 137.147843 126.894550
154 173.353368 80.748484 137.221355 126.864931
155 170.119668 81.449665 137.046748 126.905299
156 168.673420 85.213885 136.972483 126.764616
157 161.918693 82.626073 136.685648 126.946769
158 159.051511 84.248080 136.537245 126.697069
159 156.213919 84.488608 136.546502 126.612287
160 153.615275 83.795025 136.588207 126.585860
161 151.162519 83.275583 136.535749 126.568988
162 149.085268 83.287298 136.553361 126.548308
163 146.979788 83.305586 136.523618 126.555611
164 144.808084 83.197689 136.523448 126.549543
165 143.056881 83.582392 136.520940 126.531981
166 140.793223 82.935920 136.516047 126.518634
167 138.842170 82.133977 136.558379 126.516290
168 137.229078 81.534307 136.513969 126.503440
169 135.487272 80.578427 136.523638 126.517005
170 133.611383 79.840945 136.471932 126.495943
171 131.628770 79.791322 135.979372 126.005902
172 129.232084 79.880652 135.455333 126.025035
173 127.083564 80.017147 134.966348 126.014799
174 124.691558 79.834112 134.430305 125.997505
175 122.700919 79.843952 133.913156 125.454797
176 121.113079 79.902507 133.458997 124.928211
177 120.466211 81.113936 132.981705 124.406946
178 119.137413 81.029679 132.524190 123.898858
179 117.561931 80.340591 132.527792 123.434815
180 116.776895 80.253838 132.580887 122.920411
181 116.027754 80.082003 132.652957 122.447479
182 114.699379 79.712186 132.597655 121.931675
183 113.644220 79.445599 132.618793 121.452733
184 112.314624 78.997607 132.584362 120.941888
185 111.245342 78.854102 132.626016 120.438536
186 110.217410 78.757350 132.631901 119.944229
187 109.371656 78.750583 132.674037 119.444378
188 108.356851 78.744912 132.678274 118.932311
189 107.598128 78.798021 132.701136 118.448287
190 106.796726 78.828149 132.703197 117.955312
191 106.342009 78.954220 132.706939 117.472595
192 106.069351 79.070528 132.725052 116.997386
193 105.645018 79.180670 132.711658 116.476277
194 105.216500 79.298107 132.717327 115.978632
195 104.741254 79.425142 132.702481 115.469608
196 104.134994 79.561551 132.696817 114.963479
197 103.579878 79.676110 132.707256 114.477229
198 102.927661 79.764533 132.699760 113.971384
199 102.590676 79.916376 132.705588 113.494202
200 101.971497 80.056943 132.681394 112.966513
201 101.672037 80.243610 132.699988 112.493913
202 101.318386 80.427177 132.698853 111.990960
203 100.940074 80.607141 132.696177 111.491764
204 100.590034 80.780017 132.703236 110.996542
205 100.277554 80.963488 132.695911 110.505078
206 99.959008 81.460700 132.665495 110.492930
207 99.609304 81.676150 132.690539 110.002491
208 99.146850 82.161775 132.664030 109.987105
209 98.751545 82.407666 132.675382 109.494404
210 98.567927 82.649812 132.693418 109.026224
211 98.327314 83.117150 132.681020 109.023509
212 98.122301 83.553536 132.700046 109.025983
213 98.027340 83.974744 132.734539 109.044154
214 97.847648 84.377609 132.720048 109.032505
215 97.711338 84.766969 132.734634 109.040755
216 97.567969 85.246873 132.708093 109.030881
217 97.436761 85.683598 132.726910 109.031920
218 97.367060 86.173736 132.731971 109.037867
219 97.269448 86.708430 132.713008 109.037810
220 97.217231 87.187326 132.725407 109.040295
221 97.199265 87.654353 132.738611 109.045626
222 97.055772 88.121306 132.726041 109.028135
223 96.926498 88.612480 132.715748 109.031936
224 96.795648 89.118242 132.705512 109.034129
225 96.697675 89.607594 132.720612 109.036630
226 96.545475 90.089805 132.711873 109.033852
227 96.492025 90.579243 132.729250 109.044034
228 96.354443 91.075704 132.701675 109.040796
229 96.197848 91.558359 132.699583 109.038583
230 96.088589 92.060668 132.696887 109.047240
231 96.044966 92.531606 132.718786 109.053521
232 95.984198 92.986549 132.715317 109.054743
233 95.864490 93.425593 132.713750 109.045825
234 95.774397 93.850905 132.729390 109.051756
235 95.646658 94.275517 132.721722 109.051391
236 95.477908 94.679290 132.722363 109.046242
237 95.308927 95.143407 132.699012 109.046493
238 95.163691 95.611644 132.701390 109.042415
239 94.879848 96.083162 132.672458 109.030343
240 94.490932 96.563614 132.645372 109.015478
241 93.908977 97.099503 132.617822 108.999354
242 93.191578 97.388731 132.601872 108.490481
243 92.415138 97.648630 132.598695 107.999845
244 91.728053 97.904356 132.610599 107.499703
245 91.130994 98.125620 132.615470 107.004531
246 90.538838 98.600528 132.604403 107.008027
247 89.636204 99.058116 132.586018 106.993059
248 89.054740 99.255581 132.607409 106.510968
249 88.459125 99.692585 132.603471 106.510208
250 87.904450 100.130608 132.615527 106.510948
251 87.440639 100.547582 132.631800 106.516259
252 86.874710 100.963640 132.607009 106.510397
253 86.466121 101.374649 132.634248 106.519071
254 85.947681 101.798583 132.617226 106.504453
255 85.471598 102.205763 132.627900 106.509361
256 84.998398 102.626530 132.627887 106.504718
257 84.554593 103.029843 132.626581 106.509382
258 84.126515 103.429329 132.633030 106.510601
259 83.889320 103.796588 132.665190 106.534933
260 83.629577 104.153318 132.661499 106.532744
261 83.459420 104.506249 132.692556 106.546433
262 83.249984 104.850744 132.688770 106.542729
263 83.081317 105.181290 132.702963 106.552816
264 82.984846 105.485210 132.733385 106.568500
265 82.793923 105.794707 132.711588 106.550765
266 82.675668 106.100439 132.726187 106.564582
267 82.526153 106.404104 132.719046 106.559617
268 82.400726 106.709501 132.728451 106.560806
269 82.274325 107.013023 132.733119 106.559893
270 82.232975 107.308721 132.756286 106.578041
271 82.157294 107.590759 132.752449 106.573097
272 82.108328 107.869074 132.763357 106.577383
273 82.062856 108.148450 132.762628 106.579914
274 82.060747 108.419494 132.782212 106.587399
275 82.017162 108.689021 132.773460 106.581868
276 81.950322 108.958685 132.769737 106.576159
277 81.937004 109.219056 132.783296 106.587501
278 81.865340 109.487593 132.765520 106.577603
279 81.809077 109.750599 132.775686 106.579541
280 81.726283 110.021426 132.771132 106.574230
281 81.656148 110.287991 132.772179 106.577771
282 81.622938 110.559628 132.784780 106.583511
283 81.542180 110.833118 132.767264 106.577296
284 81.375108 111.118737 132.741699 106.558898
285 81.278422 111.406065 132.759425 106.570847
286 81.119113 111.683954 132.744820 106.560669
287 80.921622 111.903293 132.740380 106.559327
288 80.817256 112.164121 132.758303 106.569837
289 80.625840 112.425958 132.733005 106.552724
290 80.394334 112.685010 132.720638 106.543556
