31 517.772260 418.378445 89.866010 271.761742
32 517.918820 418.446044 89.864044 271.754102
33 518.067003 418.525842 89.862598 271.745620
34 518.200678 418.640762 89.875391 271.710614
35 518.350289 418.860123 89.848758 271.542121
36 518.577938 419.241019 89.790371 271.347040
37 518.813365 419.577056 89.815649 270.696499
38 519.047505 420.179911 89.820828 269.860164
39 519.296602 420.588418 89.822026 269.006325
40 519.474738 420.925943 89.847552 268.995723
41 519.674069 421.106607 89.829712 268.342287
42 519.894452 421.322687 89.791032 267.932209
43 520.206496 421.583337 89.622916 267.191841
44 520.542521 422.219506 89.886377 266.492668
45 520.618108 423.747360 89.756022 264.093109
46 520.580400 429.202775 89.877382 257.705744
47 521.208977 433.526567 91.138471 253.689018
48 522.280866 437.960891 92.098267 251.065998
49 522.522196 438.524882 92.041777 250.986147
50 523.193555 436.708414 89.749143 253.102622
51 523.825784 436.457001 88.615341 253.711368
52 524.077744 436.567114 88.825344 253.884770
53 524.188188 436.600397 88.913226 253.876182
54 524.343677 436.688830 88.875558 253.865221
55 525.494068 436.903812 88.672286 254.092751
56 527.543731 436.837494 88.312454 255.230873
57 530.044960 437.150481 87.926914 256.252251
58 534.315415 438.317649 88.035529 256.401101
59 539.773072 438.448849 88.746546 257.244542
60 546.662570 437.546825 88.956891 259.941468
61 553.023360 438.417663 89.838101 261.456601
62 561.225214 440.145212 91.219208 262.023760
63 568.286401 441.614201 92.417534 262.697643
64 572.893371 445.313891 94.199239 261.123028
65 577.530721 447.477999 95.487307 260.060059
66 582.201319 450.791795 96.028468 258.466459
67 585.708184 452.968875 96.367901 256.594080
68 590.889983 454.687094 95.574109 256.129192
69 592.535472 454.478933 95.467383 256.693370
70 592.606681 454.634208 95.438806 256.796792
71 592.654086 454.316113 95.443537 256.993064
72 592.820999 453.899967 95.377075 256.276886
73 592.914493 454.173718 95.266126 254.265309
74 592.952080 454.280347 95.136757 251.912771
75 593.086547 457.026018 94.837391 246.033548
76 592.903578 459.592573 97.102945 241.837491
77 598.362791 461.103693 97.526854 241.426639
78 599.238706 461.563181 97.757303 240.998172
79 604.716486 469.545398 96.325868 233.528059
80 605.513044 471.436466 96.106049 232.066711
81 607.878154 476.041100 96.377932 228.986289
82 610.559339 477.888580 95.783435 227.577660
83 611.287003 479.774847 95.718961 226.817747
84 611.593384 480.452049 95.865935 226.558383
85 611.691389 480.691638 95.942340 226.897138
86 611.897790 480.714190 95.858299 226.968891
87 612.331340 480.514180 95.725566 227.121632
88 612.742625 480.569651 95.743803 227.544347
89 613.113791 480.766134 95.781377 227.949174
90 613.332339 480.825239 95.842268 227.898293
91 613.481014 480.982746 95.879480 227.853490
92 613.591971 481.371242 95.901210 227.677866
93 613.691583 482.043940 95.920816 227.549512
94 613.753372 482.628456 95.917580 227.682258
95 613.818198 482.844372 95.919695 227.857828
96 613.885981 482.950052 95.924506 227.882671
97 614.191795 483.556518 95.690442 227.377530
98 614.339616 483.610897 95.962381 227.400372
99 614.352433 483.653986 95.961809 227.400545
100 615.442421 483.765439 95.480750 228.157175
101 617.246561 483.818970 94.928071 228.925511
102 617.275640 483.849314 94.962773 228.899715
103 617.410311 483.839453 94.812904 229.182957
104 617.573140 483.657044 94.885546 229.865313
105 618.236429 483.895915 94.524545 229.890240
106 627.042762 483.403595 91.059720 230.558738
107 631.711674 486.683779 87.800374 229.153037
108 635.309597 489.058309 85.937466 227.499785
109 636.431414 490.819955 85.136035 224.837206
110 636.784221 491.860950 85.120794 223.000585
111 636.956717 492.219170 85.411245 223.034212
112 636.893679 492.552414 85.436982 222.918260
113 636.674504 492.804741 85.377626 221.992117
114 636.703140 492.789448 85.417001 221.756559
115 636.665388 492.892918 85.400216 221.682236
116 636.402096 493.057242 85.382421 221.334705
117 636.313087 493.050060 85.367572 221.185370
118 636.264331 493.028361 85.258122 221.061204
119 636.397126 493.001401 85.154918 221.276414
120 636.518399 492.927336 85.414502 221.393398
