5 264.779148 111.685406 93.391731 213.786707
6 264.373663 113.264556 94.443974 214.941573
7 263.993216 114.712964 95.127233 215.592801
8 264.011523 115.342291 95.706255 216.537334
9 263.335039 116.052800 96.675005 218.459444
10 262.792823 116.398887 97.652781 220.313627
11 261.357419 117.240447 99.297287 221.785589
12 259.894519 117.902601 100.806174 223.227739
13 258.471379 117.807905 102.951735 225.013178
14 257.851339 117.746950 104.128272 226.887999
15 257.693050 117.403679 105.192939 228.066801
16 257.640084 117.294049 106.234663 229.495205
17 257.642122 116.837163 107.338537 230.908647
18 257.380027 116.565906 109.495347 232.865898
19 257.117344 116.323258 110.280600 233.344964
20 256.953116 115.933643 112.088872 233.887457
21 257.112439 115.685468 113.185680 234.285946
22 257.202522 115.367664 114.153706 234.472683
23 257.366294 115.118326 114.713920 234.430986
24 257.511352 114.977245 115.157073 234.506452
25 257.675408 115.047675 115.599239 234.997255
26 257.862281 114.915868 116.045047 234.938873
27 258.078953 114.935988 116.455887 234.895608
28 257.734686 114.795155 116.700269 234.705784
29 254.099355 112.850489 118.153173 234.542775
30 252.058843 112.480327 119.163230 234.598131
31 250.113508 111.800731 120.333448 234.960298
32 246.902075 110.431044 121.816193 235.119912
33 241.263803 109.727432 123.759663 235.888755
34 237.100576 109.919997 125.350053 236.159651
35 230.455760 110.130623 127.438520 238.147317
36 226.547467 109.374357 128.971792 240.781621
37 226.261632 109.500865 129.090589 241.275998
38 226.416437 109.593174 129.464907 241.565938
39 226.402256 109.670577 129.475646 242.269493
40 226.406394 109.769538 129.448117 242.425359
41 226.422949 109.799551 129.449254 242.393803
42 226.453460 109.802141 129.437311 242.540957
43 226.488003 110.001061 129.436829 242.963512
44 226.625953 109.986791 129.448123 243.209217
45 226.729747 110.103271 129.434878 243.479379
46 226.920352 109.990981 129.397964 243.550032
47 227.154083 110.095592 129.478727 243.992879
48 228.228364 109.824989 129.513283 244.596238
49 230.217806 108.976402 130.177133 245.754176
50 233.617016 106.650553 130.627821 246.646392
51 237.030207 103.605931 130.389323 247.188976
52 241.061904 99.976761 129.309916 247.833269
53 243.756391 97.502471 129.014938 248.177383
54 245.233671 96.475402 129.160990 248.543203
55 245.488713 96.572815 129.407078 248.885684
56 245.548357 96.555872 129.443579 248.890873
57 245.594587 96.444163 129.482648 248.661328
58 245.761227 96.159775 129.528387 248.236788
59 246.020781 96.139839 130.055040 248.297197
60 246.297592 96.116182 130.562744 248.315339
61 246.520767 96.187859 130.962583 248.327176
62 246.543411 96.264151 130.969154 248.348612
63 246.564618 96.317236 130.972178 248.411509
64 246.610175 96.328161 130.982660 248.386625
65 246.841135 96.276984 131.106292 248.338955
66 248.054579 96.058747 131.658635 248.900616
67 249.463448 95.833146 132.069230 249.239483
68 250.468266 95.849157 132.693030 249.665833
69 251.062065 95.831847 133.082718 250.685024
70 253.207907 96.353372 133.775670 260.259828
71 254.249883 97.581217 134.122853 263.250492
72 254.514347 97.801061 134.479009 263.708322
73 254.516081 97.935356 134.448949 263.886691
74 254.531858 97.984054 134.447294 263.884387
75 254.521886 97.972826 134.455234 263.801454
76 254.177143 97.776420 133.619310 267.030077
77 254.333891 98.036318 133.803289 267.688002
78 254.060780 98.013587 133.546260 267.942570
79 249.001340 100.892736 132.612239 268.081915
80 249.173201 101.072869 132.915145 268.372353
81 248.793725 101.130559 132.396172 268.452923
82 247.768303 101.243387 131.643545 267.644729
83 247.569342 101.341459 131.480926 267.569902
84 247.188245 101.902569 130.724338 268.222205
85 247.039971 102.384282 130.168007 269.481945
86 247.016971 102.395289 129.961709 269.662357
87 246.824579 102.240674 129.529970 270.088217
88 246.750474 102.062076 129.607121 270.693541
89 246.637081 102.007477 129.768868 270.946592
90 245.955768 101.641278 129.574422 270.705152
91 244.193085 102.053881 129.273615 272.008830
92 242.344448 102.433848 128.661127 273.312685
93 239.139374 102.807558 128.004674 274.330274
94 237.729151 102.925157 127.866437 274.733498
95 236.633042 103.164493 127.675818 274.778652
96 236.781425 103.269475 127.862134 275.327117
97 236.841080 103.347614 127.949841 275.379351
98 238.544779 105.631944 126.859235 284.685755
99 241.046227 106.570728 125.414244 291.907753
100 242.367993 106.254795 124.691227 296.756860
101 242.599025 106.362359 124.909729 296.952033
102 242.782390 106.287718 124.945849 296.975018
103 242.804733 106.287916 124.951088 296.878263
104 242.820129 106.339834 124.951017 296.869936
105 242.835560 106.395916 124.951017 296.869936
106 242.854998 106.455935 124.950194 296.911119
107 242.870840 106.491425 124.951017 296.869936
108 242.886272 106.547507 124.951017 296.869936
109 242.904022 106.604891 124.949497 296.876082
