60 472.340422 344.206890 85.510553 67.941931
61 465.436074 342.254817 89.864306 65.218360
62 465.075952 342.025853 92.174555 61.782880
63 463.006331 336.901347 95.706589 58.994137
64 458.419838 339.870168 100.784395 53.777885
65 459.093995 340.223423 103.025801 51.785548
66 459.089715 336.528078 105.802335 50.090380
67 456.296640 338.154595 107.445600 48.480370
68 455.299932 339.066377 107.645384 47.383459
69 453.754624 339.314971 107.970857 47.159354
70 452.660161 339.393468 107.980848 47.109273
71 449.117459 345.047608 108.108033 45.352315
72 447.587579 344.549020 107.692911 45.225544
73 444.813651 341.735491 107.598833 45.633858
74 440.362805 342.994809 105.575393 45.727916
75 439.787172 342.586090 103.896758 45.397753
76 437.267709 339.205849 102.526307 45.663669
77 435.908147 337.992298 101.143757 45.761730
78 435.297457 338.102486 99.842224 45.883833
79 433.702260 335.039814 98.492064 45.895778
80 432.734117 334.797721 97.332040 45.745985
81 429.927109 339.365017 96.215985 45.757709
82 428.300234 336.242125 96.576320 46.200299
83 426.515365 334.004503 96.900338 46.487200
84 423.321514 336.599455 97.024274 46.379792
85 421.620635 335.042588 97.703759 46.650437
86 415.965655 334.048178 97.423272 47.369352
87 410.902972 334.103398 96.277061 48.330578
88 409.052123 334.254845 95.666553 48.825611
89 407.083992 333.705976 94.835156 49.232339
90 403.784120 333.266873 93.709965 50.025863
91 401.796609 333.429649 93.144191 50.408220
92 395.565283 333.006453 92.551345 51.150637
93 392.051743 333.466355 92.090333 51.963628
94 386.630650 333.844401 91.955736 52.705857
95 384.869471 333.376270 91.432984 52.975594
96 379.303860 332.983018 90.844664 53.465911
97 371.852876 333.754169 90.184101 54.763179
98 370.680585 333.528129 90.102666 54.877537
99 365.257292 332.543995 90.283239 55.446803
100 358.552090 334.035754 90.680659 56.306999
101 355.629679 333.242914 90.222373 56.753801
102 353.036937 332.905442 90.854569 57.509951
103 345.645998 333.757285 92.082696 58.940212
104 336.567695 332.074713 93.210097 60.437056
105 335.753247 331.510229 93.449317 60.514892
106 329.445963 332.571070 95.761038 61.773777
107 322.780205 331.108274 97.319522 62.658344
108 314.039979 329.767449 99.419411 63.650085
109 309.394979 331.159863 103.206204 64.912366
110 305.863170 328.363482 104.787551 65.739527
111 299.683670 324.658950 106.811807 66.827722
112 295.232581 324.701470 107.880959 67.073503
113 290.086271 323.643528 109.191591 68.028370
114 280.691452 324.128973 112.463648 69.822581
115 276.948709 323.482899 113.500990 70.409863
116 274.653410 322.795745 113.698653 70.726891
117 263.941073 322.689502 113.972717 71.290290
