2 569.310875 539.741233 69.973475 66.882820
3 569.393822 541.027610 68.616487 65.048218
4 569.405481 541.759435 67.816603 64.198721
5 569.373167 541.793060 67.272417 63.862496
6 570.105535 542.046480 66.643070 63.318799
7 570.223382 541.842129 66.367875 63.096636
8 570.127963 541.583001 65.890474 63.069760
9 571.373173 541.616286 65.234641 62.972704
10 572.738975 541.689120 64.684567 62.627891
11 574.730544 543.103312 64.096079 62.249943
12 576.355176 545.068154 63.831903 61.763111
13 576.371509 545.299317 63.651022 61.655382
14 576.508186 545.506958 63.661493 61.743507
15 576.914107 545.990237 63.671652 61.640503
16 576.621500 545.850870 63.627228 61.817428
17 576.432126 545.584968 63.637106 61.790620
18 576.327730 545.072639 63.627261 61.776328
19 576.572397 543.759787 63.346262 61.564609
20 577.004986 543.021362 62.923170 61.670776
21 578.213680 541.815332 62.386490 61.614895
22 578.297138 541.518806 62.145889 61.769298
23 579.360976 541.566417 62.183139 61.869845
24 580.853940 541.830336 62.083158 61.730566
25 583.225894 542.386802 61.954704 61.623034
26 583.210756 542.404959 61.801570 61.803645
27 583.582949 542.408065 61.805786 61.834957
28 583.805239 542.212370 61.707705 61.835675
29 584.302230 542.319197 61.796934 61.814826
30 584.463018 542.623441 61.752855 61.638490
31 584.440090 543.031472 61.726244 61.563134
32 584.880272 544.526450 61.777623 61.626454
33 584.783597 544.725350 61.699619 61.651879
34 584.521942 544.625551 61.718430 61.780473
35 584.154535 544.364900 61.729969 61.789585
36 583.796752 543.940287 61.679246 61.738708
37 583.518821 543.411184 61.563075 61.560757
38 583.228870 543.077919 61.618457 61.670806
39 582.773155 541.979277 61.371962 61.291273
40 582.255081 541.559694 61.138481 61.273449
41 581.887818 541.237489 61.221273 61.342402
42 581.433786 540.781118 61.122945 61.258942
43 581.142795 540.355290 61.209725 61.310182
44 580.650716 539.945132 61.061270 61.201584
45 580.320991 539.625461 61.204857 61.288088
46 579.892299 539.348332 61.172376 61.296387
47 579.213094 540.911630 61.252877 61.251604
48 579.065732 541.381552 61.297000 61.185150
49 578.587983 541.181206 61.100710 61.273912
50 578.247805 540.971394 61.164024 61.281689
51 577.845008 540.683726 61.186170 61.326085
52 577.314847 540.303484 61.008074 61.281528
53 577.066546 540.073858 61.244862 61.356851
54 575.848697 539.324721 60.550916 61.033370
55 575.475128 539.135872 60.702079 61.295543
56 574.998097 538.763485 60.624652 61.273461
57 573.608987 537.589753 60.086151 61.036370
58 573.130407 537.288809 60.063875 61.140314
59 572.760021 537.081606 60.217185 61.302906
60 572.208567 536.849707 60.096970 61.289079
61 571.276801 536.743983 59.965103 61.273109
62 569.965244 537.378619 59.720321 61.148927
63 568.724157 538.690351 59.878358 61.075951
64 568.373036 538.634651 59.781813 61.316469
65 568.142967 538.647730 59.797468 61.233684
66 567.731552 538.414323 59.774102 61.312003
67 567.525062 538.300058 59.823275 61.317900
68 567.160284 538.045413 59.799019 61.331167
69 566.890859 537.742577 59.847653 61.317962
70 566.803265 537.618667 59.888915 61.386818
71 566.601138 537.411868 59.849024 61.381595
72 567.345315 537.813554 59.912218 61.276994
73 567.140818 537.628356 59.852051 61.379088
74 566.966381 537.503290 59.844126 61.332378
75 566.794299 537.398579 59.849539 61.332282
76 566.799469 537.288966 59.854700 61.310657
77 568.653404 539.079504 59.784439 61.015804
78 568.408792 538.975811 59.839966 61.347505
79 568.196696 538.532115 59.845708 61.228027
80 568.046039 538.080410 59.800080 61.195827
81 568.757903 536.757712 59.637205 61.073819
82 570.276771 535.265646 59.614506 61.201563
83 570.999571 534.426176 59.657287 61.198396
84 572.122610 533.934471 59.689216 61.201065
85 572.892936 533.532681 59.725190 61.163745
86 575.621753 533.771099 59.610409 61.363616
87 576.956254 534.177977 59.837969 61.291531
88 579.037248 537.964586 59.704293 61.102402
89 579.156968 538.220080 59.887696 61.243170
90 579.473142 538.474814 59.926580 61.285804
91 582.106453 539.578205 59.784428 60.985561
92 581.900104 539.138478 59.858213 60.804773
93 587.847396 539.448893 59.543741 60.621601
94 586.242416 538.656171 59.342194 60.685464
95 585.816009 538.339512 59.332621 60.767711
96 585.694715 538.259924 59.374560 60.828532
97 585.283428 537.995397 59.315390 60.811440
98 585.994669 538.104587 59.550593 60.819643
99 585.901187 537.810587 59.893805 60.809646
100 585.612187 537.605082 59.852909 60.670365
101 585.450453 537.512386 59.839691 60.554520
102 585.158712 537.531991 59.850457 60.512835
103 584.273223 537.882567 60.048234 60.061768
104 583.135232 540.705008 60.769865 58.856573
105 579.432325 541.127309 61.688264 57.923082
106 580.761866 542.028509 61.857298 57.443650
107 580.091857 541.531805 61.630141 56.888770
108 579.316717 541.216778 61.765428 56.694280
109 578.004748 539.917146 62.196310 56.530767
110 578.057816 539.762160 62.285542 56.769774
111 577.903407 539.329523 62.316415 56.577706
112 576.622412 535.405542 62.604365 56.143138
113 576.558344 535.546398 62.557581 56.365307
114 575.613408 535.880434 62.223158 56.181336
115 572.568732 537.880716 61.550331 56.032323
116 572.576753 538.036686 61.621248 56.326388
117 572.123431 538.287018 61.517331 56.350672
118 569.978338 538.884508 61.402508 56.950844
119 569.226568 538.634345 61.133314 57.031613
120 568.726894 538.521200 61.137071 57.341260
121 568.347075 538.244025 61.187308 57.266419
122 567.002598 537.718976 60.850707 57.104973
123 566.497036 537.688263 60.542859 57.224522
124 564.805916 537.529878 60.423078 57.060534
125 562.693638 539.248358 60.239153 57.183584
126 562.045049 539.848245 60.254279 57.167473
127 559.260356 541.558207 60.017665 56.891348
128 559.103749 541.783143 60.241513 56.765904
129 557.127956 542.936798 59.773900 56.872511
130 556.912443 542.890729 59.783721 56.873900
131 554.557265 543.049522 59.086029 57.087008
132 554.247974 542.898390 59.157870 57.341789
133 553.922223 542.545040 59.185655 57.332771
134 552.679259 542.082715 58.899862 57.379810
135 551.590474 541.601231 58.565674 57.356258
136 549.119390 541.442636 58.405024 57.519176
137 548.850591 541.492901 58.377443 57.897253
138 548.571157 541.383966 58.403319 57.898506
139 548.327987 541.276822 58.368980 57.874638
140 546.739743 541.552724 58.223343 57.901111
141 546.758363 541.481801 58.404287 57.884490
142 546.501950 541.335866 58.380216 57.846451
143 546.336562 541.198249 58.377413 57.886827
144 546.019792 541.049329 58.322133 57.816839
145 546.001416 541.008702 58.412418 57.887734
146 545.712122 540.784094 58.355563 57.811061
147 546.147717 541.064490 58.611396 57.891141
148 545.920122 540.799204 58.813265 57.706271
149 545.862070 540.985092 58.938495 57.720143
150 545.452555 540.836643 58.838798 57.623077
151 545.122631 540.669966 58.898970 57.682757
152 544.587256 540.110458 58.896925 57.508726
153 543.947365 539.857956 58.958374 57.637035
154 542.689532 539.606281 58.903733 57.723418
155 543.057056 540.501911 59.123115 57.691981
156 542.750578 540.332057 59.332530 57.712953
157 542.353584 540.564956 59.308243 57.222320
158 542.705895 540.560067 59.595718 56.823789
159 540.619827 539.617618 59.929278 55.141611
160 540.904621 539.020049 59.644938 55.168289
161 542.612922 531.505761 60.624919 56.995224
162 542.307861 531.346729 60.706267 57.028180
163 545.623938 529.730289 60.326931 57.250064
164 543.441933 531.899720 60.226379 56.609659
165 540.857488 535.105950 60.243163 56.393770
166 549.256534 538.166931 59.055816 56.859020
167 537.218170 541.055594 59.627472 57.364801
168 549.233746 540.962822 59.852680 57.351704
169 538.937553 542.083458 59.186543 58.317244
170 547.339548 542.905807 58.982229 58.940116
171 546.920921 542.463530 58.851436 58.999381
172 544.628628 541.671170 58.417054 59.656166
173 546.440168 538.373155 58.463315 60.097936
174 545.360458 538.180931 58.159347 60.470618
175 545.144760 537.881760 58.352740 60.403588
176 545.005889 537.667135 58.419135 60.518933
177 544.619071 537.596786 58.367544 60.898562
178 544.691584 537.222933 58.473012 60.884396
179 544.374261 537.079737 58.344162 60.880574
180 544.790975 536.646279 58.413224 60.823686
181 544.766104 536.401680 58.385201 60.980168
182 545.693414 536.165874 58.434229 61.037208
183 546.382554 536.572255 58.497626 61.377900
184 546.514451 537.983462 58.700353 61.357425
185 549.800096 539.865791 58.678458 61.025836
186 550.503951 540.957327 58.975904 61.252255
187 550.630105 541.316108 58.954899 61.319478
188 551.042252 543.038156 59.060301 61.318581
189 551.582173 542.956066 59.319700 61.447850
190 552.852400 542.702337 59.249094 61.408795
191 553.189237 542.558453 59.296515 61.423287
192 554.627491 542.356733 59.299593 61.422622
193 556.572288 542.634842 59.175200 61.435320
194 562.659982 543.146947 58.922963 61.293267
195 562.321552 542.975278 58.806093 61.352988
196 562.562546 542.810224 58.816416 61.333370
197 564.044330 542.483657 58.774404 61.273466
198 566.432895 541.833115 58.618466 61.153939
199 568.470512 539.365761 58.605424 60.933807
200 569.396233 539.118569 58.780861 60.942408
201 571.174031 538.406491 58.797639 60.810524
202 576.126933 537.828093 58.598452 60.704827
203 576.124221 537.719949 58.846760 60.905551
204 578.445826 538.451016 58.771740 60.899853
205 578.738710 538.394195 58.882661 60.963216
206 582.829064 541.374726 58.374747 60.721945
207 582.620945 541.229616 58.374024 60.883928
208 583.018488 541.840150 58.485099 60.884868
209 584.980833 543.338020 58.375541 60.775797
210 584.929979 543.414444 58.404178 60.922588
211 585.228618 546.110626 58.535619 60.838218
212 585.226784 545.976066 58.851726 60.891933
213 585.284508 545.931931 58.858647 60.897800
214 585.363509 545.754665 58.835980 60.903143
215 585.460442 545.580802 58.830704 60.902119
216 585.207120 545.298708 58.831917 60.854029
217 585.361616 545.115282 58.827978 60.915098
218 585.509129 544.784738 58.829723 60.925549
219 585.354617 544.286855 58.869759 60.828415
220 587.445375 543.828952 58.767646 60.799933
221 587.196082 543.581360 58.835515 60.866985
222 587.198237 543.368425 58.859077 60.882404
223 588.291899 543.758245 58.893667 60.871552
224 588.005324 543.543112 58.824073 60.844797
225 587.949311 543.497980 58.867154 60.894237
226 587.708689 543.287400 58.832480 60.850088
227 587.543598 543.136524 58.848192 60.855077
228 587.496270 543.113976 58.871850 60.896014
229 587.648909 543.120962 58.896126 60.930526
230 587.798930 543.123262 58.887331 60.953094
231 588.001884 543.230034 58.892817 60.926308
232 588.076584 543.150654 58.854981 60.950756
233 588.030385 543.070147 58.833521 60.930107
234 587.879276 542.848403 58.839007 60.921765
235 587.893606 542.645156 58.851627 60.901901
236 587.615396 542.339806 58.836964 60.862613
237 587.315991 542.080258 58.801117 60.832412
238 587.043669 541.801345 58.805804 60.837429
239 586.721648 541.421833 58.801266 60.830946
240 586.362905 540.938868 58.769708 60.693227
