5 352.600271 229.585959 51.135167 118.847361
6 353.432459 228.693489 51.420769 119.026471
7 355.849505 229.501453 52.050327 121.751828
8 356.311653 229.413494 52.834654 122.811099
9 356.605868 229.135910 53.083689 123.387003
10 356.473121 228.609239 53.427608 124.172281
11 355.982282 227.629782 53.486849 125.274735
12 355.112146 226.879561 53.873128 127.249141
13 354.755807 225.964765 54.345750 127.845246
14 354.492274 224.920437 54.619696 128.366431
15 354.052229 228.133724 55.313165 130.148694
16 354.251100 229.088058 55.972187 131.936485
17 354.260325 231.335675 56.953082 133.634888
18 359.761055 230.795456 58.356385 132.540835
19 360.312120 230.443649 59.408919 133.912186
20 361.928296 232.135061 60.780017 131.837632
21 364.597848 224.355356 61.396687 130.279139
22 364.971630 224.479545 61.758014 130.969225
23 365.660983 224.496388 61.962288 131.757902
24 368.062648 223.436774 61.398635 131.846017
25 368.146146 222.857772 60.931825 131.816718
26 368.413672 223.062395 60.285206 131.136744
27 368.780211 224.803906 60.010687 129.803572
28 368.724097 233.300032 60.378674 127.136947
29 367.683492 234.479014 60.430584 126.985234
30 366.418920 234.201779 59.743369 125.827100
31 365.156069 234.352438 59.794292 125.775554
32 364.297945 234.619287 59.695759 125.552994
33 363.652530 230.855477 59.514647 126.307070
34 363.330140 223.705265 59.912061 128.787451
35 362.484165 221.067318 59.876238 128.831346
36 360.618063 215.079549 59.816268 129.140862
37 360.406646 214.040165 59.575444 129.583734
38 360.447849 213.400744 59.565568 130.522027
39 360.448780 213.457637 59.401568 131.793932
40 360.020485 212.547724 58.743043 132.814640
41 359.563780 211.318244 58.218564 133.363158
42 358.642126 211.057179 57.718068 134.895194
43 358.342327 210.612339 57.591471 135.243472
44 358.132720 209.901178 57.499552 135.146401
45 357.807208 209.162111 56.999715 135.333936
46 358.165030 209.005370 56.609308 135.331235
47 361.401814 213.420366 56.289995 136.098063
48 361.958554 215.583453 56.198551 135.626730
49 364.714276 213.653823 56.858686 135.319706
50 364.864937 214.214962 57.037451 134.812689
51 366.307007 214.526513 57.220395 133.734381
52 366.601404 214.648281 57.180343 133.445215
53 366.506957 214.512494 57.088251 132.825177
54 366.705352 214.478521 57.053830 132.302958
55 366.623879 213.383042 56.662669 131.525251
56 366.403532 208.630505 55.943764 130.997974
57 366.115205 208.122835 55.380173 129.814651
58 365.965594 207.926089 54.994677 128.958991
59 365.949522 207.981576 54.705799 128.103530
60 366.136046 208.309705 54.710842 127.826230
61 366.998030 208.821346 54.720496 127.887292
62 367.669080 209.413600 54.679098 127.857507
63 368.730256 209.009426 54.490541 127.839130
64 370.443480 211.086321 54.592573 127.463721
65 370.816491 211.393786 54.957794 127.151580
66 371.393536 211.800051 55.082609 127.491969
67 372.066240 212.695809 55.597318 127.380085
68 373.735086 212.151447 55.960437 127.650375
69 379.138334 200.148269 55.197349 131.930310
70 378.809684 198.195767 54.779193 133.369377
71 378.532273 197.442688 54.362933 133.491387
72 378.019848 194.742183 53.745148 133.281749
73 377.545448 196.481456 53.573197 133.111802
74 377.524573 196.962862 53.746154 133.622471
75 377.439776 197.672942 53.939165 134.046210
76 377.189962 197.567678 53.890301 134.615782
77 376.924873 197.567112 53.864327 135.281008
78 377.059253 198.847664 54.076421 136.196744
79 376.514535 195.471085 54.857717 137.514954
80 376.220130 195.405338 55.248195 138.301084
81 375.889242 194.911799 55.109715 138.355652
82 374.123270 208.534076 54.629512 138.814531
83 371.913418 211.250380 53.940444 139.059964
84 366.919920 217.913454 54.038961 138.183360
85 359.131391 206.497625 55.161936 138.984636
86 352.427660 198.882688 56.283999 139.461451
87 345.258448 187.789640 56.812935 140.377662
88 339.882040 187.980191 57.039557 140.762717
89 333.308323 189.605904 58.001682 139.453866
90 328.522242 195.073966 58.559335 140.231753
91 326.302120 200.476042 59.226856 139.475349
92 323.720400 199.582888 59.777834 140.063427
93 321.981128 196.656239 59.645828 140.298129
94 321.469523 195.634321 59.833943 140.319735
95 321.024246 191.234085 60.188530 139.889831
96 321.086506 188.538012 60.901665 140.061697
97 323.759612 187.420588 61.911641 141.206697
98 330.720964 185.497556 61.388725 144.107993
99 330.574470 185.696935 61.261546 144.594755
100 331.841004 182.536991 61.636252 146.258982
101 331.851593 179.260958 61.721138 145.583243
102 333.890942 176.803272 62.074732 146.260672
103 333.943699 175.528046 62.827379 146.626028
104 336.794894 171.580229 63.116414 147.284102
105 340.201661 167.825625 63.608799 148.088065
106 341.321624 168.946256 65.074393 149.681775
107 346.704533 170.578424 65.829841 151.190143
108 351.800758 155.634268 66.221026 156.306630
109 354.391171 148.528900 66.813333 157.715888
110 358.832851 139.823522 67.556510 159.590689
111 359.497643 138.627855 67.680777 159.307411
112 365.073187 144.678004 66.864314 160.820035
113 368.508330 145.661768 66.339074 161.739287
114 369.121288 146.611968 66.448465 162.139880
115 373.657838 141.105677 65.467038 164.013636
116 376.853612 128.501666 64.831314 165.499345
117 376.789337 127.902440 64.501728 164.943110
118 378.170618 128.541522 64.678799 163.976917
119 383.783595 129.268340 64.593583 162.560048
120 384.187679 129.816670 64.710766 162.642374
121 386.872139 129.868614 64.725389 162.415225
122 389.561484 135.548320 64.997685 162.740881
123 394.236844 132.569360 65.211292 164.378653
124 398.541203 134.637274 65.755669 164.056329
125 400.644238 135.808340 66.145655 163.669731
126 402.745113 134.541350 66.244246 163.620763
127 407.816283 135.449490 65.780314 164.401384
128 412.477902 141.222387 64.539381 164.842954
129 412.515881 141.192657 64.764340 164.845736
130 412.445414 139.589161 64.669228 164.849772
131 414.810703 132.405612 64.479188 166.182383
132 417.855216 134.302397 63.887854 165.580220
133 420.296933 138.632422 63.432782 164.485283
134 424.307501 142.853680 63.415863 163.476009
135 426.624388 143.409568 63.640622 164.278452
136 428.777044 147.659480 65.941766 165.354648
137 430.360171 150.765203 66.540125 167.405551
138 433.255652 144.414975 67.050427 167.717974
139 437.119641 145.277703 68.779436 169.562823
140 439.211712 135.078527 68.827039 169.562191
141 443.740059 122.206743 69.666284 172.612557
142 447.618858 126.196817 68.472809 176.572748
143 447.653867 125.802889 68.113240 178.201394
144 447.540993 124.820063 68.092770 178.619919
145 447.114623 123.187832 67.940823 178.821525
146 446.385079 121.016994 67.370386 178.375526
147 445.722153 118.173935 66.938748 177.588567
148 445.394542 117.540880 66.644185 177.582507
149 445.213085 116.804767 66.494089 177.740013
150 445.517161 116.888901 66.503970 178.855840
151 445.705961 116.708231 67.054769 179.965574
152 446.362563 115.964315 67.582723 183.741137
153 448.389339 111.167317 67.583080 186.253437
154 451.354024 103.207952 68.155721 188.159703
155 452.335764 93.325973 68.666367 190.386239
156 454.455922 93.056992 68.505292 190.124596
157 457.434978 100.520958 68.389626 192.501004
158 458.140485 102.729986 68.525014 194.102146
159 459.096484 108.194009 68.809160 195.631997
160 458.679413 106.712673 68.733548 195.879259
161 458.145947 105.270262 68.688772 195.400304
162 457.992353 104.114735 68.974656 195.841713
163 458.034700 102.334696 69.483501 196.876431
164 457.913116 102.670776 69.802308 197.857531
165 458.412642 115.183204 70.087268 200.204325
166 459.174794 124.091233 71.141053 202.210675
167 460.605560 126.990458 72.568665 205.349597
168 462.259871 121.899517 72.887939 205.803426
169 465.053878 113.533665 73.802841 205.409578
170 465.932986 112.293481 74.087019 205.249694
171 466.451736 111.067469 74.180394 205.408027
172 469.983210 116.479028 73.846710 206.301157
173 469.963849 116.420184 73.791079 206.551784
174 470.032773 117.275611 73.851683 207.312975
175 469.610187 116.537907 73.881309 207.641717
176 469.026831 115.716341 73.843906 207.647408
177 468.226289 117.529073 74.137449 207.642518
178 467.290760 122.397551 74.851844 206.711257
179 466.672321 121.804288 75.375445 206.793400
180 466.276753 123.983538 76.108258 206.889193
181 465.831737 126.571186 77.003342 207.366789
182 465.362210 125.498376 77.253681 207.308346
183 464.633634 123.778754 77.784663 207.631308
184 463.759518 121.385416 78.464559 207.646257
185 463.406294 122.106668 78.359148 207.316506
186 463.055721 123.354078 77.998254 208.253001
187 462.066762 126.012523 77.362708 210.657804
188 457.998043 126.614002 76.981508 214.279167
189 450.138222 111.692771 77.259998 216.880972
190 449.090512 109.672402 77.088629 216.518765
191 444.309757 106.413654 77.577147 217.051851
192 443.247588 105.277524 78.130474 217.111536
193 441.643905 104.993011 78.904304 217.682668
194 440.058218 102.690482 79.800362 219.850652
195 439.136804 101.987491 80.037498 220.957953
196 438.461361 100.164874 80.564242 223.469267
197 437.632280 98.010934 80.870927 223.519620
198 436.764345 96.453123 81.242565 223.845551
199 436.247483 94.984251 81.229208 223.461478
200 436.033927 94.207028 80.956644 223.831762
201 435.883243 93.866688 80.400628 224.875417
202 435.591660 93.558213 80.031145 225.268435
203 435.384697 94.517059 80.284677 226.731730
204 433.951738 92.740765 80.056564 226.895070
205 431.482275 91.366687 79.962486 227.032732
206 428.714457 91.750219 80.288658 227.223310
207 426.685562 92.860983 81.437072 227.594486
208 425.436431 91.827334 81.276441 227.449002
209 424.814456 90.459109 81.414888 227.276085
210 423.839751 89.026554 81.818954 227.776245
211 423.227502 87.581816 81.823077 228.484647
212 422.515952 86.132363 82.321622 228.795514
213 422.375547 83.037880 82.535645 228.080266
214 422.713321 82.239674 82.681951 228.064541
215 425.717760 83.948190 81.761518 229.772458
216 426.174327 83.188847 81.255715 230.842559
217 426.606345 87.358030 80.957783 232.551080
218 426.070216 86.676434 80.537793 233.209440
219 425.505136 85.289833 80.457227 232.385605
220 424.063011 89.196772 80.152620 231.248793
221 422.715138 94.058962 81.332867 230.286507
222 421.748710 94.563630 82.150204 230.044331
223 421.587019 97.343432 83.339806 230.446968
224 421.816107 98.451659 83.720262 230.174279
225 421.909661 93.867223 84.661862 231.510763
226 427.608708 93.884659 85.018130 230.900220
227 428.578469 90.302825 85.304653 230.153976
228 433.050217 83.307224 85.033372 229.067838
229 435.542500 84.770712 84.938848 229.101955
230 441.561072 84.553578 83.056519 234.134579
231 441.722512 84.725006 83.202508 235.034324
232 441.506102 84.491235 83.243605 235.329716
233 440.929335 82.981090 83.212442 234.866184
234 440.382583 81.965497 83.157046 234.482376
235 439.762174 82.809334 83.513486 233.402179
236 439.092120 84.523846 84.088023 232.604681
237 438.527599 83.584066 84.293806 231.793165
238 438.574802 85.129883 84.753119 231.666739
239 438.010509 85.118649 84.980415 232.135008
240 436.654211 77.609600 84.781711 233.389800
241 435.417936 69.297834 84.523820 235.056309
242 434.918148 68.202615 84.947812 235.117410
243 434.035975 65.799184 85.092318 236.216791
244 433.450456 75.326372 85.431038 239.001959
245 433.034042 76.062535 84.847980 239.877485
246 432.502773 75.640543 84.525648 239.732655
247 429.810276 73.481552 83.843030 240.227623
248 425.415971 65.167456 83.288014 240.053553
249 421.626504 64.498004 82.185725 238.614706
250 419.194328 63.693112 81.862164 237.495093
251 415.223137 61.409728 81.988845 235.355339
252 412.214813 60.239221 82.328633 234.300149
253 407.294175 60.152936 82.190787 235.020123
254 405.547210 58.788693 81.976814 235.884184
255 404.399887 57.434350 82.069329 236.296661
256 403.087108 56.630674 82.901003 236.269122
257 402.108503 54.870929 83.406366 234.324482
258 401.570771 54.114818 83.280149 233.527784
259 401.359330 55.004003 82.910832 235.828594
260 400.708510 54.144998 82.322097 236.840344
261 398.307118 58.304004 82.226405 238.293947
262 395.419953 60.386779 81.996767 240.317438
263 394.067342 59.381920 81.388912 240.540631
264 392.527984 58.317389 81.070102 240.170581
265 391.973014 57.105901 81.135725 239.831442
266 391.433589 55.916132 81.184509 239.633171
267 391.066112 55.830587 81.298966 240.416702
268 389.755258 65.140138 81.956969 241.661679
269 389.797973 74.717028 82.231390 245.073489
270 390.147428 75.645869 82.533938 245.352804
271 391.143386 77.947912 83.494932 244.495337
272 392.050278 79.548134 84.540760 243.826875
273 392.745889 80.379092 84.893991 245.088973
274 395.450937 82.616161 83.650847 248.068081
275 395.815114 80.877277 83.202903 247.703294
276 395.810300 80.465655 82.988461 248.455343
277 395.024053 78.607281 82.421797 247.414701
278 394.215161 76.764157 81.840166 246.426586
279 393.343642 74.783825 81.444966 245.246855
280 392.372066 73.130680 81.372788 244.500512
281 391.574170 72.048011 81.085344 244.036660
282 390.949147 72.271858 81.409303 244.735983
283 386.756433 88.565650 82.848337 246.096953
284 386.024128 87.202217 82.609612 245.996434
285 385.228808 85.418325 82.870328 245.428962
286 384.130153 83.383165 83.218911 244.362014
287 383.359344 81.562405 83.444505 243.995506
288 383.758852 82.577173 83.354138 245.181435
289 384.062779 83.565733 83.262275 246.608147
290 384.472787 85.970836 82.936681 248.600708
291 383.934246 85.584597 82.604463 248.968310
292 383.335562 84.507949 82.568894 248.284815
293 381.507638 83.121427 82.458441 247.773940
294 380.167754 80.677096 82.503033 247.316967
295 379.617967 79.713031 82.651528 246.709438
296 378.890118 79.272328 82.475856 246.973936
297 378.361494 79.927549 82.759020 247.333161
298 377.569842 95.295493 83.946258 249.859943
299 376.668726 93.492327 84.034807 249.965918
300 375.983256 91.786400 84.880803 250.337756
301 374.836599 89.476048 85.952020 251.630537
302 374.716667 90.357604 86.135277 254.133830
303 375.857633 91.833800 86.297756 258.957056
304 375.829678 91.751198 86.174434 259.276728
305 376.354295 102.013758 85.969988 260.449179
306 375.599860 100.337483 85.521773 259.485353
307 375.020819 97.944191 85.042418 257.781980
308 374.306239 95.878125 84.776695 256.544343
309 373.426406 94.054073 84.355680 255.318408
310 371.886691 95.130720 83.744652 251.747346
311 371.219427 94.007448 84.147532 250.534805
312 370.623519 101.983343 84.443224 252.379083
313 370.056223 101.975329 84.720349 253.230439
314 368.578750 89.118119 86.035644 253.612272
315 367.429021 85.734185 86.649217 253.244632
316 365.984069 86.018938 88.274061 253.530751
317 364.840914 118.263612 88.270419 252.883753
318 364.112720 123.813368 87.460152 254.255245
319 362.746368 129.463918 86.887332 254.515060
320 361.705408 128.365065 86.120103 255.539656
321 358.161504 97.806566 86.695520 256.819604
322 356.417609 91.136389 87.570976 258.200803
323 354.472899 83.488506 88.312690 260.947696
324 353.355353 77.117809 88.344214 261.500942
325 352.923372 75.463922 88.363056 262.541240
326 353.774094 79.758082 89.141175 266.571926
327 355.513911 108.714807 89.777938 272.387394
328 357.260523 111.394015 91.555158 276.823301
329 356.485635 100.443096 94.576638 281.499055
330 357.839480 93.784529 95.863056 284.538704
331 358.045359 94.521902 96.011357 284.318971
332 358.317096 95.657610 96.004761 285.520856
333 359.833380 105.509550 94.738471 289.156873
334 362.097639 83.940604 93.038064 293.847058
335 366.567479 117.800680 92.682579 292.925106
336 364.889571 97.429480 91.860870 288.336454
337 363.671479 87.113570 91.802181 285.663688
338 363.022378 83.538166 91.701401 283.693973
339 364.396663 100.469311 91.970998 279.455923
340 365.807124 100.093734 92.831454 276.343012
341 366.964660 116.459785 92.363659 270.641235
342 369.903726 158.018851 91.710384 268.662371
343 369.849079 155.834964 91.870955 268.132554
344 372.249903 126.479190 95.583322 273.625360
345 371.175107 127.838196 98.681941 273.216720
346 369.307574 115.812159 99.236856 272.029376
347 365.749757 99.946825 98.890209 270.218663
348 365.191558 108.030446 98.677936 270.619091
349 364.505764 110.503183 98.315944 270.819269
350 364.034378 108.575927 97.443351 270.004170
351 362.541859 100.331223 96.447569 266.834881
352 359.722741 86.693294 94.541979 264.738774
353 359.225890 85.042710 94.088311 263.477997
354 358.125062 80.442582 93.534899 260.805961
355 356.921605 74.592008 93.137419 257.720412
356 356.283651 72.792538 92.914885 255.505110
357 355.431779 71.456377 92.257242 253.814026
358 354.601879 70.703001 92.464180 253.076801
359 353.547410 69.899417 93.156579 255.063487
360 351.994056 69.430785 93.897629 257.931521
361 345.994882 65.456682 95.291911 257.368321
362 343.947117 63.274133 95.920848 255.165957
363 343.290741 61.914297 95.974040 254.970238
364 343.040640 60.947638 95.677052 255.401076
365 343.687769 62.895120 96.242244 256.694099
366 345.359550 69.907157 97.419007 258.950657
367 346.382429 74.478943 97.291638 257.917972
368 347.197159 75.114077 97.130671 257.308347
369 349.369141 75.085890 96.353419 256.296751
370 352.955371 76.084283 95.219652 255.669988
371 358.262476 76.013278 94.840952 258.411230
372 359.651777 76.136464 94.974755 258.718877
373 361.912353 76.274802 94.261165 256.302273
374 364.941718 81.257919 93.762863 254.517106
375 367.098127 97.282101 95.494805 251.873248
376 368.701274 102.618396 97.815832 252.610308
377 369.237004 104.208502 99.933512 256.123642
378 368.732566 103.549130 101.044540 259.214814
379 369.533897 100.507307 103.549769 260.969688
380 369.541744 97.223809 104.479704 261.108910
381 371.517849 94.431512 105.210573 264.758999
382 374.295389 93.283162 106.263353 268.496887
383 375.406919 93.510450 107.207846 270.721321
384 377.051403 93.724790 106.943434 272.075470
385 381.860530 97.774193 105.479863 271.202607
386 385.720480 100.305508 103.674615 271.668339
387 390.253306 97.763481 102.730072 270.326057
388 392.412660 95.008629 102.347793 272.341421
389 394.090625 93.537068 101.478618 276.352574
390 397.269982 90.874539 100.264979 278.962188
391 399.097910 88.916852 99.439301 279.969258
392 401.110505 88.124888 98.206119 283.332947
393 401.641600 87.062939 97.528486 284.615303
394 402.962135 89.658912 95.948930 285.032412
395 402.828038 95.923140 94.473102 285.309354
396 402.118216 98.305946 93.804865 283.760278
397 401.974104 98.938406 93.680625 283.893152
398 401.467538 97.250495 93.556246 283.156322
399 401.775892 97.133610 93.618913 282.196806
400 405.844656 100.055783 93.585767 282.813422
401 405.981396 99.688964 94.085015 283.641582
402 406.161956 98.785814 93.948772 284.379167
403 406.403301 98.981660 93.814712 285.106442
404 409.221829 102.467795 93.779526 285.585862
405 409.314253 104.047374 94.194271 285.865588
406 410.223568 99.649703 94.126299 285.255936
407 421.259525 94.957835 92.008449 288.100394
408 424.329738 91.995580 90.833118 284.838984
409 438.306318 98.554238 89.842744 285.522340
410 442.120401 98.869070 90.076870 284.369018
411 453.252207 97.495016 90.328205 282.276041
412 457.334376 92.818907 89.912341 280.890527
413 472.741173 96.811981 88.001780 283.781698
414 482.476555 100.394727 87.556773 283.176500
415 492.105375 108.068196 89.038413 281.599011
416 502.975543 106.831294 89.715962 280.732006
417 512.863778 103.741247 89.415008 280.958034
418 519.768519 104.220882 89.148880 284.205392
419 530.741341 103.137762 91.248747 287.929313
420 539.870640 103.198951 94.720366 294.000980
421 550.446263 104.082145 96.567989 292.795745
422 559.708263 101.060786 99.066542 293.366049
423 574.029264 92.358150 99.037959 294.967324
424 588.922281 93.807307 99.202409 295.010733
425 597.890574 103.568352 98.310542 293.990847
426 608.862047 103.141704 97.126008 293.797706
427 618.668904 99.114574 95.125849 296.072220
428 632.137568 101.226535 93.235899 300.567496
429 644.046283 101.602634 91.552706 305.862742
430 654.540009 97.334009 89.291281 311.131162
431 665.310071 94.411778 86.775211 314.691968
432 666.576337 92.847689 84.863801 314.853296
433 668.393802 95.368551 83.285856 317.160140
434 672.367802 102.394485 81.721854 319.211605
435 677.366241 113.855689 80.023642 318.746906
436 677.673541 119.394925 78.569295 316.681280
437 655.543626 71.075045 80.351655 312.616421
438 622.411735 56.680659 84.810355 299.614332
439 596.068095 60.820861 85.752578 296.150308
440 600.213960 74.059523 87.919642 297.395133
441 609.293388 90.450516 88.877335 295.461996
442 622.284927 110.556594 88.845600 296.319759
443 636.352842 104.351459 89.197191 297.097015
444 643.675503 110.125729 88.785721 297.188775
445 658.350212 105.892548 89.825488 296.955247
446 659.702874 101.873922 88.888445 299.179910
447 662.028440 90.554737 87.867664 306.536954
448 670.655213 60.094750 85.248619 326.148970
449 672.246133 30.265502 83.948184 339.939911
450 674.049472 11.711069 82.868005 355.338806
451 673.166172 9.231845 82.167519 354.620723
452 672.426170 12.486704 81.427849 353.760671
453 671.990609 13.675010 81.155063 352.497879
454 669.593119 15.649289 81.138612 350.825671
455 663.378967 3.943959 81.470608 348.515679
456 655.704095 13.205909 83.087872 341.871031
457 629.008578 4.160138 88.268868 337.378475
458 605.928009 0.000000 95.895122 322.254790
459 593.065950 0.000000 102.841539 293.276709
460 590.419636 0.000000 107.464090 250.812622
461 594.173798 0.000000 111.118248 213.288791
462 600.671666 0.000000 112.864471 192.574579
463 605.260192 0.000000 113.521810 182.367688
464 606.093462 1.237996 115.024670 175.748764
465 615.885292 4.379953 117.393617 166.463875
466 617.541052 5.677885 116.447216 161.214544
467 620.707550 8.071399 116.570295 157.299079
468 622.961006 6.222696 118.272240 156.550938
469 626.766524 10.803523 118.223978 154.609992
470 622.335699 7.219706 119.199755 156.255379
471 611.779957 0.030496 125.871903 153.808529
472 612.295175 1.987271 126.945136 152.877813
473 615.041379 0.000000 128.187446 146.946956
474 614.887011 1.587055 128.363054 146.964959
475 614.550766 3.334753 128.381013 146.523473
476 615.075706 7.195459 128.302773 146.316755
477 613.245397 8.189420 129.200853 145.115385
478 611.903822 6.173264 130.433691 142.162963
479 604.944824 5.216189 132.288013 138.981708
480 570.816998 7.152602 136.641667 134.425415
481 485.975639 2.580663 138.472679 132.594644
482 464.689860 27.245291 137.419316 127.144904
483 374.043986 59.953592 139.068822 125.834315
484 379.806423 60.623208 133.407751 124.903639
485 382.750853 60.799127 128.787728 123.179001
486 384.943046 60.803329 124.331252 121.157245
487 383.558907 61.084605 121.884104 120.512828
488 379.441034 62.430763 119.435707 119.109213
489 379.756221 65.761320 117.031527 118.502233
490 379.049607 69.172446 114.058133 118.226244
491 376.065117 75.353646 111.685846 118.219695
492 374.654885 80.186267 110.771080 119.514003
493 373.861915 83.363972 110.173266 121.769091
494 371.892176 84.015547 109.737078 123.991603
495 365.147860 81.781977 108.184350 131.371210
496 364.276355 81.176950 107.907236 133.876378
497 363.526067 80.027264 107.008769 138.572513
498 361.830082 78.898213 105.684837 142.874836
499 362.109582 78.817465 104.797111 143.931171
500 362.018115 79.312144 103.492986 144.672343
501 361.507841 83.053376 102.114267 147.197410
502 360.895152 85.740031 100.882352 148.354010
503 359.288926 89.099637 99.577390 149.218859
504 358.920315 94.553753 98.410869 150.881502
505 358.102676 97.644908 97.863667 150.815357
506 355.767947 103.558077 97.664759 150.803232
507 357.307361 104.951295 96.983664 150.785390
508 356.345026 104.953311 96.597301 150.960334
509 354.795229 103.444936 96.004058 150.356385
510 354.263617 98.658106 96.413916 151.116194
511 353.941201 96.283068 96.894853 153.579315
512 356.420708 93.815929 96.059090 155.874038
513 356.840582 93.353466 95.943635 156.604428
514 355.503704 93.374155 96.227087 158.767466
515 349.980843 94.411402 95.463770 159.845558
516 349.441583 94.246482 94.744352 160.486771
517 347.732262 98.237807 94.340960 163.002448
518 349.834192 102.333802 93.967995 165.029101
519 350.419797 105.224201 94.742080 165.108534
520 350.782421 107.236064 95.196401 165.908196
521 351.092934 108.395408 95.788069 165.309721
522 351.005961 108.584032 95.901141 164.997507
523 350.933049 107.628214 95.584012 164.374218
524 351.685182 106.198852 95.704408 164.539047
525 355.188161 104.986844 95.946016 165.301196
526 359.209860 103.705956 96.091447 165.739709
527 364.427305 103.342246 96.816384 166.141015
528 371.856360 103.249006 97.743474 166.922055
529 380.547861 102.971522 98.921783 167.804902
530 384.694667 104.608006 101.240523 167.948458
531 393.832964 106.425991 103.199230 169.876857
