2 549.659456 130.295807 70.624210 111.591636
3 549.617083 129.011352 71.160905 112.558801
4 571.282582 111.977418 86.381225 113.773754
5 583.639984 81.971442 82.035711 117.977059
6 578.410017 86.508664 81.893895 120.052522
7 579.771722 76.849677 87.303236 123.857489
8 579.887510 76.926816 87.490295 123.965534
9 591.839895 52.481142 92.472665 123.068010
10 591.547947 52.259578 92.592992 124.073053
11 591.753761 52.480312 92.963357 124.464351
12 580.208602 78.872782 133.714283 136.376962
13 581.311979 83.004668 134.298120 135.608922
14 557.959843 149.977735 134.612636 128.619542
15 528.078059 157.764080 117.042896 144.529589
16 598.116767 136.825237 125.713019 167.412371
17 617.234777 120.369445 115.315235 161.235012
18 617.327936 120.557016 115.453115 161.486878
19 586.684022 168.063499 123.014639 165.744470
20 586.928245 168.199852 123.447259 165.954209
21 609.339109 158.088553 127.112322 160.378857
22 638.133648 168.897376 114.073703 165.683185
23 638.213403 169.605871 114.010028 163.457250
24 624.128816 169.665183 114.641687 160.076510
25 606.661674 168.549803 111.450259 151.896545
26 609.902595 168.294225 108.752195 143.881824
27 612.388351 168.347223 107.086942 139.980096
28 613.041832 169.836034 106.321251 137.102724
29 615.557768 176.679755 104.500433 134.755333
30 629.808419 171.511309 120.732416 138.708079
31 680.979635 157.454474 117.509510 132.296099
32 712.015528 155.687185 102.179108 134.859624
33 711.730690 154.420095 101.415148 133.946388
34 691.688521 151.662050 97.596516 124.546650
35 693.938291 141.628179 97.661712 124.358344
36 691.623701 138.616777 97.476236 124.669924
37 683.139601 150.427180 96.228863 116.920102
38 683.274360 150.468240 96.459829 116.955418
39 677.290869 145.465971 95.635529 116.580275
40 687.261144 148.330709 97.424533 116.321237
41 708.132234 166.754406 96.316291 110.208278
42 719.774394 171.081411 96.416911 109.045832
43 719.808189 171.281256 96.460952 109.408663
44 740.721086 179.919681 95.453136 104.823655
45 753.363862 178.589460 95.138506 105.101057
46 755.995343 182.685297 95.414580 103.652842
47 740.025951 182.439320 96.511628 105.137356
48 740.294800 182.533139 96.925384 105.479445
49 737.016650 216.779956 91.365000 106.934223
50 770.580217 238.407579 107.512064 100.484734
51 789.661506 232.820006 104.585547 98.139126
52 744.002369 259.142430 108.856570 91.425836
53 744.471544 262.193636 109.407626 92.401949
54 719.283353 252.342584 97.743197 94.854803
55 735.541301 249.668305 103.584782 89.589048
56 733.637804 250.807945 104.617741 96.378877
57 711.714898 252.783242 101.473272 96.892649
58 712.945922 250.341645 101.318243 96.509304
59 718.700898 250.357013 98.923621 95.457964
60 733.942610 237.661255 92.145212 98.010263
61 723.285246 234.756165 89.718245 98.546762
62 721.526107 229.534874 89.458082 97.277440
63 721.537207 229.593200 89.463904 97.403102
64 720.824520 227.317180 83.117670 101.964535
65 713.147923 240.001091 82.538864 94.875760
66 708.592576 234.437426 82.233899 94.751913
67 704.606079 212.294474 84.326914 96.517582
68 704.718155 212.562408 84.465393 96.959935
69 700.418527 193.324937 85.616552 97.105198
70 694.003129 193.384481 85.902676 97.778485
71 663.246447 194.160226 74.786796 107.171518
72 658.627086 186.376656 69.231344 113.887641
73 665.385305 179.762264 65.778321 116.958746
74 662.883735 212.512733 64.897323 111.745792
75 665.374699 213.884218 67.606463 113.571427
76 674.880956 213.372431 69.062636 110.305216
77 668.450866 227.411741 68.704175 115.521901
78 669.597853 228.429898 69.047543 115.512880
79 667.622792 245.792119 70.436469 114.378502
80 673.730007 257.830764 79.208402 107.505513
81 694.478817 263.571781 81.355760 105.932859
82 698.122069 272.269837 80.971361 107.190293
83 704.871863 276.635571 81.086031 111.031419
84 717.426295 273.393807 79.795985 111.703051
85 743.339170 289.598393 75.411285 119.473378
86 740.797762 266.769664 71.865650 119.840083
87 748.411014 234.537323 67.457950 116.262815
88 755.566384 220.753482 62.195535 119.295795
89 780.600397 214.449476 58.221626 115.683497
90 808.779656 213.035082 58.379918 106.860631
91 827.054686 214.419413 56.665643 106.803694
92 827.891458 214.725500 55.755789 107.761324
93 829.044015 205.115655 53.084844 112.538596
94 816.508713 211.227152 53.110329 108.347922
95 823.234308 186.473490 50.018428 107.182661
96 824.911085 193.083527 45.844664 115.475040
97 816.880212 190.590769 47.384272 113.573983
98 817.892125 185.495160 46.578268 116.287005
99 838.928161 179.967889 45.312130 115.799384
100 842.834869 172.431182 43.624601 120.014349
101 839.031662 172.641273 45.315133 115.541420
102 840.100191 174.164309 44.600842 115.242371
103 840.305208 174.335267 44.964942 115.415273
104 843.971620 175.268194 45.746914 114.979307
105 827.913789 179.651552 51.190877 102.569895
106 822.278949 190.000918 47.849971 106.665842
107 837.864251 192.256320 47.970877 104.014217
108 843.493458 186.728898 48.091196 101.271448
109 843.791118 183.906701 48.055639 102.898304
110 823.744932 193.517948 46.058071 119.601296
111 824.099247 194.017124 46.606117 119.969524
112 841.249197 191.717353 46.366978 115.225702
113 841.310203 191.836449 46.465745 115.495131
114 840.160424 189.757572 47.823158 115.795856
115 825.674084 199.053319 47.169636 120.251017
116 828.897120 187.115761 51.264935 115.164248
117 807.113685 194.289656 50.374656 113.608328
118 805.782177 191.145958 50.356212 110.335005
119 821.903807 186.838693 51.154271 103.272412
120 816.070888 179.622090 51.240306 106.932496
121 800.596106 172.037417 52.174041 114.823245
122 795.241151 169.261131 50.731833 122.328775
123 782.318837 168.603444 51.472805 119.274506
124 769.544883 169.194493 50.069395 113.735178
125 762.760347 173.744347 48.769621 115.265520
126 767.972896 176.927727 48.696058 110.242757
127 765.216933 182.907308 49.005643 113.749355
128 762.136563 183.542506 49.060015 114.594709
129 758.756641 187.898807 48.301769 119.275710
130 761.819787 192.000726 44.943961 120.800701
131 780.279088 194.567576 45.825468 112.984605
132 783.303354 191.924707 46.033569 111.666519
133 782.963916 192.433683 46.164907 111.718092
134 776.444894 196.413987 47.326694 115.122165
135 767.075222 217.942349 50.305180 101.355988
136 735.891163 242.021707 48.649243 99.478849
137 745.043245 303.970182 47.736801 102.627803
138 745.139965 308.678429 48.557467 102.917169
139 751.467827 312.081070 50.295724 99.066240
140 755.702941 301.510303 46.123925 99.651170
141 749.812713 328.968086 47.338057 111.146770
142 790.793711 360.724657 50.385557 107.177176
143 787.256946 372.194295 51.572641 96.378667
144 819.187067 388.854381 51.337493 99.687214
145 814.583154 453.950407 50.630882 108.231773
146 790.449478 456.162457 53.600240 102.201382
147 810.762748 453.796065 59.219256 100.086263
148 810.721194 451.271621 59.447001 100.535290
149 835.332804 452.757060 59.350441 98.036715
150 842.711089 462.227878 62.124869 100.153036
151 846.608037 460.403443 65.163082 96.276560
152 852.227225 468.641269 68.510645 97.018168
153 848.294826 468.267477 70.262961 97.154219
154 848.701416 470.634075 69.313118 98.651077
155 854.132787 469.535424 70.444528 97.336996
156 862.141949 475.354382 68.026110 97.237648
157 863.509670 476.729433 64.617083 107.476898
158 872.499811 463.737189 62.687773 108.140283
159 900.040775 457.993574 62.832120 106.247192
160 895.312561 453.495613 60.614477 105.014400
161 897.401569 462.045616 57.423806 115.049649
162 907.935883 406.185369 57.287888 113.798688
163 915.422605 397.638570 55.634525 107.759091
164 937.133611 405.647160 59.030051 102.159627
165 937.244947 373.572074 57.871407 100.135335
166 949.387832 307.890954 53.785752 104.614211
167 950.608120 270.613944 54.869175 101.258684
168 949.316479 252.584330 56.501234 100.493359
169 942.065064 227.971993 55.480947 101.356419
170 930.948183 210.589866 57.431986 97.705056
171 916.498977 198.602205 60.532565 103.607927
172 904.496108 189.560289 58.633001 106.434624
173 904.543197 182.778284 57.643281 105.005970
174 894.146204 161.060271 55.048498 106.261638
175 890.261085 159.343987 52.515118 107.128056
176 891.358735 158.343982 50.600750 105.696884
177 871.781473 173.355360 53.522209 103.100461
178 867.920552 164.789438 53.914752 105.394589
179 854.592963 162.458449 51.039860 100.649787
180 855.976174 151.295498 51.731566 99.233206
181 852.830133 153.814273 51.577397 97.147615
182 849.361296 159.649292 52.129939 95.818458
183 849.553006 161.722724 52.191056 95.259096
184 844.031243 151.882250 54.414449 93.817837
185 831.540452 180.580277 55.062528 99.247366
186 814.285414 163.190910 53.641860 105.736352
187 812.171226 164.520008 51.056049 111.336888
188 808.156144 156.801670 51.823994 107.214861
189 821.759031 155.612197 57.342396 101.219666
190 830.604804 141.229498 54.966663 106.692319
191 824.612462 146.131253 51.707263 106.362251
192 824.625329 152.782589 51.303610 104.260067
193 823.844883 156.296233 51.051550 103.114491
194 828.809976 156.965704 54.416914 102.424162
195 832.929165 153.451559 52.642124 103.310718
196 831.265929 144.831214 51.812659 103.868487
197 826.539512 141.297572 54.057181 103.732436
198 826.997892 143.906831 53.601509 104.379382
199 822.643960 134.365756 53.214126 106.749891
200 838.922357 124.663295 54.968034 103.812789
201 842.598051 119.120494 50.821318 105.439753
202 842.172782 129.574983 52.745355 99.732763
203 844.038032 129.638191 52.352590 101.585989
204 848.567177 125.257110 49.938273 102.799779
205 848.334340 120.903607 50.851173 99.849524
206 849.852065 124.715827 67.703220 97.734013
207 807.055770 159.326675 63.246687 103.268027
208 804.122487 159.387683 62.773912 103.852901
209 802.281075 154.354796 62.092704 103.233694
210 790.823768 154.635622 58.312282 106.164885
211 797.753500 157.057738 58.010011 104.336028
212 793.470460 156.025741 58.133594 103.213527
213 794.777557 156.772492 55.974802 98.483402
214 797.999647 151.473984 56.081041 93.720987
215 816.852328 151.550066 56.437254 90.865719
216 831.835983 133.635619 49.945085 102.068467
217 838.436502 132.017237 52.241950 102.793866
218 838.624137 131.186835 53.374476 103.773073
219 835.390372 127.487003 63.099773 105.932475
220 828.723032 136.338452 65.494482 100.808019
221 835.175221 133.268599 56.994300 109.338759
222 839.361506 141.923696 56.892752 111.563014
223 832.536079 146.869213 57.014590 106.837142
224 822.589822 157.824228 54.162065 105.701776
225 806.366111 162.801626 55.466341 105.282376
226 794.382071 169.383935 56.452942 100.220754
227 801.734186 189.712483 56.932869 98.178422
228 798.121720 192.880451 54.969015 100.684658
229 783.067822 221.420234 54.298742 104.863189
230 780.113388 237.393945 50.236818 108.951404
231 795.021308 246.873134 50.414681 102.684799
232 794.820001 247.274336 49.914912 103.724459
233 795.029123 248.213542 49.661059 104.012383
234 789.612506 264.746429 46.155102 105.492085
235 789.560844 266.820789 46.530599 105.211347
236 791.384673 272.762159 47.935358 102.213121
237 791.214598 282.961219 47.954430 102.979188
238 791.468952 285.107161 48.294191 102.100738
239 787.702642 295.920809 47.820998 99.251381
240 785.450540 295.659326 48.344765 99.199439
241 773.573352 296.315554 49.143594 97.670927
242 768.783543 296.139027 50.530949 96.362430
243 767.041584 298.055614 53.706513 93.677725
244 756.750588 301.835458 56.482306 97.447788
245 748.172782 288.535867 54.355174 94.869437
246 738.172821 278.194456 53.985167 93.698658
247 731.894815 278.484100 56.684200 94.495376
248 726.320066 275.443931 57.811652 94.152660
249 731.497192 268.810021 55.098205 105.337747
250 723.240595 249.809643 54.483354 109.459434
251 726.691085 260.940718 57.540768 101.543916
252 735.223064 333.012177 57.196104 111.421179
253 766.164263 359.314022 57.420191 105.574266
254 785.455949 359.346581 61.699532 102.332843
255 797.738781 379.392076 59.200869 107.387170
256 802.161884 389.438910 52.689557 114.590272
257 826.482803 391.126870 51.486210 129.268404
258 829.160984 385.336674 50.685782 127.324731
259 826.622901 381.312783 50.621168 122.423290
260 833.751090 396.286194 55.524846 116.605876
261 843.273128 395.979964 54.756556 115.208853
262 844.958813 406.239955 51.278844 106.679772
263 849.903150 418.088214 50.456092 106.944346
264 863.783086 411.440348 45.691742 114.487212
265 869.936909 424.279640 41.791141 125.666921
266 872.640241 449.133949 37.599903 124.322549
267 876.445469 450.354105 36.385235 120.065313
268 875.448776 459.016433 34.362808 117.981646
269 873.114979 452.763178 33.219952 117.717963
270 875.284063 454.782697 32.890346 109.317810
271 874.399821 447.273435 32.577799 106.221462
272 869.584220 433.758073 31.395961 107.474006
273 870.958674 431.121251 31.244322 102.089062
274 871.680713 433.910755 33.726644 92.444790
275 875.641116 380.493961 35.534701 90.977200
276 874.734477 341.807880 37.614489 94.848847
277 859.340400 350.618528 42.024697 100.200839
278 861.566287 338.098641 40.903336 98.788284
279 878.462408 393.542952 39.788552 91.783843
280 884.478690 390.809467 47.392054 87.118089
281 911.221054 382.351673 48.520281 98.135687
282 909.661591 376.694504 53.393077 96.782316
283 906.431835 372.059413 58.388556 94.148314
284 891.049743 379.373928 57.281792 103.968024
285 889.750255 373.419960 64.397611 101.070026
286 892.098938 355.594240 59.040703 102.398662
287 891.143734 358.903014 63.459059 92.142146
288 887.066856 356.765255 64.284651 84.869285
289 876.262179 355.760468 65.544031 82.119588
290 823.194379 345.565151 83.666891 86.980698
291 829.933370 338.408384 69.139562 98.967889
292 832.865818 328.221709 71.074772 93.813619
293 832.502748 326.483140 71.570346 92.724203
294 836.969572 318.189477 67.581354 90.979997
295 836.848722 314.598825 62.160079 93.205959
296 833.333345 298.450780 57.285202 97.924120
297 824.523859 289.276387 56.373309 96.194286
298 823.600234 292.423321 56.477609 96.847849
299 822.731079 285.829980 54.133255 103.268937
300 833.608632 304.170397 59.323488 113.766752
301 833.713994 300.696896 58.795145 111.097032
302 853.829003 310.011082 62.330043 101.827808
303 860.082073 305.195871 60.804683 96.658301
304 862.642941 310.198613 55.584424 104.119585
305 866.825490 302.851563 54.252916 95.173585
306 873.352086 294.057638 53.563318 94.978527
307 895.313819 283.628763 54.308764 95.045390
308 895.723186 284.287576 54.383492 95.210515
309 919.126451 275.907041 48.522113 112.607952
310 903.853385 277.572196 70.580073 99.010105
311 907.153317 281.740551 59.365149 110.626961
312 941.023968 280.402807 92.872235 110.776825
313 932.162223 286.112751 93.044776 106.867585
314 919.669126 291.348500 77.130478 97.825295
315 883.071498 281.511915 101.332025 98.843085
316 902.108010 291.528955 82.053235 110.749013
317 903.371135 314.777000 78.576963 107.049576
318 898.015437 318.498861 71.923929 104.647996
319 894.722916 324.316173 84.535260 99.553013
320 860.748569 331.714521 77.032506 100.146217
321 875.628082 328.589913 64.259074 106.876126
322 874.020562 329.275507 62.621922 106.735555
323 870.966105 330.468402 62.801284 105.828886
324 860.668790 350.291927 65.341652 98.330458
325 846.568740 364.787988 65.237274 89.073547
326 834.845568 377.679087 64.883745 83.253865
327 821.597817 381.198021 61.862270 80.750784
328 821.711291 381.747862 61.857753 80.436007
329 813.744119 378.815719 58.942637 82.851785
330 822.831066 386.138672 72.846288 81.420550
331 829.823306 385.057327 68.407790 79.027620
332 811.205492 387.371725 64.633338 78.070711
333 811.260426 387.689598 64.884874 78.116961
334 812.206164 392.047870 64.532778 76.112115
335 829.469235 385.700479 56.345615 76.406168
336 812.238837 391.508201 63.314288 75.064425
337 803.982069 399.496755 56.387934 73.835355
338 804.079401 399.541153 56.433512 73.951962
339 805.180434 391.293020 54.983860 71.494870
340 805.249395 390.720302 53.554431 73.208788
341 818.592652 396.472679 52.335473 71.854154
342 814.459529 394.772872 53.951433 72.506082
343 813.786660 394.967235 53.697197 73.382002
344 793.857210 405.262317 52.090905 73.776998
345 809.668168 416.670911 72.604100 73.563146
346 801.226483 407.625363 60.570717 77.679762
347 799.785983 459.540455 71.588501 77.974597
348 796.124503 456.102467 72.351157 74.952872
349 786.884211 475.425104 71.281466 74.010501
350 779.182531 517.755587 70.550230 79.611104
351 784.537855 533.580208 72.871955 77.426743
352 790.436038 530.270686 69.211759 81.940066
353 794.219537 527.865684 67.202938 83.159287
354 792.263508 522.171548 66.849742 82.314657
355 801.865676 521.168942 67.146817 80.851764
356 804.129974 519.114386 65.476473 79.928313
357 803.370602 517.140673 65.793985 77.819698
358 803.502767 517.244340 65.987591 77.942120
359 805.007318 511.905253 64.425179 75.724499
360 804.115658 511.548326 63.767361 75.570568
361 812.244917 510.804852 59.030634 75.071200
362 815.030393 514.261221 60.315936 71.687836
363 815.376755 514.046347 60.633852 71.677156
364 830.380504 508.154171 62.253292 68.182018
365 830.325383 509.390674 63.198799 69.905517
366 849.398672 511.878572 74.989978 66.557331
367 876.885411 509.061413 69.286880 69.999472
368 877.008338 509.046560 69.453919 69.972292
369 870.599191 522.582482 71.718261 72.309589
370 879.980850 521.626289 73.754726 70.018336
