2 180.609803 375.053619 62.605848 64.500421
3 186.094476 373.206361 63.233399 64.683519
4 191.573717 371.078174 64.742636 64.602565
5 197.964089 366.933322 64.969997 65.299276
6 204.863924 362.647976 64.953155 65.687472
7 219.887772 353.913642 62.460482 66.531883
8 225.510049 352.271061 62.436882 66.236431
9 230.940081 349.715387 62.403092 65.793344
10 237.750772 347.468892 61.933202 65.533102
11 245.474044 345.193217 61.338200 64.945213
12 260.700105 338.757419 61.055294 64.847322
13 266.514535 336.789293 60.720611 64.721063
14 272.707359 334.581960 60.477148 64.801577
15 279.491247 331.403175 59.982998 64.578789
16 287.842008 327.979886 59.653453 64.568449
17 301.642008 323.938601 59.196390 64.814235
18 308.149702 322.000500 59.007968 64.248336
19 315.532943 319.622812 58.798365 63.833376
20 322.440961 317.267080 58.320230 63.386505
21 327.806371 314.075649 57.324690 63.418803
22 337.538010 306.035808 56.728053 64.010098
23 340.469654 305.752082 56.499863 64.125232
24 345.107621 304.379872 55.780411 64.144055
25 349.161901 302.065714 55.413781 63.849385
26 353.041911 300.076014 54.949177 63.461053
27 360.511834 294.537871 54.862715 63.079256
28 363.740348 294.262520 54.445372 62.927981
29 368.587291 292.255795 53.806302 62.233186
30 373.309858 290.568474 53.324632 61.883989
31 377.890742 289.913002 52.626506 61.773529
32 386.397062 285.597175 52.595480 61.385497
33 390.765541 285.005313 52.234861 61.320012
34 394.542415 282.611148 51.921203 60.989358
35 398.256016 279.915318 51.339591 60.746753
36 402.875578 277.850243 50.566869 60.457811
37 409.826535 274.173324 49.806905 59.753746
38 412.799390 272.027056 49.247315 59.865552
39 416.682652 269.066860 48.811320 59.785412
40 420.591135 266.346837 48.125788 59.599265
41 424.572669 263.975102 47.692202 59.401923
42 436.098420 261.768091 47.292458 59.007826
43 442.312151 259.965401 46.856769 59.052256
44 446.982813 258.911682 46.658657 59.047109
45 453.163394 257.787079 46.160487 58.877942
46 455.583689 256.972684 45.826759 58.766496
47 463.871109 252.781547 45.382952 58.526141
48 466.828683 251.160494 44.883831 57.907381
49 470.184210 248.790267 44.534716 57.090000
50 473.445337 246.533939 44.385821 56.625880
51 475.533368 245.364470 43.924780 56.166469
52 485.064577 241.779468 43.584036 56.424745
53 490.474832 241.922156 43.286652 56.262265
54 494.386636 242.381988 43.125823 56.121900
55 498.936784 241.680983 42.410434 55.914269
56 501.852725 240.569272 41.833121 55.700685
57 507.990091 237.274130 41.276695 55.817534
58 509.267677 236.321283 41.034114 55.254693
59 513.814077 234.848685 40.368015 54.396929
60 518.706493 233.858803 39.917422 54.302141
61 523.978375 233.680912 39.167044 54.513597
62 534.661963 230.989191 38.603383 54.484902
63 539.549599 229.272719 37.926791 53.738841
64 543.999534 226.869499 37.139124 53.335032
65 547.680803 224.830356 36.347653 53.088213
66 551.416332 223.135231 35.825819 53.335307
67 558.656742 220.795793 34.998612 53.328889
68 561.670778 219.948959 34.190320 53.550879
69 564.903743 219.661932 33.876732 53.564290
70 567.705716 219.601237 33.409320 53.474114
71 570.052197 218.561792 32.743607 52.800527
72 576.068976 215.648991 32.691679 52.699309
73 578.697946 215.120247 32.581582 52.419251
74 581.349076 214.457829 32.373826 51.549801
75 583.454202 214.068403 32.190310 51.481592
76 585.736974 213.314593 32.202080 51.174992
77 591.323978 211.100074 32.446863 51.227075
78 595.079807 209.340394 31.767825 51.505108
79 597.513877 207.863786 31.893776 51.301311
80 601.051495 206.269279 31.590009 51.223256
81 604.931546 205.053140 31.343649 50.837105
82 611.801434 202.346257 31.060065 51.413839
83 614.343477 201.667316 31.123086 51.216996
84 617.064069 200.982538 31.133213 51.011134
85 619.207056 201.218592 31.240106 51.068217
86 621.568277 201.214373 31.037382 50.833854
87 624.958493 200.229335 31.156205 49.683211
88 626.746031 199.393431 31.120263 49.390037
89 628.460510 198.183754 30.878995 49.079571
90 630.060125 196.822851 30.623594 49.111018
91 632.005522 195.071437 30.433188 49.218666
92 633.929137 193.208849 30.246134 49.439323
93 634.499821 192.677393 30.386681 49.230973
94 635.804682 189.483399 30.149763 49.781195
95 637.534968 188.676836 30.129101 49.263453
96 638.567732 187.051822 30.126422 49.289516
97 641.010732 182.851459 30.002568 49.597131
98 641.261497 183.006958 30.495173 49.940288
99 641.613677 182.174139 30.520221 49.633579
100 642.537674 181.035223 30.843289 49.630919
101 643.313044 179.852615 30.582394 49.408798
102 644.899478 177.523200 30.644258 48.564152
103 646.139689 176.502315 30.417550 48.323545
104 647.690210 176.120268 30.092377 47.587503
105 648.390767 175.955151 30.380657 46.839725
106 648.716803 174.637242 30.502106 46.496269
107 650.563315 170.947572 30.480213 46.545290
108 651.518496 171.172990 29.849961 46.042785
109 652.563636 170.302683 29.064473 45.370123
110 652.154117 169.608072 28.700888 44.992385
111 651.488367 166.333870 28.414077 44.836284
112 650.582598 162.678776 27.859293 44.904655
113 650.654800 162.136493 27.871129 44.402380
114 650.540444 160.498218 28.005578 43.715997
115 649.750460 158.613823 28.416691 43.345708
116 649.016481 157.755465 28.691756 42.643504
117 647.355762 155.059124 28.998348 42.466078
118 647.209349 154.740821 28.795221 41.997910
119 646.371777 152.784129 28.745401 41.222924
120 646.185256 151.844478 28.899105 41.203299
121 645.215075 150.577106 28.883356 41.001989
122 645.000621 147.049774 28.165717 41.605470
123 644.893520 146.269519 28.316156 41.773094
124 644.897359 145.751558 28.307137 41.653929
125 644.514241 144.583745 28.203318 41.677144
126 643.362253 143.195720 27.952940 41.556250
127 642.076361 140.128853 27.236826 41.712648
128 640.649793 139.108932 27.146882 40.699058
129 638.693157 138.121592 27.210197 40.124624
130 637.345600 135.923665 27.228964 40.276183
131 637.493106 135.741758 27.180063 40.351615
132 632.935085 130.741860 26.164342 41.455136
133 631.175075 126.615923 25.933426 41.612768
134 627.820013 125.112897 25.472807 41.677202
135 624.578256 120.695647 25.038423 42.112236
136 621.791019 119.624934 25.192468 41.397441
137 615.845291 117.092168 24.744895 40.530407
138 613.213861 116.256641 24.455702 39.821770
139 610.961925 114.977891 24.058766 38.819788
140 608.771309 114.228976 23.866557 38.343743
141 606.687071 113.304811 23.664801 38.157149
142 601.700869 109.764001 23.174579 38.526954
143 599.248552 108.576917 22.869060 38.651317
144 597.902460 107.788815 22.757389 38.443019
145 596.369178 106.771747 22.809191 38.300275
146 594.982765 105.897489 22.194434 38.659988
147 591.925742 104.229298 22.046479 38.606443
148 589.162642 104.709335 22.871284 38.441939
149 588.094656 103.790053 22.887098 38.097007
150 587.103255 103.169365 22.901188 38.141633
151 585.948064 101.361380 22.436277 38.756564
152 583.866225 101.726238 22.083067 38.406499
153 582.969970 101.703815 22.108467 38.023189
154 581.969353 101.735342 22.072376 38.347917
155 580.816403 101.534850 22.121796 38.469481
156 578.469913 97.853699 21.485528 38.828023
157 576.098866 93.384792 21.254306 38.266682
158 575.716497 92.704757 21.310426 38.499925
159 575.776708 92.678449 21.496227 38.383086
160 575.678916 92.666375 21.469178 38.354072
161 575.607741 92.360179 21.784638 37.770422
162 575.162600 89.724359 22.193432 38.002008
163 573.981395 88.264705 22.721943 38.395000
164 574.517927 87.655712 22.946984 37.387170
165 574.167334 86.771423 23.158451 37.247157
166 574.335001 86.044357 23.354582 37.304701
167 574.416632 85.896848 23.548373 37.270482
168 574.437191 85.555478 24.024760 37.235348
169 573.597327 84.568955 24.564197 36.633861
170 573.821239 84.542509 24.932945 36.811395
171 573.877202 84.580325 25.033920 36.902438
172 574.546932 83.599147 25.533150 36.897231
173 574.871916 83.322885 26.020899 37.110066
174 575.126343 83.509342 26.493534 37.493768
175 575.196023 83.507126 26.469429 37.496706
176 575.504823 83.342825 26.577077 37.536888
177 575.659460 82.661807 26.866620 38.289582
178 575.556556 81.897839 26.772105 38.726658
179 575.585567 80.008518 26.722933 39.394102
180 575.694704 78.748081 26.852515 39.802410
181 575.770774 78.774452 27.010810 39.996859
182 575.988222 77.682938 27.546372 39.946672
183 576.116413 77.089809 27.970228 40.012070
184 575.848869 76.150464 28.046459 40.445907
185 576.363192 75.120844 28.710419 40.421864
186 576.491494 74.091972 29.308882 40.366192
187 575.200016 65.144330 30.750179 41.098121
188 571.671120 65.051149 31.905761 42.143027
189 569.572010 64.994277 32.628078 42.619042
190 569.377113 65.056077 33.171153 43.057657
191 568.794144 65.016701 34.224131 43.751574
192 566.335133 64.315910 34.615926 44.701742
193 564.045350 62.179831 34.895805 46.037388
194 562.138049 57.268097 35.202496 47.419815
195 558.857490 52.793077 36.784030 48.363880
196 558.801916 52.968588 36.982295 48.583806
197 554.420106 53.269009 36.785871 49.118115
198 554.483693 53.504362 36.975658 49.486685
199 554.043313 53.667281 36.985429 49.452791
200 552.066734 53.606045 36.821855 49.551550
