5 302.397513 216.087508 26.974065 56.941343
6 302.297300 216.190727 26.827019 57.011258
7 302.339839 216.448396 26.992497 57.467597
8 301.823726 216.694148 26.772504 57.390777
9 298.744103 217.664495 26.727738 56.858380
10 296.828208 219.776434 26.337295 57.112027
11 296.006293 220.336282 26.360936 57.190531
12 295.542849 220.543832 26.156964 57.550781
13 295.705891 220.754373 26.469117 57.999682
14 295.704002 219.405470 25.945664 57.345013
15 296.190675 218.287275 25.713034 57.364532
16 296.333893 218.350156 25.992341 57.488753
17 296.338379 218.353040 25.993406 57.489008
18 296.315983 218.364036 25.954855 57.491319
19 296.249160 218.377504 25.899201 57.477712
20 296.165644 218.412710 25.588253 57.550071
21 296.372173 218.634912 25.993406 57.988912
22 296.376126 218.637693 25.993406 57.988912
23 296.380079 218.640474 25.993406 57.988912
24 296.384032 218.643255 25.993406 57.988912
25 296.387985 218.646036 25.993406 57.988912
26 296.876926 218.488914 25.694314 58.015858
27 297.030425 218.728199 25.993406 58.488817
28 297.083228 218.707948 25.942391 58.490454
29 297.112920 218.706866 25.991936 58.487846
30 297.131264 218.689135 25.977300 58.494535
31 297.143270 218.689080 25.993406 58.488817
32 297.162218 218.688448 25.972574 58.483149
33 297.177023 218.691133 25.991789 58.489043
34 297.211249 218.640175 25.940561 58.496909
35 297.270965 218.574097 25.937702 58.526093
36 297.478339 218.619662 25.640942 59.127622
37 297.666204 218.759886 25.953503 59.506551
38 297.697262 218.965274 25.948032 60.020033
39 297.878774 218.994374 25.713080 60.649413
40 298.017971 219.087395 25.866470 60.987722
41 298.023904 218.936726 25.792381 60.984177
42 298.077845 218.883991 25.903674 60.991611
43 298.109238 218.733835 25.903818 60.960986
44 298.172093 218.569221 25.783778 60.901889
45 297.669879 217.996869 25.827500 60.629102
46 297.745174 218.151581 25.972941 60.974534
47 297.414717 217.429397 25.783846 60.639073
48 297.371928 217.481840 25.872105 60.785777
49 297.322918 217.495995 25.924010 60.839119
50 297.329182 217.533043 25.911916 60.910005
51 297.413812 217.561947 25.940654 60.960689
52 297.662634 217.466773 25.840573 60.927713
53 297.915541 217.482096 25.896618 60.928748
54 299.001791 217.488559 25.295646 60.020976
55 299.509044 217.184612 25.365198 59.902017
56 299.625586 217.165454 25.451569 59.946001
57 299.659874 215.809884 25.530165 57.927329
58 299.941278 215.638848 25.956672 57.803376
59 300.016179 215.146947 25.943981 57.349706
60 299.008043 214.565931 26.190179 56.761671
61 298.796350 214.512510 26.416548 56.803692
62 298.686256 214.490943 26.448961 56.804045
63 298.564221 214.111615 26.427687 55.902154
64 298.402816 213.033930 26.349834 54.350859
65 298.521338 213.061489 26.426431 53.743848
66 299.014625 213.553506 26.055047 51.525411
67 299.241698 214.006088 26.468118 51.594353
68 298.952917 214.046104 26.572926 48.465070
69 299.139425 214.210502 26.941992 48.119965
70 299.192039 214.941904 26.833336 47.559006
71 299.263463 215.330695 26.957469 47.745536
72 299.352165 216.819309 26.852579 46.926601
73 299.622937 216.276339 26.807338 46.597013
74 299.695185 216.507346 26.972309 46.840451
75 299.698811 216.738877 26.959025 46.672906
76 299.693665 217.388835 26.888367 46.200278
77 299.461691 217.685927 26.970526 46.019573
78 299.572173 219.370110 26.588457 45.390110
79 299.740638 220.382925 26.973529 44.804154
80 299.863018 221.070416 26.910494 44.450342
81 300.032567 221.043973 26.873309 44.404991
82 300.700881 221.447114 26.280138 43.911181
83 300.810885 221.511225 26.492868 43.973384
84 301.045131 222.319218 26.161192 43.404671
85 301.239837 223.001016 26.359903 43.197128
86 301.461581 224.563256 25.511148 42.488264
87 302.022113 225.566979 25.184165 41.789438
88 302.303428 226.298447 24.973381 41.246404
89 302.348992 226.834324 24.689165 40.903328
90 302.493440 228.559024 24.516404 39.462080
91 302.757486 229.935740 24.922141 38.361352
92 302.877941 231.513576 24.147236 37.221593
93 303.533819 232.491982 23.283717 36.920775
94 303.818109 233.758412 23.012515 36.035709
95 304.102856 234.270869 23.331776 36.424805
96 304.322019 234.736728 23.017852 36.394276
97 304.588727 234.919203 23.294528 36.364323
98 304.769549 235.621995 23.110094 36.252086
99 304.793111 236.503149 23.329768 36.224707
100 304.671998 237.528259 23.184247 36.187527
101 304.812952 237.976401 23.064926 36.417426
102 304.894317 238.751219 23.074617 36.242320
103 304.956663 239.341698 23.353906 36.378729
104 303.234783 240.469725 23.440182 36.102311
105 302.313193 240.980703 23.352001 36.451765
106 302.339520 241.051195 23.438509 36.473916
107 302.370859 241.062498 23.494040 36.493023
108 302.221354 240.666846 23.541591 36.267640
109 302.421281 239.839247 23.742811 35.754163
110 302.632520 239.254574 23.925694 35.667282
111 303.073732 235.557886 24.187184 36.676236
112 306.130221 232.093937 24.225438 36.791144
113 308.391811 228.962174 24.743619 38.064806
114 308.584710 228.686964 25.105878 38.594995
115 308.821310 227.865876 25.450164 39.109908
116 308.645942 225.614139 25.351087 39.942411
117 308.722001 225.031470 25.499035 40.144773
118 312.699939 223.986891 25.711250 40.097015
119 317.721238 223.382115 25.366638 40.011664
120 319.773483 221.647029 24.619869 40.324996
121 320.152462 220.609408 24.821861 41.755444
122 320.677647 220.932787 24.577584 41.787812
123 320.900641 221.026869 24.987105 41.990920
124 320.979320 221.181464 25.043309 41.913603
125 321.208309 221.222662 25.493532 41.991971
126 322.909771 221.521761 25.105371 41.983958
127 324.521729 223.212762 25.077892 41.013708
128 325.639856 225.105539 24.933525 41.353007
129 325.418536 225.620732 24.744773 41.667805
130 322.118414 226.785384 24.839109 43.804772
131 320.359012 227.002851 24.970887 44.565314
132 317.991784 228.051053 24.507320 45.423532
133 316.442755 229.188500 24.883775 46.264138
134 316.501190 229.303442 24.984940 46.545481
135 316.510430 230.996486 24.298515 46.927959
136 316.577349 231.858535 24.397949 47.001762
137 316.629268 232.104665 24.491597 47.497608
138 316.770861 232.356700 24.390862 47.481905
139 316.877045 232.387403 24.484175 47.507196
140 317.953326 232.674900 24.601825 47.918552
141 318.935724 232.426256 25.001864 47.853628
142 319.294706 231.901660 25.662713 48.172387
143 319.715008 230.839564 26.117165 48.582153
144 321.209203 227.907101 27.096954 49.065728
145 324.278891 225.714349 27.539287 49.260623
146 326.227000 223.363624 28.033759 49.307370
147 326.462437 223.302775 28.646750 49.361106
148 324.348422 221.723855 29.167615 49.289073
149 321.724437 219.964819 29.713231 49.826957
150 320.267799 218.996172 29.842293 49.880042
151 319.548302 218.709175 29.723764 50.028377
152 318.122771 218.836736 29.672267 50.639892
153 315.069589 217.820984 30.027217 50.855146
154 312.566056 217.137924 29.949683 51.121003
155 312.178861 217.156766 29.756959 51.560749
156 311.828614 217.794285 29.283739 51.915080
157 309.965245 219.747216 29.220589 53.068643
158 307.643037 221.174415 29.083989 53.766570
159 305.555202 221.913547 29.296493 54.355790
160 303.897942 223.671984 28.827397 54.787382
161 303.732848 224.715945 29.013236 54.880139
162 303.949237 225.040510 29.465434 54.742662
163 303.918848 225.588882 29.481952 54.815539
164 303.915043 225.877910 29.472516 54.949916
165 303.779381 228.165111 29.211969 53.363432
166 303.871460 230.231785 29.183361 51.792872
167 304.006966 230.633679 29.441452 51.679478
168 304.282565 231.787998 28.893185 50.552933
169 305.176422 233.221292 28.701580 49.482409
170 305.349698 233.204232 29.001524 49.464283
171 305.599680 233.219732 29.492518 49.490537
172 305.589933 233.317209 29.508790 49.387041
173 305.703244 233.672850 30.159173 49.120011
174 305.524495 233.983026 30.574778 49.211885
175 305.176340 233.582480 31.062250 49.364486
176 305.275886 233.175085 31.360054 49.352899
177 304.555944 231.493786 31.534466 49.455338
178 304.717163 230.602299 31.801593 49.647760
179 304.801574 230.052551 31.966837 49.861157
180 304.772715 229.359694 32.075571 49.906604
181 306.751041 226.635336 32.569604 50.389016
182 307.095490 223.316179 32.923249 50.847050
183 301.054009 220.029257 34.966614 47.962668
184 291.118914 217.012502 35.049499 48.766525
185 283.601228 213.221582 35.346213 50.851465
186 278.417883 208.937302 34.058540 52.266576
187 274.912448 206.307902 32.334505 54.815598
188 272.728463 204.133827 32.008948 55.706624
189 271.726783 202.888988 32.953907 55.764125
190 271.494006 202.314020 32.871437 56.117949
191 271.005091 201.952916 32.289491 57.011222
192 269.165128 201.793085 31.976859 57.310716
193 266.388863 201.888409 30.932666 57.099758
194 264.621076 201.948349 30.885586 57.047499
195 263.400192 201.550412 30.391606 57.744808
196 262.749442 201.292152 30.128693 57.824516
197 262.934006 201.375698 30.484233 57.962539
198 263.410548 199.974088 30.446769 57.680202
199 263.438994 200.115484 30.464649 57.904330
