85 324.130613 416.047230 26.062855 58.681058
86 328.317525 412.450997 24.682342 58.978087
87 329.347503 411.089669 24.640769 59.212756
88 330.294569 409.890734 24.810100 59.386822
89 332.170101 408.137048 24.887114 58.893252
90 333.277772 407.584741 25.012531 58.725033
91 336.173565 404.889392 25.641192 58.670842
92 337.567760 403.779880 26.020039 58.668788
93 339.680428 402.148032 26.088686 59.268488
94 342.858460 400.667888 25.979163 60.134675
95 345.990332 399.486125 25.227459 60.999007
96 351.993357 397.216611 24.957041 61.427333
97 355.267440 394.377100 25.122492 61.087132
98 358.554376 391.938267 25.794373 61.552073
99 361.754604 390.210522 26.544643 61.406901
100 363.324016 389.127847 27.253726 61.181296
101 367.813058 388.609836 27.265064 61.525375
102 369.244847 388.659825 27.338370 61.852730
103 371.735275 387.959710 27.701859 62.016937
104 373.951629 386.940136 28.161916 62.852719
105 376.404004 386.103536 28.541702 63.325155
106 380.464917 385.794583 28.222587 64.142775
107 382.943978 385.319686 28.524691 64.260626
108 385.704079 384.318366 28.793743 64.305788
109 387.265091 383.733414 28.822430 64.481036
110 390.832403 382.293142 28.814390 64.491945
111 393.927629 379.950573 27.624291 64.199791
112 394.284357 379.982501 27.847276 64.346288
113 395.130249 379.321065 27.465109 63.978969
114 396.541385 377.958574 27.078928 63.117563
115 397.182491 377.606530 27.566872 62.651984
116 399.044351 375.135709 27.941561 62.307591
117 399.098851 375.194774 27.998794 62.424940
118 400.742570 372.565097 27.616816 62.831640
119 402.146270 370.067762 27.143046 63.261553
120 403.023889 368.217254 27.104134 63.431926
121 405.494341 361.976970 26.375494 62.673167
122 406.216194 360.203222 26.551211 61.534985
123 407.357025 357.663891 27.089549 61.442244
124 407.508187 356.003257 27.744559 60.839250
125 407.467104 353.792470 28.459224 60.001537
126 406.406986 348.619532 29.125019 59.627222
127 406.430947 346.491643 29.385152 59.794782
128 406.104267 343.235471 29.491376 59.638101
129 405.888465 338.993791 29.311508 59.772048
130 405.962246 334.231486 29.409161 60.390930
131 406.120208 327.739935 29.348135 60.759013
132 406.656023 326.468042 29.406136 61.211114
133 408.053288 324.979868 29.256022 61.546513
134 408.565426 322.918321 29.405075 61.514493
135 409.586685 321.703642 29.352425 61.648666
136 412.180543 318.570115 29.076818 61.437375
137 412.719016 317.467226 28.800154 61.210085
138 413.245839 316.207396 28.456196 61.110461
139 414.425200 313.512711 27.425162 60.440315
140 415.700372 311.423597 26.729040 59.974424
141 415.699994 306.555935 28.841434 58.738910
142 416.057981 304.874667 28.731737 57.895776
143 416.765517 301.816128 29.162315 58.166844
144 414.234683 295.969428 31.732597 61.266626
145 412.189491 289.561895 34.336246 65.491237
146 412.368066 280.370141 34.228021 69.340780
147 413.840196 278.160348 33.994606 69.867326
148 417.135095 274.967692 33.432235 70.464537
149 420.009197 272.696279 32.987091 70.431697
150 422.323992 270.874495 32.843761 70.862526
151 424.707038 263.569725 33.799511 73.043592
152 424.566271 261.180954 34.588110 73.496583
153 424.790644 260.142648 34.935686 73.328491
154 425.267397 259.310283 35.227455 73.679675
155 426.198913 259.264235 35.428166 73.658764
156 428.890812 260.126091 35.183271 70.669529
157 428.902315 261.831112 34.970440 68.960183
158 428.909259 262.572218 34.898274 67.890753
159 429.119677 263.029056 34.971864 66.808134
160 430.192466 263.090916 35.529169 65.190636
161 430.673273 261.539586 35.632784 64.055025
162 430.680893 261.795514 35.467402 64.032020
163 430.157313 263.130354 33.103763 62.558884
164 430.403585 264.315616 30.208907 61.271894
165 430.457724 264.676041 28.632906 60.165259
166 430.920749 265.171227 27.927512 59.496064
167 431.597226 266.172141 27.286005 57.710996
168 431.903032 266.972496 27.101473 57.201539
169 431.851283 268.522511 26.216455 56.926448
170 432.208026 269.764205 25.761045 56.617840
171 432.341637 273.057850 25.000807 57.082420
172 432.602150 273.594517 25.410016 57.380819
173 432.781131 274.505002 25.359645 57.171432
174 432.843128 274.713747 25.488942 57.438057
175 432.853558 274.835517 25.496786 57.379168
176 433.914262 275.524474 26.065652 55.732509
177 434.602843 275.179023 26.669991 55.751570
178 434.914107 274.645851 27.018005 55.494653
179 435.301125 274.463947 27.536172 55.314206
180 435.885677 274.317685 27.980117 55.423862
181 438.034898 272.167524 27.888176 55.497364
182 438.133118 272.036872 27.980862 55.496239
183 438.397830 271.505218 27.942391 55.518795
184 440.115871 269.692647 27.536159 55.417397
185 440.469651 268.925160 27.943167 55.395330
186 442.085086 264.904111 26.993474 55.616147
187 442.744719 262.767183 26.779329 55.616771
188 442.942196 262.498427 26.994205 56.015052
189 443.484977 260.695692 26.688365 56.225589
190 443.717163 259.582158 26.787179 56.093246
191 444.898465 254.989338 25.437143 56.406029
192 445.191621 254.397938 25.406767 56.015542
193 446.260844 253.018746 25.071157 55.923933
194 446.666289 252.610863 25.452151 55.741917
195 447.227583 252.309166 25.308132 55.701221
196 447.324205 250.683561 25.238973 55.870288
197 447.554467 250.377274 25.395534 56.140585
198 448.081673 249.247798 24.929435 56.333586
199 448.159794 248.964905 24.912069 56.473910
200 448.599721 248.236078 24.826288 56.120085
201 448.168340 245.316239 25.372791 55.429768
202 446.866867 243.718871 25.507005 55.335023
203 443.694571 242.028595 26.261643 54.910811
204 441.254875 241.897192 26.695271 54.852410
205 438.241882 239.468021 27.393502 55.317041
206 433.496155 233.858084 27.104447 57.032533
207 433.053782 230.278705 27.438227 58.072079
208 431.286890 225.935854 27.371961 59.317267
209 431.098158 220.741308 27.109787 60.454365
210 429.973038 216.516901 27.189373 61.656710
211 430.481384 208.920018 28.114721 63.951309
212 431.490954 206.026365 29.002095 68.636084
213 432.824363 203.825412 28.407179 70.882764
214 434.290384 202.747960 26.852219 73.832918
215 436.085933 201.049832 24.706572 77.687773
216 439.786021 198.950094 22.015822 81.792270
217 440.647265 197.059795 21.783640 84.401257
218 440.936662 194.139620 21.730360 86.578545
219 441.241167 192.151477 21.750728 88.162936
220 441.489573 191.508349 21.985233 89.041976
221 443.525908 193.096557 21.875712 88.458107
222 443.608480 193.765022 22.073224 88.335040
223 443.724139 195.217368 22.603456 87.661088
224 443.345417 199.609486 23.373516 84.703684
225 442.825169 204.689386 23.584939 80.518073
226 439.221256 211.452590 24.386881 73.065611
227 436.786068 215.031126 24.893847 67.343659
228 436.054734 215.402200 25.281929 64.932476
229 434.183073 215.613650 25.751796 62.290682
230 434.257330 215.781046 26.054802 62.076500
231 437.401437 217.335480 26.456721 59.999728
232 439.901266 217.606790 26.623550 59.430656
233 441.003237 217.611722 26.948451 59.228919
234 441.285429 217.865712 27.083111 59.140674
235 441.565211 217.966235 27.539764 59.268798
236 441.174726 216.385792 27.960000 58.818208
237 440.289318 216.607145 27.370444 58.336685
238 440.119768 216.006477 27.098163 56.874139
239 439.338134 215.583886 26.743128 55.810164
240 439.194496 215.329957 26.273520 55.485446
241 439.245236 214.631210 25.183168 55.122230
242 439.499870 214.258948 25.280116 54.893339
243 440.140924 213.877177 25.278975 53.821994
244 440.366446 213.892522 25.389833 53.828382
245 441.222463 213.392053 25.018515 53.392720
246 442.911713 212.189274 24.642933 52.100675
247 443.956886 211.965342 24.521856 52.097164
248 444.823679 211.854324 24.597210 52.337041
249 445.575751 211.331368 24.783639 51.859191
250 446.029553 211.047990 24.858344 51.673988
251 449.305875 210.704386 24.394766 48.959649
252 448.687780 210.708984 24.888313 47.491725
253 448.677007 210.996051 25.615456 47.041965
254 445.255885 210.275167 30.563175 46.333268
255 441.610728 210.063318 35.960023 46.778208
256 441.609440 207.818721 35.994184 49.172599
257 441.253061 205.726533 36.313491 50.741607
258 441.360291 204.271189 36.370228 52.387544
259 441.674661 203.040829 36.228604 53.653557
260 442.201755 201.760421 36.321744 54.999718
261 446.456137 196.811676 35.531506 58.367949
262 447.814861 195.625337 35.589659 59.485621
263 448.737001 194.854917 35.722236 59.790522
264 450.586322 192.375855 35.953845 60.505497
265 451.894674 190.342998 36.106741 60.668247
266 455.329367 186.801285 36.575040 61.529257
267 455.737932 185.925220 37.029203 62.024053
268 456.591472 185.008910 37.569866 62.399933
269 457.118287 184.881975 38.091244 62.106505
270 453.320648 188.098958 38.402987 61.007717
271 439.483556 202.704974 38.783715 61.925894
272 442.262006 200.784356 36.819331 62.902039
273 445.622101 198.686910 35.157546 63.452224
274 447.656631 198.457123 34.365262 63.574702
275 448.218626 198.677944 34.246229 64.095795
276 452.142168 195.922723 33.716454 65.137603
277 453.161674 194.830290 34.165575 65.401129
278 454.911565 192.473520 34.639620 65.091484
279 457.652679 189.876324 34.972334 65.206318
280 459.120975 188.554872 35.228216 64.946810
281 462.570033 187.497865 35.641250 64.320447
282 464.404883 186.920288 36.386753 64.521987
283 465.236651 186.734110 38.219516 65.097673
284 465.935811 185.867098 41.346031 65.979155
285 467.022411 184.927426 43.851130 66.676446
286 468.989435 182.835961 47.400448 67.807526
287 470.084194 181.775536 48.923447 68.511393
288 470.765240 181.116709 50.010736 69.223058
289 472.363179 180.503899 51.248810 69.807514
290 475.019304 179.179115 51.949172 70.604600
