2 314.369302 29.628092 134.237356 202.327029
3 317.588686 30.593211 134.843704 202.857058
4 319.307020 31.341252 135.116966 202.746264
5 320.275457 31.844722 135.565277 202.895536
6 321.169151 32.242465 136.217467 202.788129
7 321.607779 32.491748 136.615154 202.944428
8 322.932503 32.881859 136.794842 202.597717
9 324.099836 33.498379 136.797193 202.630638
10 325.801129 34.357974 136.641291 202.387366
11 326.779461 34.736761 136.917342 202.302845
12 328.009037 35.060255 136.739000 202.323074
13 329.592651 35.415338 136.606485 202.219900
14 330.119445 35.575395 136.919276 202.399211
15 330.832280 35.662366 136.815178 202.339402
16 331.694991 35.744548 136.711001 202.375371
17 332.628964 35.803628 136.699040 202.349589
18 333.377986 35.902645 136.841041 202.316885
19 335.957159 36.134427 136.580165 202.002622
20 337.339612 36.457978 136.589187 202.154964
21 338.735650 36.614979 136.558666 202.149325
22 340.324983 36.755700 136.664476 202.075669
23 341.539024 36.974354 136.904029 202.218819
24 342.007511 37.126291 136.945459 202.431066
25 342.837628 37.160362 136.899952 202.327400
26 343.468223 37.208531 136.963966 202.354668
27 344.272571 37.234674 136.957988 202.338939
28 345.955853 37.302681 136.916944 202.126150
29 347.300989 37.473615 136.839649 202.228301
30 348.464326 37.567413 136.712661 202.321954
31 349.048337 37.655162 136.894040 202.408616
32 350.677069 37.694104 136.624731 202.488442
33 351.714009 37.697778 136.917355 202.374241
34 352.226148 37.747246 136.920282 202.368109
35 352.878052 37.771970 136.911508 202.499411
36 353.394532 37.735446 136.977110 202.458933
37 354.629873 37.697609 136.694990 202.409746
38 355.066294 37.711297 136.974490 202.419006
39 355.839315 37.694553 136.868060 202.397048
40 356.915438 37.681064 136.800538 202.332682
41 358.700245 37.713199 136.943806 202.232646
42 359.324918 37.882584 137.363347 202.204760
43 360.042510 38.059877 137.652872 202.309034
44 360.427027 38.141609 138.020978 202.409852
45 360.718896 38.173397 138.461458 202.457437
46 360.783637 38.183333 138.473867 202.461521
47 360.800197 38.192926 138.464872 202.461289
48 360.821254 38.202635 138.464872 202.461289
49 360.834433 38.205865 138.463228 202.460913
50 360.847133 38.205537 138.456643 202.463327
51 360.872305 38.214227 138.464872 202.461289
52 360.650519 38.073912 138.313986 202.409891
53 360.595764 37.980413 138.349424 202.448659
54 360.666984 37.973678 138.434777 202.478274
55 360.675543 37.729141 138.316483 202.557801
56 360.795825 37.909731 138.459034 203.006631
57 361.007103 37.879231 138.349636 203.727055
58 361.468432 37.675037 138.177478 204.279519
59 361.747796 37.725219 138.391856 204.547382
60 361.977249 37.885458 138.383806 205.073754
61 362.605678 37.873175 138.239194 205.815342
62 362.962354 37.889740 138.379341 206.059045
63 363.480367 38.003214 138.290581 206.601450
64 363.938507 38.123505 138.334591 207.076003
65 364.341244 38.254973 138.335800 207.568380
66 364.836654 38.372960 138.241571 208.101037
67 365.534972 38.461538 138.203584 208.546797
68 365.738338 38.665347 138.434975 208.971069
69 365.890512 38.641304 138.391685 208.979570
70 366.352208 38.584568 138.250619 208.979630
71 366.504451 38.575948 138.448461 208.959947
72 366.533714 38.586018 138.464872 208.960047
73 366.554772 38.596039 138.464872 208.960047
74 366.357785 38.380701 138.503229 208.651891
75 366.300472 38.229090 138.936636 208.393456
76 366.313536 38.210720 138.934323 208.345640
77 366.459018 38.131879 138.614772 207.871911
78 366.931799 38.288719 138.429684 207.486633
79 367.125009 38.319980 138.176104 207.277812
80 367.305468 38.418973 138.449088 207.447688
81 367.402514 38.415129 138.399986 207.408002
82 367.794288 38.478512 138.301148 207.188812
83 368.260082 38.670873 138.251781 207.276823
84 368.507650 38.806911 138.398110 207.363547
85 368.706627 38.900339 138.380233 207.380585
86 368.911797 38.970871 138.388937 207.425001
87 369.089426 39.014446 138.402984 207.425515
88 369.154656 39.047582 138.460335 207.452735
89 369.177982 39.061330 138.464872 207.460333
90 369.199040 39.071279 138.464872 207.460333
91 369.220097 39.081228 138.464872 207.460333
92 369.241155 39.091176 138.464872 207.460333
93 369.262212 39.101125 138.464872 207.460333
94 369.283269 39.111074 138.464872 207.460333
95 369.288325 39.133114 138.426971 207.464014
96 369.305562 39.160200 138.419171 207.471455
97 369.290541 39.222697 138.364640 207.441663
98 368.928776 39.641259 138.052843 207.415334
99 369.069492 39.774403 138.301075 207.475442
100 369.129851 39.826338 138.379216 207.449816
101 369.123732 39.915724 138.328971 207.469703
102 369.210699 39.924500 138.460243 207.460145
103 369.209438 39.963405 138.413426 207.460225
104 369.241148 40.001894 138.437980 207.461610
105 369.264735 40.031280 138.439189 207.459097
106 369.269655 40.089825 138.415209 207.471326
107 369.314342 40.095831 138.462904 207.460541
108 369.310759 40.151853 138.422830 207.478054
109 369.336678 40.191223 138.441725 207.469347
110 369.309349 40.289889 138.395231 207.519185
111 369.333844 40.577121 138.432221 207.994376
112 369.317747 40.658197 138.416913 208.000089
113 369.267783 41.028819 138.363637 208.490386
114 369.221058 41.137372 138.318589 208.538943
115 369.037035 41.678238 138.220398 209.089593
116 369.102975 41.958644 138.327089 209.507273
117 369.124888 42.241277 138.346301 210.012597
118 369.026706 42.654761 138.195976 210.587175
119 368.877937 43.172047 138.094872 210.995875
120 368.805013 43.481028 138.187886 211.001238
121 368.823644 43.815185 138.325695 211.447154
122 368.351170 44.184048 138.219071 211.259682
123 367.603483 44.921597 138.081314 211.249607
124 366.893449 45.344465 138.206912 211.430151
125 365.860471 45.743261 138.059593 211.403949
126 365.221838 45.975581 138.098373 211.380310
127 363.509668 46.844120 137.994594 211.361521
128 363.218078 46.971894 137.668607 211.499758
129 362.548892 47.065978 137.588340 211.478993
130 361.785838 47.042484 137.783934 211.316764
131 359.386697 47.063719 137.621847 211.195621
132 357.081392 46.988327 137.312386 211.152467
133 355.309957 46.706439 136.836579 211.233541
134 354.205942 46.581166 136.404253 211.406148
135 352.912561 46.371548 136.076152 211.478357
136 352.036912 46.088297 136.006462 211.489461
137 350.821206 45.897976 135.881928 211.310521
138 349.620923 45.917128 135.196342 211.252320
139 348.473675 45.925514 134.698883 211.090888
140 347.683866 45.845660 134.253112 211.416425
141 347.412754 45.723695 134.165589 211.221480
142 346.895995 45.768307 133.636806 210.437282
143 343.726263 45.093553 133.347224 207.655615
144 338.706408 45.849125 135.181030 205.091196
145 336.733374 46.435855 136.170570 205.483391
146 331.190290 46.752985 137.404831 204.743125
147 325.526832 48.000952 138.021066 205.457810
148 319.474642 49.219181 139.919598 205.728327
149 317.584525 48.456660 140.130691 206.187125
150 312.664703 47.059861 140.728455 206.090575
151 309.627170 46.850629 141.256195 206.816857
152 306.474269 47.961017 143.244500 205.846471
153 306.334473 42.803953 144.903092 206.172784
154 306.217389 37.446110 146.454928 206.203004
155 306.069384 37.397261 150.180684 204.795145
156 305.162414 38.449228 156.696448 202.971282
157 303.105801 39.162488 164.337957 200.819026
158 299.528057 41.673905 173.245926 198.610660
159 295.153249 35.567906 181.675990 202.784284
160 291.648528 34.308677 188.762862 201.461135
161 284.108573 33.689918 198.115620 199.481562
162 272.500013 38.042566 207.190632 196.612768
163 262.729010 45.672417 205.559546 202.395323
164 264.330015 49.173069 198.405054 213.039762
165 263.905552 52.152639 192.134433 218.409503
166 264.507114 53.144579 187.521202 220.894334
167 263.200157 52.172582 183.932152 223.349364
168 260.843167 53.857708 179.508146 225.986308
169 257.540330 60.150024 175.640582 227.871580
170 254.575532 62.439709 174.945285 228.698932
171 249.757468 64.810137 174.122727 228.536279
172 240.299550 66.723732 174.322426 228.396508
173 233.649148 72.188378 174.468215 228.440629
174 232.074668 74.109639 174.807520 229.080731
175 231.452392 75.092359 175.102147 230.101472
176 231.379686 75.584415 175.502670 230.804684
177 231.130375 75.905478 176.052779 231.355033
178 230.865022 76.533941 176.529305 232.048760
179 230.807940 77.980214 176.992708 233.212405
180 230.792714 79.033615 176.955133 234.060638
181 230.851296 79.620597 176.952795 234.710241
182 230.933970 80.073834 176.957623 235.219026
183 231.018966 80.413477 176.954508 235.599999
184 231.066618 80.671083 176.949588 236.018647
185 231.131678 81.120850 176.961750 236.570855
186 231.174646 81.436002 176.960695 236.981218
187 231.225982 81.519947 176.962594 236.955847
188 231.249150 81.530733 176.955108 236.954694
189 231.276061 81.542097 176.955108 236.954694
190 231.302972 81.553460 176.955108 236.954694
191 231.329883 81.564823 176.955108 236.954694
192 231.356794 81.576186 176.955108 236.954694
193 231.383705 81.587549 176.955108 236.954694
194 231.410616 81.598913 176.955108 236.954694
195 231.437527 81.610276 176.955108 236.954694
196 231.464438 81.621639 176.955108 236.954694
197 231.491349 81.633002 176.955108 236.954694
198 231.518260 81.644365 176.955108 236.954694
199 231.545171 81.655729 176.955108 236.954694
200 231.570580 81.674245 176.960239 236.942365
201 231.594655 81.693050 176.956019 236.952490
202 231.614738 81.735847 176.976857 236.902393
203 231.630774 81.773361 176.955108 236.954694
204 231.657685 81.784724 176.955108 236.954694
205 231.684596 81.796087 176.955108 236.954694
206 231.711507 81.807451 176.955108 236.954694
207 231.804968 81.889027 176.968350 237.027959
208 232.071351 82.985524 177.124499 237.736543
209 232.457825 85.053992 177.850497 238.289427
210 232.108158 87.706597 178.601150 237.744361
211 228.945879 91.743132 182.017250 233.910385
212 226.471229 93.300450 183.790156 232.000890
213 225.843170 95.815901 184.824966 230.538051
214 225.302262 98.578108 185.810677 228.914696
215 225.140640 99.029982 185.987991 228.679991
216 225.031203 99.606568 185.941588 228.767828
217 224.433767 100.158913 185.960816 228.748631
218 224.364126 100.505708 185.937428 228.887015
219 224.383687 100.649917 185.953437 228.928029
220 224.411660 100.674994 185.952825 228.956223
221 224.432844 100.676069 185.952186 228.955710
222 224.444290 100.678330 185.957845 228.951048
223 224.440224 100.682736 185.964763 228.945861
224 224.453150 100.688327 185.953091 228.954869
225 224.480090 100.699721 185.953339 228.955765
226 224.508113 100.710930 185.952825 228.956223
227 224.535789 100.728057 185.952825 228.952784
228 224.562924 100.756787 185.952851 228.947117
229 224.590392 100.780542 185.952807 228.951626
230 224.618946 100.814196 185.954049 228.943535
231 224.646614 100.831520 185.952825 228.956223
232 224.671310 100.855232 185.956444 228.963299
233 224.697168 100.863460 185.953685 228.958407
234 224.701753 100.954830 185.969206 228.975245
235 224.697061 101.083904 185.967956 228.971729
236 224.714343 101.245519 185.973747 229.002053
237 224.732915 101.968627 186.119361 229.492843
238 224.885146 102.883989 186.858540 229.494331
239 224.882044 104.175662 187.498238 229.565825
240 224.178157 104.373963 187.949672 229.957743
241 223.536467 104.262596 188.413247 229.903126
242 223.292529 104.315946 188.756142 230.028296
243 223.264207 104.619119 189.223828 230.578817
244 223.260291 104.853469 189.624653 231.006928
245 223.307083 105.159018 190.132184 231.527310
246 223.201728 105.478577 190.747096 232.075978
247 223.279692 106.692128 191.707441 233.037195
248 223.388709 108.933645 192.668042 233.707273
249 223.470932 111.017481 193.727724 234.707260
250 223.601048 112.198572 194.559488 235.709241
251 223.635356 112.392769 195.189946 236.349529
252 223.495980 112.446284 195.640718 236.486332
253 223.542954 112.435075 196.048440 236.469619
254 223.666377 112.431150 196.525823 236.461782
255 223.813935 112.433513 197.025053 236.489253
256 223.955651 112.424609 197.536239 236.540079
257 224.059959 112.620373 198.021791 236.969962
258 224.217758 112.613705 198.498429 236.968527
259 224.146560 112.613417 198.506900 236.964628
260 224.342809 112.615926 198.990938 236.958763
261 224.341779 112.624430 198.957299 236.956062
262 224.309279 112.633685 199.003217 237.019924
263 224.346627 112.841482 199.689830 237.839373
264 224.348066 112.901674 200.103254 238.136310
265 224.375132 113.055713 200.611285 238.676104
266 224.442026 113.177990 201.092595 239.298278
267 224.504881 113.272239 201.650206 240.008578
268 224.441441 113.776712 202.426510 241.877987
269 224.158835 114.002491 202.896425 243.086198
270 224.019620 114.308538 203.265033 244.322023
271 223.814924 114.752731 204.028014 245.785753
272 223.598271 115.301825 205.246103 247.513406
273 223.153222 115.493811 206.198973 249.692060
274 222.979277 115.571570 206.858350 251.018012
275 222.730702 115.941399 207.389146 252.696571
276 222.440984 116.324404 207.956734 254.530292
277 222.147317 117.664665 208.807541 257.050674
278 222.248968 118.527297 209.472503 258.459520
279 222.354092 119.395114 210.055100 259.787081
280 222.550666 119.607053 210.558980 260.222466
281 222.771769 119.734207 210.951555 260.476113
282 222.796586 119.738175 210.955600 260.480324
283 222.825275 119.741181 210.950931 260.452475
284 222.855937 119.756398 210.949563 260.451754
285 222.887122 119.771192 210.948939 260.451469
286 222.916979 119.783222 210.947541 260.455667
287 222.948531 119.792979 210.946484 260.450202
288 222.980611 119.805469 210.946484 260.450202
289 223.012691 119.817959 210.946484 260.450202
290 223.044772 119.830449 210.946484 260.450202
