291 369.511798 437.025813 50.659859 105.714011
292 370.412859 436.470653 49.551126 107.922398
293 370.792127 433.955756 48.150771 110.077770
294 371.706615 434.193274 46.933675 112.393576
295 371.725780 434.080361 46.774609 112.650772
296 371.833029 435.088538 46.928324 112.734790
297 371.876507 436.164703 46.854055 112.494603
298 371.867418 436.064480 46.891009 112.376093
299 371.962373 436.977525 46.744410 111.864483
300 372.134054 437.791971 46.749392 110.924269
301 372.333977 438.326130 46.712111 110.350287
302 372.525270 438.584745 46.837170 110.300835
303 372.548198 439.272870 46.810922 110.378527
304 372.560447 439.378541 46.908024 110.324899
305 372.519784 439.455906 46.897074 110.373885
306 371.601387 436.839973 47.051264 113.340150
307 371.302872 432.329596 46.429169 116.845106
308 371.261332 429.087463 46.496805 120.888671
309 371.377472 423.371979 45.790531 123.092542
310 372.306870 422.053005 45.910990 123.514334
311 372.363917 422.373082 45.967225 123.748979
312 372.392171 422.568506 45.967822 123.751994
313 373.573706 418.409272 45.968502 126.734632
314 373.849006 415.884543 45.707582 127.988390
315 374.237741 415.484982 45.813241 127.963495
316 375.438778 411.318341 45.166054 129.356573
317 376.119234 411.335448 45.150075 129.312285
318 376.447547 411.135899 45.396052 129.458213
319 376.701162 411.123083 45.345543 129.623742
320 376.757554 410.895682 45.486253 130.105610
321 376.685171 409.535970 45.387475 132.388118
322 376.733838 409.289780 45.444885 133.647505
323 376.746880 408.832235 45.433823 135.037961
324 376.772920 408.438487 45.447229 136.825258
325 375.416746 408.545201 45.040353 141.150878
326 375.599637 407.928756 45.572014 143.036577
327 375.764988 407.463144 46.167606 144.902537
328 375.905657 405.464197 46.799488 145.986744
329 376.000503 405.149892 46.980646 146.155771
330 376.000532 404.795553 46.970267 146.727803
331 375.856881 398.793294 46.987416 148.204240
332 375.823232 396.817346 46.954868 149.521425
333 375.780646 395.436916 46.951258 150.687840
334 375.780595 394.391254 46.951639 151.466093
335 375.732515 392.162225 47.170172 151.947098
336 375.344288 387.097023 46.908911 154.645493
337 375.390937 387.197145 46.984686 155.008056
338 375.599987 385.166063 46.488743 157.616686
339 375.605469 385.315025 46.484869 157.993649
340 375.613034 385.279709 46.485233 157.991012
341 375.777589 384.631870 46.243362 158.473295
342 375.920586 384.521893 46.474537 158.735156
343 376.070415 384.042676 46.313519 159.846581
344 376.190977 384.066544 46.465375 160.057831
345 376.272381 384.184975 46.433718 160.656072
346 376.420313 382.366258 46.128180 162.923937
347 376.625123 382.109651 46.451938 163.176326
348 376.654571 381.832378 46.433408 163.818018
349 376.702903 381.731361 46.464973 164.136813
350 374.311165 378.551162 46.341390 165.272294
351 374.390911 378.635768 46.480282 165.474542
352 374.402396 378.636384 46.487927 165.470004
353 374.409869 378.641028 46.488044 165.469317
354 374.417246 378.646379 46.488069 165.469175
355 370.757497 376.538644 45.662034 165.049899
356 370.629037 375.430659 45.756301 166.554380
357 370.509853 374.614879 45.763809 167.727660
358 370.259957 372.605452 45.979307 168.753133
359 369.859235 371.459043 45.790624 169.899439
360 369.925211 370.799550 45.934629 170.639606
361 368.757048 361.382467 46.414733 172.122215
362 368.747413 361.364070 46.471457 172.532038
363 367.835979 359.424876 46.696536 172.722676
364 367.870640 358.982302 47.008406 173.202215
365 367.892906 358.478131 47.523828 173.623650
366 368.064290 358.055956 47.945940 174.093299
367 368.090512 358.246176 47.988512 174.466833
368 367.365408 355.811699 47.827620 175.366829
369 367.428772 355.853798 47.996674 175.472183
370 367.409062 355.845095 47.996269 175.472384
371 361.538680 341.903857 47.623764 179.120980
372 361.728008 342.084816 47.987826 179.465686
373 361.330419 340.971428 47.666114 180.300142
374 361.473194 341.009361 47.960726 180.472725
375 361.463738 340.954978 47.956002 180.472862
376 361.166655 340.507311 47.803713 180.461708
377 361.084028 340.215275 47.849460 180.563166
378 360.708538 339.811898 47.812363 180.860751
379 360.346364 339.032843 47.692264 180.961093
380 360.333675 338.754708 47.858528 180.973210
381 360.334479 338.352834 47.866328 181.369750
382 360.328102 338.292485 47.932665 181.561413
383 358.781752 336.100961 47.868933 182.986513
384 358.803340 336.020976 47.938527 183.033046
385 358.728478 335.977902 47.877821 183.725399
386 358.327668 335.368841 48.049866 183.960772
387 357.819933 334.677768 48.392084 184.474057
388 357.738335 334.560085 48.515543 184.512044
389 357.795423 334.559655 48.966565 185.173095
390 357.629085 334.269634 48.975228 185.752065
391 357.257586 333.932484 49.038064 186.395255
392 357.203970 333.661649 49.526032 186.777160
393 356.795967 329.603022 49.945595 189.324169
394 355.108828 327.216755 49.716723 190.995505
395 354.843891 325.477221 49.699488 192.177238
396 354.974516 325.421608 49.949822 192.672769
397 354.972387 325.286928 49.938545 193.215524
398 354.873119 316.557230 48.873224 198.226668
399 354.892541 316.194142 48.936510 198.696186
400 354.266855 311.421370 48.562915 200.572593
401 354.199503 309.724705 48.605809 201.659102
402 354.142109 308.349720 48.419283 202.559260
403 353.993784 307.527015 48.004843 203.092461
404 354.007779 306.895379 48.146380 203.722213
405 353.956838 306.160755 48.091233 204.109444
406 351.611225 299.820016 48.031980 205.358916
407 351.802714 299.790716 48.423775 205.343089
408 350.574400 297.758633 47.918246 205.974850
409 350.085032 297.332618 47.875204 205.755333
410 347.874983 295.122811 47.410279 206.586856
411 346.646906 294.187126 47.281523 205.545143
412 345.861975 293.604749 47.216047 205.051575
413 344.567588 291.786477 47.528903 203.541787
414 344.563899 291.763467 48.008446 203.722203
415 344.756654 291.839487 48.498601 203.862025
416 344.710980 291.803068 48.517632 203.871772
417 344.936241 291.839283 48.996259 203.950117
418 344.936836 291.851627 48.988916 203.959096
419 344.919347 291.832809 49.000998 203.946820
420 345.159176 291.816725 49.495987 203.936995
421 345.069199 291.627501 49.528197 203.619101
422 345.117828 291.539297 50.038314 203.578956
423 345.148383 290.616773 50.373908 203.051795
424 345.212893 290.821352 50.486245 203.438984
425 345.221251 290.830725 50.486098 203.435471
426 345.227179 290.809532 50.485333 203.409727
427 345.256830 290.802483 50.478795 203.401217
428 345.326598 289.878561 50.414491 203.597696
429 345.370626 290.069995 50.487192 203.961003
430 345.381355 289.976801 50.484786 203.968181
431 345.389514 289.929958 50.485077 203.907813
432 345.392007 289.817737 50.486147 203.767659
433 345.395604 289.792645 50.486575 203.794069
434 345.398054 289.741070 50.486371 203.774235
435 345.101332 288.287556 50.601455 203.202600
436 345.303525 288.248054 50.873993 202.520505
437 345.332903 288.396037 50.970538 202.093332
438 345.311411 288.465057 50.965081 201.496592
439 345.270779 288.319552 50.945414 199.768158
440 345.185607 288.212371 50.948391 196.717014
441 345.915997 281.789533 50.482498 193.016192
442 345.842707 281.124443 50.414818 191.657851
443 345.812936 280.021900 50.590075 190.419223
444 345.918569 279.460263 50.956642 189.407271
445 345.902615 278.953069 50.971564 188.830816
446 345.799145 278.413385 50.997549 188.009701
447 345.700141 278.319259 51.012108 188.016227
448 345.929431 278.442678 51.490835 188.363556
449 345.932823 278.335654 51.475436 188.268055
450 345.943975 278.291345 51.476695 188.283542
451 348.043441 272.244242 50.094614 189.224769
452 348.541619 270.683529 50.362270 189.461181
453 349.135431 260.843436 50.291862 189.645463
454 349.604943 259.255654 50.231823 190.224976
455 350.441670 251.747084 48.881873 192.334281
456 350.719201 250.090428 48.554574 192.470113
457 351.144764 248.369454 48.555298 192.283556
458 351.818170 243.040409 47.597470 194.183193
459 352.217887 242.285044 47.696761 194.902095
460 352.556935 241.687177 47.728004 195.215619
461 352.615065 239.929799 47.223589 195.674427
462 352.720879 238.667814 46.939652 195.518054
463 351.700903 234.938846 45.995528 194.105078
464 351.871273 234.995233 45.342634 193.602332
465 351.990667 235.118489 45.246190 193.832175
466 351.544882 233.409146 45.340438 192.844854
467 351.622554 233.471580 45.478790 192.918747
468 351.550967 233.080229 45.417605 192.573323
469 351.586481 233.273680 45.473453 192.889979
470 351.592963 233.305858 45.472767 192.882506
471 351.476523 233.009389 45.485353 192.876312
472 351.483304 233.050462 45.483910 192.965572
473 351.264258 231.876124 45.335225 192.347980
474 351.143937 231.451918 45.409625 192.212886
475 351.120033 231.036531 45.457426 192.049847
476 351.130789 231.090508 45.466887 192.284713
477 351.124191 231.103681 45.462279 192.031535
478 351.169245 230.226928 45.353866 191.911894
479 351.244215 230.243936 45.485106 191.932526
480 351.254379 230.232337 45.482864 191.912000
481 351.289144 225.502201 45.245333 192.280765
482 351.415464 225.583730 45.487761 192.432974
483 351.420627 225.588687 45.487657 192.432304
484 351.425879 225.594557 45.487698 192.433158
485 351.139783 217.627856 45.249588 194.334272
486 351.266137 217.701455 45.488460 194.462819
487 351.273055 217.710780 45.488460 194.462819
488 351.289052 217.442901 45.446710 194.294960
489 351.343364 217.203025 45.424693 194.429607
490 351.395296 217.117552 45.460381 194.485337
491 351.586416 214.791219 45.007024 194.824236
492 351.911029 214.458166 45.377029 195.049820
493 352.011596 214.443257 45.431308 195.544364
494 352.095040 214.371292 45.413272 196.078880
495 352.196407 211.116610 45.322921 196.826155
496 352.286094 211.194148 45.488460 196.962341
497 352.294422 211.188967 45.486277 196.968043
498 352.321684 211.148246 45.485505 196.937494
499 352.331503 211.148443 45.486642 196.938490
500 352.340597 211.149824 45.486989 196.939909
501 352.541751 210.707996 45.417993 196.757859
502 352.624391 210.650352 45.420460 196.687087
503 353.122513 209.228997 44.979090 196.415064
504 353.163882 209.295077 44.934994 196.289647
505 353.222840 209.430940 44.937968 196.301069
506 353.885134 207.967542 44.827169 195.451711
507 354.015650 207.717643 44.990069 195.002168
508 354.431978 205.335527 44.919004 192.845103
509 354.499459 204.829011 45.079486 191.525263
510 354.734547 204.670387 45.520509 191.053464
511 354.903600 201.631222 45.870615 189.786240
512 354.966046 201.660966 45.998715 188.696642
513 355.137114 201.024418 45.873058 187.297645
514 355.345278 200.621510 45.707652 186.273184
515 355.543651 200.582403 45.886809 186.114310
516 355.846983 199.744868 45.228212 184.505119
517 356.074463 199.550510 45.197229 183.256662
518 356.415164 198.783673 44.843784 181.380689
519 356.539187 198.459359 44.833441 180.741736
520 356.450593 196.370801 44.407165 178.748392
521 356.388849 194.563221 44.190982 175.247077
522 356.569802 194.143271 44.335903 174.183235
523 356.784033 191.677012 44.365695 171.470003
524 356.864798 191.518397 44.461799 171.216215
525 356.899281 191.456271 44.457491 171.182736
526 357.155016 190.757253 44.495485 170.470437
527 357.197223 190.626709 44.401638 170.056968
528 357.751756 189.402999 44.061825 167.575702
529 358.122457 189.249076 44.290988 166.084450
530 358.334962 189.183626 44.395383 165.585293
531 359.007627 186.003875 44.089601 163.881924
532 359.216820 186.043449 44.486530 163.951992
533 360.122383 183.891971 43.738486 163.019293
534 360.330302 183.784423 43.796845 162.573255
535 360.583470 179.274091 42.889333 159.914588
536 360.637315 179.246340 42.982732 159.880150
537 360.643419 179.282133 42.986049 159.929466
538 360.647891 179.293360 42.986063 159.929680
539 360.652762 179.308005 42.986748 159.938393
540 361.013299 174.211581 41.753115 159.902313
541 361.134963 174.228556 41.984615 159.905785
542 361.140801 174.243315 41.984603 159.904312
543 361.000202 172.365423 41.484136 158.140213
544 361.005757 172.517081 41.485156 158.418949
545 361.011184 172.533081 41.485906 158.428162
546 360.556247 170.629726 40.980189 157.360016
547 360.545067 170.543115 40.941816 157.406198
548 360.105331 168.767753 41.094201 156.362920
549 360.174322 167.798251 41.384622 155.582717
550 360.171079 167.383265 41.417380 155.317979
551 360.027972 165.047658 41.751002 153.603275
552 360.153608 165.235226 41.987599 153.961404
553 360.166342 165.072968 41.969246 153.729679
554 360.182177 165.177412 41.986896 153.921214
555 360.137620 163.965787 42.110085 152.460670
556 360.333649 163.978188 42.489221 152.470847
557 360.340111 163.985500 42.489221 152.470847
558 360.347227 163.980100 42.488550 152.453206
559 360.354024 163.996233 42.489221 152.470847
560 360.360486 164.003545 42.489221 152.470847
561 360.277617 156.286502 41.257908 152.860389
562 360.399709 156.349019 41.489474 152.970752
563 360.152844 152.797244 41.050661 154.625593
564 360.378560 152.977064 41.489474 154.970370
565 360.336868 152.533402 41.325732 155.164124
566 360.423921 152.651164 41.471245 155.489553
567 360.439502 152.640394 41.485978 155.475064
568 360.194897 151.566428 40.564188 155.719627
569 360.413628 151.681174 40.982897 155.976345
570 360.423131 151.669287 40.983435 155.976538
571 359.222711 148.836735 40.196927 156.820953
572 359.328389 148.744887 40.426348 157.053370
573 357.206121 145.203646 39.450309 158.634894
574 357.223413 145.339405 39.481779 158.967202
575 355.850774 142.635373 39.061533 159.214737
576 355.492588 141.825302 39.402167 158.883555
577 355.455649 141.790156 39.510568 158.914804
578 355.351303 141.641308 40.259890 158.099255
579 355.149475 141.645947 40.590051 158.306866
580 354.507217 140.879110 41.085748 158.175775
581 354.550302 140.930984 41.576863 158.445871
582 354.738414 140.924870 41.991120 158.489812
583 354.724548 140.900684 41.990725 158.489782
584 354.710880 140.876514 41.990727 158.489782
585 352.557303 137.315708 41.960781 158.951484
586 351.564474 136.430941 41.677649 159.578962
587 351.719485 136.623874 41.989562 159.985283
588 349.136698 130.489250 40.543385 161.462769
589 349.366040 130.500172 40.989601 161.469127
590 349.372274 130.507915 40.989601 161.469127
591 346.189044 127.813213 40.604757 161.714455
592 346.387700 127.948269 40.989601 161.969031
593 344.777175 125.129097 40.946612 162.202752
594 344.797181 125.241675 40.986387 162.419291
595 343.207443 124.075712 40.712256 162.646340
596 343.161301 124.257835 41.009044 162.836149
597 343.407826 124.331995 41.489474 162.968840
598 343.414136 124.339811 41.489474 162.968840
599 343.420446 124.347626 41.489474 162.968840
600 339.472270 123.260661 41.171851 162.215333
601 339.620284 123.285440 41.436074 162.491763
602 339.633515 123.162551 41.433486 162.482713
603 336.807674 118.986376 40.730083 159.108204
604 336.942545 119.155540 40.980182 159.455257
605 336.633359 118.756062 41.161136 157.975695
606 336.316806 118.598805 41.752839 156.963318
607 336.299103 118.549499 42.041292 156.812317
608 336.422285 118.590532 42.531254 156.867507
609 336.542217 118.585815 43.025728 156.840953
610 335.573787 115.636327 43.717658 155.868641
611 335.715940 115.693080 43.988456 155.969397
612 335.723050 115.697089 43.988603 155.964681
613 335.730087 115.703427 43.988591 155.964622
614 335.737129 115.709847 43.988597 155.964704
615 334.554318 109.607844 43.525034 153.514818
616 334.767344 109.767764 43.994098 153.844939
617 334.748632 109.769306 43.993330 153.856071
618 331.351679 103.867458 43.589355 153.553043
619 331.552293 104.079936 43.990978 153.961242
620 331.552180 104.088807 43.991075 153.962498
621 330.940249 103.380513 43.775688 154.566050
622 331.053341 103.587702 43.987949 154.967805
623 330.548573 103.361583 43.901254 154.756660
624 330.599056 103.475869 43.988840 154.970370
625 330.605746 103.483301 43.988840 154.970370
626 328.909858 101.550387 43.812156 155.645410
627 328.993457 101.697571 43.974336 156.002767
628 328.967229 101.821936 43.938520 156.565476
629 328.949654 101.711963 43.886380 156.972248
630 327.007523 99.404541 44.471872 153.784683
631 326.091535 98.637261 44.250687 153.305765
632 325.931735 98.609538 44.457612 152.240908
633 325.619139 98.515600 44.545479 152.013250
634 325.264038 98.695711 45.123957 151.881434
635 324.230373 97.332335 46.307348 149.421804
636 323.918719 97.189273 46.633270 149.097349
637 323.929191 97.323802 47.064170 149.412987
638 323.269174 96.005418 47.775100 147.735636
639 323.169648 96.006477 48.067177 147.928003
640 322.334557 93.796511 48.025771 147.447013
641 322.398990 92.887668 48.350551 146.832170
642 322.478248 92.934152 48.482729 146.921465
643 322.491388 92.936297 48.482803 146.922068
644 322.504510 92.938001 48.482785 146.921872
645 320.811088 87.003689 47.459150 146.099825
646 320.930592 87.217699 47.290231 146.278100
647 321.122678 87.323291 47.291894 146.321258
648 320.416768 84.432683 46.144242 146.621194
649 320.668885 84.604141 46.330809 146.686507
650 320.828172 84.741009 46.328874 146.670063
651 319.606452 83.310411 45.189130 146.639915
652 319.792032 83.324118 45.352805 147.022599
653 319.891057 83.164984 45.216510 147.591546
654 320.043253 83.083190 45.282364 148.051256
655 320.126266 82.771131 45.109410 148.772237
656 315.153934 72.501879 44.253395 149.561342
657 315.185837 72.678429 44.412216 150.014598
658 313.665505 71.881506 44.063660 150.866118
659 313.778064 71.966764 44.461332 151.010412
660 313.594776 72.207520 44.404250 151.541705
661 313.373728 72.366450 44.369775 152.078857
662 312.988231 72.372292 44.286040 152.670988
663 311.487326 69.975689 44.120426 151.691212
664 311.588487 70.160228 44.404634 152.005951
665 311.367424 70.370515 44.287672 152.522717
666 310.757726 69.709098 43.990585 153.089065
667 310.755569 69.920670 43.979250 153.470722
668 310.461424 69.913885 43.984441 153.361992
669 310.449444 69.979932 43.984378 153.468439
670 310.424116 69.994014 43.985937 153.461997
671 308.044114 67.185724 42.622887 152.583759
672 308.264743 67.334604 42.620221 152.830202
673 308.481831 67.353850 42.623733 152.830049
674 308.621733 67.494645 42.893767 152.953666
675 306.057940 65.075818 41.553484 153.549702
676 306.125211 65.287808 41.495247 153.807488
677 305.973789 65.431252 41.071692 153.849903
678 303.613518 66.439875 40.776781 153.564550
679 302.979250 65.846805 39.626443 153.338200
680 300.415370 64.134205 37.965403 153.438604
681 298.927063 62.380524 37.045657 152.073044
682 298.658858 62.856498 36.290494 151.372993
683 295.057065 58.932481 36.051953 148.246562
684 294.602146 58.529291 35.546998 146.853696
685 293.248957 56.141069 35.022282 144.090915
686 293.496058 56.362293 35.403131 144.191611
687 293.552834 56.530579 35.402490 144.193940
688 292.031314 54.783871 35.031617 142.494042
689 292.266401 54.780062 35.490996 142.472759
690 292.271798 54.786894 35.490996 142.472759
691 290.864662 53.867170 34.963684 141.120582
692 290.804126 54.108030 34.960086 141.270965
693 290.334900 54.028382 34.974579 140.924710
694 290.347467 54.062168 34.989102 140.970874
695 290.172764 53.789830 34.930651 140.359555
696 290.146903 53.909803 34.992850 139.920421
697 290.098205 53.980555 34.990329 139.428812
698 290.054373 54.067402 34.994498 138.978672
699 289.997657 54.098380 34.991118 138.331198
700 289.990310 54.221178 34.979140 138.227326
701 286.055575 46.324226 34.835859 136.710409
702 286.138076 46.461731 34.989846 136.974065
703 284.735602 45.340509 34.523469 136.626540
704 284.974111 45.515748 34.989175 136.976058
705 284.979162 45.512511 34.987845 136.977201
706 284.985102 45.509689 34.988207 136.977181
707 284.990690 45.505890 34.987738 136.977619
708 284.996138 45.499848 34.986874 136.978364
709 285.002000 45.493341 34.986839 136.978390
710 278.608441 35.978286 33.616968 137.555525
711 278.800711 36.189364 33.988452 137.950055
712 278.831199 36.329196 33.914622 137.424660
713 278.899681 36.423278 33.937593 137.284710
714 278.956665 36.588325 33.937511 137.278921
715 279.014469 36.758562 33.935306 137.270030
716 276.193943 32.755199 32.867483 135.119810
717 276.261034 32.938840 32.991630 135.474097
718 276.264998 32.898409 32.981501 135.419598
719 276.275187 32.925617 32.987287 135.457324
720 276.282252 32.933477 32.988101 135.461143
721 276.288880 32.939240 32.988134 135.461356
722 276.295497 32.944955 32.988149 135.461401
723 276.302098 32.950621 32.988172 135.461505
724 276.308687 32.956256 32.988197 135.461614
725 275.666904 31.074309 32.840982 131.857931
726 275.746841 31.141818 32.991471 131.968869
727 275.743508 31.149604 32.985967 131.862257
728 274.963688 28.895060 32.693585 131.289801
729 275.031360 28.748823 32.893621 131.359060
730 274.615532 27.878625 32.629745 131.037476
731 274.281442 26.921563 32.737789 131.412296
732 274.385457 26.738276 32.941331 131.245183
733 273.863668 24.403565 32.441919 132.411347
734 273.893510 24.440613 32.491754 132.474349
735 273.898408 24.446128 32.491724 132.474367
736 271.325392 19.511202 31.663512 133.716959
737 271.494444 19.646339 31.991884 133.974384
738 270.407321 16.628539 31.799869 133.119485
739 270.508151 16.810234 31.991875 133.473741
740 270.513245 16.801325 31.989285 133.466847
741 269.598187 14.639559 31.544885 132.546891
742 269.825791 14.833763 31.986989 132.967777
743 269.419403 13.084331 31.746832 132.807002
744 269.393127 12.916067 31.931805 133.133612
745 267.733315 10.936540 31.970912 133.226030
746 267.748666 11.067165 31.991884 133.474480
747 267.753531 11.073566 31.991884 133.474480
748 267.758396 11.079967 31.991884 133.474480
749 267.763261 11.086368 31.991884 133.474480
750 266.411570 9.483952 32.065790 131.418913
