5 298.302240 215.028383 27.942523 55.506474
6 298.039479 215.161581 28.142230 55.391802
7 297.886197 215.073547 28.594657 54.912359
8 295.379723 215.581432 29.500636 53.540269
9 291.506792 216.406782 30.839657 52.325058
10 289.235681 218.149004 30.784376 51.635866
11 288.603726 218.910459 30.985817 51.284629
12 287.367854 220.055842 30.790144 50.661986
13 287.148227 220.744393 30.714673 50.325302
14 287.546517 220.734646 30.771832 50.111706
15 288.013163 220.126099 30.720441 50.185148
16 288.342549 219.923489 30.725731 50.269607
17 288.528619 219.578708 30.678562 50.064267
18 288.887903 219.354875 30.696682 50.087341
19 289.172288 218.917281 30.663736 50.016398
20 289.844106 218.622922 30.603560 50.179364
21 290.255363 218.525244 30.638853 50.106133
22 290.591184 218.675151 30.664862 50.306017
23 290.683720 218.696461 30.672269 50.150304
24 290.932145 218.841623 30.718680 50.223944
25 292.245579 219.305067 30.638324 50.711892
26 294.238263 219.581651 30.619848 51.498813
27 294.328871 219.315446 30.641396 51.154354
28 294.344773 219.250524 30.623518 51.133964
29 294.327465 219.120250 30.616027 51.111966
30 294.118972 218.977884 30.544830 51.119807
31 294.269164 219.194836 30.615643 51.507151
32 294.488580 219.484338 30.545390 52.183613
33 294.446804 219.675506 30.473006 52.579583
34 294.568432 219.937692 30.002463 53.421470
35 294.895862 220.166972 30.087785 53.618732
36 295.309958 220.765579 30.078920 54.004370
37 294.891608 220.780501 29.868958 54.801002
38 294.789285 220.581686 29.642426 54.578576
39 294.856178 220.546498 29.665362 54.608902
40 294.911950 220.550272 29.621846 54.658925
41 294.901832 220.651942 29.578689 54.776174
42 294.958199 220.524815 29.569646 55.046105
43 295.047005 220.155050 29.573316 55.604675
44 295.612287 219.577330 29.478805 56.449644
45 295.726864 219.160229 29.093817 56.276807
46 295.730549 218.768211 29.089697 56.141772
47 295.722818 218.413750 29.080002 56.296768
48 295.662036 217.832283 29.031511 56.630021
49 295.439263 217.427540 29.037930 56.996627
50 295.172938 216.968647 29.082319 56.746764
51 295.263217 216.737950 29.224635 56.719576
52 295.434834 216.546915 29.289343 56.764561
53 295.481758 216.354296 29.304279 56.733938
54 295.518156 216.211499 29.284462 56.684881
55 295.654954 216.077733 29.349578 56.802357
56 295.747984 215.790306 29.296943 56.786664
57 295.768015 215.271052 29.302807 56.597849
58 295.967727 214.128153 29.358603 56.676031
59 296.362012 212.796911 29.372712 56.774713
60 296.355206 212.374772 29.302722 56.606476
61 296.278652 212.207603 29.144124 56.444175
62 296.289229 211.895126 29.154394 55.980849
63 296.134880 210.400921 29.220129 55.612966
64 295.787327 206.816306 29.281183 56.124948
65 295.835577 205.512367 29.434458 56.269760
66 296.034087 205.122109 29.311962 56.254966
67 296.227038 204.944365 29.352781 56.284523
68 296.356042 204.765951 29.416714 56.305212
69 296.381961 204.442091 29.385413 56.209686
70 296.510791 203.946447 29.319998 56.227535
71 296.614180 203.637782 29.312260 56.237856
72 296.723858 203.103768 29.280922 56.180447
73 296.662530 202.496426 29.189777 56.040702
74 296.659664 202.363329 29.171650 56.013890
75 296.696062 201.989937 29.308931 56.135983
76 296.737143 201.844970 29.280983 56.102826
77 296.675730 201.625919 29.168029 55.876783
78 296.687726 201.335233 29.172765 55.458265
79 296.671031 200.997468 29.159949 55.037362
80 296.731678 200.954067 29.245020 55.125901
81 296.770279 200.870168 29.237666 55.167506
82 296.862815 200.723124 29.213792 55.127211
83 297.207468 200.342554 29.159706 55.249911
84 298.230933 201.131272 29.035440 55.588929
85 298.376790 201.087368 29.154907 55.509006
86 298.947627 202.026921 29.034513 55.982584
87 299.370144 202.410230 28.943398 56.042738
88 299.507851 202.755881 28.580541 56.285609
89 299.619009 202.622822 28.641868 55.969916
90 299.450610 202.981754 28.515688 55.511700
91 299.487632 202.934997 28.583174 55.459694
92 299.473308 202.728972 28.603155 54.916911
93 299.303454 204.797870 28.573898 54.345762
94 299.109703 205.203499 28.650284 53.886510
95 299.230516 205.558440 28.648318 53.647869
96 299.568302 207.256855 28.521401 54.054279
97 299.652714 207.128932 28.710721 54.191389
98 299.579828 206.444513 28.689485 54.030554
99 299.532484 206.191471 28.686896 53.938841
100 299.638892 206.388648 28.675354 53.566007
101 299.889125 207.199485 28.854025 53.751008
102 300.023880 208.196869 28.892243 53.918952
103 300.096326 208.414700 28.893615 53.818440
104 299.491405 209.580780 28.959110 53.517468
105 298.410103 210.329385 28.783063 53.355706
106 298.366115 210.111087 28.773581 53.053107
107 298.300301 209.723869 29.017518 53.165342
108 298.305829 209.146686 29.411160 53.497556
109 298.317583 208.983111 29.241643 53.969212
110 298.688878 208.334170 29.340894 55.915689
111 298.982995 206.215723 29.610992 58.401927
112 300.977677 203.405388 29.926133 60.647308
113 304.313054 200.272286 30.122905 63.210341
114 304.602492 199.893565 30.616953 63.608242
115 305.030750 198.218420 30.885465 63.940353
116 305.027959 197.419206 30.882111 63.599185
117 305.144013 196.620316 30.857022 63.633038
118 309.492631 192.879645 31.191060 64.430261
119 313.965076 193.330766 31.352088 65.132583
120 315.072251 192.733210 31.323536 65.511150
121 318.091405 191.777302 31.281952 66.817453
122 318.278649 191.556290 31.331051 66.859793
123 319.294477 191.301494 31.482603 66.844151
124 320.064146 191.286536 31.560436 66.950113
125 320.640976 191.244874 31.968425 66.818273
126 323.297421 191.607849 32.145549 67.676229
127 323.531202 191.623287 32.530251 68.010943
128 323.758443 192.932334 33.030916 68.569710
129 323.456639 196.226462 33.456769 69.305805
130 319.159281 200.965929 33.198579 70.910082
131 319.015560 200.793184 33.239759 70.558877
132 314.614933 203.016213 33.666555 70.477279
133 314.465655 202.719927 33.606861 69.905029
134 314.341842 202.536119 33.657789 69.883368
135 313.379528 203.194011 33.398923 70.061200
136 313.122467 203.148997 33.044906 69.935479
137 313.215668 203.522757 33.172320 69.829472
138 313.860560 204.378002 33.221368 70.301953
139 314.135179 204.313926 33.276641 70.432312
140 315.472544 203.949549 33.091291 71.178748
141 316.301282 203.766901 33.161357 71.767674
142 316.663580 203.620185 33.311752 71.691686
143 317.069405 203.323003 33.270322 71.710881
144 318.822637 200.895430 33.118276 72.308070
145 322.269467 199.742515 33.201731 72.595194
146 324.520181 195.406367 33.295448 73.068699
147 325.150538 195.098610 33.450054 73.032627
148 324.561237 194.635198 33.576958 72.348664
149 321.245140 192.888499 35.066894 70.837703
150 321.008880 192.186917 35.532278 70.367032
151 317.292584 189.611073 36.552454 70.524524
152 317.061976 189.667363 36.882403 71.260270
153 314.489068 188.925263 37.084962 71.516512
154 311.950740 188.732522 37.308009 71.947674
155 311.136758 187.958575 37.137415 72.687700
156 310.807802 186.922656 37.208923 73.417866
157 308.547341 187.353609 36.942458 74.551226
158 305.656313 189.484767 36.528756 75.624547
159 304.577166 190.652446 36.616862 76.300814
160 303.077609 192.147598 36.260871 76.649498
161 302.850781 192.650227 36.102522 76.631506
162 302.431340 193.613722 36.157543 76.629002
163 301.779723 195.767069 36.257798 77.327401
164 301.415484 195.669219 36.065234 77.623544
165 300.807405 198.316687 35.927103 78.161698
166 300.744583 198.602314 35.541467 78.936660
167 300.884971 199.082703 35.548761 79.320226
168 301.026370 198.851853 35.573085 79.409853
169 301.377100 198.626294 35.510036 79.608096
170 302.203861 200.865768 35.373105 80.564320
171 302.314050 200.769152 35.278738 80.579769
172 302.398438 200.535936 35.401631 80.722017
173 302.362264 200.264522 35.368385 80.586003
174 302.230036 199.007987 35.453596 80.435644
175 301.803705 196.254100 35.521095 80.231939
176 301.552204 194.770385 35.884618 80.093460
177 301.319031 193.873442 35.824543 79.908232
178 301.110829 192.595962 35.865956 79.497910
179 300.868501 190.780937 35.999250 78.952358
180 300.654833 187.926752 36.086519 78.781528
181 303.219249 185.762343 37.061800 80.341791
182 303.467254 183.512640 37.650985 80.907634
183 302.626458 179.013666 38.031724 80.426182
184 288.368589 174.372379 39.088174 79.400220
185 280.873853 171.140874 39.622457 79.433637
186 274.934877 169.784942 39.966969 79.555362
187 273.858189 170.771215 39.444620 79.915909
188 269.861623 171.572740 38.499151 80.250889
189 269.651897 171.247077 38.059682 79.810433
190 269.511697 170.786074 38.062007 79.154602
191 268.751721 169.895306 38.241070 78.651898
192 267.178500 170.165480 37.861552 78.090375
193 262.765983 169.649398 37.505980 77.245607
194 259.445182 163.341719 37.405647 77.285451
195 258.082615 158.428547 36.964660 77.531981
196 256.334115 164.749921 36.253245 78.293161
197 256.300695 164.730130 36.106124 77.872779
198 256.630912 165.072173 36.250299 77.681733
199 256.878405 165.548829 36.189826 77.574416
