5 347.849397 268.303044 48.566689 58.010203
6 348.038736 268.524371 48.612162 58.293170
7 348.382086 268.848982 48.640176 58.505490
8 348.722934 269.500056 48.591806 59.100433
9 349.195776 269.984190 48.754265 59.488387
10 349.849791 270.317131 48.879880 59.501404
11 350.338671 271.688660 48.899294 60.013103
12 350.760240 273.067129 49.093589 60.580315
13 351.303047 275.707822 49.905342 60.882573
14 351.243284 277.399230 50.278234 60.810850
15 350.885528 278.851633 50.867650 60.669440
16 350.492704 280.355998 51.413201 60.755346
17 350.556624 282.589476 51.792716 61.043119
18 350.718416 283.737173 51.900917 61.459768
19 350.956535 285.196628 52.037583 61.764577
20 351.116715 286.493865 52.225075 62.344919
21 350.871318 286.850600 52.305707 62.800467
22 350.654702 287.673381 52.417581 63.585524
23 350.243511 287.945047 52.410992 64.542218
24 349.960558 287.578793 52.456744 65.303457
25 349.726152 287.155164 52.503042 65.560454
26 349.750892 286.399718 52.950635 66.464837
27 349.487457 285.339269 52.916073 66.697973
28 349.290591 284.977784 52.921322 67.135530
29 349.191594 284.940443 52.893381 68.056859
30 349.308643 285.726688 52.829490 69.387368
31 349.729280 289.397315 52.946885 71.775309
32 349.956574 291.673627 53.602526 73.434248
33 350.927601 295.377304 55.054080 74.749774
34 351.051569 297.056200 56.855631 75.098974
35 350.967820 298.303333 57.553219 74.885265
36 350.833147 301.085349 58.448047 73.812536
37 350.342695 302.665611 58.609212 72.447055
38 349.460142 305.671054 59.322172 69.836100
39 348.832755 307.729588 59.679131 67.438329
40 347.976917 309.431856 60.222516 64.941655
41 346.347996 311.113682 60.923357 62.473819
42 344.485824 312.397007 61.411189 60.233611
43 338.237236 310.414903 63.185777 57.675660
44 337.530701 309.034393 63.458088 57.014578
45 335.422445 305.290082 64.129546 56.197109
46 333.872311 303.497840 64.795519 54.911161
47 333.129858 303.355745 64.678256 53.845598
48 328.534497 295.498145 65.984063 53.059544
49 328.297789 295.682788 65.493325 52.795716
50 327.985790 294.919614 65.274490 52.202278
51 327.717571 294.151980 65.205896 51.772576
52 327.426042 292.373054 65.153787 51.534146
53 327.331839 291.565121 65.124688 51.212065
54 327.225194 291.649297 64.894195 50.665225
55 327.106614 291.822249 64.553962 50.059849
56 327.120284 292.151288 64.462179 49.612873
57 327.050651 292.473626 64.048806 49.148140
58 326.657225 292.993932 63.986286 48.421849
59 326.509395 293.455926 63.513324 47.661311
60 326.528990 293.854384 63.491016 47.141613
61 326.341842 294.206173 63.054251 46.681116
62 326.345995 294.795839 63.009287 46.116632
63 326.234373 295.115545 62.926137 45.730293
64 325.923967 295.258779 62.439464 45.319383
65 325.629601 295.522780 61.984727 44.785450
66 325.342166 295.699069 61.498561 44.358744
67 325.030092 296.287500 61.105810 43.808522
68 324.828158 296.910351 61.061458 43.375667
69 324.621435 297.164609 60.985871 43.001663
70 324.326395 297.739147 60.578761 43.034714
71 324.141090 297.903715 60.466587 43.059641
72 323.966770 298.134252 60.090923 43.108028
73 323.998646 298.337796 60.120055 43.119733
74 324.026071 298.513285 60.124636 43.128288
75 324.061530 298.671573 60.125250 43.136935
76 324.116623 298.667255 60.119238 43.159851
77 324.044291 298.611573 60.017604 43.095477
78 324.002780 298.584262 60.017290 43.090018
79 324.068741 298.586323 60.082531 43.142419
80 323.969825 298.533701 59.964157 43.082047
81 323.836487 298.737061 59.643256 43.128989
82 323.772814 298.730701 59.571582 43.088132
83 323.764595 298.831603 59.599394 43.107334
84 323.740649 298.966554 59.622560 43.105643
85 323.641705 299.134987 59.640793 43.086500
86 323.502813 299.344857 59.647293 43.073104
87 323.336041 299.621225 59.676124 43.045579
88 323.139428 299.691245 59.595901 43.051607
89 322.967633 299.788346 59.572248 43.052928
90 322.759497 299.968080 59.616909 43.030543
91 322.675480 300.180722 59.640862 43.085683
92 322.562670 300.417190 59.644976 43.051147
93 322.538597 300.900119 59.644332 42.956318
94 322.406528 301.261432 59.651570 42.453515
95 322.207345 301.507140 59.628073 41.995519
96 322.085683 302.282926 59.597331 41.511666
97 321.867019 302.776719 59.589546 41.525617
98 321.673562 302.958776 59.540468 41.589503
99 321.530500 303.148033 59.595735 41.619618
100 321.301714 303.377878 59.593635 41.611177
101 321.076272 303.618416 59.595729 41.607251
102 320.780564 303.924661 59.611659 41.586237
103 320.670908 304.003681 59.638850 41.687552
104 320.463789 304.084060 59.654517 41.655823
105 320.198416 304.191209 59.657902 41.639515
106 319.920273 304.292126 59.634687 41.651549
107 319.619563 304.409540 59.637883 41.636461
108 319.458388 304.581402 59.663518 41.646074
109 319.234274 304.788179 59.674942 41.648870
110 318.966159 305.219035 59.709884 41.597911
111 318.675630 305.339768 59.639091 41.640502
112 318.585403 305.423193 59.717680 41.704273
113 318.459026 305.499505 59.697770 41.709095
114 318.363071 305.607761 59.664502 41.691736
115 318.297458 305.751098 59.692537 41.696008
116 318.217927 305.910488 59.699801 41.690356
117 318.137588 305.884415 59.696852 41.709804
