45 1183.479290 286.469486 329.181209 254.202397
46 1102.555422 299.142190 342.624297 245.294163
47 1069.540582 297.995643 342.291953 242.231657
48 1054.308217 296.169534 340.463179 239.571293
49 1033.682880 294.128040 351.079187 235.830952
50 1038.667272 283.785113 357.849839 231.141161
51 1042.065605 273.487759 361.852719 225.746389
52 1050.553159 275.295163 362.841326 219.727009
53 1055.255555 277.277206 363.513962 214.654513
54 1071.065641 280.231932 366.477277 207.686675
55 1125.975737 275.686151 369.719024 200.043689
56 1161.852317 280.196387 368.651159 196.538925
57 1165.626523 281.004515 365.770032 194.661863
58 1167.379696 281.107147 362.625243 192.940802
59 1195.618208 284.070409 357.871495 189.625791
60 1296.363747 291.558738 366.410291 188.803685
61 1295.819221 294.156552 359.357019 186.121019
62 1291.451457 296.852494 354.697672 184.669364
63 1289.051749 298.512587 350.540629 183.001430
64 1280.209035 269.448301 344.743531 187.863562
65 1235.566753 195.051692 342.353382 203.685692
66 1217.578033 177.295841 347.429699 209.901865
67 1216.166829 172.809368 337.191034 215.155141
68 1228.209657 166.105554 328.436666 220.828393
69 1262.372710 145.799720 324.991743 244.513149
70 1181.608965 156.627886 326.779537 262.815256
71 1190.295534 190.093241 315.999672 278.279167
72 1210.656767 192.439769 319.111222 282.835746
73 1238.610617 194.364866 319.611535 287.145805
74 1254.511758 201.945820 318.487854 293.456316
75 1271.984734 204.972915 317.063042 296.973727
76 1264.594030 200.214767 315.221857 297.952569
77 1247.357532 200.346477 313.476779 296.156456
78 1151.902194 194.487675 314.373468 292.710419
79 1058.068535 209.400719 330.256793 285.957808
80 998.308305 209.538675 337.797469 273.310171
81 1003.224521 210.213323 341.313385 271.510768
82 1003.462072 210.593502 342.362954 269.339911
83 1019.771480 215.899540 345.047790 269.118538
84 1103.171974 221.730239 350.393883 268.501239
85 1102.921104 223.124871 351.002213 266.287402
86 1112.565765 227.135868 353.739230 264.324669
87 1113.703027 230.327620 354.007444 261.392937
88 1169.475516 245.247815 356.278880 257.011279
89 1170.624323 245.764121 356.575647 255.286274
90 1174.453650 248.940258 357.449495 253.535302
91 1183.911138 253.453825 358.466629 251.203720
92 1207.730875 261.012775 359.217769 248.351093
93 1220.862954 265.039478 357.464301 244.461202
94 1230.697311 272.515004 355.096929 239.036037
95 1253.303657 278.765720 350.518648 234.116437
96 1267.082478 279.666977 347.230195 230.027368
97 1278.017318 281.667771 342.306221 226.202602
98 1287.357673 286.585629 335.217903 223.600989
99 1294.273331 287.758828 328.932052 221.964236
100 1300.016979 298.437982 322.628672 220.299002
101 1315.445197 303.791279 315.558724 219.780867
102 1324.478372 310.093266 309.048670 220.347243
103 1298.244605 314.079371 307.272647 228.326962
104 1167.818948 358.906565 336.902450 226.699045
105 1162.796988 352.740795 332.881860 232.978143
106 1145.776731 347.946928 327.595565 237.597922
107 1134.059413 345.536466 320.569438 237.471172
108 1138.403049 342.759262 316.542832 239.227713
109 1144.590287 341.089442 312.559419 239.790497
110 1157.340162 339.501326 308.668152 241.574444
111 1162.340694 338.698574 305.104672 242.249956
112 1251.855772 334.022895 302.132606 250.138636
113 1248.938225 332.650339 297.997317 247.841082
114 1247.805231 331.881054 294.855696 246.109258
115 1252.560903 332.327761 293.097944 246.699783
116 1262.811598 333.121130 292.142119 247.732372
117 1290.133003 330.585560 290.407445 250.450422
118 1305.127934 330.308361 286.461054 251.257943
119 1311.924697 329.632071 282.859774 250.686204
120 1320.870987 327.955294 279.306895 250.270740
121 1325.266024 325.989204 276.364802 249.045975
122 1332.629305 319.463050 273.370213 249.673483
123 1340.158003 316.819788 270.664987 249.724770
124 1344.510405 314.727402 268.350220 249.577737
125 1348.807584 313.556099 265.653197 249.166906
126 1352.529678 312.517317 263.171472 248.580629
127 1355.584140 311.006082 260.570248 247.994514
128 1356.374718 309.920507 258.140658 246.727865
129 1357.618082 309.504369 255.547335 245.626499
130 1359.011113 309.344480 253.208545 244.644869
131 1359.318672 308.791445 250.594644 243.192786
132 1358.839977 308.487881 248.555698 241.843438
133 1358.472479 311.244390 246.945834 240.455247
134 1358.792360 312.547390 244.923607 239.189009
135 1358.943188 313.807281 242.946507 238.249129
