2 571.053132 538.838448 69.147988 68.624708
3 572.747489 539.884830 67.039474 68.049817
4 573.483817 540.261228 66.516989 68.221202
5 574.482966 540.220785 65.615862 68.238148
6 575.221382 540.464871 65.031296 68.220062
7 575.997261 540.341478 64.399942 68.240761
8 576.925491 539.153406 62.651774 67.841265
9 577.610618 539.639940 62.193307 67.553658
10 578.220861 540.074168 61.849633 67.689314
11 579.331562 540.885406 60.835975 67.485737
12 580.300878 541.460574 60.131638 67.179593
13 580.523676 542.170559 60.111380 67.134789
14 580.755879 542.368143 60.438994 67.463745
15 580.923647 542.490610 60.336125 67.401352
16 581.043563 542.545049 60.349332 67.377160
17 581.175100 542.463850 60.321762 67.390270
18 581.412770 541.964563 59.949074 67.297145
19 581.516055 541.693802 59.673972 67.369262
20 582.089474 541.111135 59.474170 67.401129
21 582.375446 541.010813 59.250844 67.468637
22 582.996434 540.979019 59.152445 67.495919
23 583.421540 540.997124 59.312269 67.479642
24 584.063651 541.097509 59.263459 67.363265
25 585.532105 541.284795 59.107133 67.241359
26 586.032883 541.414921 59.371328 67.410528
27 586.212014 541.455859 59.421316 67.459490
28 586.377965 541.411078 59.399970 67.411745
29 586.447988 541.484563 59.476412 67.464012
30 586.466730 541.515032 59.483706 67.474952
31 586.473510 541.527160 59.488668 67.483434
32 586.816496 542.335938 59.291107 67.140679
33 586.919575 542.515202 59.488668 67.483434
34 586.921437 542.508692 59.470871 67.460868
35 586.919841 542.482856 59.430132 67.435601
36 587.132819 541.687383 59.032109 67.185741
37 587.316135 541.641541 59.362882 67.431987
38 587.275662 541.565650 59.346843 67.418658
39 586.441607 540.688278 59.055590 67.283507
40 586.544645 540.734237 59.271357 67.485587
41 586.217688 540.641151 59.132596 67.443011
42 585.275982 539.762089 58.903653 67.275789
43 585.318647 539.850907 58.951762 67.488204
44 583.355010 538.797348 58.436592 67.396244
45 583.398390 538.842435 58.468663 67.480791
46 581.925098 538.778429 58.022053 67.454018
47 582.377390 539.935881 58.239662 67.285808
48 582.505974 540.059762 58.479352 67.470623
49 580.419587 539.255584 58.200428 66.822645
50 580.568028 539.343869 58.488859 66.983556
51 580.501783 539.298332 58.435560 66.924446
52 579.845673 539.361597 58.207477 66.832854
53 580.020814 539.435202 58.456927 66.974691
54 577.486777 537.401671 58.123186 66.353684
55 577.673840 537.474439 58.488859 66.483679
56 577.656587 537.475627 58.460205 66.484960
57 575.558430 535.509454 57.891220 66.104631
58 575.557742 535.685310 57.939153 66.466134
59 575.561021 535.715164 57.974520 66.474413
60 574.153702 536.102642 57.492607 66.121079
61 574.144950 536.290581 57.477402 66.478735
62 573.329074 536.678171 57.038704 66.241281
63 573.278239 536.995328 57.294191 66.346646
64 573.050914 537.211836 57.203462 66.301482
65 572.539415 537.550988 57.141524 66.232335
66 572.441308 537.373387 57.365180 66.298789
67 572.499733 537.476380 57.482702 66.480787
68 572.008267 537.057018 57.280581 66.338363
69 572.110294 537.113642 57.479678 66.468956
70 572.082034 537.165595 57.466772 66.461432
71 571.903752 537.084721 57.396691 66.417098
72 571.981459 537.144776 57.470202 66.470348
73 571.971237 537.107744 57.453175 66.424575
74 571.978805 537.146179 57.475908 66.475260
75 571.989529 537.158159 57.489049 66.483679
76 571.990711 537.161741 57.487108 66.481285
77 572.247446 537.921178 57.235059 66.178572
78 572.212124 537.640211 57.429168 66.263785
79 572.417609 537.267253 57.283391 66.186864
80 572.606753 536.511673 57.325138 65.970341
81 573.244038 535.221714 57.221349 65.414575
82 573.765852 534.619687 57.229125 65.156601
83 575.167067 533.309832 57.083604 64.789728
84 576.600428 533.182300 57.170790 64.870983
85 576.784796 533.243588 57.470904 64.980346
86 578.952139 533.584088 56.961990 64.703780
87 579.450409 533.971713 56.842749 64.898862
88 581.262280 536.530887 56.644843 64.371356
89 581.743298 536.707650 56.880893 64.399400
90 582.157216 536.786279 56.881964 64.380018
91 585.551250 537.930856 56.302351 63.589764
92 585.720893 537.337444 56.349738 63.668390
93 590.202812 538.329235 55.958749 63.711691
94 588.958661 537.955137 55.890967 63.689120
95 589.012542 538.092867 55.980678 63.980087
96 589.227100 538.156388 55.928853 63.966132
97 588.548208 537.882414 55.865132 64.099942
98 589.095162 538.166588 55.879987 64.499345
99 589.154199 538.146318 55.983426 64.481316
100 589.143651 538.157881 55.991621 64.459925
101 589.146553 538.177540 55.989335 64.484170
102 589.150599 538.185077 55.989335 64.484170
103 589.133597 538.214869 55.973372 64.432943
104 589.148623 538.681756 55.787688 64.158719
105 586.506684 538.732174 55.680372 64.653599
106 587.708271 540.443553 56.005194 65.211084
107 583.480099 537.353336 56.344543 64.490402
108 583.529294 537.358242 56.471343 64.475244
109 582.364192 534.635422 56.401244 64.223110
110 582.350160 534.805745 56.469707 64.489392
111 581.986149 534.786340 56.416641 64.301728
112 579.699860 532.897995 56.444531 62.478079
113 579.540684 535.959155 56.031725 61.560854
114 579.773523 536.178364 56.489240 61.984783
115 578.249133 536.561404 56.284475 61.476849
116 578.345871 536.573044 56.470160 61.480499
117 577.651427 536.700012 55.999684 61.433141
118 577.544966 536.757415 55.922583 61.478067
119 576.141241 536.438907 55.905026 61.482378
120 574.830352 536.436820 56.005997 61.371660
121 573.574810 536.051736 56.892158 60.968980
122 568.972650 534.877608 57.959515 60.520494
123 567.933345 535.448447 58.286265 60.799340
124 567.632740 535.480111 58.541229 60.872456
125 565.922978 536.122032 59.287436 60.590277
126 564.335585 536.674060 59.623823 60.887311
127 561.112607 537.527867 60.033279 60.919609
128 560.756419 537.879896 60.258632 61.106427
129 557.605216 538.422011 60.284795 61.427680
130 557.694890 538.468350 60.476197 61.486619
131 555.104519 538.611037 60.143514 61.395997
132 554.518296 538.742385 60.251648 61.468337
133 554.471457 538.749685 60.405232 61.475000
134 553.062498 538.697698 60.494825 61.398229
135 552.352016 538.759288 60.454927 61.414311
136 549.699123 538.780619 60.725014 61.188986
137 549.700684 538.946968 60.987251 61.474484
138 548.991173 538.994793 60.998697 61.447179
139 548.985559 539.019846 60.990785 61.484595
140 546.183663 539.277522 61.055007 61.283329
141 546.404747 539.385497 61.488287 61.484906
142 546.365577 539.386971 61.505026 61.477751
143 546.611638 539.397734 61.988192 61.484906
144 546.131110 539.454701 61.911852 61.400446
145 546.173759 539.504117 61.988192 61.484906
146 545.787527 539.498514 61.968881 61.336088
147 545.815370 539.582159 61.987356 61.479062
148 544.255917 539.167655 61.865786 60.869789
149 544.350938 539.338015 61.965428 60.897643
150 544.089608 539.059547 62.002318 60.478902
151 544.333401 539.063568 62.495738 60.458265
152 543.190336 537.854064 62.091148 59.564692
153 543.438929 538.115314 62.251371 59.850368
154 542.138153 538.793814 59.922460 59.095101
155 546.658607 543.540988 58.859179 58.853211
156 544.515448 541.502276 58.450892 59.548340
157 544.227048 542.180863 58.620445 59.547621
158 544.698365 541.375159 59.232750 58.045976
159 540.037330 539.817518 59.922241 56.905780
160 542.327537 538.955466 58.974890 57.177734
161 549.011586 533.279588 55.641658 58.789280
162 548.009758 534.739892 51.687832 63.885403
163 555.025600 530.017704 48.700627 64.683856
164 552.307130 534.572662 47.634667 64.204311
165 552.394753 534.799931 47.933837 64.463523
166 554.314201 536.081133 47.184334 64.046712
167 546.540922 539.933916 47.549025 63.103339
168 556.371449 539.080478 47.437816 62.262542
169 547.337047 542.868812 47.796702 61.198530
170 552.857611 542.805075 47.827533 61.295417
171 552.826485 541.762066 47.984878 61.667278
172 550.880150 541.631475 47.990140 62.141936
173 554.188800 536.543024 48.067211 61.915290
174 551.539556 538.111869 48.240235 61.817987
175 551.732195 538.167390 48.521350 61.972248
176 551.970394 538.180902 48.990668 61.984783
177 551.973307 538.187987 48.990976 61.984730
178 552.844217 537.805101 49.107633 61.909197
179 552.728547 537.982467 49.375591 62.004313
180 553.749873 535.989890 49.819506 62.435097
181 553.838971 536.021976 49.990478 62.484661
182 553.842583 536.029279 49.990478 62.484661
183 553.899460 536.273498 50.062325 62.548342
184 553.917042 537.352511 50.603995 62.787489
185 556.311098 538.494896 51.074408 62.571673
186 556.627986 539.233418 51.531202 62.858986
187 556.861951 539.304102 51.990015 62.984604
188 556.924355 540.154136 52.032115 62.937726
189 557.330296 540.202433 52.502048 62.905474
190 557.581231 540.249032 52.989949 62.983228
191 557.593130 540.256577 52.991736 62.982486
192 558.353760 540.208854 52.938037 62.937843
193 559.654906 541.013800 52.807975 62.692881
194 564.412528 541.918207 52.774808 62.622529
195 564.926891 542.174579 53.015318 62.976998
196 565.805472 542.097943 53.394513 62.913275
197 569.360145 541.610831 53.153199 62.893064
198 571.125314 540.669218 53.183011 62.950289
199 573.122940 538.123091 53.257773 62.802891
200 575.679431 538.296465 53.275592 63.043739
201 576.639621 538.167882 53.356009 63.366996
202 579.993276 538.336852 53.130984 63.310673
203 580.660512 538.449147 53.401613 63.457709
204 582.910685 539.247813 53.287454 63.449967
205 583.565865 539.283215 53.393475 63.482141
206 586.108129 540.246353 53.324425 63.269464
207 586.360035 540.391943 53.462221 63.480985
208 586.743987 540.942957 53.462568 63.397299
209 587.510567 541.501786 53.386911 63.356658
210 587.569874 541.575885 53.489385 63.484757
211 587.853612 543.237469 53.541741 63.626270
212 588.092232 543.422997 53.992162 63.981708
213 588.119485 543.441335 53.982655 63.984900
214 588.137662 543.447363 53.991371 63.981339
215 588.140735 543.456318 53.989716 63.984293
216 588.144636 543.463796 53.989716 63.984293
217 588.231084 543.462467 53.984319 63.960532
218 588.239305 543.481552 53.990380 63.983517
219 588.261244 543.486530 53.990426 63.979660
220 588.795321 543.425927 53.988567 63.950613
221 589.460938 543.502998 54.024709 63.883145
222 589.699828 543.560626 54.490538 63.983148
223 590.286796 543.727169 54.402858 63.917438
224 590.334115 543.768075 54.489621 63.984293
225 590.586283 543.815009 54.422045 63.971216
226 590.624008 543.829026 54.489621 63.984293
227 590.678483 543.825356 54.479124 63.961786
228 590.698750 543.845480 54.485130 63.984439
229 590.855218 543.846620 54.473451 63.954639
230 590.867240 543.868925 54.489621 63.984293
231 590.872266 543.876428 54.488807 63.984311
232 590.905368 543.878910 54.484750 63.971066
233 590.911740 543.893002 54.489621 63.984293
234 590.946031 543.893867 54.482017 63.972626
235 591.061933 543.894575 54.469649 63.955606
236 591.075856 543.916396 54.489621 63.984293
237 591.080230 543.923802 54.489802 63.984085
238 591.084268 543.929681 54.489371 63.981693
239 591.274375 543.784052 54.465951 63.953885
240 591.163180 543.240630 54.484660 63.859894
