21 108.999967 87.000000 136.971838 106.983683
22 108.810869 87.009189 137.081436 106.985489
23 108.795473 87.019286 137.596538 106.980454
24 108.917641 87.025013 138.029908 106.984433
25 109.064395 87.038914 138.518379 106.984719
26 109.087110 87.016636 139.008331 106.950978
27 109.324536 87.041912 139.472674 106.981326
28 109.066364 87.057254 139.534989 106.926075
29 107.575338 86.919223 140.235486 106.661829
30 107.031261 87.054017 140.568470 106.847195
31 106.081955 87.057958 141.219654 106.741831
32 104.752962 87.061734 142.042931 106.665258
33 103.704642 87.094137 142.945510 106.623925
34 103.374188 87.413208 142.495752 106.516918
35 103.186291 87.685485 142.311814 106.935754
36 102.991729 87.712312 142.290696 106.977999
37 102.830638 87.924812 142.384874 106.709907
38 102.293958 89.266177 142.329406 105.704629
39 102.197198 89.520173 142.221591 105.914352
40 101.512768 90.728458 141.816410 105.017623
41 100.959367 91.259864 141.594703 105.145592
42 99.891543 91.764240 141.776622 105.273873
43 99.182569 92.124705 141.875500 105.306497
44 98.275240 92.427692 142.312621 105.276308
45 97.716759 92.641570 142.577401 105.313806
46 97.641186 92.943146 142.958767 105.247915
47 97.507098 93.258818 142.997859 105.310531
48 97.272301 93.898295 143.002912 104.989366
49 97.163674 93.948808 143.614669 104.953732
50 94.949194 94.453485 144.826227 104.440191
51 95.019224 94.484331 144.979631 104.485066
52 94.921382 94.505048 145.021531 104.476625
53 95.133066 94.523004 145.479248 104.473421
54 95.069219 94.562479 145.506688 104.454351
55 95.263237 94.758227 145.989926 104.341109
56 94.745093 95.519658 145.978432 104.145184
57 94.730153 95.755377 145.977089 104.449702
58 94.546308 95.952148 145.873831 104.384715
59 93.631709 96.505639 145.521270 104.012872
60 92.835197 97.179830 146.218295 103.979112
61 86.113577 97.768218 148.677411 102.241203
62 80.834457 98.743148 150.444606 101.144420
63 80.635803 98.930221 150.457308 101.433403
64 78.932388 99.007480 150.962332 100.929023
65 77.243879 99.832802 150.953335 99.435928
66 71.371481 101.310306 150.841854 97.261493
67 64.373869 101.831764 152.323448 94.764921
68 61.846404 101.304953 152.050081 93.514927
69 57.398570 101.352377 152.681431 91.975117
70 56.417077 101.714068 152.371082 91.285400
71 52.676147 102.673840 152.900747 89.390382
72 51.559884 103.317275 152.444534 88.795532
73 49.202972 103.808713 151.836131 87.751612
74 48.307314 103.831926 151.233771 87.850260
75 47.642116 104.198921 149.680145 88.260704
76 45.665539 104.122174 149.763901 88.220775
77 43.158014 104.435655 149.988384 87.395594
78 41.982755 104.770925 148.064883 87.618210
79 42.428684 105.717441 146.303853 87.986144
80 41.236925 105.991647 147.050470 87.908809
81 39.028953 105.674459 148.572543 87.318148
82 39.680093 105.745717 148.387325 87.335627
83 39.880047 105.822859 148.348693 87.465507
84 40.228484 105.769797 148.244099 87.380509
85 40.790665 105.441654 148.152187 86.784175
86 41.227185 104.937786 148.101019 85.845315
87 41.515614 104.590577 148.158043 84.680424
88 42.019663 105.187108 148.083090 83.615914
89 43.260560 105.752854 147.609065 82.466644
90 49.017524 106.460023 145.786957 80.399337
91 50.609622 106.780284 144.898020 79.544438
92 51.742053 106.292760 143.841384 78.829990
93 53.899761 106.764656 143.115662 78.749678
94 56.378519 107.236868 142.478377 78.882013
95 62.456720 107.714911 139.747245 78.625476
96 63.961527 107.805135 139.289743 78.892459
97 67.546565 109.029343 138.029582 79.441859
98 69.324864 109.604967 138.280364 79.353737
99 71.857583 110.597048 137.476053 79.856295
100 73.454468 110.858967 136.924699 80.251369
101 75.903118 111.222021 136.616010 80.667249
102 78.910968 111.709642 136.115176 81.079978
103 80.285982 111.973582 136.344022 81.539604
104 80.452341 112.212421 136.490777 81.981998
105 81.017811 112.533375 136.584712 82.017056
106 81.248529 112.815535 137.011746 82.501499
107 81.482244 113.064734 137.472200 82.987244
108 81.496111 113.071112 137.471735 82.987343
109 81.510211 113.077441 137.471735 82.987343
110 81.522881 113.084628 137.472705 82.987125
111 81.536496 113.091065 137.471735 82.987343
112 81.466777 113.288687 137.339005 82.903763
113 80.496535 114.205666 137.093818 82.251756
114 80.699593 114.329788 137.471735 82.487419
115 80.583356 114.356350 137.358183 82.388328
116 80.610100 114.569975 137.304052 82.330732
117 80.707963 114.654640 137.471761 82.487411
118 80.699849 114.672284 137.471079 82.482962
119 80.553190 114.753065 137.447836 82.493678
120 79.487114 115.255360 137.319067 82.508631
121 78.906889 115.602252 137.107095 82.951233
122 78.028959 115.849552 137.374777 82.956211
123 74.099521 116.181429 137.650616 82.800217
124 68.258290 116.430159 138.830315 82.439603
125 57.432105 116.425791 138.568270 82.120366
126 55.572692 116.611599 138.800788 82.210870
127 51.320468 116.527911 138.957972 82.046334
128 48.479384 116.615008 139.315369 81.937030
129 45.919190 116.890140 138.822686 81.739257
130 43.131147 116.594960 138.123707 81.565189
131 36.227154 117.406703 137.977503 81.068849
132 29.716029 117.134009 135.755922 81.349467
133 25.597666 116.678639 134.606299 81.300944
134 20.957091 114.982204 132.724671 81.596215
135 20.790260 115.204362 132.562996 81.977552
136 18.612569 115.013529 132.254753 81.778135
137 17.647243 114.986609 132.128345 81.758202
138 16.886209 115.101302 132.059003 81.921576
139 16.522278 115.095514 132.166095 81.988735
140 15.565166 114.754456 131.965123 81.933130
141 15.582573 114.787891 131.972865 81.987496
142 15.589582 114.797033 131.963367 81.981142
143 15.568779 114.791346 131.987342 81.972770
144 15.538885 114.788640 131.974175 81.961861
145 15.474699 114.744644 131.911106 81.823113
146 13.113527 113.854336 131.562757 81.603559
147 12.868602 113.734653 131.913643 81.679367
148 12.625632 113.765906 131.963947 81.760962
149 12.259571 113.758657 132.060639 81.799652
150 11.071789 112.850550 131.940754 81.451754
151 11.094891 112.814572 131.948161 81.381396
152 10.908455 112.669797 131.931997 81.161918
153 10.956172 112.814545 131.945700 81.459642
154 11.006466 112.759922 131.893558 81.299183
155 11.053242 112.804991 131.912573 81.394777
156 11.096924 112.857603 131.972865 81.487572
157 11.218746 112.815406 131.893369 81.424083
158 11.781014 112.786735 131.807925 81.390179
159 17.925707 111.394739 131.811984 80.251462
160 32.140514 111.481003 130.703863 80.460083
161 46.616395 111.991047 130.151429 80.201227
162 50.678782 112.149185 130.219063 80.541333
163 54.080544 112.978555 130.684641 81.323830
164 55.731353 113.311040 131.165347 81.716684
165 58.352390 114.067196 132.027755 82.471523
166 58.612522 114.102363 132.495034 82.497026
167 58.645464 114.148351 132.505440 82.539245
168 58.847533 114.436338 132.995630 83.089675
169 58.849686 114.641500 132.972660 83.487267
170 58.863324 114.647867 132.972660 83.487267
171 58.878916 114.654209 132.973890 83.487004
172 59.005827 114.641365 132.994616 83.491352
173 59.008488 114.645689 132.972660 83.487267
174 59.022126 114.652055 132.972660 83.487267
175 59.023436 114.642444 132.972964 83.497400
176 59.009670 114.360943 132.931710 83.608144
177 59.043841 114.545071 132.970485 83.996179
178 59.047792 114.539608 132.974455 83.991216
179 59.034302 114.521401 132.978520 83.997244
180 59.009014 114.488929 132.976579 84.006517
181 59.020693 114.735671 132.972660 84.487114
182 59.034331 114.742114 132.972660 84.487114
183 58.874530 114.674776 133.035737 84.525679
184 58.563425 114.656036 133.664498 85.145616
185 58.679830 114.810857 133.990262 85.500746
186 58.631473 115.015318 133.989125 86.025368
187 57.646424 114.378140 134.058114 87.125894
188 57.732428 114.533571 134.538981 87.512363
189 57.762576 114.632945 135.010409 88.145359
190 58.002138 114.800602 135.451903 88.535018
191 58.023053 115.031158 135.459405 89.018036
192 58.041936 115.275191 135.453538 89.507114
193 58.053827 115.531856 135.405687 90.050872
194 58.056034 115.786490 135.366300 90.562866
195 57.244543 115.905133 135.206987 91.392552
196 56.713819 115.909232 135.186143 91.795309
197 56.134965 116.012266 135.216317 92.217217
198 55.702430 116.113096 135.348531 92.810102
199 55.602201 116.007850 135.222856 93.529392
200 55.115425 115.646887 135.270772 95.281301
201 54.458844 115.374924 135.245386 96.312484
202 53.986570 115.151162 135.380818 96.955454
203 53.375985 114.940365 135.415553 97.163006
204 53.361764 115.042049 135.463301 97.531656
205 53.341696 115.207616 135.460845 98.034286
206 52.967428 115.091503 135.414946 98.608305
207 52.662203 114.758902 135.422092 99.263174
208 51.858062 113.604543 135.338698 99.816266
209 51.938681 113.696410 135.472146 99.984751
210 51.148945 113.594243 135.522058 99.935079
211 49.016461 112.902341 135.989287 100.115261
212 45.523615 112.668601 136.049189 100.277033
213 40.799969 112.561627 136.696098 100.420651
214 36.331834 112.196853 137.616370 100.231880
215 32.331681 111.664920 138.592896 100.135964
216 28.715900 111.946012 139.830566 100.226949
217 26.623624 111.546336 140.755985 100.330969
218 24.750845 110.639252 141.894072 100.167741
219 22.810164 110.484102 142.587331 100.405852
220 20.762642 110.148359 143.781274 100.424652
221 19.105390 109.764543 144.570451 100.401314
222 16.456030 109.790323 145.577904 100.505324
223 13.503020 110.694104 146.225055 101.516546
224 9.088124 111.089759 146.957694 102.008852
225 6.574128 113.291753 146.622181 102.890009
226 6.688183 112.818824 146.761403 103.811117
227 6.513468 112.857635 146.556712 105.011291
228 6.597929 113.407912 146.789105 105.899080
229 5.194166 114.263747 146.550586 106.641842
230 2.088671 117.049263 145.650165 109.293348
231 0.518114 120.041284 145.171592 110.535444
232 0.000000 121.534525 142.999672 113.412410
233 0.000000 121.411183 139.591529 114.236576
234 0.000000 122.956646 135.424967 115.180557
235 0.000000 124.804782 130.300126 115.195218
236 0.000000 125.825348 124.889006 114.174652
237 0.000000 127.447614 119.862108 112.552386
238 0.000000 131.222435 113.041392 108.777565
239 0.000000 135.085579 109.860885 104.914421
240 0.000000 138.558556 107.898188 101.441444
241 0.000000 142.006954 106.202474 97.993046
242 0.000000 143.077909 105.107677 96.901699
243 0.000000 145.196632 104.870856 94.803368
244 0.000000 146.377149 104.448066 93.622851
245 0.000000 147.529662 103.876211 92.470338
246 0.000000 148.015530 103.676126 91.984470
247 0.072862 148.211826 103.903863 91.726152
248 0.000000 148.582340 103.846791 91.417660
249 0.000000 149.321534 103.153209 90.678466
250 0.110219 149.949261 103.334160 90.050739
251 0.136359 150.432659 103.367197 89.567341
252 0.157785 150.849587 103.382575 89.150413
253 0.191900 151.165962 103.428715 88.834038
254 0.169159 151.481285 103.286194 88.518715
255 0.227938 151.781961 103.345215 88.218039
256 0.270793 152.053892 103.328490 87.946108
257 0.307422 152.128645 103.338410 87.871355
258 0.348267 152.251559 103.208795 87.748441
259 0.432105 152.469570 102.668847 87.530430
260 0.099766 152.916903 101.924904 87.083097
261 0.000000 152.822227 99.670250 87.177773
262 0.000000 152.874439 98.090185 87.125561
263 0.099905 152.904595 97.010067 87.095405
264 0.488452 153.173579 96.606138 86.826421
265 0.496836 153.369681 96.122503 86.630319
266 0.000000 152.411407 93.559196 87.256949
267 0.000000 152.586263 92.371224 87.413737
268 0.286240 152.753684 91.446741 87.246316
269 0.420187 152.622535 89.473346 87.282605
270 0.706271 152.838753 88.237599 87.161247
271 1.051202 153.052189 87.663843 86.947811
272 1.106240 153.276792 87.828582 86.723208
273 1.205343 153.446891 87.727056 86.553109
274 1.269008 154.049135 87.317263 85.950865
275 1.239416 153.921358 86.419681 86.078642
276 1.189453 154.143219 86.176793 85.856781
277 1.169011 154.330909 86.328151 85.669091
278 1.113275 154.648704 86.390033 85.351296
279 1.288170 154.652586 85.705825 85.347414
280 1.488088 155.001074 85.332287 84.998926
281 1.375447 154.907513 84.993687 85.092487
282 1.242824 154.949602 84.853423 85.050398
283 1.223694 155.082591 84.907240 84.917409
284 1.021338 155.090055 84.777293 84.909945
285 0.830742 155.056723 84.734262 84.943277
286 0.780629 155.060912 84.853358 84.939088
287 0.486997 155.009612 84.738339 84.990388
288 0.375840 154.881885 84.831820 85.090875
289 0.478911 155.190158 84.904975 84.809842
290 0.396599 155.369160 84.859564 84.630840
291 0.464656 155.578566 84.948659 84.421434
292 0.497870 155.630984 84.884887 84.369016
293 0.496725 155.662904 84.872493 84.337096
294 0.440526 155.649333 84.759752 84.350667
295 0.490130 155.742559 84.881264 84.257441
296 0.521621 155.855554 84.781780 84.144446
297 0.639340 156.050298 84.865501 83.949702
298 0.716292 156.070071 84.970550 83.929929
299 0.730571 156.084439 84.938287 83.915561
300 0.773786 155.985715 84.842711 84.014285
301 0.807676 156.140151 84.894765 83.859849
302 0.356531 156.062930 84.445801 83.937070
303 0.052122 156.243542 84.142712 83.756458
304 0.220471 156.391624 84.449348 83.608376
305 0.234310 156.570986 84.477021 83.429014
306 0.388863 156.662831 84.493174 83.337169
307 0.415565 156.736533 84.477928 83.263467
308 0.409980 156.820889 84.478431 83.179111
309 0.401456 156.921032 84.471271 83.078968
310 0.390924 156.971293 84.439903 83.028707
311 0.409255 157.132974 84.432050 82.867026
312 0.443516 157.166549 84.413568 82.833451
313 0.487151 157.252866 84.467572 82.747134
314 0.502204 157.379117 84.481554 82.620883
315 0.516589 157.521828 84.446052 82.478172
316 0.591265 157.355988 84.275517 82.601263
317 0.685903 157.450310 84.442692 82.549690
318 0.682339 157.531902 84.420921 82.468098
319 0.657615 157.190548 84.263486 82.742813
320 0.620492 157.186007 84.199017 82.813993
321 0.614019 157.249066 84.117090 82.750934
322 0.926690 157.373045 84.200714 82.626955
323 1.332954 157.521913 83.787177 82.478087
324 1.500957 157.596788 83.828764 82.403212
325 1.822783 157.982829 83.652953 82.017171
326 2.234013 158.664570 83.807098 81.335430
327 2.511694 159.265837 83.879541 80.734163
328 2.726157 159.630108 83.594274 80.369892
329 3.113422 159.750821 83.661829 80.249179
330 3.284758 159.867675 83.828551 80.132325
331 3.426026 160.032999 83.516460 79.967001
332 4.469883 159.256148 82.783238 80.375183
333 3.874062 158.636755 82.312341 81.075182
334 4.022746 157.051036 81.615249 82.031429
335 4.036095 156.952486 81.831648 82.688438
336 4.278856 156.981579 81.651074 83.018421
337 4.429037 157.187621 81.976438 82.812379
338 4.317648 157.056216 81.808364 82.943784
339 4.307194 156.587607 81.424200 83.412393
340 5.114131 155.749612 81.159792 84.250388
341 6.890302 155.178889 80.381133 84.821111
342 9.137756 154.563687 78.438014 85.436313
343 14.279055 153.772857 75.884781 86.227143
344 23.076332 153.397289 73.730736 86.602711
345 31.135948 153.200094 72.219048 86.799906
346 35.251515 152.719889 70.399070 87.280111
347 36.821493 152.293677 69.381370 87.255506
348 39.520055 151.983959 67.855190 87.816158
349 42.360297 150.929160 67.019950 88.215591
350 45.359707 150.803419 66.880149 88.334829
351 46.393145 150.676418 66.474144 88.652988
352 49.223116 150.756339 65.749787 88.824356
353 51.132060 150.924051 64.927702 89.075949
354 55.767505 150.394962 64.216625 89.221367
355 57.393181 150.941536 63.152401 89.058464
356 61.720585 151.150850 63.208975 87.819280
357 62.800600 150.920677 62.631754 87.989321
358 64.420436 150.926697 62.347179 87.508335
359 65.773447 151.148212 62.020230 87.693676
360 67.335065 151.407072 61.878228 87.729905
361 66.892264 151.999703 61.622126 87.751184
362 67.557922 150.878051 60.711981 87.482445
363 67.843246 150.952225 60.547309 87.049497
364 67.671145 151.533906 60.847944 86.938943
365 67.663713 151.535864 60.807487 86.791128
366 67.693738 151.614160 60.883855 86.866390
367 66.961948 151.590715 60.688690 86.879823
368 67.116120 151.618640 60.950308 86.986646
369 66.589865 151.414313 60.534054 86.995756
370 66.287883 151.292698 60.631737 86.999440
371 65.681777 151.117443 60.517707 86.996412
372 64.986896 150.682112 60.445752 87.133415
373 65.162432 150.600779 59.856176 87.398220
374 64.050530 149.486004 59.417579 88.022233
375 63.955445 148.874548 58.463558 88.800667
376 65.353259 147.829779 56.867812 89.353763
377 65.651039 145.425442 55.775951 89.862088
378 67.482093 144.877898 54.930288 89.821416
379 62.752674 143.981682 55.815399 88.504186
380 64.382759 146.996825 55.298433 89.235024
381 61.699433 146.083647 55.012297 89.844714
382 67.120472 146.162453 55.017862 90.466546
383 63.810817 147.620521 54.887049 89.745271
384 63.721499 145.844092 53.820182 91.132373
385 61.886233 142.662162 52.845931 92.719973
386 61.655796 137.675746 51.284044 94.639515
387 62.703700 137.006736 50.820306 97.447067
388 67.261215 137.362777 50.008651 97.632989
389 65.328559 136.840607 49.376068 96.979411
390 63.463949 136.713409 50.273558 95.887453
391 63.954582 137.581650 49.836475 96.916493
392 65.631470 137.388285 49.455523 97.044630
393 67.068616 135.300148 48.712183 99.759772
394 66.675545 131.520926 48.750546 101.177816
395 64.571635 133.695003 48.460808 103.370093
396 66.802606 132.571920 48.001821 104.090277
397 72.506489 134.011696 46.795722 103.325459
398 71.891285 133.279747 47.348685 99.842776
399 69.626953 132.108931 46.760012 98.860703
400 71.344363 132.321909 47.912422 100.160694
401 70.109084 131.104427 47.122593 100.748007
402 70.182335 134.546677 47.473987 100.926560
403 67.248791 134.998647 47.434667 97.285685
404 63.250812 139.773503 49.177285 99.969928
405 66.846599 141.806634 51.846770 98.193366
406 67.635432 142.592310 49.710361 97.407690
407 73.266539 142.817500 48.832707 95.807049
408 74.077639 143.349830 49.127683 91.109033
409 71.208394 145.653121 50.005066 86.889271
410 71.103484 144.402469 51.366129 84.647370
411 63.823629 148.407888 53.827366 82.743051
412 65.088683 144.369530 53.812953 85.568915
413 63.556342 143.595119 54.176235 87.161925
414 62.026768 144.195120 54.804544 87.546359
415 58.422695 145.691407 56.594402 88.065519
416 55.494703 142.772641 60.503588 88.522172
417 48.639699 143.876842 63.248660 90.527141
418 44.632446 140.394813 67.770022 94.927652
419 43.251745 140.180241 71.376674 97.261248
420 37.286831 138.229029 72.255885 101.770971
421 41.976701 134.187390 73.630130 100.219541
422 38.673528 135.728221 75.143886 98.892318
423 37.197744 138.795475 77.758460 96.964723
424 35.610828 139.743173 79.586488 97.577314
425 35.930461 139.392667 77.997734 99.484992
426 35.580259 136.666563 77.431969 99.606989
427 35.299858 136.445264 77.363234 99.714375
428 35.607347 137.093257 77.516282 99.677563
429 35.814229 137.251295 78.016201 100.139213
430 34.691413 137.507065 78.554239 101.032832
431 34.751608 137.530719 78.624417 101.854750
432 35.917617 136.330849 78.298778 102.346225
433 36.052755 136.120136 78.451189 102.114648
434 32.832504 134.057858 78.332268 101.567665
435 32.070428 133.380829 78.156961 101.608488
436 30.041611 128.636291 77.770452 100.925931
437 29.103494 127.876543 78.537413 99.511420
438 27.260964 126.162119 78.704305 99.332390
439 23.746608 123.686474 79.766041 94.624108
440 22.734624 119.377807 80.469990 93.130815
441 21.756507 115.218545 81.186062 91.148313
442 18.611554 108.638255 86.226144 88.728187
443 16.215276 103.096017 88.808108 87.182028
444 14.687635 102.245884 89.401791 84.905306
445 13.071413 100.350686 90.577494 82.603847
446 12.133359 98.657018 91.401443 81.197645
447 9.480542 97.866308 92.305526 78.722423
448 7.257980 98.628638 93.427046 76.385033
449 7.316432 98.658238 93.672528 74.995033
450 7.544883 99.597410 94.412593 72.647392
451 7.790064 100.478504 94.533688 69.503150
452 8.085774 101.034674 94.547299 68.921043
453 8.779394 100.444774 94.529361 68.452844
454 10.681542 99.521416 94.536509 67.525763
455 11.965677 99.768822 93.976983 67.534329
456 15.930650 100.880840 91.353610 66.915399
457 20.083311 101.637580 89.044195 65.366325
458 28.314596 100.145668 86.645255 65.000687
459 37.068253 97.971750 81.917560 66.077914
460 48.410365 93.164513 77.728950 68.783366
461 55.324380 89.911536 75.864030 71.239363
462 61.934853 87.721011 74.615346 73.078184
463 69.051742 82.639128 73.287413 76.150249
464 74.169791 80.426870 72.561715 76.969585
465 78.176899 79.876871 72.775220 76.202966
466 82.363337 79.974494 72.553514 76.585505
467 86.844431 80.488515 73.255165 77.432094
468 88.370190 81.818779 73.827859 79.129925
469 90.171098 82.327802 74.666979 80.474496
470 93.765815 81.461904 76.080515 81.437402
471 97.027467 80.111181 78.003979 82.237593
472 101.202394 78.955194 80.068688 83.026530
473 101.512286 79.162060 80.499463 83.488684
474 102.213019 78.763108 80.526018 83.528014
475 103.001250 78.691592 81.150710 83.938553
476 103.797609 78.300568 81.824970 83.663776
477 105.071023 76.365812 82.318748 83.785661
478 106.127470 75.453290 83.484877 83.728380
479 109.094981 73.744771 84.519586 84.046291
480 110.083706 72.984304 85.569151 84.939300
481 110.737781 72.824162 86.569146 85.091848
482 110.985358 72.998273 87.103256 85.509271
483 111.151508 73.151591 87.889190 86.113379
484 111.237754 73.267494 88.299581 86.513228
485 111.358355 73.494062 88.506549 87.002290
486 111.765315 73.547611 89.211492 87.784569
487 112.019176 73.581478 89.512031 88.069182
488 112.498942 73.687171 89.954102 88.557962
489 113.008169 73.831393 90.174927 88.858544
490 113.297030 73.894966 90.485444 88.946095
491 113.363717 73.911131 90.485634 88.992098
492 113.441590 73.917789 90.511820 88.995535
493 113.722382 73.916741 91.005580 88.995871
494 113.969570 73.918806 91.481191 88.986428
495 113.978952 73.925592 91.481191 88.986428
496 114.055919 73.921645 91.470240 89.007983
497 114.476751 74.127034 91.466348 89.596680
498 114.565598 74.337560 91.503582 89.977727
499 114.953250 74.381226 92.007344 89.959050
500 115.295952 74.404722 92.470730 89.978148
501 115.311483 74.415691 92.481391 89.986156
502 115.713851 74.385749 92.312821 89.931284
503 116.307389 74.360378 92.239934 89.884326
504 117.122838 74.304296 92.439948 90.018278
505 118.243972 74.311104 92.205578 90.474311
506 118.485295 74.251550 92.455456 90.394657
507 118.539717 74.274985 92.463748 90.470332
508 118.652647 74.250031 92.452117 90.472373
509 118.752092 74.204085 92.480072 90.451107
510 118.762034 74.228532 92.480985 90.486199
511 118.771519 74.235432 92.480985 90.486199
512 118.783479 74.238984 92.481228 90.482031
513 118.840633 74.257436 92.481695 90.460946
514 119.053125 74.245625 92.568512 90.209359
515 119.279153 74.370404 92.989769 90.459341
516 119.319723 74.415849 93.046018 90.373594
517 119.546692 74.479052 93.480780 90.486199
518 119.795746 75.494244 93.582668 88.999885
519 120.512083 76.278341 94.215373 87.627670
520 121.438523 78.939502 95.163318 84.630104
521 122.388432 81.157889 95.703946 81.590730
522 122.794962 81.904143 96.066655 80.709643
523 123.599566 82.970252 96.655981 79.080845
524 123.776501 83.197347 96.978340 79.458881
525 123.983760 83.169039 96.909251 79.218032
526 124.096104 83.314511 96.983298 79.447345
527 124.261156 83.597476 97.098709 78.769718
528 124.492017 83.708002 97.507276 78.920633
529 124.738355 83.747685 97.979855 78.987953
530 124.748405 83.753709 97.979855 78.987953
531 124.759389 83.756214 97.979995 78.988488
532 124.769368 83.761970 97.979855 78.987953
533 124.789067 83.749373 98.024057 78.957534
534 125.059677 83.652114 98.513738 78.814441
535 125.305102 83.743666 98.979465 78.982174
536 125.318004 83.715862 98.975566 78.906763
537 125.329107 83.760280 98.975594 78.980585
538 125.342410 83.642998 98.892231 78.959056
539 125.182980 82.807292 98.338060 78.956992
540 125.043588 82.137767 97.811438 79.004988
541 124.853643 81.929014 97.301456 79.090770
542 124.859690 81.907963 97.127193 79.270930
543 125.057782 81.912594 97.126086 79.440885
544 125.296679 81.681951 97.329599 79.506547
545 125.637504 80.238003 96.641397 80.003418
546 125.871125 78.863920 96.900574 79.759638
547 126.239819 77.515325 96.503500 79.943172
548 127.000319 74.559203 95.971916 80.318687
549 127.185692 74.004993 95.716113 80.736039
550 127.371586 73.882940 95.843596 81.130282
551 127.964923 72.478140 95.270183 82.274835
552 128.179296 71.416294 95.170925 83.344067
553 128.449003 71.116599 95.396643 83.520760
554 128.661791 69.434945 95.372444 84.518563
555 128.772587 69.497416 95.458629 84.995671
556 128.915628 68.771831 95.293171 84.570649
557 129.013601 68.972223 95.483547 84.979572
558 129.013120 68.977537 95.486065 84.984286
559 129.018986 68.966182 95.483215 84.998346
560 128.977619 68.769687 95.522491 85.127252
561 129.226916 68.906086 95.974773 85.519366
562 129.078406 68.989781 96.133090 86.054578
563 128.975534 67.780788 96.182263 87.418145
564 128.888366 67.201653 96.518318 87.781644
565 129.017320 67.096206 96.976365 88.040308
566 128.964517 67.152609 96.996045 88.487061
567 128.924584 67.111932 96.999912 88.478470
568 128.913657 67.107472 96.986883 88.485306
569 128.918472 67.113823 96.981189 88.485947
570 128.908696 67.106725 96.982771 88.481504
571 128.847538 67.026370 96.940671 88.517348
572 128.616709 66.973355 96.815575 89.019416
573 128.190317 66.575439 96.868997 89.454216
574 125.552245 65.325876 97.549886 88.813482
575 124.555881 63.731143 98.080899 89.097167
576 124.562054 63.624624 98.367873 89.570831
577 124.315486 63.513644 98.456413 90.067780
578 124.307914 63.708264 98.490296 90.476999
579 124.236006 63.584865 98.455883 90.466314
580 124.123472 63.204094 98.320111 90.592008
581 124.077630 62.674371 98.238019 91.196037
582 123.770870 61.802447 98.301215 91.466919
583 123.390296 60.663130 98.175556 91.738777
584 123.429019 60.565452 98.463750 91.979333
585 122.750151 58.659433 98.134661 92.384867
586 122.912216 58.692912 98.481668 92.485387
587 122.538044 58.092850 98.317218 92.986355
588 122.485360 57.842954 98.534357 93.171308
589 122.704500 57.990983 98.989416 93.481694
590 122.459657 57.882482 99.239995 93.454261
591 121.658584 57.721170 101.038974 93.386270
592 120.165585 57.119021 102.937493 93.271742
593 119.460337 56.710703 103.791373 93.132581
594 119.086543 56.384012 104.301732 93.414782
595 119.139032 56.371033 104.500942 93.462897
596 117.771332 55.397219 105.813969 93.194972
597 117.380417 55.285459 106.057222 93.455367
598 116.903188 55.094044 106.337865 93.488502
599 116.177342 55.090434 106.044627 93.872845
600 115.033593 54.878200 106.126079 94.448505
601 115.220021 54.903718 106.478158 94.488514
602 115.230104 54.910939 106.479489 94.493340
603 115.240334 54.914269 106.478107 94.485589
604 115.212365 54.869469 106.426339 94.559972
605 115.213525 54.927687 106.498182 95.065336
606 115.161209 54.975190 106.476360 95.537450
607 114.903695 54.874824 106.559934 97.049606
608 115.098171 55.068667 107.000393 97.575930
609 115.279399 55.249154 107.537133 97.989303
610 115.230001 55.053881 108.258007 98.053394
611 115.077082 55.191068 108.704474 98.434005
612 115.188515 55.203287 109.000582 98.480668
613 114.884106 55.126047 110.108127 98.321731
614 115.069383 55.209169 110.484261 98.481617
615 115.063948 55.217309 110.485368 98.481889
616 115.064889 55.223871 110.484298 98.481095
617 115.065637 55.231872 110.481716 98.482852
618 115.017657 55.164953 110.522336 98.398675
619 114.795145 54.898781 111.740894 97.537255
620 115.105594 54.936869 111.900740 97.838735
621 115.126951 54.988370 112.050906 97.812463
622 114.949070 54.901947 112.776332 97.732405
623 114.518505 54.640039 113.325553 97.290101
624 114.620098 54.670612 113.395996 97.528806
625 114.518234 53.882676 113.147694 97.927171
626 114.702911 53.885926 113.452498 97.975612
627 114.711200 53.873620 113.477437 97.981911
628 114.705346 53.863271 113.462451 97.991934
629 114.635947 53.835448 113.440705 97.988360
630 113.330808 53.540724 113.797168 97.638015
631 110.802315 52.686987 114.723481 96.898559
632 108.453360 51.107306 115.608162 95.389246
633 108.410559 51.020932 115.971337 95.257356
634 108.234851 51.044425 115.899369 95.352216
635 108.061646 50.989718 116.030577 95.245470
636 107.455691 50.503304 116.577855 94.679397
637 107.299046 50.372978 117.249677 94.366536
638 106.956248 50.224282 117.901779 93.819884
639 106.969865 50.303363 118.020492 93.932466
640 106.771025 50.310900 118.960597 92.801863
641 106.711059 50.399112 119.069806 92.783965
642 106.597455 50.271334 119.745245 92.287486
643 106.665043 50.359798 120.065123 92.306536
644 106.783543 50.438063 120.629449 92.158489
645 106.922303 50.614314 121.012036 92.306289
646 107.067215 50.720330 121.596347 92.142452
647 107.193316 50.904477 122.027441 92.327531
648 107.413550 50.998112 122.485391 92.450361
649 107.282131 51.019337 122.566491 92.271369
650 107.350516 51.106919 123.082469 92.214435
651 107.487130 51.255801 123.515158 92.335625
652 106.935021 51.222035 124.353330 90.919900
653 106.886536 51.273263 124.598524 90.804301
654 106.676878 51.360433 125.214797 90.050818
655 106.476992 51.344874 125.458930 89.809790
656 106.497497 51.439979 125.474202 89.986276
657 106.465221 51.415032 125.441958 89.872756
658 106.478270 51.463355 125.440438 89.911496
659 106.510085 51.504332 125.446883 89.953793
660 106.518930 51.518273 125.407566 89.906741
661 106.442540 51.560079 125.318029 89.856894
662 104.381264 51.103014 124.258705 89.363441
663 102.572004 50.140313 124.047944 88.098575
664 101.220880 49.303355 124.777709 86.872203
665 100.155602 48.474744 125.633258 85.457150
666 100.011307 48.195897 126.087905 85.015735
667 100.100810 48.306246 126.614095 85.233408
668 100.173015 48.311334 127.095458 85.280256
669 99.857614 46.882281 127.977947 83.776169
670 99.843683 46.419537 127.738873 83.502109
671 99.974216 46.668483 127.973688 83.987191
672 99.942640 46.881436 128.037677 83.594814
673 100.191068 47.080936 128.455417 83.982745
674 100.235461 47.101132 128.460497 83.977001
675 100.357606 47.123790 128.377214 83.966971
676 101.624637 47.076562 126.927530 83.817969
677 101.794918 47.147923 126.839866 83.951594
678 104.838993 46.400043 124.480029 83.996968
679 105.178420 46.069016 124.074730 83.711188
680 105.424241 46.201325 124.426113 83.970512
681 105.529651 46.062233 124.264654 83.905796
682 105.786568 46.150282 124.184083 83.743945
683 106.604388 46.342521 123.793975 83.690969
684 106.789984 46.494677 123.860878 83.947397
685 107.708023 46.712463 123.194685 82.878223
686 108.356541 46.781892 122.927206 82.803482
687 108.416773 46.875746 122.949642 82.981015
688 108.652310 47.000227 122.753396 83.063649
689 109.132086 47.181446 122.288687 83.288410
690 109.795267 47.280914 121.496986 83.366461
691 110.270775 47.295285 121.077921 83.146475
692 110.904566 47.387459 120.959628 83.016742
693 112.895051 47.159420 118.926757 81.486908
694 113.563933 47.062565 117.759437 79.612186
695 114.019536 47.212058 117.428155 79.809269
696 114.138140 47.294690 117.344617 79.866806
697 114.216061 47.363232 117.448908 79.983017
698 114.254180 47.376965 117.470977 79.992348
699 114.268663 47.380791 117.475846 79.987801
700 114.280712 47.386891 117.475846 79.987801
701 114.305855 47.401143 117.466484 79.992542
702 114.322585 47.404871 117.475846 79.987801
703 112.578380 45.355101 117.966363 77.828629
704 112.487853 45.455225 117.943306 77.713909
705 112.405759 45.625448 117.912370 77.892686
706 110.964244 45.755466 116.798175 77.152926
707 108.158282 45.098121 116.641466 76.121365
708 105.190901 44.923588 116.676647 74.924364
709 101.792253 45.784265 116.433788 73.947465
710 97.535731 46.689082 116.024307 73.284457
711 96.562971 48.903045 116.322352 73.236783
712 95.042107 50.492624 116.046894 73.549368
713 94.597614 51.069924 116.219126 74.158653
714 94.102880 52.374973 116.261601 74.745804
715 93.553923 52.512285 116.386725 74.986532
716 93.130906 52.509735 116.444393 74.990051
717 93.156732 52.513165 116.476213 74.987125
718 93.101836 52.494571 116.480885 74.980956
719 93.045015 52.428691 116.514616 74.956741
720 93.272203 52.446233 116.976250 74.982680
721 92.116450 52.293517 116.852625 75.014484
722 90.643177 52.206010 116.799463 75.399395
723 89.505512 52.155560 116.760404 75.344489
724 87.106382 52.160104 116.579366 75.405446
725 86.762314 52.184131 116.830555 75.488328
726 86.307699 51.897892 116.676089 75.504173
727 86.458094 51.589513 116.774330 75.766660
728 86.963529 50.160509 116.355643 75.569557
729 84.990911 48.736000 115.537370 74.639329
730 81.936169 48.176174 115.566528 72.933104
731 83.457747 48.240606 115.192401 71.615743
732 81.322449 47.886999 114.743489 70.820758
733 78.744540 47.818779 114.217722 69.965926
734 75.224396 48.680021 113.620783 67.652189
735 74.295429 49.632507 112.960615 66.479932
736 74.898330 50.148183 111.470645 65.656047
737 75.633537 50.554038 108.838065 65.503349
738 73.951868 50.669152 106.227869 64.305191
739 76.915631 50.919971 103.840252 62.487614
740 77.868660 50.605673 101.555959 60.961595
741 80.736214 48.778498 97.578083 59.054023
742 80.700050 48.540274 96.767089 57.927634
743 81.525243 48.596080 94.865479 55.975819
744 82.442594 48.825449 93.320511 53.694380
745 82.542366 49.183794 92.830652 52.380921
746 81.924690 49.426933 92.457384 50.895409
747 82.063717 49.451500 91.592467 50.282900
748 82.061922 49.407829 91.721230 50.276535
749 82.189624 49.513695 91.962444 50.468599
750 81.115783 49.526968 91.244637 50.398482
751 81.015578 49.558615 91.337925 50.471703
752 80.330457 49.548175 91.602999 50.441502
753 79.963872 49.572880 91.848450 50.453306
754 78.004138 49.676145 92.245109 50.254733
755 75.856358 49.751807 92.623964 50.273385
756 69.605026 49.841591 94.039480 49.733546
757 68.049460 50.155348 93.966071 49.881077
758 67.226169 50.120591 93.781436 49.924755
759 64.840790 49.815735 94.276888 50.014477
760 63.414645 49.842631 94.715690 50.536641
761 60.415119 49.579785 95.094255 51.063686
762 57.810764 49.099754 95.117213 51.606480
763 56.816163 49.219076 95.006519 51.968110
764 52.177419 48.445793 96.130619 51.757559
765 50.396243 48.422845 96.657127 51.595394
766 47.548886 48.543591 97.005611 51.746114
767 44.855927 48.634323 97.685739 51.725181
768 42.848275 48.668508 98.551971 51.740341
769 42.696891 48.793002 99.117555 51.902316
770 41.602175 48.802741 99.698644 51.819925
771 40.909548 48.914222 100.535650 51.496750
772 39.563188 48.645724 101.619793 51.056302
773 39.462484 48.648400 102.374775 51.223816
774 38.057938 48.673589 103.005537 51.169854
775 37.961507 48.772497 103.849821 51.373150
776 36.616462 48.715229 104.518093 51.084165
777 36.586999 48.889349 105.191910 51.315642
778 34.168444 48.700771 105.898612 50.861225
779 33.487487 48.647981 105.908661 50.578129
780 32.808972 48.852124 106.094994 50.643904
781 32.033214 48.926971 106.659251 50.626438
782 31.830886 49.082418 106.943407 50.933355
783 29.204204 49.029830 107.500307 50.519815
784 26.488503 49.052386 107.677713 50.808753
785 23.796084 48.828499 108.140246 50.754520
786 19.204956 48.570034 108.699508 50.540323
787 17.748720 48.685061 108.866320 50.745322
788 14.782124 48.598709 108.578413 50.707901
789 12.953907 48.563319 108.521422 50.870165
790 12.386576 48.541373 108.799142 50.959050
791 10.941885 48.359178 108.492971 50.886001
792 10.157050 48.429171 108.467887 50.989176
793 9.871615 48.515691 108.491784 50.983993
794 8.782058 48.382471 108.245889 50.974193
795 8.359177 48.443640 108.443829 50.983120
796 7.562127 48.455995 108.464772 51.010457
797 6.127922 48.705498 108.512024 51.398022
798 6.197242 48.629056 108.890769 51.444658
799 5.813753 48.673760 108.948248 51.438499
800 5.507507 48.690053 108.960520 51.464513
801 4.922718 48.683878 108.862780 51.462924
802 4.928844 48.702932 108.978742 51.483719
803 4.776083 48.748486 108.997755 51.480730
804 4.210556 48.662385 108.860265 51.463024
805 4.194561 48.688854 108.944064 51.486823
806 4.143079 48.700791 108.947640 51.488571
807 4.104701 48.710525 108.936138 51.488367
808 4.124786 48.716307 108.971918 51.491719
809 4.113126 48.720848 108.973061 51.490794
810 4.073518 48.726556 108.951351 51.493596
811 4.072718 48.731767 108.959501 51.494509
812 4.068123 48.736416 108.961809 51.494703
813 5.861929 64.199766 108.819100 50.117272
814 3.956717 64.170663 108.345309 50.335510
815 4.008758 64.075299 108.139762 50.474911
816 4.185979 64.012318 108.315807 50.491736
817 4.212029 63.947586 108.288272 50.480105
818 4.232775 63.870339 108.250339 50.474013
819 4.280792 63.809584 108.281200 50.474470
820 4.326225 63.753403 108.293239 50.485754
821 4.369793 63.669902 108.296234 50.480360
822 4.362221 63.528050 108.224367 50.460166
823 4.334759 63.433804 108.216875 50.471130
824 4.302444 63.311574 108.247659 50.454243
825 4.140182 63.181935 108.257965 50.403859
826 4.191308 63.193346 108.458098 50.375914
827 4.203288 63.209511 108.446949 50.481063
828 4.232711 63.154550 108.638282 50.262713
829 4.426865 63.009356 109.120655 50.159813
830 4.723789 63.073763 109.895660 49.975553
831 4.760297 62.665285 110.149981 49.546940
832 4.846123 62.628012 110.639071 49.637454
833 4.828776 62.420546 111.034727 49.664857
834 4.841677 62.326415 111.491871 49.713936
835 4.629462 62.145012 111.484289 49.603491
836 4.585900 62.043631 111.507151 49.726543
837 4.733198 61.950007 111.942274 49.781229
838 4.734989 61.957957 111.947956 49.939706
839 4.732664 61.939535 111.956218 49.980133
840 4.682681 61.844374 111.880798 49.974794
841 4.664796 61.763743 111.883015 49.977949
842 4.530499 61.482558 111.982563 49.697371
843 4.470618 61.509404 111.965751 49.904056
844 4.365448 61.372755 111.871746 49.960599
845 4.168645 61.209433 111.897066 49.944327
846 3.977736 61.055561 111.829945 49.987130
847 3.733880 60.878626 111.892708 49.954102
848 3.789304 60.895641 112.030650 49.976885
849 3.962219 60.895525 112.705012 49.941564
850 3.910062 60.843464 112.905366 49.976742
851 3.559774 60.801752 112.707013 50.013144
852 3.575936 61.026965 112.882267 50.507075
853 3.568177 61.132100 112.719794 51.052560
854 3.570135 60.882275 112.389413 51.547292
855 3.786689 60.817314 112.094777 52.105230
856 4.167533 60.937552 112.219446 52.532787
857 4.397905 60.466014 111.805109 53.192206
858 4.539148 60.540929 111.891965 53.529950
859 4.611254 60.689751 111.956448 54.016006
860 4.876945 60.882783 112.093513 54.392027
861 5.874825 60.126444 112.753367 54.028948
862 5.322168 59.361282 112.890150 54.456977
863 5.411988 58.843272 112.868710 54.654676
864 5.364474 59.002022 113.021106 54.936509
865 5.565744 59.034617 113.494025 54.972211
866 5.539826 59.047056 113.486573 54.991689
867 5.518808 59.050645 113.487455 54.985843
868 5.507258 59.056826 113.482773 54.991660
869 5.498613 59.060086 113.482611 54.991600
870 5.504726 59.046885 113.474352 54.998618
871 5.491404 59.046260 113.485631 54.991681
872 5.498561 59.050419 113.476668 54.991613
873 5.487880 59.030713 113.478725 55.001157
874 5.486530 59.274064 113.483185 55.489086
875 5.445173 59.170262 113.492775 55.480440
876 5.420259 59.014944 113.489777 55.490497
877 5.407549 58.852535 113.503296 55.448818
878 5.637038 58.359563 113.941259 55.450011
879 5.683961 58.292927 114.009790 55.474488
880 5.943065 58.131652 114.488818 55.491013
881 5.967241 57.878110 114.472363 55.491238
882 6.000382 57.624640 114.475415 55.481642
883 6.024751 57.500411 114.504597 55.477061
884 6.232356 57.415291 114.992805 55.503144
885 6.156540 57.443135 114.961604 56.043918
886 6.014256 57.468254 114.975148 56.524872
887 5.809717 57.412225 114.971003 57.015120
888 5.635985 57.525981 114.991413 57.482403
889 5.444557 57.334901 114.992784 57.463572
890 5.446278 57.289140 114.984043 57.490697
891 5.449338 57.234985 114.985320 57.488260
892 5.458022 57.189285 114.986965 57.483969
893 5.463305 57.178374 114.981756 57.490012
894 5.495299 57.076613 114.970361 57.508494
895 5.477672 57.267417 114.998349 57.975325
896 5.481804 57.218659 114.985934 57.988188
897 5.497282 57.186540 114.985896 57.981661
898 5.493706 57.124062 114.994648 57.969534
899 5.511128 57.078778 114.991758 57.974628
900 5.514848 57.074695 114.982249 57.986777
901 5.521278 57.056676 114.985194 57.981763
902 5.520477 56.993041 114.984525 57.996399
903 5.535250 56.937332 114.968540 58.023746
904 5.554281 57.088759 114.979458 58.502480
905 5.537364 57.172643 114.990842 58.983697
906 5.507972 56.962649 114.992625 58.970314
907 5.480063 56.778192 114.985435 58.988102
908 5.497496 56.581777 114.979376 58.994041
909 5.461389 56.390861 114.975209 59.012936
910 5.467050 56.506839 114.980182 59.507938
911 5.472858 56.594450 114.991270 59.977226
912 5.465586 56.373227 114.980500 59.978957
913 5.484620 56.186295 114.984355 59.973853
914 5.490814 55.982248 114.987119 59.962140
915 5.508287 55.767936 114.985995 59.961061
916 5.490433 55.600841 114.969198 60.005485
917 5.426825 55.624149 114.981893 60.472452
918 5.396484 55.589082 114.984635 60.484947
919 5.385704 55.512752 114.966566 60.506127
920 5.389315 55.762777 114.979678 60.981867
921 5.392139 55.712904 114.967910 61.003098
922 5.348642 55.748420 114.984021 61.412343
923 5.349427 55.506228 114.969829 61.419833
924 5.335981 55.290124 114.962958 61.477273
925 5.351387 55.089180 114.957930 61.491270
926 5.314016 55.059196 115.055335 61.313915
927 5.509274 55.315042 115.530115 61.309279
928 5.270106 55.973071 115.978494 61.145948
929 4.627926 60.934298 115.890685 60.172705
930 3.812868 61.201858 115.685528 60.460535
931 2.281405 61.465116 115.596668 60.404658
932 2.319516 61.488557 115.852674 60.479186
933 0.000000 61.246063 107.755207 61.167457
934 0.000000 60.212793 106.675343 59.843104
935 0.000000 59.998619 107.434029 58.230844
936 0.000000 60.089826 105.975799 56.528216
937 0.000000 60.537782 105.544218 56.010362
938 0.000000 60.788816 105.990300 55.767657
939 0.000000 61.012926 105.852973 55.575932
940 0.000000 60.914232 105.256407 54.853045
941 0.000000 60.939268 105.033182 54.274276
942 0.000000 61.059885 105.583053 54.012269
943 0.000000 60.682391 106.113752 53.766676
944 0.166518 60.797349 106.514123 53.885447
945 0.347879 60.838807 107.175999 53.642851
946 0.139824 60.487924 107.621312 53.314857
947 0.261128 60.584710 107.994201 53.323741
948 0.218554 60.632935 108.124400 53.270678
949 0.203546 60.735481 108.648505 53.116162
950 0.000000 60.331953 108.944281 52.999065
951 0.000000 60.330687 108.830977 52.966322
952 0.031647 60.356222 108.973404 52.962458
953 0.011723 60.376800 108.959002 52.983019
954 0.027019 60.385780 108.975618 52.990407
955 0.039808 60.391297 108.980348 52.989853
956 0.050345 60.397225 108.980868 52.989466
957 0.052105 60.407549 108.990187 52.980285
958 0.046569 60.424707 109.005442 52.979476
959 0.291442 60.436983 109.479203 52.991253
960 0.291465 60.450720 109.487578 52.985415
961 0.208406 60.534661 109.625015 52.887879
962 0.385592 60.592248 109.981878 52.983406
963 0.382363 60.599299 109.982665 52.982681
964 0.372400 60.595176 109.990223 52.966737
965 0.365267 60.607486 109.984013 52.983634
966 0.373197 60.611835 109.978379 52.993300
967 0.374975 60.602296 109.992017 52.969142
968 0.341794 60.599999 109.992463 52.918572
969 0.310688 60.630518 109.978542 52.951088
970 0.287548 60.646788 109.975626 52.956807
971 0.271396 60.652117 110.027406 52.785753
972 0.445876 60.726149 110.619692 52.578826
973 0.574934 60.952397 110.985280 52.788139
974 0.531466 61.079887 110.999053 52.791925
975 0.453960 61.234601 110.968597 52.781980
976 0.441905 61.364637 111.004626 52.861710
977 0.646171 61.456765 111.474325 52.904491
978 0.567161 61.414426 111.429952 52.826083
979 0.601558 61.501496 111.478286 52.988016
980 0.588420 61.497526 111.488362 52.904930
981 0.580894 61.534823 111.491536 52.922998
982 0.557612 61.551340 111.476771 52.905555
983 0.522961 61.560636 111.450278 52.901051
984 0.519696 61.571254 111.455882 52.938100
985 0.477683 61.560093 111.427389 52.934567
986 0.458280 61.527043 111.431287 52.918828
987 0.413444 61.504562 111.419329 52.898119
988 0.403435 61.532815 111.448582 52.946076
989 0.338765 61.535690 111.425592 52.926298
990 0.253806 61.535537 111.406016 52.879107
991 0.190577 61.561906 111.431824 52.859961
992 0.047241 61.581886 111.402401 52.824468
993 0.000000 61.620237 111.265828 52.811769
994 0.000000 61.665390 111.334735 52.873739
995 0.000000 61.696798 111.280791 52.900730
996 0.000000 61.724853 111.340589 52.930559
997 0.000000 61.728987 111.209374 52.922290
998 0.000000 61.673864 111.214541 52.887735
999 0.000000 61.620764 110.398710 52.727210
1000 0.000000 61.611550 108.503851 52.519052
1001 0.000000 61.827439 108.243892 52.495493
1002 0.000000 61.884427 107.898968 52.144212
1003 0.000000 62.089084 107.727446 52.408734
1004 0.000000 62.137651 107.728564 52.417999
1005 0.000000 62.216516 107.106368 52.150278
1006 0.000000 62.331435 106.485235 52.130279
1007 0.000000 62.232346 105.560571 51.844776
1008 0.000000 62.443164 105.208072 51.466331
1009 0.000000 62.577637 105.289645 51.260765
1010 0.000000 62.847456 104.638421 51.033292
1011 0.060531 62.939062 104.660084 51.400509
1012 0.000000 62.778637 104.407133 51.275081
1013 0.000000 62.635708 103.654705 51.144143
1014 0.000000 62.611271 103.394058 51.271958
1015 0.000000 62.653583 103.378825 51.354148
1016 0.000000 62.625925 103.244701 51.235198
1017 0.000000 62.625676 102.948873 51.250556
1018 0.000000 62.393220 101.674637 50.941925
1019 0.000000 62.090813 101.647679 50.509458
1020 0.000000 62.098223 101.535012 50.463714
1021 0.000000 61.845320 100.420469 49.887270
1022 0.000000 61.660256 100.478789 48.574431
1023 0.000000 61.097417 98.666945 47.699935
1024 1.249472 61.652220 101.002063 46.710583
1025 0.000000 61.727909 99.844822 46.313000
1026 0.045889 62.804232 101.153641 45.934448
1027 0.051027 63.695523 102.176947 45.756450
1028 0.340491 64.867599 103.756284 45.601084
1029 5.889709 66.872039 106.341397 45.323702
1030 0.000000 67.317995 103.848529 44.957611
1031 9.317239 69.613853 106.457188 44.531459
1032 0.000000 69.315253 102.543350 44.510761
1033 0.000000 68.218047 103.393604 44.679839
1034 1.701868 67.185045 104.401846 44.857927
1035 2.387108 65.622912 104.372606 45.138917
1036 5.361255 64.236586 105.617606 45.410810
1037 6.321091 63.782216 107.505702 45.266478
1038 7.375442 63.791762 109.037595 45.533865
1039 7.345774 63.354304 109.952933 45.914613
1040 6.497517 63.381722 110.458667 45.875285
1041 5.933693 63.337373 110.564762 46.013621
1042 5.879623 63.509995 110.908057 46.612239
1043 5.904417 63.676708 110.957546 47.007239
1044 6.045232 63.672041 111.026433 47.510308
1045 6.287997 63.840353 111.512872 47.986633
1046 6.793458 63.434598 112.076611 47.963436
1047 8.552921 62.855098 112.771252 47.964301
1048 7.425172 62.899216 112.844764 48.067051
1049 6.870876 62.966161 113.232708 48.464438
1050 5.734145 62.877368 113.332523 48.583915
1051 5.837665 62.568843 113.476560 48.981476
1052 5.699876 62.147165 113.425253 49.003425
1053 5.737086 62.353027 113.468144 49.493924
1054 5.628298 62.088898 113.446777 49.448625
1055 5.667260 62.091421 113.510824 49.473507
1056 5.943925 62.032547 114.126652 49.385049
1057 6.250671 61.815538 114.900093 49.177667
1058 6.344449 61.796766 115.173008 49.338364
1059 6.573473 61.551564 115.755778 49.281753
1060 6.656992 61.633208 116.017772 49.457061
1061 6.913338 61.524286 116.659288 49.361030
1062 7.154620 61.326889 117.195895 49.309787
1063 7.263900 61.228957 117.571246 49.379740
1064 7.196774 61.033351 117.998931 49.387320
1065 7.426714 60.466258 118.326285 49.227064
1066 8.106712 60.547484 119.016746 49.334469
1067 8.854989 60.609793 119.904459 49.410630
1068 9.373410 60.599517 120.651157 49.368281
1069 9.937167 60.549913 121.725111 49.365144
1070 10.448468 60.564649 122.592858 49.386104
1071 10.771469 60.600158 123.404041 49.418009
1072 10.861154 60.635238 123.587604 49.468622
1073 11.436476 60.653498 124.498755 49.399683
1074 11.533711 60.724508 124.619932 49.446590
1075 11.864311 60.743492 125.186592 49.436042
1076 12.475989 60.697233 126.163456 49.307951
1077 13.671171 60.541956 127.866849 49.101923
1078 14.591452 60.715631 129.654352 49.201011
1079 16.786339 60.563079 132.505390 48.934639
1080 20.352518 60.145327 136.084641 48.456850
1081 22.779095 59.986642 139.916965 47.890293
1082 24.867215 59.775184 141.373289 47.671351
1083 25.723311 59.936172 142.290919 47.876321
1084 27.109240 60.038574 144.089891 47.730684
1085 28.638974 60.118112 145.488461 47.713829
1086 29.342496 60.262223 145.948457 47.849821
1087 29.493441 60.358756 146.144583 47.942915
1088 29.751701 60.406216 146.587300 47.953695
1089 30.066068 60.457693 147.087717 47.950573
1090 30.320726 60.502672 147.551653 47.957913
1091 30.607271 60.545113 148.041708 47.961047
1092 30.845034 60.570543 148.504057 47.975631
1093 31.098299 60.586804 148.992902 47.980996
1094 31.106245 60.599698 148.988952 47.982957
1095 31.116402 60.611792 148.989996 47.982442
1096 31.124345 60.622848 148.982508 47.986155
1097 31.137624 60.633264 148.989527 47.982669
1098 31.143351 60.642330 148.971673 47.991534
1099 31.157479 60.646563 148.969371 47.992680
1100 31.171990 60.655004 148.979843 47.986356
1101 31.183880 60.663238 148.977513 47.988636
1102 31.197824 60.671014 148.981456 47.986681
1103 31.208687 60.678916 148.976540 47.989117
1104 31.220382 60.684358 148.969371 47.992680
1105 31.236819 60.688906 148.974494 47.990135
1106 31.257466 60.699036 148.988980 47.981211
1107 31.272880 60.715338 149.001492 47.975633
1108 31.514812 60.863127 149.694778 47.844592
1109 31.662417 61.024261 150.080724 47.911297
1110 31.859604 61.085422 150.509265 47.971399
1111 32.092249 61.115724 151.003291 47.973974
1112 32.329449 61.140689 151.490392 47.980467
1113 32.326531 61.158299 151.483623 47.984530
1114 32.328600 61.175226 151.485270 47.982838
1115 32.337988 61.186299 151.481940 47.986320
1116 32.348376 61.195952 151.482474 47.986077
1117 32.357840 61.206386 151.484461 47.985143
1118 32.378295 61.244368 151.549398 47.948714
1119 32.604553 61.272308 151.975169 47.988931
1120 32.616932 61.277843 151.968754 47.992680
1121 32.632519 61.281503 151.968754 47.992680
1122 32.648105 61.285162 151.968754 47.992680
1123 32.663692 61.288822 151.968754 47.992680
1124 32.682258 61.294714 151.981880 47.986288
1125 32.692470 61.302463 151.974002 47.990121
1126 32.905374 61.631036 152.546950 47.673729
1127 33.948971 62.004120 153.667628 47.742728
1128 35.728962 62.402546 155.222247 47.590652
1129 37.470997 62.653363 156.584773 47.734955
1130 38.963229 62.939360 157.661321 47.754323
1131 41.042618 63.153722 158.813336 47.695448
1132 42.423355 63.460166 160.024653 47.660882
1133 42.905251 63.693265 160.655032 47.878310
1134 43.598049 63.857626 161.277381 47.812489
1135 43.820529 63.976875 161.558265 47.932187
1136 44.108447 64.028110 162.030065 47.953118
1137 44.354929 64.057747 162.498559 47.977544
1138 44.361299 64.072962 162.491701 47.981255
1139 44.389786 64.091055 162.498628 47.972841
1140 44.438459 64.117252 162.519581 47.965258
1141 44.684654 64.138837 162.993098 47.980607
1142 44.712261 64.157687 163.009467 47.969392
1143 44.974797 64.182409 163.513230 47.971301
1144 45.261497 64.209004 164.023828 47.965036
1145 45.506282 64.231156 164.495937 47.979300
1146 45.514660 64.245930 164.494376 47.980003
1147 45.521927 64.259044 164.486038 47.983752
1148 45.533646 64.270480 164.487293 47.983189
1149 45.546432 64.283369 164.494760 47.979829
1150 45.555256 64.297778 164.493733 47.980286
1151 45.564735 64.312060 164.494376 47.980003
1152 45.574607 64.326979 164.497537 47.978577
1153 45.580027 64.340618 164.484845 47.984292
1154 45.587565 64.348472 164.466185 47.992680
1155 45.604434 64.352132 164.466185 47.992680
1156 45.621302 64.355792 164.466185 47.992680
1157 45.638171 64.359452 164.466185 47.992680
1158 45.655039 64.363112 164.466185 47.992680
1159 45.671908 64.366771 164.466185 47.992680
1160 45.688776 64.370431 164.466185 47.992680
1161 45.705645 64.374091 164.466185 47.992680
1162 45.722513 64.377751 164.466185 47.992680
1163 45.739381 64.381411 164.466185 47.992680
1164 45.756250 64.385071 164.466185 47.992680
1165 45.773118 64.388730 164.466185 47.992680
1166 45.789987 64.392390 164.466185 47.992680
1167 45.806855 64.396050 164.466185 47.992680
1168 45.823724 64.399710 164.466185 47.992680
1169 45.840592 64.403370 164.466185 47.992680
1170 45.857461 64.407029 164.466185 47.992680
1171 45.874329 64.410689 164.466185 47.992680
1172 45.891198 64.414349 164.466185 47.992680
1173 45.908066 64.418009 164.466185 47.992680
1174 45.924935 64.421669 164.466185 47.992680
1175 45.941803 64.425329 164.466185 47.992680
1176 45.958671 64.428988 164.466185 47.992680
1177 45.975540 64.432648 164.466185 47.992680
1178 45.992408 64.436308 164.466185 47.992680
1179 46.009277 64.439968 164.466185 47.992680
1180 46.026145 64.443628 164.466185 47.992680
1181 46.043014 64.447287 164.466185 47.992680
1182 46.059882 64.450947 164.466185 47.992680
1183 46.076751 64.454607 164.466185 47.992680
1184 46.093619 64.458267 164.466185 47.992680
1185 46.114629 64.464797 164.484477 47.984454
1186 46.123411 64.473302 164.470852 47.990579
1187 46.137945 64.478013 164.466185 47.992680
1188 46.154814 64.481672 164.466185 47.992680
1189 46.171682 64.485332 164.466185 47.992680
1190 46.188551 64.488992 164.466185 47.992680
1191 46.205419 64.492652 164.466185 47.992680
1192 46.222288 64.496312 164.466185 47.992680
