2 335.281966 520.139230 88.952647 130.330865
3 335.107790 519.905773 88.867282 130.664821
4 333.387794 518.789755 88.557197 131.549785
5 333.110696 519.041638 88.793027 132.037866
6 333.184148 519.284217 88.973607 132.477166
7 327.120613 520.545763 88.938350 131.500383
8 318.194367 522.454327 89.108829 130.897543
9 313.218836 524.172426 89.084783 130.388336
10 312.741642 524.421374 89.289534 130.498083
11 312.630942 524.487130 89.402061 130.457692
12 311.406522 524.769209 89.260561 130.372515
13 299.435486 527.025522 90.188931 129.477613
14 294.744262 528.417783 89.880282 129.075089
15 293.185316 529.088031 89.680937 129.409647
16 290.711411 531.226182 89.190793 129.864087
17 290.865119 531.295410 89.490577 129.983207
18 290.795828 531.375918 89.447413 129.985240
19 280.202453 534.481543 90.205938 129.604084
20 273.251126 537.162346 90.160540 129.107193
21 272.321622 537.067435 89.996141 129.495962
22 272.321968 537.072258 89.989499 129.482352
23 272.326317 537.082348 89.990524 129.483272
24 272.330154 537.091978 89.990524 129.483272
25 274.493079 537.927303 90.234524 129.107922
26 275.009480 538.136335 90.524736 129.530900
27 275.246201 538.372156 90.990419 129.983207
28 275.249737 538.378624 90.983099 129.982166
29 271.283277 537.670591 90.199792 130.075254
30 270.470163 537.943131 90.266452 130.485283
31 267.073073 539.065813 90.085387 130.265067
32 266.215263 539.349433 90.341086 130.516870
33 264.263459 540.421391 90.314020 130.923480
34 264.355543 540.460932 90.490472 130.983078
35 264.359401 540.470674 90.490472 130.983078
36 264.589005 541.176364 90.498930 131.205724
37 265.961657 545.184230 90.438981 132.538756
38 266.792501 549.466511 90.165925 133.254717
39 266.952085 549.595919 90.481983 133.486396
40 266.947474 549.596915 90.483662 133.522649
41 267.053408 552.184804 90.252940 135.041706
42 267.833177 553.187376 90.110477 135.706912
43 268.187439 553.276644 90.401286 136.047717
44 268.235545 553.500716 90.483092 136.481255
45 265.181877 553.732027 89.877153 136.232735
46 259.889392 553.780941 89.033894 136.521284
47 260.118105 554.015915 89.471035 136.982055
48 260.129557 554.038483 89.489681 136.971942
49 260.123485 554.066570 89.465526 136.973477
50 259.878173 554.007599 89.281076 137.012314
51 256.961180 554.658923 88.920486 137.433812
52 255.138217 555.075861 88.597029 137.376541
53 247.957834 556.413789 88.166894 137.493352
54 247.414497 556.351634 88.177777 137.536972
55 241.326316 554.217577 87.143723 138.519914
56 241.378475 554.332728 87.316092 139.034154
57 236.452641 552.240759 86.187695 139.965798
58 236.581265 552.245470 86.407418 139.952909
59 235.843012 552.012407 85.961186 139.913022
60 234.723545 551.260878 85.404925 140.019834
61 233.202690 550.473282 84.866747 140.369365
62 233.265401 550.517905 84.959793 140.480243
63 233.284378 550.526168 84.985141 140.480873
64 234.270955 549.486862 85.209777 140.291349
65 234.699390 549.642600 85.576777 140.222544
66 236.716932 550.161957 85.429083 139.753763
67 237.101929 550.309282 85.259512 139.851933
68 242.654637 549.696658 84.701512 140.467214
69 243.855021 551.192709 84.843327 140.714205
70 249.726516 564.711765 81.472662 138.365797
71 249.652671 568.554782 79.016840 136.791052
72 240.371514 574.007545 75.239361 133.076067
73 241.036693 578.415124 73.460427 129.758025
74 241.628711 586.123123 71.804075 124.267794
75 245.351929 590.161595 68.684072 120.128170
76 247.009762 593.795473 66.934996 116.214217
77 246.645427 595.380221 65.902714 115.007847
78 246.713214 595.952990 65.330591 114.830953
79 247.438310 594.503968 63.969248 114.840004
80 247.717194 592.102350 61.824438 114.174725
81 247.631109 593.730743 61.208716 113.533847
82 248.285982 594.422385 59.906934 113.982975
83 243.096849 591.858044 58.236431 112.968388
84 273.466288 596.487703 57.944460 110.762940
85 296.980093 602.024520 58.573464 102.091834
86 296.445626 605.116953 58.920034 99.444915
87 294.055062 607.218666 59.171341 97.282412
88 293.113433 608.181595 59.669831 96.064227
89 291.142426 605.506026 59.605722 96.528897
90 289.455138 583.424494 57.357379 101.405826
91 283.319333 585.217555 55.850218 103.782892
92 282.667572 584.933823 55.374675 104.674716
93 282.450958 584.591350 55.200250 105.290564
94 278.347689 581.123062 54.867311 106.146004
95 275.388914 579.346721 54.686150 106.931408
96 271.298917 575.298000 54.371123 108.887456
97 269.697920 571.155472 53.975993 111.037378
98 269.272831 569.612977 53.860192 112.191096
99 266.640423 567.072265 53.841699 113.178669
100 259.910759 562.081758 53.963480 113.934527
101 251.004615 556.203199 54.317320 115.647678
102 249.821243 555.418273 54.219128 116.090846
103 247.902537 554.051891 54.254965 116.645151
104 248.004087 554.216852 54.491143 116.987481
105 243.814432 553.734152 54.581832 117.188375
106 241.111188 553.698028 55.083955 117.797348
107 240.553223 554.190814 55.472488 117.960793
108 239.968414 554.801787 55.495726 117.952787
109 238.833804 556.309041 55.566836 117.842684
110 238.438311 557.094405 55.998849 118.138321
111 238.328587 557.362822 55.985442 118.515307
112 234.087908 561.194968 56.118358 118.890808
113 226.351571 564.785554 56.944729 118.465191
114 226.378173 564.804631 56.993640 118.485727
115 226.375711 564.821210 56.989808 118.499904
116 225.982722 566.657570 56.983817 118.739396
117 225.817040 567.445145 56.958700 119.215603
118 225.368187 569.321005 57.076283 119.419923
119 225.565007 569.450807 57.501099 119.492951
120 225.850245 569.667683 58.033343 119.522052
121 225.962867 570.300305 58.588025 120.060556
122 226.166285 570.543585 58.996672 120.495357
123 226.164942 570.599625 59.000594 120.493605
124 226.126334 571.792216 59.650005 121.010126
125 226.184882 572.292684 59.980728 121.568839
126 222.965301 573.680147 59.785260 122.006795
127 222.561295 573.817998 59.901830 122.630681
128 219.391844 573.281051 59.793142 123.154815
129 216.220008 572.943826 59.770094 123.520411
130 211.560185 572.263497 59.788648 123.870439
131 210.100561 572.148919 59.846535 124.084080
132 206.398747 572.316801 59.861086 124.234473
133 206.467603 572.450782 59.993683 124.483918
134 206.470161 572.460040 59.993683 124.483918
135 206.466888 572.465048 59.997574 124.482992
136 201.425170 573.208126 62.807877 124.340174
137 192.621870 583.697693 65.602745 120.264338
138 205.013732 590.019732 68.623557 107.973695
139 229.291822 571.432104 74.301553 101.210756
140 265.921350 549.372533 74.997299 101.615560
141 295.082712 532.828749 76.439574 97.728971
142 324.411680 518.171124 77.012560 95.537596
143 346.462039 509.832194 76.358649 93.858865
144 366.803285 507.158420 76.941209 91.861034
145 377.552276 505.490944 76.636724 91.139509
146 383.502173 506.380920 75.258120 90.850942
147 393.611208 504.969488 74.311809 90.833396
148 401.202920 502.564205 73.749285 90.551820
149 411.754655 500.792923 73.777953 90.584980
150 416.012575 502.948920 72.949544 90.005768
151 421.498622 506.346705 72.724284 89.303428
152 422.182503 507.217358 72.858222 89.407656
153 431.348034 507.565853 72.402289 89.338007
154 436.348519 507.617326 71.722650 89.187229
155 442.965688 506.991520 72.408300 89.058934
156 443.086231 507.187655 72.492872 89.484453
157 443.242135 507.124828 72.517721 89.468526
158 443.859700 506.888938 73.143685 89.379357
159 444.142274 506.840134 73.561246 89.421918
160 445.045303 505.689193 73.963077 89.258547
161 445.333144 505.472094 74.064602 89.367834
162 445.550098 505.539052 74.492156 89.488439
163 444.457876 505.459542 74.523656 89.342902
164 439.426641 505.144794 74.854714 88.944795
165 439.499621 505.172418 74.993048 88.988138
166 439.511236 505.177839 74.998920 88.986140
167 439.522083 505.181913 74.999685 88.985898
168 439.532594 505.189249 75.010360 88.981280
169 439.844106 505.154545 75.609649 88.941448
170 440.275089 504.980494 76.204736 88.868818
171 440.845392 504.688048 76.720430 88.862219
172 441.609794 504.193966 77.179320 88.864163
173 441.934380 504.123386 77.614150 88.927655
174 442.126524 504.160429 77.991788 88.988503
175 442.129849 504.167047 77.991788 88.988503
176 442.133175 504.173665 77.991788 88.988503
177 436.204146 504.686652 76.978218 89.203972
178 436.214266 504.835540 76.991893 89.488439
179 436.293291 505.215875 77.085142 89.374270
180 437.248062 510.404051 77.466013 89.284012
181 437.279280 511.536530 77.484897 89.516892
182 437.067719 512.554148 77.424856 89.886729
183 436.278791 513.491149 77.310595 89.992404
184 436.369772 513.497741 77.489457 89.991310
185 436.324087 513.570725 77.475421 89.997168
186 436.288176 513.691733 77.480344 89.967234
187 436.210240 513.952875 77.465177 89.960359
188 436.178534 514.142941 77.471208 89.964569
189 436.191777 514.161768 77.491552 89.988846
190 435.263774 514.607120 77.469856 89.764622
191 428.154773 515.810357 76.809210 89.734470
192 420.165383 517.088386 76.409383 89.790959
193 417.789538 517.408513 76.348080 89.689877
194 404.823328 519.279249 76.102105 89.378650
195 393.120080 513.789692 76.343526 89.573434
196 387.904868 512.591828 76.078938 89.711424
197 360.980153 500.350758 80.956161 89.435009
198 366.938780 479.527394 80.761455 87.392788
199 370.506861 469.359517 95.149852 89.488760
200 379.092247 465.509175 99.663298 89.459457
201 383.873273 462.219432 101.195049 93.048322
202 382.718255 464.367754 102.281329 93.539074
203 380.303287 462.425195 102.109732 93.729145
204 393.151894 471.784348 100.306302 96.898661
205 386.570401 468.264705 98.755577 104.171152
206 386.322440 465.170550 99.015734 107.143982
207 389.737918 450.049573 113.867636 105.477875
208 395.420180 450.955117 118.810201 105.297120
209 391.348804 418.796132 127.116267 109.717227
210 395.279979 402.232531 121.510445 117.353704
211 411.184390 365.168428 118.539901 127.133744
212 408.923950 350.670433 116.539143 130.972552
213 408.945451 350.598604 116.830315 131.201189
214 409.019325 350.745833 116.980529 131.485735
215 410.770293 350.338103 115.599845 132.576905
216 419.608779 354.961531 109.884223 139.265983
217 422.985773 360.066950 105.842994 146.825893
218 428.159196 360.472403 106.137552 146.749536
219 427.782536 360.233771 106.178279 146.969761
220 472.919439 440.588444 108.110557 149.515726
221 485.700190 437.344811 125.755216 141.734848
222 489.717129 437.207397 124.602859 141.600858
223 490.944840 433.157819 124.054784 142.911314
224 474.468269 429.278191 126.177838 146.116151
225 437.500412 423.043241 127.808170 148.115135
226 422.552623 421.165492 126.143277 147.789546
227 395.818070 415.600648 125.085954 147.017343
228 385.550414 417.670211 124.170981 146.044730
229 361.254857 417.609736 119.096361 141.913737
230 339.887857 416.480339 119.005476 140.543112
231 323.520860 418.382568 120.725393 139.979192
232 312.635764 419.999911 120.541283 138.961578
233 305.186247 419.493207 119.640271 138.318910
234 285.756961 418.671759 117.992681 136.199000
235 259.944373 419.722118 120.785600 134.808499
236 238.762667 424.088934 123.780479 130.217233
237 211.984563 433.101509 125.722313 126.415839
238 188.250228 436.609510 126.283098 124.554454
239 160.319802 436.916761 127.272918 124.747628
240 136.180585 434.867896 128.894376 126.706725
241 105.159202 428.604454 130.473714 127.386017
242 74.082028 419.896653 132.769244 129.341041
243 28.000591 406.972780 135.484564 132.833522
244 15.211866 400.984404 135.126656 138.893623
245 14.900094 390.821170 132.595412 141.096932
246 18.358977 388.430925 132.639594 140.960409
247 17.035038 387.026737 132.266428 141.392855
248 14.796382 386.676534 132.004693 141.300356
249 1.458538 390.912242 130.096073 140.361483
250 0.000000 395.920204 125.461427 139.792607
251 0.000000 410.125625 120.223726 139.561792
252 0.000000 423.662857 110.357893 138.664656
253 0.000000 432.397147 107.792999 137.371584
254 0.000000 441.154181 104.697468 136.327650
255 0.000000 443.639809 101.683994 135.616986
256 0.000000 444.929120 98.983343 135.627399
257 0.000000 445.227241 98.389408 135.854873
258 0.000000 445.476086 98.449279 135.855806
259 0.000000 448.663090 97.802253 133.779839
260 0.000000 454.679158 99.418212 128.421761
261 0.000000 458.485898 113.386950 122.160176
262 0.000000 461.179506 113.592375 120.111096
263 0.000000 463.696124 113.799139 117.832805
264 0.000000 468.092132 111.775858 113.293452
265 0.000000 469.484000 110.871765 112.103434
266 0.000000 469.670090 110.511158 112.062151
267 0.000000 466.211137 108.872475 110.164247
268 0.000000 463.379296 105.924333 109.217708
269 0.000000 462.588888 104.137078 109.332822
270 0.000000 462.769620 103.836632 108.626262
271 9.254112 469.292865 105.137336 106.018876
272 62.601014 477.045921 110.333673 99.607283
273 62.233484 481.099420 108.911855 100.316548
274 62.844045 482.374482 107.870796 100.616436
275 61.489052 482.736223 106.871052 100.925891
276 63.029830 481.689236 103.349166 101.318125
277 58.941898 480.201651 99.519137 101.140144
278 55.104456 479.833998 97.800808 101.174338
279 49.784512 479.761659 96.121354 101.239633
280 45.926158 479.428432 94.713407 101.357552
281 41.652909 479.803141 93.102561 101.202554
282 40.068289 481.841670 90.705578 100.949433
283 34.372026 483.238210 87.678836 100.797350
284 30.850442 481.616495 84.616198 102.370900
285 27.283419 479.967117 82.962993 103.075796
286 17.678063 477.627810 81.834546 102.458190
287 19.433305 476.832645 81.411934 100.734938
288 31.652820 479.175004 84.817117 98.629547
289 44.625769 484.076802 89.980963 94.579000
290 41.601627 483.196725 96.395528 92.441111
291 49.363990 482.413393 100.654877 90.996201
292 52.298261 473.507580 102.122960 89.238078
293 51.871224 471.212093 105.047901 88.700234
294 54.457274 464.024604 108.341150 87.706500
295 57.018225 458.094239 110.933442 85.416965
296 53.347549 456.738359 112.756891 80.221559
297 37.042702 459.141200 117.571227 74.735355
298 33.366679 458.131113 119.152794 73.734573
299 33.407981 455.185910 119.369032 70.988662
300 33.753782 454.004141 119.703745 69.152455
301 33.320664 452.985069 119.824047 67.832164
302 32.257199 446.909532 119.093863 66.212404
303 32.734893 446.548138 119.763217 66.251485
304 30.543386 445.588654 121.551682 64.701643
305 29.388004 445.793408 122.385834 64.427747
306 29.395763 445.848216 122.081462 64.304539
307 31.090837 446.013019 122.226104 64.124961
308 51.640998 445.740029 123.452183 63.105283
309 60.259836 445.153223 122.757994 63.062266
310 60.399467 445.365105 123.095378 63.470178
311 60.579965 445.366517 123.521153 63.479180
312 59.731301 445.024935 124.276440 63.205568
313 59.621028 445.116628 124.536771 63.421259
314 59.550285 445.134210 124.986094 63.453255
315 59.555987 445.158203 124.986839 63.491797
316 59.551439 445.176457 125.003654 63.481342
317 59.788421 445.202324 125.486858 63.478938
318 59.793735 445.213476 125.486787 63.491797
319 59.799085 445.218198 125.486787 63.491797
320 59.804435 445.222920 125.486787 63.491797
321 58.712694 445.287034 125.584127 63.369109
322 57.682321 445.403128 126.107852 63.404060
323 54.205589 446.558621 126.438257 63.263226
324 53.502500 447.210052 126.259324 63.504545
325 53.511174 447.517310 126.413586 63.984262
326 53.163816 447.662914 126.243393 64.026950
327 53.290852 447.900069 126.486681 64.491668
328 53.296245 447.904866 126.486681 64.491668
329 53.301638 447.909662 126.486681 64.491668
330 53.307030 447.914459 126.486681 64.491668
