56 493.746064 93.697300 251.844580 266.734222
57 496.451534 93.133085 250.017443 267.375835
58 497.555141 92.988760 249.951102 267.529006
59 498.419539 93.158073 249.411130 268.089902
60 509.748837 90.489305 246.142309 269.615238
61 509.927495 90.681686 246.427830 269.939953
62 509.975392 90.720297 246.419614 269.953407
63 510.131421 90.735457 246.377887 269.967479
64 510.257313 90.751550 246.403593 269.963578
65 511.837984 93.192170 245.160863 271.928435
66 512.416233 93.184282 245.295619 272.372511
67 513.600793 94.017222 244.816864 273.190842
68 513.979190 95.222841 244.468422 274.225498
69 514.062459 95.359647 244.365646 274.572043
70 514.198352 95.564302 244.376185 274.984173
71 514.267185 95.573107 244.406171 274.986520
72 514.313913 95.579847 244.428416 274.938841
73 514.349519 95.610427 244.428416 274.938841
74 514.385124 95.641006 244.428416 274.938841
75 514.406786 95.247091 244.201188 274.813664
76 514.609320 94.954868 244.160325 274.794912
77 514.793149 94.953950 244.313018 274.848440
78 514.890988 94.936863 244.342526 274.853659
79 514.988973 94.944508 244.389441 274.868122
80 515.042539 95.004127 244.420919 274.933202
81 515.050659 94.913135 244.279500 274.841201
82 515.164839 94.856185 244.257861 274.841700
83 514.599376 94.328806 243.901257 274.339890
84 512.633851 93.302459 243.056858 273.945123
85 512.835172 93.145375 243.393992 274.121207
86 512.885959 93.334758 243.427791 274.438991
87 512.349874 92.212355 242.668050 275.469660
88 512.178953 88.280383 242.254217 278.974398
89 512.249925 87.489238 242.100719 279.548354
90 513.027696 83.727560 239.460043 285.357412
91 512.808124 79.655020 237.784313 290.566216
92 510.375737 77.821142 236.626986 292.116141
93 506.426470 78.376055 234.947618 294.399160
94 505.982000 78.117434 234.257512 295.148064
95 503.842009 77.934221 234.392990 294.243927
96 503.554021 78.024791 234.373690 294.358308
97 503.416473 86.352568 233.649454 290.348328
98 504.266124 84.793619 233.866874 289.808516
99 500.374145 84.586991 236.213968 289.604318
100 499.478925 84.405357 236.642736 289.586645
101 498.879074 84.707131 237.386676 289.072662
102 498.770415 85.416725 237.550056 288.788671
103 500.284364 95.671852 238.750752 283.056264
104 507.151787 121.980521 240.567234 268.427558
105 510.019311 137.775026 240.311585 261.605235
106 510.240124 138.714113 240.311582 261.284606
107 510.380423 138.770561 240.388933 261.398051
108 511.202852 134.119029 238.188993 261.005555
109 513.226674 113.392304 230.267661 262.859128
110 515.031208 106.661128 225.884333 262.876749
111 515.300434 104.782438 224.241832 261.553166
112 515.709143 102.571618 223.148120 261.528084
113 516.060236 100.919101 222.642225 261.109352
114 516.075442 100.430572 222.588304 260.891062
115 516.158580 100.298322 222.853152 260.649499
116 515.201462 94.881832 222.915496 259.490939
117 515.149533 94.873023 223.012643 259.099110
118 513.275987 91.890623 226.237501 258.640458
119 504.902525 87.635541 240.534325 257.308743
120 505.107794 87.725718 240.964525 257.421589
121 505.760325 91.498513 242.299111 256.452664
122 472.937681 109.577971 244.762117 255.712907
123 473.516236 118.509518 247.594195 258.727893
124 478.805573 126.212764 254.216721 261.507585
125 482.214843 130.152591 259.513493 262.997027
126 483.298590 130.512494 261.639927 263.001003
127 484.175269 130.755697 262.812079 263.584120
128 484.536449 130.890750 263.467622 263.969913
129 485.144409 130.401825 264.294740 264.106171
130 486.603206 127.766285 265.161278 265.677312
131 487.062178 126.733988 266.068258 266.067237
132 488.837959 123.373492 267.422516 267.274903
133 488.863716 122.948132 267.617273 267.475829
134 489.031961 122.929541 267.976141 267.423991
135 489.026920 122.707158 268.130093 267.402727
136 489.244240 122.135984 268.689434 267.431835
137 489.349344 122.057513 269.052385 267.409411
138 489.469767 121.535575 269.808740 267.438468
139 489.545892 121.024683 270.198591 267.440726
140 489.523616 120.401257 270.699552 267.495370
141 489.302285 118.307516 271.470824 267.868950
142 489.239313 117.288544 271.592474 268.205260
143 488.964873 115.228523 272.049960 269.132997
144 489.068921 113.966159 272.296491 270.073350
145 489.332773 110.702722 272.875690 271.307868
146 489.354235 110.621697 272.959749 271.483597
147 489.372421 110.618402 272.920241 271.441742
148 489.418379 106.170605 272.687693 272.572923
149 489.574324 106.384143 272.920072 272.939286
150 489.614080 106.414500 272.920072 272.939286
151 489.610149 105.274961 272.707545 273.245044
152 489.752133 105.394418 272.911168 273.432693
153 489.772687 105.365433 272.837423 273.376927
154 489.207467 103.080478 272.298687 273.780327
155 488.996116 101.992694 272.269828 273.940474
156 489.015971 101.865228 272.399233 273.899136
157 488.780984 101.248610 272.421024 273.872391
158 488.482698 98.435100 272.511993 273.879420
159 488.726415 98.495286 272.919889 273.938933
160 488.761771 98.513551 272.919173 273.937090
161 488.776045 97.757767 272.952902 273.787662
162 488.799386 97.863936 272.920072 273.939063
163 488.839142 97.894404 272.920072 273.939063
164 488.878898 97.924872 272.920072 273.939063
165 488.918654 97.955341 272.920072 273.939063
166 488.958410 97.985809 272.920072 273.939063
167 488.998165 98.016278 272.920072 273.939063
168 489.069841 97.878843 272.768702 273.857052
169 489.075751 96.398965 272.265987 273.382793
170 489.205738 96.433546 272.360174 273.431480
171 489.296104 96.446640 272.362863 273.440492
172 489.376678 96.317522 272.210914 273.366377
173 489.019128 95.836956 271.693305 273.380592
174 488.241153 94.864491 269.959460 273.934869
175 488.121541 94.367518 269.530502 273.910398
176 487.294856 93.649095 269.107507 273.283549
177 485.389206 93.079110 266.755077 274.266292
178 485.393124 92.368414 266.503380 274.813460
179 485.261130 91.900420 266.567089 274.488645
180 485.473651 91.906085 266.920160 274.439018
181 485.530899 91.683274 266.804201 274.706155
182 485.659685 91.721923 266.756649 274.880553
183 485.781156 91.781646 266.921828 274.938841
184 485.827499 91.804371 266.901101 274.939352
185 485.934762 91.783305 266.835139 274.919604
186 486.016989 91.823503 266.921828 274.938841
187 486.060671 91.852102 266.918531 274.939798
188 487.935615 90.885378 265.783577 275.089693
189 488.043624 91.090531 265.922121 275.438730
190 488.082360 91.121166 265.922121 275.438730
191 488.354569 91.014272 265.738294 275.452195
192 488.485219 91.038174 265.922121 275.438730
193 488.523956 91.068809 265.922121 275.438730
194 490.525901 90.573471 264.633440 275.644637
195 490.708979 90.751152 264.922414 275.938618
196 490.747570 90.781843 264.922414 275.938618
197 490.816374 90.801821 264.901248 275.942909
198 490.878209 90.826905 264.913341 275.939421
199 490.921336 90.857195 264.922414 275.938618
200 490.965045 90.885740 264.918888 275.939658
201 491.024593 90.906462 264.909234 275.941540
202 491.069774 90.935692 264.922414 275.938618
203 491.223960 90.931270 264.841846 275.960386
204 495.899728 88.929934 262.549995 276.344942
205 496.126022 89.007041 262.922285 276.439087
206 496.164679 89.037498 262.922999 276.438507
207 496.751664 88.930558 262.633281 276.505419
208 496.966376 89.168946 262.907524 276.950680
209 497.012413 89.193606 262.922999 276.938396
210 497.050713 89.224408 262.922999 276.938396
211 497.089012 89.255210 262.922999 276.938396
212 497.127312 89.286012 262.922999 276.938396
213 497.165612 89.316814 262.922999 276.938396
214 497.203911 89.347616 262.922999 276.938396
215 497.267769 89.301175 262.864634 277.001611
216 497.335251 89.550369 262.922999 277.438285
217 497.373551 89.581227 262.922999 277.438285
218 497.411851 89.612085 262.922999 277.438285
219 497.466754 89.637477 262.912666 277.442188
220 497.510221 89.666383 262.922999 277.438285
221 497.548520 89.697241 262.922999 277.438285
222 498.030878 89.270911 262.716540 277.353003
223 498.172407 89.344410 262.922999 277.438285
224 498.325418 89.040479 262.852432 277.456982
225 499.813267 86.410526 262.602745 276.858488
226 500.012722 86.442146 262.894356 276.883542
