5 116.911802 99.879209 32.470058 30.105968
6 116.954082 99.996064 32.396513 31.165108
7 117.050059 100.243776 32.448628 31.472906
8 117.463687 100.223727 32.335367 32.271478
9 117.605322 100.334495 32.418142 32.648782
10 117.826232 100.519029 32.413027 33.368642
11 117.877121 100.470074 32.376546 34.183173
12 117.941605 100.692376 32.389801 34.682792
13 118.023260 100.807068 32.427293 35.364152
14 118.010292 101.086856 32.382621 36.071385
15 118.137485 101.451532 32.425152 36.880042
16 118.289344 101.677237 32.453924 37.224812
17 118.570843 102.149926 32.418189 38.041375
18 119.227062 102.889707 32.244634 39.178318
19 119.496627 102.944373 32.411128 40.087377
20 119.761707 103.141308 32.340594 40.832707
21 122.593575 104.113235 32.272857 41.792371
22 122.740180 104.157243 32.445874 42.145615
23 122.861212 104.361642 32.431347 42.422150
24 123.305724 103.877330 32.357881 42.690841
25 124.172888 102.680142 32.146772 43.410921
26 124.730068 102.039361 32.310991 43.571607
27 124.976990 102.189811 32.405709 43.899793
28 125.776773 102.305901 32.311526 44.171760
29 127.596838 103.545123 31.922236 45.122138
30 127.945240 104.798280 31.919933 45.518110
31 127.978729 105.093390 31.957219 45.959693
32 127.907826 105.062964 31.925705 45.748725
33 128.150688 103.853411 31.863362 45.888913
34 130.260352 103.396815 31.909485 45.811749
35 134.117731 103.658445 31.838251 46.348267
36 136.715154 105.366598 32.194466 46.481357
37 136.878507 105.448277 32.455624 46.334827
38 137.526138 106.997678 32.473196 46.337530
39 137.831524 109.498119 32.536296 47.050716
40 138.073171 110.799422 32.972952 47.447824
41 137.499258 111.971914 32.974353 47.376314
42 136.375334 113.409028 33.099632 47.124326
43 136.246813 114.208785 33.361706 47.331622
44 135.843061 115.228400 33.474033 47.206699
45 135.218657 116.235100 33.445329 47.074273
46 133.907574 117.497513 33.633417 46.789056
47 132.241133 118.612433 34.023673 46.388982
48 130.973121 119.437205 34.326504 45.985145
49 130.811611 119.641283 34.378574 45.703742
50 130.818368 119.871682 34.429399 45.776683
51 130.834106 120.071736 34.432092 45.807586
52 130.748329 120.266712 34.418547 45.748027
53 130.147644 120.590519 34.403889 45.592893
54 127.397875 121.467164 34.381198 44.979887
55 125.853180 122.456048 34.250723 44.679905
56 125.908014 122.620258 34.375144 44.755546
57 125.785832 121.857342 34.222551 44.542310
58 125.269796 120.093859 34.022067 44.178669
59 124.634122 119.160935 34.092702 43.683475
60 124.618795 118.995256 34.275315 43.620337
61 124.686923 119.139842 34.369482 43.804658
62 124.300691 117.734540 33.993862 43.476992
63 123.368418 116.074127 33.549365 42.715928
64 122.372992 114.285695 33.531868 41.757925
65 121.313036 112.642273 33.614207 40.731970
66 120.660858 110.801952 33.498114 40.185694
67 120.528505 109.814342 33.237213 40.267774
68 124.484866 103.441654 32.215410 42.124989
69 125.735514 101.558567 32.306913 42.748928
70 126.686984 100.853824 32.277917 43.081620
71 126.947251 100.896917 32.442524 43.423614
72 127.046805 100.865814 32.430848 43.390418
73 128.151304 98.150793 32.046191 44.311856
74 129.708920 95.055126 31.975305 45.558198
75 130.670237 93.402438 31.780467 46.398300
76 130.821343 93.453787 31.956247 46.354495
77 130.961501 93.449059 31.910112 46.383712
78 131.005059 93.541469 31.949390 46.331260
79 131.040788 93.698196 31.956306 46.334827
80 131.257662 93.789467 31.925755 46.353789
81 133.745767 93.655905 31.721817 46.586627
82 137.014425 92.977364 31.869490 47.416419
83 138.012892 92.574247 31.906726 47.575150
84 138.101509 92.873137 31.938861 47.830099
85 138.142502 93.032779 31.956306 47.829499
86 138.420118 93.205915 31.960973 47.872577
87 141.028011 93.255374 32.167999 48.496557
88 144.138790 91.570838 32.442970 49.061084
89 147.092836 90.167546 32.361819 49.721608
90 149.127411 87.880795 32.680687 49.937758
91 149.902801 86.955881 32.872990 49.949441
92 150.149321 85.825052 32.997951 49.913394
93 153.443484 82.800015 32.622946 50.166256
94 153.925308 81.913468 32.911928 50.476067
95 153.972958 81.970212 32.942831 50.306744
96 153.574283 82.279067 32.967943 49.950375
97 151.863521 82.974835 33.012245 49.010904
98 150.353953 84.042041 33.365109 48.667075
99 149.599438 84.898449 33.427117 48.386112
100 149.263119 85.855342 33.406283 48.103115
101 148.971040 87.624511 33.447663 48.254414
102 148.494095 89.517483 33.479187 48.279858
103 148.053080 92.775242 33.445878 48.243813
104 147.389006 95.194784 33.430828 48.175978
105 147.023257 98.443369 33.523070 48.245816
106 147.084097 102.353448 34.093732 47.932388
107 147.527930 104.506657 34.568735 47.790397
108 148.043985 105.364015 34.947427 47.748978
109 148.179399 106.287094 34.999172 47.731593
110 148.466111 106.889768 34.915122 47.707018
111 148.650595 107.206928 34.905186 47.796703
112 149.347409 108.254875 34.908392 47.652937
113 151.261971 109.337992 34.939488 48.068527
114 151.848818 109.699273 34.888005 48.306666
115 152.240349 109.866222 34.888818 48.316065
116 152.307341 110.033658 34.952210 48.327723
117 152.517362 110.370121 34.895979 48.308648
118 152.615902 110.557783 34.927565 48.315836
119 152.675312 110.733690 34.940581 48.321985
120 152.721755 110.902149 34.946704 48.324892
121 152.759803 111.065172 34.952210 48.327723
122 152.793970 111.229011 34.950908 48.327198
123 152.829916 111.390881 34.952210 48.327723
124 152.865212 111.552489 34.952210 48.327723
125 152.900931 111.714413 34.951773 48.327499
126 152.939240 111.878219 34.949325 48.326243
127 152.986166 112.002127 34.934396 48.315144
128 153.038341 112.168209 34.945656 48.329242
129 153.098774 112.325461 34.908032 48.305103
130 153.178896 112.474206 34.930110 48.328384
131 153.457210 112.452265 34.836009 48.346021
132 153.603058 112.563200 34.896406 48.332545
133 153.681745 112.689776 34.900996 48.328327
134 154.100635 112.453041 34.631594 48.489447
135 154.453441 112.418821 34.866043 48.354622
136 154.787577 112.363961 34.723577 48.396839
137 155.213970 112.306143 34.768897 48.395292
138 156.013539 111.248159 34.517012 48.505812
139 157.017716 107.707692 34.123483 48.568030
140 157.606524 97.923201 33.642580 48.622574
141 157.796308 98.188161 33.953576 48.825947
142 157.902757 99.858570 33.930136 48.447015
143 158.143634 102.366204 33.931105 48.284159
144 158.189157 102.549594 33.953576 48.327723
145 158.226010 98.125642 33.459999 48.007556
146 158.600010 92.777746 32.670674 47.670801
147 158.781741 93.719148 32.992187 47.826256
148 159.062902 102.525633 32.732345 47.650596
149 159.217809 102.809573 32.954719 47.827119
150 158.798774 98.726210 32.567810 47.792461
151 159.015160 98.862510 32.948823 47.822637
152 160.754399 109.970346 32.244064 48.197612
153 161.861897 113.736792 32.566618 48.366486
154 162.365440 108.075840 32.139054 50.029496
155 160.423048 99.342619 32.303609 49.568088
156 161.244373 105.168535 32.546970 50.317822
157 161.481637 105.338206 32.954941 50.320619
158 163.588639 122.519932 32.113351 49.396247
159 163.776686 122.599491 32.482606 49.380066
160 160.240905 109.328049 32.129418 48.326746
161 158.332568 104.088251 31.558373 47.945954
162 159.531413 119.391100 30.788805 47.542387
163 162.008550 122.784195 31.423864 47.980213
164 162.344426 100.867884 31.735821 48.193288
165 165.681949 107.507928 31.763329 49.255306
166 170.575094 113.734800 31.912270 48.831546
167 171.044495 109.538943 31.622865 50.086688
168 170.883651 98.497929 31.584061 50.632802
169 173.164546 96.289950 32.574435 50.854239
170 181.859564 102.412004 32.505753 50.267390
171 189.818371 103.922841 32.373766 51.907617
172 191.557703 103.202997 32.457835 51.881192
173 191.627106 101.513061 32.488424 51.758348
174 192.308402 100.716324 32.467741 51.827676
175 193.843712 100.055513 32.550693 51.584395
176 195.397157 99.643626 33.034112 51.748772
177 196.360232 99.292365 33.445878 51.831680
178 198.239772 99.071671 33.346801 51.485237
179 200.657587 99.311065 33.272892 51.015009
180 200.853241 99.625100 33.436276 51.311652
181 200.897759 99.798039 33.453006 51.318125
182 201.165777 97.859100 33.165040 51.248648
183 201.708200 98.015450 33.355170 51.238008
184 202.986515 99.198262 33.273715 51.026372
185 204.042247 99.313960 33.275760 51.246983
186 204.497987 95.680848 32.893930 51.154815
187 204.561771 95.933578 32.954941 51.317067
188 209.197309 107.326071 32.158065 50.788384
189 207.965739 102.882272 32.231660 50.029317
190 207.287606 99.445870 32.097325 49.372747
191 207.120235 103.027705 32.383847 49.344031
192 206.891767 106.208409 32.531535 49.523495
193 206.529344 103.729576 32.495892 49.417281
194 206.438644 98.396106 32.030518 48.807934
195 207.512644 100.549228 32.483540 48.969196
196 208.131420 108.878830 32.317496 48.837950
197 208.178665 109.074790 32.443895 48.802890
198 205.888163 104.086616 31.856483 47.593468
199 205.872327 103.912797 31.909241 47.793015
200 208.672006 110.580380 31.699240 48.681173
201 209.751875 112.453043 31.908737 48.886605
202 207.503298 109.850771 31.493111 47.861070
203 204.034626 107.636893 31.351859 46.847974
204 202.648395 110.008222 31.257589 47.027176
205 202.769680 110.323147 31.449722 47.314077
206 201.583381 117.897969 31.353173 47.111466
207 200.605948 118.530532 31.491553 47.085917
208 196.096725 117.240331 31.491916 45.546465
209 193.135794 117.291715 31.446476 44.492301
210 192.983513 117.867646 31.393806 44.471628
211 192.815019 118.543510 31.455721 44.413826
212 186.738227 116.024105 31.716612 42.623068
213 184.546050 118.048370 32.143262 43.117601
214 183.465436 120.110954 32.284739 43.594473
215 183.075137 120.033204 32.409659 43.486364
216 180.659721 117.299704 31.906133 42.357669
217 179.779195 118.003947 31.781732 42.402123
218 177.943576 124.159811 32.101927 43.286242
219 176.300619 126.394872 32.406904 43.148331
220 172.276951 124.602583 32.609369 42.111279
221 169.065361 122.058876 32.602191 41.857713
222 166.849921 123.801422 32.591796 42.327304
223 163.602333 130.358215 32.949075 42.547954
224 160.807068 131.693291 32.733867 42.505042
225 157.197651 129.622106 32.589213 41.776619
226 156.075663 128.874796 32.652268 41.680675
227 155.003038 131.482947 32.770782 42.207073
228 151.461761 138.928616 33.410646 42.214201
229 151.517350 139.137648 33.454258 42.349036
230 146.816851 141.178535 33.279978 41.626400
231 142.489492 138.230530 32.801196 40.914514
232 141.094784 136.383726 32.345565 40.257686
233 139.529921 138.858528 31.930639 40.864039
234 135.481210 143.750275 32.430907 40.983658
235 129.963328 143.781460 32.245071 39.960110
236 123.353976 142.108742 31.928739 38.102819
237 122.966139 144.853841 31.590741 39.053466
238 122.152015 148.105427 31.911685 39.956873
239 120.822079 147.603519 31.731747 39.570759
240 115.361567 145.329668 32.265012 38.164986
241 110.573224 145.385138 32.233831 37.306763
242 107.836307 145.721655 32.495690 36.764300
243 107.318444 145.708019 32.296602 36.699371
244 107.415691 145.864331 32.452453 36.859151
245 107.304910 141.547819 31.905526 36.660242
246 107.029547 135.441510 31.637993 36.398190
247 106.520522 130.909178 31.502223 35.574076
248 106.146304 126.634228 31.596266 35.336477
249 106.280840 123.997398 31.607376 34.999214
250 106.443172 120.980901 31.549733 34.653258
251 106.441037 118.940580 31.427708 34.640005
252 105.477229 116.564292 31.409845 34.412315
253 105.375943 116.109259 31.415611 34.445248
254 104.994072 115.231611 31.444069 34.148861
255 104.312013 113.356222 31.413212 34.320202
256 103.569373 111.998497 31.507645 34.367781
257 101.010776 111.539343 32.095531 33.588522
258 97.893525 110.814802 32.157960 33.748381
259 95.261753 111.301971 32.059307 34.078828
260 90.480440 113.095678 31.971902 34.303080
261 88.053278 112.949236 31.936978 34.496113
262 85.624373 111.662217 31.842148 33.672382
263 83.392781 111.783135 31.973283 33.895950
264 76.817427 112.688065 31.784803 33.047109
265 69.514821 113.822706 31.699139 32.992418
266 65.414226 114.229165 31.834399 32.365426
267 65.163247 112.090362 31.563095 32.415686
268 65.893194 111.886602 31.998320 32.633321
269 66.903217 112.523102 31.745450 33.631782
270 66.986188 112.832751 31.971425 33.995775
271 66.946325 112.696722 32.029056 34.295850
272 68.887223 112.211160 32.275146 35.940089
273 69.918523 112.272814 32.232611 36.937920
274 70.220867 112.444058 32.436787 37.402011
275 71.012536 111.521669 32.268055 38.460483
276 75.163405 110.549982 32.384955 40.541143
277 80.082876 111.051091 32.463194 42.573486
278 80.094218 111.320006 32.479981 42.883392
279 85.440697 111.981003 32.449368 43.882199
280 89.313649 110.545109 32.250574 44.647811
281 90.482260 110.014834 32.382274 44.934052
282 93.616811 109.258642 32.068666 45.498715
283 99.994287 110.043646 32.444512 46.074040
284 116.973813 108.329812 32.033534 47.695378
285 125.594732 106.748797 32.641623 48.299931
286 135.487662 107.134250 33.160994 48.094410
287 144.595698 108.665969 33.043978 48.218105
288 150.859418 109.628431 32.866803 48.427769
289 152.528608 109.732035 32.845228 48.648464
290 152.616743 109.984050 32.954941 48.825947
291 156.187058 109.973871 33.079075 49.336421
292 167.311011 110.193715 33.147450 49.787681
293 178.741579 111.542066 32.476578 50.172875
294 175.617772 114.827463 33.800189 49.823566
295 163.148496 122.983317 33.564257 47.744465
296 154.985234 126.564790 32.477390 46.855387
297 163.346052 123.190415 35.141553 47.376560
298 179.610038 121.946136 34.018368 49.024904
299 190.790019 122.154456 32.530395 52.283750
300 179.256454 128.341978 34.312157 48.786306
301 160.230613 134.774605 33.793344 47.973575
302 160.344075 134.858048 33.955070 47.838620
303 162.737564 131.278066 34.244795 49.659906
304 176.757397 126.535665 34.386660 50.393953
305 184.862470 123.111092 29.064921 56.351960
306 181.303275 123.098345 28.439873 55.301931
307 177.895726 129.705160 30.365635 51.611132
308 183.231237 128.481865 28.874210 55.280573
309 187.243994 127.438292 26.970479 57.917754
310 184.809414 125.347991 26.222965 56.161807
311 167.732870 127.116511 28.811789 51.081760
312 156.492260 133.173552 28.709717 49.862505
313 155.323686 133.179920 28.372712 50.342903
314 164.168164 133.486053 27.233939 49.607034
315 172.215622 128.299134 25.082593 52.637407
316 169.118017 130.203923 25.973560 52.082888
317 160.700663 134.407151 25.413356 50.864111
318 155.108820 135.267285 24.452422 50.045499
319 153.297607 134.839564 23.691577 50.503128
320 154.036106 134.643308 24.106160 50.971805
321 155.821588 133.611600 24.445342 51.263790
322 155.669775 133.854644 24.532323 51.459022
323 153.134306 134.868527 24.332064 51.482751
324 150.587667 135.557556 24.256286 50.944803
325 147.903762 135.915018 24.064873 50.008225
326 148.098696 136.211994 24.502986 50.359270
327 146.467134 136.544138 24.632502 49.854246
328 142.960157 136.870285 24.596372 49.064634
329 137.502583 138.130189 24.680789 48.144056
330 130.857488 139.889720 24.279097 46.479447
331 123.267819 144.503720 23.690526 46.176140
332 122.403574 144.617038 23.707462 46.555907
333 119.929748 144.673810 23.554447 47.070381
334 115.798506 145.558917 23.551597 46.682416
335 112.246595 146.204882 23.359478 46.190309
336 112.212421 145.567324 23.464448 46.905037
337 116.198139 141.050551 23.425881 47.725029
338 120.526463 138.332932 23.305597 48.791592
339 119.616875 138.872410 23.518736 49.266597
340 112.182762 141.134268 23.844736 47.181278
341 106.200867 142.243272 23.193788 46.195349
342 107.578453 140.817400 23.937549 46.769472
343 118.116332 135.219196 23.623460 45.832297
344 129.626440 125.286407 23.267931 45.305318
345 132.484799 119.572593 22.781097 47.576641
346 127.867996 119.814302 23.036030 46.486459
347 123.246012 118.360431 22.756269 45.525473
348 123.322292 117.778890 23.071075 46.438684
349 127.208369 111.747206 23.359418 46.361936
350 127.196595 111.365834 23.613416 47.321436
351 131.606783 103.182555 23.355373 47.660458
352 134.562252 95.687906 22.933748 48.269344
353 134.005566 92.686465 22.853018 48.374661
354 132.454588 92.543853 22.910584 48.957833
355 132.460545 92.166517 23.145324 49.225926
356 135.802823 92.072471 23.689645 49.435199
357 137.245381 91.962217 24.133442 49.583528
358 135.590558 92.214103 24.367483 49.728260
359 134.584308 91.492043 24.361525 50.153608
360 137.766013 89.966457 24.897398 49.733096
361 145.277989 87.500486 24.405556 48.967063
362 146.274446 86.228224 24.455934 50.227935
363 136.422223 91.420455 25.216019 47.680200
364 123.664340 95.619337 25.144959 46.481813
365 121.842254 95.065506 23.823147 49.034647
366 135.191385 94.450517 24.136089 46.846374
367 153.449016 90.616178 23.900968 45.094825
368 158.585776 88.922575 23.268079 46.046794
369 144.330203 95.726485 24.154656 42.811720
370 132.589543 97.559593 24.870888 40.530638
371 123.957785 97.556087 24.130960 40.983947
372 133.141969 97.669048 24.567913 39.603876
373 151.250259 94.359709 24.558372 37.963013
374 151.331172 95.093754 24.620768 39.946434
375 158.893044 89.480214 23.330307 43.864937
376 147.360750 94.888429 24.211322 40.683773
377 131.473566 96.265151 24.822120 37.986668
378 120.194371 100.789685 23.764979 39.821088
379 122.551291 113.272787 25.638988 37.151779
380 133.754220 104.925500 24.418432 42.249418
381 150.726405 100.109336 24.005222 42.021814
382 149.834805 105.406146 25.109241 41.215653
383 140.618743 110.245684 24.053057 42.194854
384 145.322082 108.833631 24.644888 43.021675
385 139.575022 106.276892 23.402408 47.813927
386 160.787139 109.498272 22.707947 47.455367
387 161.044952 105.753052 23.537649 47.775183
388 143.095677 109.995404 24.626561 44.711348
389 129.289297 113.705926 25.628418 44.694880
390 132.445518 111.335025 25.797604 44.846990
391 153.378841 109.470253 25.419209 43.457062
392 169.870970 104.357639 24.610981 42.844571
393 167.886907 104.108268 24.988807 43.282469
394 153.650313 106.476266 25.676590 39.291287
395 156.149679 108.758094 25.730874 37.557278
396 159.045110 108.122502 26.359600 39.489309
397 157.569440 106.402300 24.973468 46.705641
398 157.098010 106.483177 24.642532 46.772310
399 174.835434 102.605877 24.228277 45.907687
400 176.548553 99.073072 24.120452 47.744237
401 156.658661 101.506625 25.828654 44.504656
402 145.245104 105.287294 26.629265 44.081401
403 152.882591 110.389460 25.640215 45.290150
404 175.049594 110.507240 24.849120 42.980006
405 183.639996 102.328486 23.377347 43.553022
406 167.327794 107.201144 24.647597 41.275672
407 162.416120 110.750027 29.701365 38.734781
408 146.553470 109.219865 30.006914 40.881456
409 146.672476 108.964887 30.578051 41.677804
410 144.256795 98.084795 30.100903 43.452157
411 161.555098 94.592255 29.132172 42.877383
412 163.741386 91.342854 27.962865 46.523352
413 144.769143 95.745953 29.218378 43.855623
414 143.211579 101.538084 30.578188 42.897940
415 140.896941 104.332895 29.635924 45.949695
416 136.823935 97.459834 30.687834 45.006778
417 150.705442 95.660892 29.439236 45.386093
418 158.261862 88.287260 26.004155 50.374834
419 145.784987 92.796675 27.648001 45.979275
420 131.964889 97.064105 29.160503 43.158292
421 134.553040 100.860603 27.886519 43.193645
422 136.293185 101.648366 28.159097 44.740330
423 143.863290 95.304701 30.557410 44.127848
424 143.358317 87.593608 28.771882 48.484966
425 155.799815 82.502374 26.325285 49.379002
426 148.214556 85.947333 27.640111 46.470706
427 135.444632 106.454803 28.212371 44.726964
428 137.004998 106.192815 28.639140 45.714277
429 131.688926 95.810641 28.300637 47.893250
430 147.660802 91.285526 27.521508 47.618136
431 147.918912 88.348449 27.118748 48.890126
432 130.527368 92.153537 28.355646 45.107023
433 127.576724 97.182719 28.115039 43.720198
434 124.764212 98.716477 27.122067 43.666392
435 123.735068 92.816648 27.021123 48.026533
436 133.953228 85.540479 26.015234 48.263506
437 141.346295 77.193367 24.131950 49.549356
438 138.440696 78.079255 24.201974 50.168068
439 133.423669 80.729717 23.609415 49.720348
440 131.230475 80.209107 22.706157 50.874860
441 132.863364 78.416061 22.940109 51.304628
442 137.234881 76.293835 23.205869 50.700521
443 141.287830 74.102686 23.289241 50.361673
444 141.584087 73.447424 23.730608 50.533187
445 141.031213 72.555210 23.660246 51.520741
446 141.180555 72.695823 23.893542 52.054280
447 140.284761 73.056653 23.520200 52.384075
448 140.613587 73.123728 23.902592 52.404986
449 142.138629 72.212454 24.010162 52.766426
450 142.858418 72.052241 24.388308 52.983164
451 142.525949 72.027431 24.374988 52.981672
452 141.967843 71.869749 23.955871 53.400499
453 142.003747 71.914678 24.034020 53.421677
454 142.490426 71.720225 24.426598 53.405582
455 142.567215 71.788164 24.464707 53.320746
456 142.601220 71.888299 24.470388 53.320478
457 142.648437 71.973940 24.519712 53.378939
458 143.254755 71.890699 24.998130 53.413521
459 143.687790 71.947008 25.054929 53.467446
460 143.931841 72.264085 25.495788 53.394801
461 143.912727 73.252642 25.527180 53.717242
462 144.210527 75.501236 25.941409 54.731254
463 144.499685 79.148181 26.408824 55.352066
464 145.897448 82.760325 26.784562 55.733692
465 146.378154 85.875186 27.198723 56.382834
466 148.468536 90.141572 27.580105 57.021338
467 149.670535 91.250401 28.077484 57.632153
468 151.500240 93.421636 28.600807 58.106417
469 153.962422 98.284503 29.022026 58.484423
470 154.222978 98.405606 29.481310 58.342287
471 157.220445 103.277815 29.097339 58.913752
472 159.628540 106.023171 29.258698 58.968302
473 161.843726 108.420320 29.268939 58.819468
474 163.888818 110.185280 29.311778 59.399154
475 170.349333 115.696261 28.824801 59.534818
476 173.318011 118.685030 28.587465 60.002398
477 174.624247 120.147024 28.873619 60.376692
478 176.035219 121.575088 28.954217 60.513351
479 178.194792 123.118342 28.918919 61.130880
480 180.275527 124.538265 28.756485 61.781270
481 181.498097 125.545332 28.885860 61.978543
482 181.952483 125.986467 29.013882 61.867143
483 182.928384 127.150878 29.346883 61.822460
484 183.725412 128.310518 29.392923 61.831480
485 184.993697 129.208205 29.276390 61.739039
486 185.806930 129.747687 29.346563 61.733821
487 186.474420 130.285846 29.352900 61.798531
488 186.742923 130.541960 29.440194 61.749662
489 187.068515 131.108344 29.407184 61.710436
490 187.570595 131.582293 29.370163 61.880157
491 188.252022 132.128742 29.475013 61.870599
492 189.200680 132.209889 29.369856 61.866977
493 189.344519 132.362946 29.463358 61.768337
494 189.460699 132.555705 29.471236 61.774726
495 189.484690 132.764818 29.459720 61.779770
496 189.510552 132.967303 29.452365 61.779879
497 189.474202 133.146572 29.386143 61.767184
498 187.818691 131.046740 28.547353 61.189896
499 185.774541 130.397596 28.115582 60.470409
500 183.884341 130.047569 27.828704 59.612151
501 181.841950 130.087765 27.289773 59.185404
502 179.243834 129.612048 26.628979 58.516236
503 178.488697 129.407290 26.493527 58.909956
504 177.676736 129.523779 26.099391 58.775285
505 176.509530 129.767259 25.871752 58.506898
506 174.515630 130.353459 25.480826 58.149843
507 172.591308 130.578704 24.940272 57.817349
508 170.966694 130.809830 24.625461 57.297864
509 170.658876 130.936831 24.676638 57.311281
510 169.726398 131.059820 24.609803 57.068230
511 168.754160 131.338117 24.602371 57.114142
512 167.868932 131.775259 24.532981 57.212795
513 165.833115 132.289580 24.574786 56.650435
514 163.871885 133.205808 24.591855 56.303107
515 162.350197 133.319329 24.598066 55.997720
516 161.464483 133.419694 24.614542 55.603139
517 160.805362 133.803827 24.637361 55.774243
518 160.983990 134.005450 24.966176 55.792353
519 160.941141 134.260281 24.931463 55.767234
520 160.301837 135.004572 24.731205 55.791018
521 159.648511 135.437465 24.748108 55.861514
522 156.809734 136.359350 24.538553 55.026640
523 156.636528 136.750977 24.802402 55.284148
524 156.451810 136.953521 24.756621 55.363017
525 156.198920 137.237913 24.759748 55.346726
526 155.935841 137.598209 24.815226 55.332096
527 154.912295 138.025744 24.743302 55.331284
528 153.543665 138.780957 24.678580 55.009680
529 152.606601 139.313252 24.586260 55.265567
530 151.605906 139.973770 24.665288 55.160866
531 151.000045 140.424686 24.695412 55.349920
532 151.127028 140.608212 24.970413 55.317334
533 150.801055 140.895453 24.791723 55.498330
534 149.564969 141.548386 24.520710 55.372179
535 147.768214 142.103866 24.593251 55.025505
536 146.006352 142.929381 24.471374 54.941039
537 142.660739 144.434357 24.115471 54.406051
538 139.022468 146.484759 24.068391 53.587491
539 136.947429 148.001818 24.151261 53.740330
540 136.739604 148.054684 24.343112 53.910753
541 134.491527 147.718840 24.027506 53.577561
542 131.322508 148.977153 24.243217 53.058117
543 131.402090 149.228554 24.510199 53.385967
544 129.195291 149.999771 24.442216 53.157176
545 128.919342 150.394719 24.449478 53.467387
546 126.307019 151.538911 24.182610 52.972159
547 123.881988 151.989874 24.009861 52.852892
548 121.708606 153.129434 24.516289 52.693939
549 120.723071 153.957548 24.585490 53.067111
550 120.878167 154.241614 24.962106 53.416603
551 120.851651 154.327051 24.994544 53.426639
552 120.392522 154.277786 24.913056 53.983363
553 119.386337 154.202213 24.727495 54.271314
554 116.340384 155.093557 24.572420 53.663289
555 114.115940 156.444564 24.462937 53.747400
556 113.950876 156.660365 24.540889 54.043117
557 114.149532 156.947991 24.991530 54.366980
558 114.085060 157.082986 24.933630 54.344118
559 112.531536 156.800089 24.578440 54.539480
560 110.467368 156.347535 24.448673 54.566916
561 108.479740 156.110723 24.195879 54.409636
562 106.551374 155.867253 24.370201 53.882739
563 106.157888 155.853227 24.350632 53.949004
564 106.177328 155.885551 24.478672 53.873033
565 106.177156 155.777233 24.529647 54.015442
566 105.988724 154.731272 24.816293 54.497123
567 105.928688 154.563138 24.988973 54.406925
568 105.436587 153.735291 24.890194 54.299661
569 105.444168 153.793641 25.029519 54.432255
570 105.636630 153.634386 25.481836 54.357601
571 105.864179 151.973929 25.382726 54.877546
572 105.960313 151.206316 25.474555 55.002709
573 106.167021 150.344033 25.461170 55.692950
574 106.738864 147.658791 25.256696 56.433078
575 106.979883 146.776466 25.415800 56.359897
576 107.385666 143.958303 25.344820 57.289736
577 107.815080 141.870708 25.329506 57.447653
578 108.052136 140.942237 25.388737 57.370559
579 108.030681 139.067146 25.244521 57.260239
580 107.588420 137.335309 25.314761 56.667086
581 107.388689 131.923012 25.068602 56.778711
582 107.256160 129.941147 25.108974 56.295010
583 106.675952 126.381032 24.894558 55.716288
584 105.105029 125.771554 24.697770 54.861021
585 103.332183 125.918933 24.695468 54.188018
586 101.206735 127.359762 24.859241 54.012342
587 99.028908 127.842771 24.530199 54.028470
588 96.615305 128.820186 24.774730 53.842326
589 94.656702 129.681220 24.655826 53.311912
590 92.543673 130.927658 24.867191 52.663511
591 92.591628 131.193291 24.958426 52.789446
592 90.863027 132.593120 24.797364 52.552912
593 88.934817 133.484292 24.827522 52.520495
594 86.282058 134.663055 24.754741 52.143631
595 83.498179 136.647056 24.841275 51.860150
596 83.165789 136.853563 24.826552 51.803468
597 82.556870 137.113441 24.680791 51.846377
598 81.124471 137.674908 24.618093 51.442559
599 80.234423 137.830280 24.580598 51.443941
600 79.048977 137.742201 24.605844 51.486771
601 77.158256 136.799884 24.556144 51.472447
602 75.199585 135.621096 24.478525 50.770538
603 72.710595 135.659121 24.064794 50.730666
604 71.092467 135.821054 24.195858 50.523981
605 69.442875 136.079713 24.172743 50.757900
606 67.683063 136.701078 24.311718 50.563924
607 65.319954 137.017792 24.087453 50.754075
608 63.206627 137.086349 24.074822 50.617005
609 62.234569 137.116932 24.179029 50.889557
610 61.075137 137.192751 24.245269 50.913780
611 59.820374 137.541922 24.339217 51.276849
612 58.987531 137.687354 24.230537 51.713993
613 57.772868 137.948446 24.295137 51.818063
614 55.556583 137.769166 24.168675 51.533103
615 55.681564 138.035436 24.445680 51.809275
616 53.381109 137.680261 24.177671 51.531620
617 52.112544 137.932785 24.268105 51.529158
618 51.893296 138.204296 24.461234 51.994394
619 51.844020 138.251134 24.385421 51.833818
620 50.856303 138.298579 24.439743 51.622607
621 49.865266 138.302921 24.208423 51.757415
622 49.434655 138.299172 24.371490 51.613351
623 48.816315 138.032462 24.249765 51.682620
624 48.674438 138.089872 24.335492 51.892006
625 47.424665 137.974734 24.318955 51.742746
626 46.721587 137.727587 24.319775 51.770188
627 46.491690 137.431986 24.312713 52.104129
628 46.415633 137.197683 24.409725 52.470933
629 46.095715 136.677076 24.314859 52.162642
630 45.837995 135.579920 24.354900 52.716091
631 45.564779 133.915343 24.302751 52.889370
632 45.914588 131.679556 24.575608 53.136284
633 48.130245 128.354647 25.027765 54.454657
634 51.142843 126.495558 25.399681 55.271534
635 53.879439 125.353957 25.492404 56.700539
636 56.847158 124.449935 25.253362 58.304001
637 59.660031 123.895675 25.328384 59.716190
638 62.608242 123.944033 25.373830 61.463359
639 62.683616 123.919289 25.562658 61.497692
640 65.901919 125.464602 25.765447 61.427657
641 68.645846 126.510943 25.747820 62.373143
642 76.971152 130.987273 24.962171 62.120235
643 80.856047 132.549284 24.504553 63.038290
644 84.167394 134.402025 24.854395 63.691401
645 87.412843 135.500489 24.766558 64.923724
646 90.396960 137.734770 24.999454 64.652041
647 94.301704 141.858895 24.552469 64.433906
648 97.095866 143.836053 24.884127 64.410617
649 99.316698 145.233428 24.912806 64.665132
650 99.355422 145.399464 25.060055 64.925654
651 99.295666 145.139320 25.424481 64.944979
652 97.801935 142.665095 25.033245 63.891277
653 97.494585 139.902256 24.818110 63.449713
654 96.350015 136.214630 24.350487 63.019603
655 95.753764 135.112447 24.303300 62.624808
656 94.031513 133.572664 24.266052 61.520668
657 92.634646 131.331411 24.036172 61.350061
658 91.155816 129.203338 24.129861 59.985028
659 90.293888 125.745831 24.002936 59.471549
660 90.112287 123.618745 24.241784 58.630098
661 90.300607 121.062212 24.366533 58.710251
662 89.735850 119.254944 24.298526 58.010588
663 89.770429 119.497399 24.478348 58.279248
664 88.445275 116.054659 24.216411 57.902891
665 87.248643 113.880505 24.059727 56.819557
666 84.355150 108.088245 23.941408 55.611831
667 83.671422 106.289688 23.872762 55.583384
668 82.783835 102.901596 23.829886 56.096277
669 82.340218 100.658785 23.877560 56.295351
670 81.673681 98.498094 23.950232 55.889004
671 81.088678 96.055022 23.646238 56.209855
672 80.576905 94.673989 23.772305 56.025930
673 80.220061 91.425108 23.574463 57.201112
674 78.784397 88.431646 23.960972 56.557406
675 77.555052 85.247034 23.598595 56.622199
676 75.236052 82.322460 23.696898 56.117850
677 72.932846 78.753979 23.699945 55.256271
678 70.778666 74.187936 23.659164 54.793756
679 69.525437 70.692939 23.592686 54.891823
680 68.183906 66.948243 23.918217 54.252831
681 67.414616 65.389922 23.785824 54.315969
682 66.761088 64.025783 24.122058 54.097836
683 66.325767 62.196374 24.288292 54.121469
684 65.423104 58.859379 23.958521 54.307401
685 65.092302 58.217128 23.915606 54.423952
686 64.889750 57.570435 23.929192 54.144999
687 64.860394 57.655599 24.111049 54.515169
688 64.889679 57.019490 24.434499 54.647847
689 64.740143 56.473046 24.373004 54.788778
690 64.777792 56.468366 24.506984 54.842743
691 65.007939 56.585584 24.998571 54.866148
692 65.116099 56.548505 24.977922 54.948631
693 65.150668 56.564274 25.065436 54.938718
694 65.389496 56.601508 25.566723 54.924238
695 65.618593 56.584967 26.051194 55.157632
696 65.922702 56.804587 26.497445 55.448638
697 65.997975 56.704916 26.555468 55.829927
698 66.365782 56.783875 26.998119 56.033133
699 66.457499 56.829913 27.125674 56.706184
700 66.769425 56.631894 27.561208 57.365551
701 67.060400 56.706192 27.973576 57.327046
702 67.108466 56.536260 27.954580 57.681903
703 67.145278 56.719293 27.970464 57.852668
704 67.229141 56.702079 27.936967 57.857989
705 67.485362 55.233557 27.749279 58.386763
706 67.751127 54.570569 27.866205 58.661121
707 67.936881 54.115619 27.888526 59.342426
708 68.046793 54.069655 27.943320 59.506463
709 68.581196 53.813836 27.711031 60.140347
710 70.974315 52.532265 27.388915 60.647122
711 71.038885 52.798836 27.460096 60.787039
712 72.943087 52.179335 27.303955 60.757015
713 75.764566 52.156035 27.409890 60.463655
714 80.292301 53.348567 27.194489 60.174668
715 83.348980 54.346941 27.341752 59.961808
716 86.837470 53.971038 27.369036 59.868147
717 90.534110 54.716469 27.192431 59.586679
718 93.797896 55.315224 27.441508 60.130877
719 96.453843 55.878112 27.284897 60.491628
720 99.993967 55.976466 27.239085 60.907781
721 103.951105 56.462529 26.991769 60.721195
722 107.885694 56.504239 26.658168 60.614596
723 111.940728 56.472072 26.617923 60.753641
724 115.313579 56.499561 26.749508 60.832336
725 118.472166 56.726382 26.745071 60.849797
726 121.164723 57.130240 26.810667 60.331623
727 124.036806 57.563206 26.815387 60.212249
728 126.857408 58.221865 26.970957 59.737054
729 129.544236 58.529050 26.759665 59.282581
730 132.198902 58.589176 26.967900 58.938811
731 135.550403 57.590035 26.636858 58.825323
732 138.664616 56.831520 26.795018 58.353624
733 141.486712 56.074166 26.751780 57.880673
734 143.537318 55.458930 26.702756 57.561265
735 143.711120 55.771881 26.958142 57.771756
736 145.449183 55.077724 26.918981 57.453274
737 147.424255 53.832894 26.849967 57.137954
738 152.139365 48.680623 26.156437 57.533346
739 152.670410 48.676668 26.426350 57.781906
740 153.037256 48.353811 26.433457 57.827525
741 154.427032 46.156264 26.287199 57.674820
742 155.375714 42.763797 26.017016 58.221413
743 155.651199 42.332611 26.423420 58.284840
744 155.825609 41.396062 26.392539 58.360087
745 156.628214 39.487236 26.409134 58.342151
746 158.195220 37.370661 26.389532 58.168359
747 159.468315 36.184356 26.305115 58.183604
748 161.880480 33.442741 26.132993 58.105361
749 163.623976 33.005558 26.425866 57.834858
750 165.801623 31.913068 26.314091 57.332127
751 167.785733 30.633240 26.478906 56.887701
752 169.945696 30.221075 26.430679 56.291552
753 172.525126 29.896259 26.381914 55.828590
754 175.258918 30.479897 26.417337 55.230177
755 177.497229 31.234858 26.398545 54.759268
756 180.009606 32.021720 26.275083 54.906743
757 181.878358 32.850438 26.632339 54.710441
758 184.062327 34.163553 26.862633 54.678886
759 184.126388 34.389442 26.986923 54.827713
760 186.064835 35.585522 26.926612 54.538414
761 187.435002 36.844861 26.880455 55.083307
762 189.681457 42.060770 26.740802 55.329691
763 190.035489 42.500988 26.986361 55.412853
764 190.810783 43.644817 26.938719 55.024857
765 190.966706 44.093336 26.957740 55.341234
766 191.073117 44.397741 26.986474 55.336624
767 191.231210 45.211711 26.987201 55.394798
768 191.477629 45.906282 27.052664 55.422888
769 192.064141 46.459048 27.467801 55.328600
770 192.177954 46.742424 27.497044 55.380595
771 192.912472 47.937015 27.456054 55.180471
772 193.004480 48.304012 27.482412 55.343299
773 192.983817 49.025164 27.510480 55.504102
774 193.142829 49.925312 27.997375 55.953225
775 192.953564 51.473308 27.974917 56.248623
776 192.808791 52.770149 27.996424 56.671964
777 192.388234 55.091427 27.866348 57.588533
778 192.187040 56.424920 27.914169 57.748804
779 191.862151 58.066141 27.679130 58.130351
780 191.755657 59.158959 27.903924 58.228599
781 191.717408 60.065088 27.888808 58.251698
782 191.386578 61.699430 27.822935 58.398164
783 191.449859 61.934486 27.948070 58.281183
784 190.761702 64.255475 27.829124 58.463078
785 189.170297 67.341016 27.595303 58.079277
786 188.489626 68.504181 27.711716 58.182527
787 187.777090 70.180828 27.618313 58.250970
788 187.801834 70.796065 27.921712 58.238395
789 187.528294 71.680896 27.804186 58.368721
790 187.216788 72.577477 27.829309 58.335805
791 187.074501 73.179205 27.904747 58.261707
792 187.116111 73.570858 27.951561 58.284986
793 187.121141 73.974905 27.935639 58.265621
794 187.099056 74.359728 27.949494 58.264195
795 186.858401 74.977678 27.895250 58.131767
796 186.914596 75.282290 27.955410 58.294766
797 186.933149 75.529632 27.939565 58.279942
798 186.952819 75.836298 27.948744 58.282681
799 186.985801 76.139650 27.957566 58.284938
800 187.006574 76.504735 27.965473 58.260209
801 187.015529 76.775724 27.963541 58.282199
802 186.848663 77.198128 27.941047 58.260669
803 186.578894 77.724992 27.893624 58.201764
804 186.294272 78.253030 27.898556 58.221552
805 185.903455 78.793959 27.844922 58.201501
806 185.681077 79.310211 27.893104 58.217307
807 184.756730 80.283093 27.681109 58.298897
808 183.749083 81.265365 27.661448 58.162789
809 181.800268 82.470562 27.616899 57.937523
810 180.700196 83.790297 27.674958 57.828634
811 179.926525 84.957249 27.878774 57.717353
812 179.009531 86.511411 27.653171 57.779005
813 176.595675 88.312531 27.739210 57.526492
814 175.639869 90.063769 27.636387 57.875203
815 175.033625 91.580010 27.664713 57.896932
816 174.454097 92.898908 27.730545 58.029612
817 173.988832 94.082411 27.873976 58.515925
818 173.547271 94.974755 27.864237 58.968381
819 173.603931 95.209158 27.974631 58.832395
820 173.605367 95.536590 27.984183 58.833985
821 173.617959 95.907140 27.972264 58.818514
822 173.542932 96.692798 27.981552 58.856601
823 173.375288 97.685559 27.961565 58.814182
824 173.266204 98.203232 28.020884 58.796776
825 173.097526 99.178338 28.447012 58.711011
826 172.912687 100.129664 28.424658 58.731726
827 172.212421 101.086138 28.293143 58.767503
828 171.755945 101.821034 28.271442 58.792989
829 171.282561 102.811476 28.313808 58.840638
830 170.578201 104.038597 28.329953 58.681280
831 169.887345 105.021911 28.293084 58.752916
832 169.880990 105.385777 28.408324 58.801910
833 169.105002 106.419731 28.285037 58.780787
834 168.841379 107.114365 28.344073 58.693976
835 167.771340 108.418503 28.024610 58.874117
836 165.576825 110.072697 28.081968 58.485643
837 163.011524 111.533745 28.147029 57.732944
838 161.821253 112.024286 27.891680 57.818285
839 159.935019 112.342997 27.415899 57.437142
840 157.087246 113.031365 26.910884 56.690529
841 153.687267 114.839644 26.498167 56.176775
842 150.666912 116.489316 26.194116 55.572874
843 149.728277 117.058502 26.149955 55.751743
844 149.147891 116.903887 26.116739 55.503468
845 146.607021 116.208532 25.721291 55.038157
846 145.221232 116.490490 25.706230 54.810572
847 142.631825 116.516600 25.484847 53.679133
848 141.277411 116.736643 25.261504 53.575303
849 140.528030 116.861310 25.166772 53.615307
850 139.381840 115.825322 25.012073 53.311183
851 138.938535 115.453750 25.162809 52.938936
852 138.811844 115.385753 25.201487 52.755952
853 137.396027 114.640990 25.053411 52.613439
854 137.196441 114.593910 25.196401 52.629517
855 136.963714 114.628359 25.197215 52.735573
856 136.738704 113.644800 24.991669 52.969494
857 136.321446 112.548680 24.617915 52.591437
858 136.088627 110.432175 24.437187 52.956006
859 136.065575 109.871320 24.430912 52.881730
860 135.950537 107.832338 24.330021 53.264283
861 136.194542 105.273936 24.269091 54.133989
862 136.786260 101.195283 24.151684 54.737335
863 137.687443 98.085352 24.471148 55.371536
864 138.682721 93.464151 24.192790 55.942809
865 139.499725 91.224845 24.412416 56.247605
866 140.114586 89.551856 24.383951 56.707876
867 140.838330 87.689046 24.505202 56.792725
868 142.382909 84.838623 24.800380 57.202353
869 143.310287 83.089443 24.996942 57.395904
870 144.133014 81.766526 25.029019 57.503510
871 144.885716 81.335618 25.400723 57.913028
872 145.099564 81.363452 25.440658 57.798420
873 145.713448 81.298265 25.447506 57.727096
874 146.319510 81.179792 25.554499 57.900140
875 147.289816 80.798067 26.069321 57.818172
876 147.682434 80.896196 26.451859 57.789619
877 147.913222 80.980036 26.501592 57.836129
878 148.459407 81.034760 26.944554 57.782008
879 148.781212 81.200902 26.913712 57.740357
880 148.940493 81.431988 26.961222 57.787545
881 149.433003 81.811368 26.935184 57.731848
882 149.802213 82.077778 26.922490 57.697739
883 150.665378 82.018293 26.945051 57.928873
884 152.544032 82.706466 26.955498 57.829174
885 154.783210 85.740402 26.958840 58.065864
886 156.624043 88.847086 26.898834 58.282065
887 157.816357 90.749848 26.979358 58.153770
888 159.049051 92.108022 27.014393 58.398091
889 160.274495 94.061561 27.617194 58.207223
890 160.926702 95.158217 27.975220 58.200545
891 161.261887 95.439891 28.037325 58.393031
892 162.511874 95.621252 28.517305 58.410435
893 163.561404 95.629746 29.021251 58.234141
894 164.365847 96.033195 29.429102 58.301354
895 164.820464 96.786094 29.446898 58.267548
896 164.810216 97.843312 29.443694 58.434162
897 164.663619 98.901999 29.465849 58.330301
898 164.403663 101.965220 29.449378 58.414962
899 164.270824 103.947056 29.421273 58.238047
900 163.958264 105.376597 29.379564 58.265094
901 163.720367 106.294156 29.436134 58.195694
902 163.335633 107.509693 29.291242 58.155664
903 162.984971 109.018030 29.384406 58.100723
904 161.419862 111.011070 29.032865 58.029071
905 160.686424 112.777160 29.211253 58.065435
906 159.696549 114.191114 29.166197 57.990800
907 159.866164 114.340425 29.444852 57.794689
908 160.164036 115.330803 29.407347 57.473007
909 160.434677 117.173602 29.508689 56.985436
910 160.821502 119.161908 29.924157 56.922410
911 160.767597 122.322032 29.972567 56.901870
912 160.730741 123.804857 29.990308 56.809506
913 160.797897 124.614224 29.959027 56.709139
914 161.304645 125.613215 29.930042 56.537524
915 162.327596 126.771646 29.875637 56.428927
916 162.861182 127.603589 29.898751 56.066288
917 163.173127 129.237161 29.947726 56.151161
918 163.174125 131.812123 29.894733 56.394231
919 162.883788 135.125255 29.977306 56.250216
920 162.932418 135.629725 29.935900 56.259977
921 163.127509 135.979694 29.937512 56.234410
922 163.599234 136.386759 29.883938 56.131958
923 164.647697 136.668922 29.695865 56.222079
924 164.877037 136.887648 29.943290 56.268378
925 164.915163 137.091377 29.959037 56.299306
926 164.954187 137.281279 29.956392 56.288751
927 165.064665 137.412337 29.926652 56.312936
928 165.183446 137.511772 29.930032 56.300831
929 165.378432 136.851552 29.821828 56.379632
930 165.606608 135.957543 29.770553 56.327433
931 166.235096 132.676493 29.025098 56.578916
932 167.177694 128.294763 28.526607 57.496158
933 167.947725 126.489535 28.631936 57.378606
934 168.943141 124.395924 28.511896 57.697805
935 169.778014 122.321138 28.446650 57.804136
936 169.833587 120.479828 27.931871 57.721546
937 169.822657 119.718257 27.634683 57.581316
938 170.018668 119.562809 27.776658 57.747601
939 170.522452 117.945921 27.439712 58.186676
940 171.405029 115.981268 27.132492 58.433417
941 172.080963 114.668716 27.328307 58.373173
942 172.368560 114.031489 27.274303 58.411905
943 172.915109 112.367560 27.055180 58.576851
944 173.212419 111.081845 27.095530 58.931453
945 173.500502 110.625405 27.305678 58.905635
946 175.129580 108.122984 27.154413 59.169416
947 176.482832 106.480932 27.264126 59.404577
948 177.428793 106.125381 27.304057 59.215076
949 177.763321 106.320178 27.363090 59.187609
950 177.857676 106.580503 27.429317 59.258255
951 178.074920 106.791155 27.331098 59.144808
952 178.594567 106.508771 27.357258 59.176686
953 179.237988 106.176784 27.462130 59.373618
954 181.334307 104.230005 27.068432 58.956013
955 181.633632 104.133489 27.434979 58.787143
956 182.860238 101.682359 26.988477 58.553537
957 183.478489 100.698074 26.780671 58.931436
958 184.088057 99.965046 26.823230 58.965790
959 184.731586 97.386508 26.570015 58.649334
960 184.950026 96.320919 26.562271 58.535830
961 184.595948 95.119104 26.642588 58.097590
962 183.781344 94.643586 26.480821 57.646997
963 183.799899 94.910568 26.462906 57.793162
964 183.855554 95.120194 26.450968 57.753951
965 184.390286 95.138633 26.395270 57.514666
966 184.465872 95.479414 26.443849 57.769566
967 184.518892 95.694994 26.432669 57.766427
968 184.592574 95.953211 26.434465 57.692371
969 184.787012 96.259842 26.367583 57.565939
970 185.323027 96.498486 26.344278 57.472249
971 185.859927 96.631787 26.357844 56.893612
972 186.639228 96.526188 26.436359 56.551994
973 187.402390 96.491185 26.455260 56.624056
974 187.684792 96.704198 26.402105 56.677233
975 187.907746 96.509894 26.414037 56.629364
976 188.544783 95.397935 26.361320 56.689885
977 188.754072 94.825318 26.476147 56.679646
978 189.134904 94.064981 26.413331 56.634974
979 190.085345 93.138523 26.407799 56.688961
980 191.128580 92.541942 26.391865 56.676338
981 192.378310 91.328813 26.418374 56.719573
982 192.908499 91.317905 26.262490 56.511344
983 193.360194 90.927562 26.429663 56.850177
984 194.059993 90.302946 26.174004 56.478364
985 194.314938 90.368126 26.447394 56.289335
986 195.163653 90.127433 26.153530 55.985812
987 195.653627 89.968016 26.421800 55.737754
