2 234.871744 13.896874 266.117274 406.486722
3 236.659196 32.192303 254.079840 390.408322
4 244.628002 35.515461 241.480653 377.939734
5 245.176192 25.621046 227.853832 362.568804
6 246.882516 21.805316 214.006642 339.848043
7 253.738722 19.771340 198.480896 316.164598
8 259.742899 24.809905 184.514687 291.353143
9 267.052741 26.808178 174.154255 268.569884
10 274.651602 31.685219 162.866861 250.943225
11 280.189631 32.480268 151.348575 232.529917
12 277.390014 36.935492 144.206710 210.560071
13 281.098109 34.535051 138.547783 195.227791
14 282.209173 35.614698 137.097455 192.732146
15 283.141916 36.526358 135.870917 190.822461
16 283.762493 37.229571 134.694404 189.306945
17 284.343256 37.814796 133.950437 188.125009
18 284.763031 38.461796 133.016548 187.198447
19 285.420207 39.052124 132.452263 186.227694
20 285.806828 39.595888 131.559571 185.304468
21 286.401425 40.075065 131.011941 184.354176
22 287.426095 40.364988 129.632108 181.561718
23 288.266937 40.907991 128.471380 179.768410
24 288.853658 41.135632 127.167821 178.211469
25 289.356957 41.422151 126.664100 177.364432
26 289.751583 41.718214 126.387568 176.642383
27 290.040441 41.984529 125.872637 176.211314
28 290.275962 42.258422 125.508515 175.849993
29 290.728859 42.286797 125.406870 175.293869
30 290.916732 42.478870 125.072439 174.940600
31 291.313183 42.367595 124.955638 174.379125
32 293.067374 41.572238 121.880001 170.259932
33 294.278971 42.410450 119.514865 168.575807
34 295.465333 43.274572 117.897148 167.168735
35 296.101832 43.963642 116.637995 166.054269
36 296.826614 44.690870 115.733964 165.095412
37 297.437183 45.305021 114.894280 164.284030
38 297.845157 45.764385 114.160352 163.438240
39 298.175891 45.993072 114.050736 162.849010
40 298.489076 46.169601 114.216391 162.592794
41 298.718237 46.472598 114.219072 162.596781
42 298.855179 46.673842 114.427958 162.877094
43 298.887678 46.734930 114.427958 162.877094
44 298.920178 46.796017 114.427958 162.877094
45 298.952677 46.857105 114.427958 162.877094
46 298.985176 46.918192 114.427958 162.877094
47 299.017676 46.979280 114.427958 162.877094
48 299.050175 47.040368 114.427958 162.877094
49 299.082674 47.101455 114.427958 162.877094
50 299.115174 47.162543 114.427958 162.877094
51 299.147673 47.223630 114.427958 162.877094
52 299.459861 47.209535 114.313101 162.902238
53 299.549789 47.258050 114.427958 162.877094
54 299.582289 47.319138 114.427958 162.877094
55 299.614788 47.380226 114.427958 162.877094
56 299.647287 47.441313 114.427958 162.877094
57 299.679787 47.502401 114.427958 162.877094
58 299.712286 47.563488 114.427958 162.877094
59 299.744785 47.624576 114.427958 162.877094
60 299.777285 47.685663 114.427958 162.877094
61 299.809784 47.746751 114.427958 162.877094
62 299.896701 46.557835 114.283661 162.131227
63 299.999351 46.672391 114.421516 162.321891
64 300.034351 46.709452 114.422564 162.340689
65 300.068706 46.734426 114.422345 162.338542
66 300.103117 46.759125 114.422116 162.338031
67 300.137658 46.784203 114.422133 162.338139
68 300.172207 46.808948 114.422083 162.338093
69 300.207022 46.836777 114.422247 162.341464
70 300.241672 46.862704 114.422253 162.341092
71 300.275474 46.895938 114.423022 162.342975
72 300.308770 46.926704 114.422902 162.341464
73 300.343798 47.005608 114.427958 162.377471
74 300.376297 47.066508 114.427958 162.377471
75 300.408796 47.127408 114.427958 162.377471
76 300.441296 47.188308 114.427958 162.377471
77 300.473795 47.249208 114.427958 162.377471
78 300.506294 47.310109 114.427958 162.377471
79 300.538794 47.371009 114.427958 162.377471
80 300.571293 47.431909 114.427958 162.377471
81 300.603793 47.492809 114.427958 162.377471
82 300.910269 45.114650 114.005453 160.212232
83 301.315260 45.513042 114.085651 159.751720
84 301.583720 45.741804 114.283951 159.574883
85 301.752010 46.059038 114.286348 159.582047
86 301.874795 46.296274 114.388549 159.803482
87 301.948068 46.424768 114.385301 159.797203
88 302.022938 46.556379 114.385361 159.797318
89 302.097778 46.687933 114.385361 159.797318
90 302.172618 46.819487 114.385361 159.797318
91 302.247458 46.951040 114.385361 159.797318
92 302.198863 46.938055 114.690978 160.155418
93 302.285306 46.976713 115.167179 160.586704
94 302.389455 47.080726 115.609450 161.051306
95 302.556697 47.241733 116.021196 161.455573
96 302.770473 47.209000 116.508283 161.446779
97 302.989380 47.180457 117.005194 161.450052
98 303.225611 47.195289 117.444778 161.396600
99 303.242441 47.237216 117.443871 161.395629
100 303.259368 47.279275 117.444700 161.396507
101 303.278350 47.322589 117.439652 161.391070
102 303.266475 45.823963 117.265773 160.325101
103 303.444844 46.024718 117.278985 160.098473
104 303.622692 46.350291 117.263723 160.067424
105 303.822122 46.651147 117.209745 159.852398
106 304.025637 46.823947 117.255991 159.544342
107 304.180014 46.986003 117.205257 159.273491
108 304.374523 47.150595 117.266322 159.003875
109 304.554612 47.473489 117.214037 158.946110
110 304.724448 47.449803 117.256719 158.408824
111 304.828114 47.476322 117.202613 157.961011
112 303.736278 46.860525 119.363621 159.318734
113 303.352651 46.646678 120.115172 159.962600
114 303.262109 46.479816 120.872029 160.264008
115 303.121563 46.438089 121.255582 160.694377
116 302.995124 46.344819 121.731569 161.228132
117 302.894380 46.319019 122.214587 161.655697
118 302.909870 46.367906 122.533430 162.034167
119 302.862305 46.257560 123.082446 162.660226
120 302.722604 46.186353 123.712985 163.186982
121 302.677044 46.143761 123.978359 163.500359
122 301.681155 42.209570 123.947577 163.297964
123 301.697929 42.308405 123.925475 163.373996
124 301.731378 42.371041 123.921981 163.376717
125 301.765811 42.432066 123.922460 163.376359
126 301.799656 42.493162 123.922667 163.376172
127 301.833598 42.554413 123.922548 163.376281
128 301.867528 42.615587 123.922584 163.376242
129 301.901010 42.676639 123.922862 163.376039
130 301.934553 42.737864 123.922732 163.376125
131 301.955135 42.785175 123.925257 163.370036
132 301.967614 42.865883 123.951007 163.340324
133 301.972675 42.968002 123.948163 163.322697
134 301.979041 43.078967 123.948257 163.322759
135 301.987002 43.172016 123.930389 163.369537
136 302.003549 43.241597 123.930584 163.369397
137 302.019750 43.311421 123.930750 163.369225
138 302.035868 43.381322 123.930761 163.369217
139 302.054955 43.450518 123.929194 163.370410
140 302.077710 43.519056 123.927172 163.372234
141 302.103138 43.585971 123.926244 163.372991
142 302.112173 43.732686 123.863291 163.223848
143 302.179658 43.946877 123.839852 163.180391
144 302.265728 44.234938 123.774723 163.009684
145 302.385887 44.602693 123.781192 163.047698
146 302.400575 44.814483 123.790197 162.818028
147 302.478904 44.954459 123.837422 162.638915
148 302.537074 45.191242 123.823078 162.603419
149 302.598413 45.439222 123.836411 162.635294
150 302.452459 45.369500 123.837872 162.228865
151 302.463333 45.492251 123.816308 162.024189
152 302.551365 45.729792 123.921981 162.377471
153 302.586561 45.790692 123.921981 162.377471
154 302.621757 45.851593 123.921981 162.377471
155 302.656953 45.912493 123.921981 162.377471
156 302.692149 45.973393 123.921981 162.377471
157 302.727344 46.034293 123.921981 162.377471
158 302.762540 46.095193 123.921981 162.377471
159 302.797736 46.156093 123.921981 162.377471
160 302.832932 46.216994 123.921981 162.377471
161 302.868128 46.277894 123.921981 162.377471
162 302.281867 36.658370 124.138330 153.159670
163 302.479271 37.281572 124.376073 152.549474
164 302.569825 37.796113 124.345553 152.329833
165 302.688599 38.122554 124.331133 151.956646
166 302.827389 38.279651 124.302940 151.629370
167 302.980447 38.603721 124.302673 151.623311
168 303.132659 38.930725 124.304032 151.622477
169 303.253558 39.262778 124.352178 151.568908
170 303.368040 39.588297 124.315039 151.640119
171 303.496217 39.864599 124.325920 151.670618
172 297.112048 46.699787 129.509459 144.339741
173 297.277185 46.803088 130.054147 144.510673
174 297.430946 47.040983 130.519857 144.967372
175 297.549784 47.063298 131.064140 144.994607
176 297.615168 47.089240 131.571721 144.991565
177 297.760115 47.102266 132.003166 144.971389
178 297.918423 47.138897 132.502489 144.962657
179 298.014319 47.217625 133.012157 144.986559
180 297.971004 47.369729 133.476930 145.046276
181 297.816793 47.681443 133.438768 145.391074
182 298.700060 47.475392 130.966568 146.128186
183 298.965852 47.528634 130.198453 146.599609
184 299.366163 47.641414 129.797224 147.007367
185 299.598843 47.825542 129.587613 147.464200
186 299.940340 47.780346 129.579114 147.465980
187 300.216968 47.721754 129.677032 147.466908
188 300.460289 47.652107 129.580956 147.504762
189 300.736741 47.828752 129.680057 147.964707
190 300.963251 47.777322 129.684229 147.962794
191 301.159465 47.687894 129.631681 147.987071
192 301.309338 47.444900 129.006424 147.676668
193 301.529789 47.425797 129.008930 147.843902
194 301.467875 46.975933 128.206866 147.629928
195 301.573119 47.009444 128.119221 147.856153
196 301.721481 46.946045 128.161666 147.860755
197 301.848927 46.871539 128.140159 147.857099
198 302.059834 46.827266 127.977833 147.811150
199 302.034418 46.713356 127.189380 147.723930
200 302.203043 46.749859 127.032218 147.797099
201 302.453392 46.756976 127.035361 147.792046
202 302.752430 46.994108 126.438039 146.870243
203 302.935736 47.156496 125.481131 146.079463
204 302.996336 47.412654 124.670707 145.642391
205 303.337842 47.735234 124.319386 145.333809
206 303.483947 47.878627 123.871519 144.848447
207 303.639782 48.053442 123.616952 144.594458
208 303.936891 48.374562 123.580683 144.542429
209 303.957783 48.519790 123.293440 144.101902
210 304.084801 48.762944 123.030811 143.980603
211 304.395864 48.845015 123.036193 143.544713
212 304.807657 49.389889 122.956351 143.208408
213 304.914531 49.863056 122.541719 142.791030
214 305.276246 50.278995 122.461314 142.243716
215 305.296355 50.856894 121.716694 141.410922
216 305.524612 51.095983 121.589285 140.970490
217 305.766386 51.203353 121.763778 140.714410
218 305.922025 51.441028 121.756663 140.709186
219 305.654014 51.957211 120.932150 139.889811
220 305.781784 52.146107 120.646425 139.575004
221 306.055439 52.496332 120.639755 139.565257
222 306.182515 52.035009 119.908459 139.784054
223 305.909927 51.098813 119.036631 139.780816
224 306.066647 50.846855 118.797731 139.910392
225 306.162220 50.821350 118.810329 139.935980
226 306.251580 50.783953 118.811447 139.935466
227 306.340245 50.746519 118.811367 139.935653
228 306.428904 50.708711 118.811061 139.935813
229 306.431114 50.500605 118.506745 140.000648
230 306.490238 50.452352 118.366662 140.427404
