2 867.329915 382.330871 94.810697 271.861070
3 867.360807 379.955419 97.558178 273.230176
4 867.171462 377.036013 102.302234 275.848017
5 866.751547 375.879925 105.263370 277.061332
6 866.765180 375.608357 106.099395 277.854663
7 866.911119 375.142656 107.124811 278.382530
8 867.031902 374.533650 108.122706 278.850855
9 867.182889 373.813283 109.113707 279.518407
10 867.345579 373.526190 109.798145 280.368580
11 867.409386 373.177079 110.285565 280.749663
12 867.455746 372.904186 110.826249 281.190080
13 867.482738 372.833104 111.166303 281.478657
14 867.631643 372.680740 111.567549 281.445288
15 867.825192 372.605960 112.028519 281.366294
16 868.045113 372.608839 112.482421 281.341824
17 868.041420 372.643511 112.459118 281.337488
18 868.047495 372.663880 112.476933 281.344669
19 868.041583 372.699196 112.461805 281.332817
20 868.019283 372.703834 112.511507 281.367757
21 868.175971 372.589349 113.152024 281.452791
22 868.218185 372.447220 113.753903 281.400925
23 868.116071 372.290245 114.483293 281.399287
24 867.937383 372.088290 114.948521 281.483315
25 867.787164 371.902912 115.365911 281.406549
26 867.640766 371.658225 115.958381 281.494685
27 867.500515 371.497123 116.342078 281.396187
28 867.473927 371.441699 116.661566 281.344159
29 867.571778 371.424008 117.062373 281.343394
30 867.677997 371.342926 117.674584 281.398415
31 867.684716 371.171220 118.351110 281.473396
32 867.474556 370.753134 119.287072 281.678311
33 867.244187 370.250097 120.654376 282.406484
34 867.262838 369.924472 121.536244 282.695863
35 867.397663 369.845245 122.305664 283.045368
36 867.368438 369.626780 123.028902 283.776666
37 867.463936 369.168119 124.215318 284.335182
38 867.410921 368.659904 125.192525 284.819412
39 867.361527 368.058243 126.247009 285.446141
40 867.201256 367.050885 127.246018 286.318755
41 866.930843 365.876053 128.520765 287.549795
42 866.017061 363.836653 130.283522 290.166861
43 865.567912 362.835101 131.476601 291.704608
44 865.240690 361.751181 132.405416 293.425210
45 865.190728 359.992842 133.702478 295.353171
46 865.307081 359.456954 134.434954 295.977275
47 865.360620 359.148117 134.625903 296.148907
48 865.542075 359.150245 134.946332 296.501668
49 865.483203 359.061150 134.939811 297.209953
50 865.454608 358.335627 135.119264 298.346743
51 865.675253 357.463587 135.784768 299.397826
52 865.812220 356.888440 136.210775 300.034948
53 865.978865 356.780854 136.615382 300.690575
54 866.177805 356.882906 136.931244 300.872992
55 866.222779 356.875148 136.942356 300.892627
56 866.257337 356.876634 136.932962 300.874743
57 866.297878 356.839367 136.954186 300.922610
58 866.315716 356.835951 136.925724 300.862328
59 866.341069 356.892070 136.910868 300.824006
60 866.372655 356.971398 136.909634 300.819327
61 866.404106 357.053482 136.908974 300.817504
62 866.439160 357.134726 136.911816 300.825312
63 866.469312 357.213917 136.908791 300.817002
64 866.499983 357.297795 136.907929 300.814634
65 866.531085 357.382857 136.907929 300.814634
66 866.562187 357.467919 136.907929 300.814634
67 866.592577 357.543450 136.919681 300.820346
68 866.573387 357.444710 137.098179 300.930274
69 866.753192 357.458432 137.427688 300.814433
70 866.854854 357.348625 137.503324 300.924748
71 867.151229 357.290260 137.956254 300.882967
72 867.475791 357.040521 138.020537 300.985461
73 867.825040 356.908856 138.456881 300.890689
74 867.866425 356.922376 138.427235 300.845133
75 867.887710 356.992188 138.406920 300.814634
76 867.919153 357.077250 138.406920 300.814634
77 867.947670 357.157288 138.414192 300.815064
78 867.639990 356.981919 138.554135 300.842794
79 866.821466 355.728955 139.397609 301.235644
80 866.384820 354.996493 139.742295 301.643680
81 865.987879 350.691034 140.868378 305.142963
82 865.886426 350.082259 141.374924 305.974066
83 865.876289 350.008014 141.465380 305.841321
84 865.777722 350.000230 141.475777 305.838548
85 865.295058 349.935306 141.572452 305.678001
86 864.808119 349.912310 142.077651 305.819361
87 855.751703 345.693391 142.952746 305.637744
88 868.249454 339.995937 144.690892 306.032320
89 928.968241 348.710691 144.246995 305.985784
90 929.086475 348.696846 144.420362 305.809468
91 929.119176 348.739920 144.432124 305.845610
92 929.148450 348.774858 144.432096 305.846471
93 929.175311 348.754372 144.466920 305.914306
94 929.188241 348.670568 144.474120 305.949427
95 929.238485 348.280282 144.631040 306.238172
96 929.477545 347.616692 145.187733 306.929654
97 929.701158 345.831591 146.237174 308.385001
98 929.797132 343.954699 147.633557 310.413385
99 930.021815 341.695068 149.675850 312.980104
100 930.133000 339.268943 151.736004 315.252138
101 930.180951 335.559037 154.023635 318.700897
102 930.276049 333.885552 155.508251 320.887135
103 930.442753 333.266816 156.435214 321.693322
104 930.339919 331.652646 157.619726 323.837616
105 930.444431 329.704512 159.688534 325.774192
106 930.546377 328.775644 160.747116 326.840155
107 930.654801 328.420861 161.427329 327.249403
108 930.672015 328.069297 161.999181 327.859427
109 930.661926 327.482864 162.498904 328.473509
110 930.652587 326.862434 162.884935 328.900312
111 930.659513 324.986458 163.832841 330.557875
112 930.744954 320.679888 165.667205 334.888345
113 931.315034 313.013176 170.110256 340.394036
114 931.206451 310.904716 172.582998 341.350620
115 931.226349 307.677469 175.117253 343.387477
116 931.931272 297.774279 180.772376 347.587812
117 932.335716 295.407368 184.313950 349.835372
118 933.374567 293.914996 188.873952 351.348512
119 935.228707 288.540538 194.684919 354.330920
120 941.722386 297.278494 216.880557 355.704959
