2 544.611515 145.435573 35.708441 90.418066
3 543.244321 145.437374 36.385292 89.617411
4 540.161854 146.791687 35.980620 88.971006
5 538.747893 148.349936 35.658962 87.365948
6 535.967831 150.961947 35.702672 83.886349
7 534.586036 150.779568 35.500893 83.406812
8 532.028273 152.577353 35.864947 80.228948
9 529.313373 137.394490 35.612222 81.154202
10 525.798584 146.422606 35.760882 77.845544
11 524.047453 152.463307 36.043066 77.930281
12 520.804529 155.600352 35.990168 76.640886
13 514.909045 121.259044 36.689190 77.735655
14 512.058161 150.972996 37.736785 76.951551
15 511.472389 149.232385 38.081559 76.992055
16 507.959315 146.405655 37.914000 77.861981
17 504.424638 143.403952 37.651433 78.985180
18 501.734589 143.330834 38.002867 79.930057
19 498.110871 148.925212 37.732385 81.427830
20 496.238326 149.713888 38.151250 81.624072
21 494.096006 141.527410 38.443805 82.379939
22 490.050256 142.192778 37.402844 83.721545
23 489.348210 142.193931 37.410581 83.725259
24 482.517626 143.992402 37.476459 82.552853
25 481.957117 144.720533 37.553008 83.159022
26 476.493248 144.374056 37.318432 84.749419
27 474.691490 143.452925 37.784711 84.847599
28 473.421119 143.118914 38.142690 84.975191
29 469.836932 144.324531 37.821924 86.267896
30 469.268721 144.029188 37.915214 86.380513
31 464.916355 142.080569 37.557621 85.523623
32 461.237508 146.263050 37.915250 86.126547
33 459.603103 147.792059 38.073492 86.785813
34 456.143556 147.982757 38.609582 87.905527
35 454.899193 148.095651 39.016259 88.067613
36 451.589157 147.722891 39.067694 88.058950
37 448.765666 150.249774 39.175472 87.207145
38 445.848766 149.658680 39.241101 87.190593
39 443.943887 148.918470 39.522427 86.560693
40 439.402472 145.204581 39.502670 87.475449
41 438.261899 145.992846 39.858641 88.907488
42 434.874618 147.041479 39.750944 89.828650
43 433.053609 146.044073 39.898579 90.112112
44 427.950894 143.631137 40.216555 91.449180
45 423.634226 145.569073 40.360786 90.772578
46 418.942126 140.657063 40.576013 89.086218
47 414.956251 142.366975 41.542385 89.380283
48 410.382987 143.888211 41.593223 90.511486
49 410.111822 144.544798 41.919693 90.994724
50 406.432908 145.984681 40.735012 92.668004
51 405.745561 147.510376 40.214161 92.966616
52 403.685708 146.632009 40.534254 93.430261
53 403.430817 147.043312 43.146543 95.959117
54 394.649474 143.745722 45.157603 97.764803
55 389.689133 116.322340 45.701338 102.023377
56 388.025112 113.178993 46.056955 100.973804
57 386.465412 119.657978 46.561814 100.156155
58 383.952535 125.955859 47.394834 105.507714
59 383.646654 127.848901 47.686571 108.050519
60 385.612869 131.774444 50.543685 106.187524
61 392.651594 131.481104 51.278994 105.846558
62 400.018395 129.336919 50.847542 106.036423
63 401.274166 126.498221 50.370474 107.145236
64 401.309630 125.585139 50.336348 107.918169
65 401.857966 124.382564 50.489287 107.996292
66 401.905232 124.969697 50.448906 107.644805
67 401.721384 126.210206 50.476654 107.134616
68 400.283376 128.384365 50.603463 106.142887
69 398.832861 132.712556 56.099261 101.335312
70 399.985118 133.773894 57.743457 99.267278
71 397.826093 131.669545 59.103259 97.447246
72 394.846350 138.518131 60.248380 94.646716
73 360.151238 132.470060 60.363953 95.689835
74 360.220012 131.767289 60.376678 95.848283
75 359.021648 130.392137 60.276512 96.437128
76 357.758107 129.935149 60.491363 96.894876
77 355.235746 128.720475 59.953226 97.699321
78 350.451662 127.883218 59.703658 98.782967
79 342.697476 118.772146 60.723536 98.290499
80 339.159626 123.597931 62.145914 100.228806
81 323.714545 105.491771 65.406677 102.855071
82 321.705711 93.190206 68.998933 103.484006
83 319.422918 113.765790 68.907424 104.060774
84 314.686675 138.543265 69.417099 112.587584
85 314.976508 136.207120 69.222010 113.478639
86 314.860920 127.453729 69.391645 113.424442
87 311.277651 100.130939 71.883130 112.773645
88 298.355293 63.748097 72.368365 117.441672
89 298.510316 64.103021 71.786461 120.596195
90 299.220946 60.766452 70.710751 124.598627
91 288.581026 50.843391 72.847975 125.634545
92 256.025288 48.897047 76.234188 121.639899
93 247.310523 48.422557 87.286253 111.914665
94 246.960823 48.793019 88.217394 110.452290
95 246.751785 48.990884 88.963361 109.419228
96 246.557564 49.157021 89.206081 108.945522
97 246.650273 49.181090 89.481470 108.906153
98 246.478741 49.241069 89.605574 108.836361
99 246.500074 49.429578 90.100744 108.762769
100 246.644323 49.526873 90.483071 108.867234
101 246.642923 49.590496 90.439179 108.932874
102 246.622761 49.608243 90.488025 108.848196
103 246.602123 49.664883 90.460160 108.892588
104 246.506382 49.595429 90.572844 108.653585
105 246.605323 49.664571 91.040550 108.778637
106 246.690530 49.644384 91.552335 108.755742
107 246.809002 49.717849 92.025782 108.812395
108 247.032518 49.802493 92.437906 108.930717
109 247.040580 49.835534 92.445726 108.931247
110 247.041853 49.865762 92.447062 108.923638
111 247.052187 49.895477 92.439846 108.926793
112 247.050957 49.933390 92.448985 108.929823
113 246.929538 49.990989 92.522658 108.885597
114 246.182884 50.221751 93.401654 108.633122
115 245.955634 50.506812 93.582410 108.824833
116 245.772088 50.630144 94.133670 108.772525
117 245.917451 50.743882 94.457260 108.915312
118 245.844175 50.808175 94.483454 108.898227
119 245.842147 50.856302 94.436491 108.932874
120 245.863600 50.887105 94.436491 108.932874
121 245.885054 50.917908 94.436491 108.932874
122 245.906508 50.948711 94.436491 108.932874
123 245.892403 50.981775 94.465479 108.904210
124 245.794659 51.033979 94.507057 108.869132
125 245.657716 51.100021 95.099967 108.804360
126 245.301978 51.168995 95.591158 108.749916
127 245.146015 51.327946 96.076607 108.760945
128 245.116424 51.424225 96.535362 108.855847
129 245.319844 51.495470 96.948354 108.927370
130 245.204507 51.462169 96.967544 108.911185
131 244.899396 51.356504 96.916467 108.923971
132 244.848559 51.352699 96.894372 108.943118
133 244.829102 51.222756 96.833586 108.951086
134 244.887763 51.223741 96.916795 108.938648
135 244.912534 51.238980 96.921642 108.936611
136 244.911407 51.151698 96.857290 108.971471
137 244.871856 49.951446 96.554184 109.629192
138 245.060565 49.594753 96.807679 110.206509
139 245.105236 49.150000 96.735515 110.685276
140 245.210712 49.131051 96.885824 111.006071
141 245.248975 49.299593 96.903405 111.427777
142 245.189193 49.002149 96.872790 111.456121
143 245.180129 48.301182 96.846981 111.525021
144 245.139396 48.168074 96.881129 112.069091
145 244.993514 47.804423 96.921740 112.552223
146 244.900818 47.691664 96.906083 113.009850
147 244.742028 46.559305 96.798646 113.517373
148 244.727794 46.826293 96.983377 113.893483
149 244.629265 46.878355 96.950338 113.931822
150 244.581738 46.944005 96.946587 113.893499
151 244.594180 47.002289 96.922276 113.907295
152 244.453404 47.213710 96.810205 113.362233
153 244.247975 47.587733 96.894862 112.892529
154 244.287320 47.681384 96.914492 112.855896
155 244.290615 47.724566 96.889968 112.852340
156 244.330234 47.887814 96.902697 112.783721
157 244.350351 48.240025 96.890153 112.578503
158 244.304720 48.811620 96.905708 112.437633
159 244.289452 48.887570 96.903285 112.285461
160 244.317186 49.029960 96.911680 112.356046
161 244.334052 49.120879 96.895334 112.374038
162 244.341635 49.144925 96.935148 112.451688
163 244.024701 49.125136 97.035402 112.431936
164 243.817101 48.847924 97.473095 112.565714
165 243.371105 48.246213 97.346271 113.311226
166 243.062972 48.110056 97.561620 113.540807
167 243.175337 48.285651 97.956990 113.967928
168 243.154014 48.063191 97.897171 114.022798
169 243.141946 48.148333 97.904965 114.475502
170 243.162164 48.164765 97.923998 114.397749
171 243.185613 48.205849 97.933167 114.427740
172 243.203268 48.228565 97.924713 114.431911
173 243.228719 48.256533 97.930966 114.430426
174 243.247385 48.280285 97.926484 114.431835
175 243.262082 48.307800 97.930087 114.431343
176 243.131091 48.295813 97.915325 114.434259
177 242.604696 48.305272 97.853529 114.257979
178 242.608317 48.427577 97.943676 114.426964
179 242.461966 48.602129 97.941321 114.295247
180 242.292824 49.074340 97.929017 114.086520
181 241.993742 49.624779 98.045202 114.111280
182 241.894504 50.449122 98.450176 113.746834
183 241.875519 50.622966 98.425320 113.861460
184 241.896401 50.692812 98.434751 113.928561
185 241.754223 51.285885 98.465182 113.415000
186 241.492545 51.704006 98.510314 113.029926
187 241.678970 52.025707 98.920036 113.310658
188 241.519238 52.381609 98.981740 113.166896
189 240.911303 55.214585 98.873566 111.119952
190 240.963729 55.401785 98.933467 111.431334
191 240.986204 55.433295 98.933467 111.431334
192 241.008679 55.464805 98.933467 111.431334
193 241.028454 55.599065 98.913168 111.292078
194 241.060602 55.740775 98.930856 111.390475
195 241.082126 55.843973 98.915821 111.360914
196 241.113424 55.910692 98.933467 111.431334
197 241.135899 55.942202 98.933467 111.431334
198 241.146379 56.029537 98.926428 111.387578
199 240.981479 56.947304 98.822257 111.212545
200 240.881745 57.809806 98.886822 111.202502
201 240.301542 59.487180 98.889706 111.148989
202 240.331013 59.961746 98.902400 111.225502
203 240.306538 60.731628 98.892161 111.094551
204 240.349667 60.931529 98.933467 111.431334
205 240.366633 61.075148 98.935086 111.344672
206 240.274695 61.663277 98.913607 111.271333
207 240.224002 61.851481 98.964911 111.414677
208 239.552732 62.384835 99.112315 111.490462
209 238.761349 63.224246 99.740448 111.448587
210 238.530350 64.710645 99.927082 111.221525
211 238.292161 64.780042 100.106239 111.650113
212 237.727352 65.213731 100.824303 112.515211
213 237.061815 65.332099 101.297931 113.434100
214 236.589332 64.939230 101.767966 114.343774
215 235.741010 63.885186 102.375126 116.663991
216 234.879221 62.894288 102.788812 118.603013
217 234.558891 62.962601 103.132987 119.235304
218 234.391180 63.072782 103.575001 119.559717
219 233.951368 63.264840 104.109686 120.097183
220 233.027355 61.789713 104.749157 122.060985
221 232.794250 61.933162 105.051199 122.583664
222 232.609816 62.161370 105.569579 123.024663
223 232.100382 62.487438 106.215477 123.486450
224 232.111689 62.499731 106.486517 123.439385
225 231.917075 62.558747 106.506500 123.436924
226 230.340880 63.312717 107.376687 123.247824
227 230.362908 63.439199 107.439077 123.428797
228 230.161448 63.515358 107.509760 123.455804
229 229.995853 63.623458 108.076223 123.461345
230 229.314872 64.227422 108.577641 123.208986
231 228.138209 64.636329 109.129366 123.476786
232 228.174330 64.584212 109.523809 123.563877
233 228.129205 64.837425 109.996171 123.991480
234 227.755489 64.950823 109.917881 123.969987
235 227.654550 64.997085 109.856197 123.966333
236 227.340551 64.999923 109.880556 124.194832
237 227.171629 64.971737 109.692573 124.896198
238 226.749293 64.983434 109.409117 125.676280
239 226.756342 65.158038 109.425935 125.919941
240 226.750998 65.207205 109.402037 125.922609
241 226.775209 65.254949 109.416364 125.918037
242 226.438682 65.537518 109.338477 125.904603
243 226.103984 65.797551 109.376958 125.950138
244 224.752170 66.260331 109.749148 126.168817
245 223.910337 66.289684 110.298882 126.921455
246 222.968125 66.193536 110.631426 127.527790
247 222.504953 66.373623 111.086549 128.199854
248 221.861889 66.293069 111.658518 129.096786
249 221.505045 66.410201 111.845177 129.782632
250 221.204648 66.316498 111.972309 130.211413
251 221.029005 66.380749 111.976080 130.585967
252 220.821232 66.755935 111.925894 130.918557
253 220.859332 67.099634 111.865140 130.863319
254 220.915216 67.169480 111.924004 130.920587
255 220.941123 67.206738 111.924602 130.919557
256 220.847241 67.843775 111.900217 130.909244
257 220.495008 68.554106 111.919902 130.821454
258 220.065450 69.473361 111.931801 130.846622
259 219.844783 69.716908 111.897311 130.983472
260 219.401120 70.781048 111.983604 130.986014
261 217.836913 75.427560 111.842314 131.369791
262 217.882644 75.550252 111.929045 131.402834
263 217.904658 75.600760 111.925771 131.417463
264 217.774714 76.323892 111.893418 131.295415
265 217.782770 76.488374 111.930370 131.418146
266 217.802674 76.506176 111.923181 131.429847
267 217.759079 76.728130 111.937926 131.396482
268 217.632489 76.797308 111.998820 131.438550
269 217.604245 76.826396 111.934658 131.416961
270 216.935474 77.161979 112.062463 131.373959
271 216.118813 78.158306 112.618629 131.132937
272 215.960959 78.579022 113.021946 131.385402
273 215.130885 80.831974 113.492234 131.395265
274 212.932048 85.900950 113.453137 129.824967
275 212.757321 86.266220 113.435033 129.779487
276 212.672113 86.410112 113.454809 129.907364
277 212.593470 86.482602 113.451800 129.903694
278 212.235129 86.817757 113.502717 129.742455
279 211.931033 87.218567 114.004827 129.755907
280 210.015917 88.755224 114.606482 129.608987
281 208.905225 90.015519 115.020509 129.589020
282 207.133913 92.578264 115.713376 128.728975
283 205.931524 94.758681 116.228974 127.868819
284 205.310930 95.951548 116.578478 127.462762
285 203.245171 98.886927 117.157160 126.168284
286 202.546482 99.983575 117.564074 125.954352
287 201.037285 101.334657 118.289284 125.635341
288 200.419043 101.865014 118.716579 125.795615
289 198.861952 103.508182 119.255959 125.459381
290 195.884685 107.462467 119.980632 124.959857
291 194.943353 109.791116 120.211189 124.369663
292 193.813212 112.161933 120.728117 124.008501
293 193.545543 112.937169 120.937266 124.330070
294 191.661729 115.079358 121.402369 124.331774
295 189.104828 119.070125 121.987066 124.049493
296 187.102257 121.035468 122.679038 124.637284
297 186.971736 121.721510 123.059226 124.883747
298 185.656971 123.478607 123.924451 124.937999
299 183.476045 125.863973 124.531098 124.783427
