21 109.346323 89.150422 136.667853 106.911085
22 109.507066 89.217354 136.966370 106.949473
23 109.518550 89.265093 136.966370 106.949473
24 109.528055 89.331087 136.963607 106.952769
25 109.540921 89.377177 136.966370 106.949473
26 109.552164 89.434599 136.969120 106.947565
27 109.547242 89.572870 136.970910 106.927213
28 109.556456 89.631739 136.966370 106.949473
29 109.567940 89.679477 136.966370 106.949473
30 109.579425 89.727215 136.966370 106.949473
31 109.590909 89.774954 136.966370 106.949473
32 109.602394 89.822692 136.966370 106.949473
33 109.563740 90.375631 136.925273 106.777179
34 109.164963 92.058144 136.982002 106.787021
35 108.740591 92.623073 136.955219 106.816486
36 107.261173 93.447443 136.913233 106.739989
37 107.294111 93.601251 136.966559 106.947545
38 107.305501 93.649953 136.966370 106.949473
39 107.259635 93.713738 136.977208 106.937131
40 106.570997 94.024704 137.096873 106.864288
41 102.905235 95.766277 137.690447 106.415124
42 103.054642 95.831085 137.966124 106.449709
43 103.066210 95.878600 137.966124 106.449709
44 103.029814 95.946962 137.984859 106.447602
45 102.647466 96.400908 138.112241 106.448323
46 102.538504 96.610038 138.593053 106.414608
47 102.365279 97.006575 139.144213 106.428035
48 101.496686 98.464197 139.901082 106.378339
49 101.534990 98.551308 139.967669 106.450380
50 101.513511 98.626728 139.984319 106.448242
51 101.515904 98.674977 139.965633 106.449709
52 101.527640 98.722493 139.965633 106.449709
53 101.539376 98.770008 139.965633 106.449709
54 101.512213 98.959609 140.011756 106.424211
55 101.651748 99.290502 140.561200 106.407036
56 101.820655 99.461545 141.010636 106.425887
57 101.083808 100.592115 141.974311 106.197282
58 100.995845 100.829770 142.021789 106.438507
59 100.189387 101.372970 143.060908 106.357259
60 99.419642 101.854958 143.858813 106.348793
61 98.531458 102.164930 144.338777 106.373657
62 94.503868 103.796012 145.871555 106.062371
63 90.395940 104.490192 146.705038 106.124839
64 90.527636 104.698776 146.968401 106.449572
65 90.411005 104.765871 147.022704 106.448470
66 82.934372 105.832112 149.025596 105.961181
67 78.194861 106.663346 151.134857 105.681280
68 73.847896 106.893696 152.388873 106.019980
69 67.362826 107.419513 153.408375 106.450436
70 67.402666 107.466665 153.462319 106.449709
71 67.043918 107.532620 153.574461 106.438491
72 64.694657 107.818001 154.164269 106.387850
73 60.793919 108.201343 155.096591 106.340683
74 59.508908 108.419289 155.782935 106.425740
75 53.160119 108.976982 157.136166 106.200252
76 52.397330 109.142553 157.602334 106.429488
77 50.505779 109.407217 158.128719 106.387231
78 50.213505 109.505086 158.564892 106.436394
79 49.951061 109.573621 159.077561 106.439482
80 49.563800 109.700545 159.582642 106.421880
81 49.044345 109.865756 160.112640 106.416761
82 48.951074 109.976268 160.529618 106.434226
83 49.173068 110.035643 160.962574 106.450761
84 49.185517 110.082633 160.960478 106.449709
85 49.199013 110.130148 160.960478 106.449709
86 49.212509 110.177663 160.960478 106.449709
87 49.256814 110.324764 161.034063 106.431895
88 49.483498 110.381187 161.460356 106.449709
89 49.497036 110.428702 161.460356 106.449709
90 49.510575 110.476218 161.460356 106.449709
91 50.542991 110.740419 162.002670 106.405878
92 53.535932 111.372842 163.104035 106.300346
93 55.163918 111.628721 163.840986 106.378999
94 57.210508 111.843882 164.445255 106.376328
95 64.130433 112.514257 165.264826 106.057765
96 64.241580 112.757745 165.459374 106.449709
97 70.947514 113.412967 166.101707 105.958520
98 71.749217 113.535272 166.818899 105.932432
99 72.902907 113.702620 167.467335 105.900311
100 73.502173 113.843041 167.859009 105.912780
101 77.279375 114.421329 168.748984 105.611650
102 80.002959 114.865897 169.593625 105.914028
103 89.329978 116.635724 172.362375 105.718931
104 89.392079 116.798524 172.457655 105.949946
105 89.406539 116.845816 172.457655 105.949946
106 89.427119 116.892466 172.462755 105.954995
107 89.499939 116.950031 172.513959 105.993323
108 89.772129 116.973259 172.989127 105.978089
109 89.771642 117.015067 173.047202 105.961121
110 89.991290 117.056772 173.457410 105.949946
111 90.013710 117.103245 173.463979 105.956405
112 90.037827 117.145993 173.473625 105.961874
113 90.024639 117.180225 173.651084 106.032536
114 90.192327 117.436327 173.957287 106.449709
115 90.206913 117.483842 173.957287 106.449709
116 90.221499 117.531357 173.957287 106.449709
117 90.241445 117.578314 173.961768 106.454117
118 90.258545 117.623133 173.961245 106.453615
119 90.239782 117.718427 174.121675 106.498131
120 90.009792 118.402685 175.926020 106.817857
121 89.948474 118.865377 176.579910 107.129217
122 90.151632 119.073348 176.956551 107.449237
123 90.162063 119.129224 176.964417 107.449053
124 89.212578 119.566362 177.331136 107.555294
125 88.397581 119.971617 177.824428 107.945504
126 68.289434 122.542968 181.406361 107.187705
127 68.329191 122.721696 181.455446 107.449237
128 66.370198 122.733970 182.340820 107.438309
129 60.127269 122.610856 184.294323 107.359481
130 53.108379 122.794385 186.326110 107.283134
131 45.205014 122.757716 188.358506 107.377391
132 33.495428 122.669193 190.704886 107.504567
133 33.356588 122.915714 191.063826 107.950356
134 29.930101 122.873233 191.995873 107.945149
135 28.191738 122.818854 192.333920 107.960722
136 27.423451 122.812120 192.602659 107.940123
137 26.546453 122.792770 193.074627 107.935045
138 26.447301 122.816070 193.484379 107.951880
139 26.276794 122.841572 193.482340 107.950366
140 25.366700 122.776298 193.409328 107.954208
141 24.712017 122.678163 193.293560 107.998208
142 23.629630 122.493427 193.229175 108.004192
143 19.944678 122.187747 192.842157 108.547598
144 19.793902 122.375159 192.858560 108.962157
145 19.366218 122.233191 192.701484 108.977344
146 18.302306 121.592152 192.367278 109.088571
147 14.755409 118.896290 191.565410 109.747597
148 14.965233 119.045597 191.952869 109.948057
149 14.926909 119.079877 191.921448 109.940960
150 14.448885 118.979720 191.716946 109.901102
151 14.204270 118.853339 191.719162 109.884563
152 14.099913 118.864113 191.808783 109.933847
153 13.662108 118.724884 191.666446 109.903048
154 13.413400 118.650947 191.763922 109.886766
155 13.015320 118.467638 191.743689 109.840378
156 12.348496 117.432034 191.371719 109.827611
157 12.863245 116.694311 191.153654 109.851130
158 13.094804 116.719488 191.412521 109.903703
159 20.105853 112.799668 189.934005 108.786983
160 20.737113 112.824529 189.850113 108.862843
161 41.470834 111.264047 188.409497 106.324054
162 43.863015 111.366006 188.216569 106.270612
163 65.772781 111.325384 186.859018 105.270560
164 65.835995 111.462264 186.954096 105.450182
165 72.787665 111.691845 186.239874 104.996670
166 74.831549 111.631761 186.126218 104.898017
167 75.011183 111.704807 186.454219 104.950418
168 75.026817 111.751653 186.454219 104.950418
169 75.042451 111.798499 186.454219 104.950418
170 75.058085 111.845345 186.454219 104.950418
171 75.073719 111.892191 186.454219 104.950418
172 75.089353 111.939038 186.454219 104.950418
173 75.104987 111.985884 186.454219 104.950418
174 75.120620 112.032730 186.454219 104.950418
175 75.136254 112.079576 186.454219 104.950418
176 75.151888 112.126422 186.454219 104.950418
177 75.167522 112.173268 186.454219 104.950418
178 75.171835 112.218046 186.455348 104.950473
179 74.628681 112.170386 186.468741 104.917463
180 74.313997 112.175996 186.452467 104.943333
181 73.110519 112.019539 186.368161 104.886827
182 72.046297 111.914276 186.413613 104.863405
183 70.862477 111.778592 186.322255 104.877799
184 68.672781 111.441323 186.223676 104.828698
185 65.397583 110.792332 186.245206 104.701050
186 65.425111 110.936611 186.422471 104.948290
187 64.320732 110.542696 186.044500 104.939278
188 63.186188 110.112984 185.919455 104.955149
189 63.185645 110.144221 185.925517 104.949031
190 63.179897 110.176960 185.921162 104.949206
191 63.153818 110.201721 185.903814 104.949326
192 63.193183 110.247606 185.948559 104.950323
193 63.118984 110.259227 185.881224 104.950773
194 62.908368 110.197012 185.760506 104.958354
195 62.733578 110.112974 185.725153 104.962930
196 62.853264 110.146434 185.942386 104.951449
197 62.873734 110.191903 185.953047 104.950708
198 62.823206 110.184390 185.855025 104.952130
199 62.671055 110.000989 185.737153 104.966119
200 62.524324 109.773548 185.749978 104.951765
201 62.340359 109.362300 185.679353 104.978976
202 62.467424 109.373148 185.917960 104.952531
203 62.489863 109.394259 185.932603 104.954689
204 62.545902 109.381236 185.924585 104.966935
205 62.637295 109.274216 185.896009 104.983843
206 62.874177 108.885752 185.798244 104.982992
207 63.101946 108.733723 185.867308 104.985015
208 63.464043 108.496834 185.799450 104.984138
209 64.671688 106.912165 185.288178 105.031292
210 65.217291 106.468732 185.114919 105.499266
211 66.395573 105.018431 184.831505 105.638760
212 66.759091 105.126317 184.866813 105.938346
213 67.127291 105.075909 184.861556 105.943178
214 67.760506 104.984200 184.762808 105.933438
215 68.216242 104.916387 184.851640 105.936652
216 69.364694 104.795178 184.629524 105.915737
217 69.646430 104.823309 184.921233 105.952053
218 69.890207 104.815853 184.885109 105.951740
219 71.394588 104.735750 184.506455 105.882059
220 71.741952 104.782787 184.916099 105.952331
221 72.598840 104.732548 184.656677 105.904041
222 75.798151 104.534284 184.184480 105.798519
223 76.612717 104.554658 184.227387 105.920099
224 77.708257 104.454388 184.116801 105.886760
225 78.279044 104.425977 184.339768 105.918224
226 78.707283 104.382273 184.347449 105.920877
227 78.883737 104.407146 184.422466 105.940539
228 78.921985 104.457832 184.456073 105.947332
229 78.936769 104.506431 184.454710 105.949946
230 78.952236 104.553723 184.454710 105.949946
231 78.973350 104.583128 184.449132 105.955025
232 78.991605 104.627880 184.454710 105.949946
233 79.007071 104.675172 184.454710 105.949946
234 79.022538 104.722464 184.454710 105.949946
235 79.038004 104.769757 184.454710 105.949946
236 79.053470 104.817049 184.454710 105.949946
237 79.068936 104.864341 184.454710 105.949946
238 79.084403 104.911633 184.454710 105.949946
239 79.099869 104.958925 184.454710 105.949946
240 79.115335 105.006218 184.454710 105.949946
241 79.036922 104.729730 184.457710 105.910571
242 79.050888 104.796710 184.454710 105.949946
243 79.010947 104.774134 184.460235 105.940701
244 78.903774 104.603525 184.454974 105.918936
245 78.496856 103.174924 184.121297 105.852369
246 78.431622 102.820509 184.327232 105.910905
247 78.510827 102.887321 184.454710 105.949946
248 78.518270 102.927588 184.440809 105.950390
249 78.420440 102.916405 184.344123 105.942045
250 77.903305 102.705391 184.076921 105.918921
251 77.550775 102.427296 184.017344 105.932887
252 76.986142 102.143624 183.895206 105.950224
253 75.836282 101.719730 183.272406 105.936592
254 75.915228 101.758920 183.403374 105.948429
255 75.859758 101.770391 183.330417 105.950224
256 75.338116 101.611347 182.992371 105.964619
257 74.290538 101.272207 182.272311 105.969840
258 73.041736 100.906938 181.753075 105.948475
259 71.828736 100.659441 181.326657 105.924178
260 70.344279 100.381685 180.719658 105.886795
261 68.823228 100.107280 180.278219 105.873709
262 66.800827 99.730848 179.682722 105.841562
263 66.216198 99.696917 179.562032 105.908554
264 66.148310 99.678049 179.671535 105.934853
265 64.544087 99.418181 179.113798 105.835163
266 62.909399 99.095281 178.716454 105.856453
267 61.343754 98.818442 178.175482 105.830963
268 60.850454 98.807618 178.089965 105.917435
269 60.494757 98.754508 178.080202 105.917688
270 59.346298 98.585191 177.897672 105.851050
271 53.395231 98.157595 177.195671 105.333578
272 53.522317 98.250792 177.407786 105.448491
273 53.358453 98.214493 177.234726 105.435281
274 53.014151 98.126510 177.092482 105.406460
275 52.297525 97.962386 176.942816 105.390926
276 50.771314 97.662802 176.439043 105.321740
277 50.619465 97.719540 176.351555 105.429214
278 50.539528 97.728627 176.359340 105.432675
279 50.390010 97.720405 176.325886 105.429742
280 50.168841 97.699991 176.297987 105.425350
281 48.142879 97.591960 176.270087 105.266760
282 48.225904 97.721107 176.418649 105.446615
283 48.259712 97.769959 176.456674 105.450182
284 48.274508 97.817028 176.456674 105.450182
285 48.289303 97.864097 176.456674 105.450182
286 48.304099 97.911166 176.456674 105.450182
287 48.318894 97.958236 176.456674 105.450182
288 48.333690 98.005305 176.456674 105.450182
289 48.348486 98.052374 176.456674 105.450182
290 48.363281 98.099443 176.456674 105.450182
291 48.378077 98.146512 176.456674 105.450182
292 48.392873 98.193581 176.456674 105.450182
293 48.407668 98.240650 176.456674 105.450182
294 48.422464 98.287719 176.456674 105.450182
295 48.437260 98.334788 176.456674 105.450182
296 48.452055 98.381858 176.456674 105.450182
297 48.466851 98.428927 176.456674 105.450182
298 48.481646 98.475996 176.456674 105.450182
299 48.496442 98.523065 176.456674 105.450182
300 48.511238 98.570134 176.456674 105.450182
301 48.526033 98.617203 176.456674 105.450182
302 47.431097 98.129486 176.343855 105.341751
303 41.205177 92.187160 175.982363 105.856123
304 40.381752 92.153465 175.997524 105.947651
305 40.356143 92.199134 175.962663 105.949673
306 40.117587 92.276304 175.988200 105.914069
307 40.116639 92.341534 175.956796 105.949946
308 40.131392 92.388826 175.956796 105.949946
309 40.146146 92.436118 175.956796 105.949946
310 40.160900 92.483411 175.956796 105.949946
311 40.175653 92.530703 175.956796 105.949946
312 40.190407 92.577995 175.956796 105.949946
313 40.205161 92.625287 175.956796 105.949946
314 40.219915 92.672579 175.956796 105.949946
315 40.234668 92.719872 175.956796 105.949946
316 40.249422 92.767164 175.956796 105.949946
317 40.264176 92.814456 175.956796 105.949946
318 40.278476 92.877382 175.899057 105.928601
319 40.321949 92.940487 175.937796 105.942925
320 36.028926 93.167241 175.178751 105.224927
321 22.381781 91.436949 172.538617 104.437163
322 19.722476 90.664682 172.273972 104.440409
323 19.530195 90.603479 172.310075 104.475474
324 14.720064 89.411513 171.244386 104.634769
325 11.796210 88.912760 170.716047 105.045326
326 9.009446 88.312482 169.593841 105.739101
327 6.894387 87.229322 168.223454 106.343775
328 7.016654 87.286806 168.351101 106.463284
329 7.084548 87.327535 168.458637 106.449709
330 7.279574 87.385973 167.815098 106.388257
331 7.365488 87.464215 167.958760 106.449709
332 7.379563 87.512101 167.957454 106.449207
333 7.394299 87.559868 167.958760 106.449709
334 7.408382 87.607383 167.958760 106.449709
335 7.422466 87.654898 167.958760 106.449709
336 7.436549 87.702413 167.958760 106.449709
337 7.450632 87.749929 167.958760 106.449709
338 7.464715 87.797444 167.958760 106.449709
339 7.498072 87.862017 167.881215 106.424435
340 7.553716 87.936242 167.926380 106.429615
341 7.833671 88.494333 167.714813 106.040946
342 11.615945 92.132771 165.309159 103.185180
343 18.270783 93.850988 162.508353 101.458034
344 21.034343 94.396848 161.136424 100.756708
345 33.010837 95.637086 156.235397 98.999647
346 33.137049 95.658057 156.461583 98.953251
347 33.150168 95.702226 156.461583 98.953251
348 34.152016 95.767303 156.172419 98.868453
349 37.339202 95.842759 155.889903 98.711080
350 41.372788 95.939611 155.345963 98.611294
351 43.683705 96.041835 155.131298 98.791742
352 43.957635 96.154504 155.451707 98.953742
353 48.572028 95.759399 154.903107 98.648479
354 49.368574 95.865982 154.823843 98.923327
355 52.387551 95.487751 154.565300 98.780153
356 52.723800 95.577433 154.955159 98.947430
357 54.035089 95.370261 154.651028 98.917577
358 54.278215 95.406855 154.953799 98.953048
359 54.644789 95.368013 154.878670 98.958463
360 54.872667 95.355714 154.927435 98.958415
361 55.121248 95.329951 154.919128 98.963245
362 55.168181 95.363656 154.958041 98.954573
363 55.210645 95.392502 154.959224 98.957547
364 55.225002 95.434523 154.961951 98.953251
365 55.240952 95.474869 154.959675 98.955857
366 55.278757 95.473304 154.945817 98.983218
367 55.305095 95.495673 154.957886 98.957896
368 56.513357 93.042489 153.907178 100.314995
369 56.553776 93.156102 153.962197 100.452543
370 56.566685 93.200940 153.962197 100.452543
371 56.677473 93.027574 153.844388 100.581583
372 57.097550 91.591840 153.224783 101.690430
373 57.518846 90.570369 152.862608 102.484983
374 57.683012 89.095601 152.214321 103.034525
375 57.842191 87.793244 151.623527 104.127973
376 56.560288 84.426540 149.026916 106.217378
377 56.840786 84.142720 149.295249 106.767084
378 57.315544 81.841613 148.327704 108.818133
379 57.643969 78.267885 146.773793 112.068879
380 57.929507 76.357870 146.066740 114.429892
381 58.618605 73.413907 145.015910 117.162874
382 58.911512 73.483328 145.367658 117.565055
383 58.972223 73.725243 145.463943 117.944611
384 58.984590 73.777723 145.464283 117.944279
385 58.996787 73.830369 145.464283 117.944279
386 59.008984 73.883015 145.464283 117.944279
387 59.021181 73.935661 145.464283 117.944279
388 59.033378 73.988307 145.464283 117.944279
389 59.332030 73.225749 145.023708 118.646635
390 59.585107 73.393596 145.429302 118.977603
391 59.673622 73.347075 145.373319 119.028497
392 59.805579 73.481142 145.372119 119.548076
393 59.868340 73.722491 145.461175 119.950109
394 59.882091 73.772642 145.464283 119.943335
395 59.894288 73.826180 145.464283 119.943335
396 60.074294 73.383342 145.308380 120.319159
397 60.979301 71.788374 144.823637 121.402673
398 61.348577 71.396841 144.736938 121.771487
399 61.811890 71.241950 144.678506 122.191114
400 62.005603 71.357601 144.920695 122.493277
401 62.040914 71.384474 144.963410 122.443673
402 62.053567 71.438368 144.964406 122.442154
403 62.065722 71.493022 144.964406 122.442154
404 62.077877 71.547675 144.964406 122.442154
405 62.534604 71.552205 144.804406 122.487348
406 62.685481 71.563175 144.943117 122.446991
407 67.572301 71.108407 144.204397 122.557408
408 67.714480 71.355539 144.464529 122.941918
409 67.726593 71.410416 144.464529 122.941918
410 67.775445 71.467064 144.480404 122.939372
411 67.855318 71.514533 144.610383 122.936944
412 68.064141 71.569410 144.989608 122.937026
413 68.063695 71.626732 144.964406 122.941918
414 68.100333 71.662489 145.105862 122.947748
415 68.294114 71.697888 145.578205 122.951971
416 68.499330 71.747738 145.964161 122.941918
417 68.759696 71.760703 146.420961 122.985836
418 69.132906 71.753451 146.821732 122.968305
419 69.313136 71.756612 147.174537 122.976628
420 69.616584 71.742152 147.813568 122.995496
421 70.907483 71.569501 149.104486 123.230668
422 72.530441 71.531356 150.962370 123.762429
423 75.141221 71.070363 153.861354 124.597894
424 79.770089 70.453509 157.792245 125.832868
425 88.863824 69.331697 166.032795 126.745155
426 90.640929 69.137052 169.837650 127.348023
427 93.617383 68.918754 173.926488 127.682530
428 97.768554 68.709087 177.852099 127.876947
429 97.803342 68.766689 178.242341 127.977374
430 97.753481 68.734594 178.978604 128.056030
431 96.276760 68.636755 181.592478 128.825865
432 92.819670 67.643124 186.787798 129.965572
433 90.005983 66.935813 192.320973 130.796135
434 89.718391 66.502321 196.920891 131.543820
435 88.529447 66.577203 199.338137 132.218064
436 88.396491 66.683453 200.105268 132.532835
437 88.138926 66.807066 201.855825 133.146042
438 87.413427 66.899609 202.744630 133.551856
439 87.153601 67.081229 203.488568 134.035833
440 86.503263 67.274235 203.745977 134.458396
441 86.266321 67.273039 204.305472 134.482504
442 86.282951 67.286270 204.683725 134.486461
443 86.420024 67.295438 205.200792 134.488635
444 86.079403 67.269066 205.760164 134.484172
445 83.890570 67.138180 206.303418 134.621817
446 81.780731 67.090372 206.649522 135.269433
447 87.593336 66.934488 207.311346 135.980082
448 86.075731 66.907716 207.399810 135.949767
449 78.743527 66.847691 207.141675 135.927115
450 79.401082 67.056614 207.591384 136.023210
451 35.157812 66.211804 208.729048 134.468003
452 10.626418 66.770881 207.579760 132.949495
453 10.828444 66.824070 207.948941 132.937196
454 10.845881 66.883409 207.948941 132.937196
455 11.018220 67.096501 207.730403 132.448956
456 11.722522 67.560764 206.939703 129.811487
457 12.232486 68.280568 206.014516 127.712395
458 25.531463 68.331170 205.230388 120.907141
459 39.385638 72.590581 207.589422 114.971723
460 60.626128 72.759933 212.797697 111.239641
461 60.713537 72.923348 212.974598 111.403060
462 60.584005 73.173987 213.246278 111.100857
463 60.769770 74.652887 214.003811 108.727499
464 62.784113 76.105255 215.095964 104.950328
465 67.187697 78.417473 214.484356 100.529147
466 67.612347 80.027431 213.906982 97.936584
467 67.956301 80.962683 213.562123 95.876662
468 67.966490 81.494786 213.955213 93.874063
469 74.795488 81.864131 212.695093 92.748420
470 80.424256 82.295890 211.859634 92.465340
471 81.366204 82.371649 211.477276 92.371987
472 82.743654 82.496008 210.772118 92.379062
473 87.817758 82.582090 209.663482 92.205896
474 89.241700 82.737986 209.387910 92.406929
475 89.625329 82.786546 209.292833 92.451813
476 90.480650 82.804403 209.128332 92.442907
477 94.058560 82.692471 208.371459 92.375233
478 95.872473 82.758154 207.903397 92.383036
479 96.832863 82.822339 207.646743 92.429882
480 97.001398 82.876827 207.948941 92.456320
481 97.018834 82.918096 207.948941 92.456320
482 97.036271 82.959365 207.948941 92.456320
483 97.053707 83.000634 207.948941 92.456320
484 97.071143 83.041904 207.948941 92.456320
485 97.088579 83.083173 207.948941 92.456320
486 97.106016 83.124442 207.948941 92.456320
487 97.123452 83.165711 207.948941 92.456320
488 97.668160 83.236678 207.710963 92.431492
489 98.235293 83.279982 207.724353 92.449947
490 98.382311 83.324473 207.929273 92.456444
491 98.489066 83.360683 207.885921 92.457225
492 98.640041 83.391687 207.867701 92.458874
493 98.762357 83.423995 207.890830 92.458473
494 98.872405 83.456297 207.890999 92.458910
495 99.006350 83.485602 207.871797 92.459368
496 99.123216 83.519993 207.886635 92.458967
497 99.223678 83.553737 207.898358 92.459496
498 99.350919 83.584893 207.865003 92.459906
499 99.468593 83.617250 207.892318 92.459955
500 99.553201 83.650968 207.912502 92.459179
501 99.616955 83.687716 207.921180 92.457922
502 99.717779 83.726045 207.866719 92.454455
503 99.856425 83.765177 207.855492 92.454724
504 100.057477 83.802543 207.797192 92.450525
505 100.229360 83.853661 207.833652 92.444711
506 100.483921 83.920535 207.657306 92.425494
507 100.832437 83.996197 207.651008 92.425432
508 101.006130 84.053078 207.940064 92.456100
509 101.069899 84.098043 207.887924 92.450344
510 101.192260 84.150540 207.831658 92.442726
511 101.352523 84.208406 207.812685 92.440442
512 101.450277 84.254615 207.906541 92.451910
513 101.785666 84.300256 207.556358 92.427064
514 102.262822 84.374815 207.549178 92.423844
515 102.847629 84.476302 207.281287 92.390137
516 102.950386 84.550949 207.446303 92.455822
517 103.020988 84.600755 207.352851 92.443295
518 103.121020 84.653358 207.389777 92.448456
519 103.313149 84.716577 207.202615 92.428458
520 103.631273 84.795035 207.140419 92.420501
521 104.119659 84.894625 206.898036 92.395002
522 105.056521 85.052907 205.465389 92.339021
523 105.641698 85.230989 204.409822 92.354913
524 106.446463 85.417828 203.026624 92.326927
525 107.508882 85.623560 201.873758 92.311088
526 107.846355 85.789087 201.387677 92.378630
527 108.295341 85.941211 200.621843 92.351309
528 108.686929 86.074550 200.528762 92.396308
529 109.206400 86.203147 200.325429 92.373398
530 109.573055 86.334550 199.845243 92.376693
531 109.926827 86.458951 199.394474 92.386088
532 110.233518 86.577719 198.952238 92.392369
533 110.464138 86.683519 198.558408 92.406616
534 110.838865 86.768770 198.621140 92.419813
535 111.090876 86.828408 198.782122 92.443829
536 111.233615 86.877643 198.855861 92.448046
537 111.298539 86.917236 198.932125 92.458226
538 111.328339 86.951615 198.933254 92.458420
539 111.358325 86.989599 198.945941 92.457269
540 111.377611 87.030393 198.951150 92.456320
541 111.407075 87.064200 198.941405 92.458967
542 111.428629 87.104146 198.951150 92.456320
543 111.455512 87.141763 198.944233 92.458032
544 111.485445 87.178674 198.944508 92.457961
545 111.505448 87.219123 198.951150 92.456320
546 111.527330 87.258530 198.947620 92.457194
547 111.819764 87.114381 198.755296 92.515790
548 112.087611 87.277430 198.824348 93.002443
549 112.475946 87.391555 198.713800 93.509042
550 113.336504 87.082376 198.350426 94.113146
551 114.061618 86.861439 197.755097 94.598422
552 114.182219 87.080017 197.947430 94.956155
553 114.221731 87.116317 197.934543 94.957808
554 114.246755 87.157368 197.951396 94.955140
555 114.263353 87.199752 197.951396 94.955140
556 114.279951 87.242137 197.951396 94.955140
557 114.296549 87.284521 197.951396 94.955140
558 114.313147 87.326906 197.951396 94.955140
559 114.374894 87.388072 197.769763 94.949106
560 114.680152 87.644474 197.051869 95.000190
561 114.928769 87.929953 197.343678 95.451429
562 115.005885 88.068525 196.967655 95.453747
563 115.064028 88.293311 196.413345 95.475992
564 115.295015 89.375808 195.317975 95.461826
565 115.372464 90.145825 194.720285 95.472486
566 115.316397 90.985326 194.256515 95.433692
567 115.363146 91.447479 193.901443 95.493711
568 115.394191 91.497878 193.921712 95.451916
569 115.425842 91.551688 193.937096 95.453583
570 115.449773 91.600161 193.944191 95.454198
571 115.470139 91.645544 193.948576 95.454576
572 115.488367 91.699195 193.935255 95.453424
573 115.513200 91.743649 193.950629 95.454753
574 115.530337 91.786332 193.952378 95.454904
575 115.546600 91.828939 193.952378 95.454904
576 115.562890 91.875618 193.945967 95.454348
577 115.582358 91.918503 193.952378 95.454904
578 115.598630 91.962217 193.950629 95.454753
579 115.615767 92.004900 193.952378 95.454904
580 115.632030 92.047508 193.952378 95.454904
581 115.648292 92.090115 193.952378 95.454904
582 115.664555 92.132723 193.952378 95.454904
583 115.680817 92.175331 193.952378 95.454904
584 115.697080 92.217938 193.952378 95.454904
585 115.713343 92.260546 193.952378 95.454904
586 115.729605 92.303153 193.952378 95.454904
587 115.745868 92.345761 193.952378 95.454904
588 115.762131 92.388368 193.952378 95.454904
589 115.778393 92.430976 193.952378 95.454904
590 115.794656 92.473584 193.952378 95.454904
591 115.810918 92.516191 193.952378 95.454904
592 115.827181 92.558799 193.952378 95.454904
593 115.843444 92.601406 193.952378 95.454904
594 115.859706 92.644014 193.952378 95.454904
595 115.905081 92.563583 193.944820 95.522368
596 115.943096 92.738362 193.934570 96.001295
597 115.994488 92.912572 193.910926 96.503773
598 116.037083 93.130514 193.923164 96.982798
599 116.083105 93.065508 193.886920 97.013284
600 116.160838 93.120245 193.771130 97.568059
601 116.338103 92.292504 193.265795 98.496044
602 116.578891 91.592454 193.084693 98.859994
603 116.827189 91.429807 193.255167 99.108920
604 116.965780 91.033965 192.980688 99.816493
605 116.956340 90.618879 192.527750 100.221710
606 117.177289 90.742875 192.915913 100.462894
607 117.163369 90.336819 192.629056 100.660213
608 117.277739 90.407993 192.777785 101.004142
609 117.325070 90.587438 192.808376 101.491550
610 117.340043 90.511538 192.775908 101.493558
611 116.824696 90.184204 192.137803 101.599015
612 114.088020 89.751365 190.947802 102.165469
613 110.092080 88.268021 189.147006 102.856974
614 108.323094 87.859987 188.038326 103.214673
615 104.255112 87.075729 186.276508 103.761322
616 91.385567 82.599290 180.645890 105.548486
617 84.873866 64.658727 169.138351 117.575559
618 86.304503 45.163087 161.650351 124.010860
619 86.894874 45.391469 160.532203 125.790616
620 87.611691 45.570283 159.016320 127.435953
621 88.329281 47.093055 154.919609 131.810416
622 88.392271 47.200611 154.893437 132.019663
623 88.465367 47.448058 154.892114 132.521456
624 88.572030 47.691719 154.814169 133.020954
625 88.726705 47.934075 154.800828 133.558546
626 89.343541 48.063884 153.601539 134.300932
627 90.335862 48.045506 152.222776 135.082066
628 90.480422 48.253782 152.368221 135.500317
629 90.540378 48.532190 152.462565 135.935779
630 90.548159 48.584955 152.445113 135.939385
631 90.569174 48.638667 152.453184 135.937608
632 90.583739 48.672087 152.398326 135.971070
633 90.640452 48.671474 152.334785 136.027230
634 90.707679 48.918176 152.422461 136.449915
635 90.719987 48.918700 152.291817 136.499928
636 90.830958 48.902294 152.267856 136.482634
637 90.953930 48.918898 152.368534 136.449225
638 91.011737 48.959835 152.419662 136.442859
639 91.046009 49.016361 152.461351 136.435777
640 91.059516 49.074944 152.458827 136.436259
641 91.074315 49.132765 152.457940 136.436428
642 91.091883 49.189688 152.451774 136.437138
643 91.110063 49.249791 152.462565 136.435543
644 91.122846 49.310691 152.462565 136.435543
645 91.135630 49.371590 152.462565 136.435543
646 91.148414 49.432490 152.462565 136.435543
647 91.161198 49.493390 152.462565 136.435543
648 91.173981 49.554290 152.462565 136.435543
649 91.186765 49.615190 152.462565 136.435543
650 91.199549 49.676090 152.462565 136.435543
651 91.212333 49.736989 152.462565 136.435543
652 91.225116 49.797889 152.462565 136.435543
653 91.237900 49.858789 152.462565 136.435543
654 91.250684 49.919689 152.462565 136.435543
655 91.263468 49.980589 152.462565 136.435543
656 91.276251 50.041489 152.462565 136.435543
657 91.289035 50.102388 152.462565 136.435543
658 91.301819 50.163288 152.462565 136.435543
659 91.314603 50.224188 152.462565 136.435543
660 91.327387 50.285088 152.462565 136.435543
661 91.340170 50.345988 152.462565 136.435543
662 91.349369 50.403256 152.453642 136.437444
663 91.318133 50.408069 152.327579 136.458200
664 91.332382 50.389818 152.298659 136.485648
665 91.391407 50.385031 152.369828 136.470385
666 91.450559 50.428510 152.462565 136.435543
667 91.461045 50.478449 152.441826 136.439670
668 91.484417 50.533211 152.455642 136.436884
669 91.500662 50.593440 152.462565 136.435543
670 91.513446 50.654340 152.462565 136.435543
671 91.527356 50.715553 152.460362 136.435140
672 91.541242 50.776654 152.462565 136.435543
673 91.554026 50.837554 152.462565 136.435543
674 91.697316 50.912624 152.354994 136.442709
675 97.089807 51.169436 149.944898 136.628959
676 97.342979 51.392872 149.797068 136.980062
677 97.510084 51.418728 149.933417 136.938880
678 98.266213 51.355583 149.449053 137.169235
679 98.387240 51.475837 149.389633 137.497410
680 98.436941 51.505391 149.463038 137.435497
681 98.523951 51.470294 149.394616 137.514923
682 98.940143 51.563340 149.081266 138.219757
683 101.680361 50.951058 147.476372 138.851621
684 102.123945 51.053165 147.046131 139.003301
685 103.918113 51.202715 146.474770 139.527399
686 104.904397 51.393420 145.770452 139.899183
687 105.028646 51.478716 145.935805 139.924938
688 105.104387 51.561421 145.872828 139.909657
689 105.308532 51.677455 145.710653 139.877307
690 106.382373 51.816661 144.277046 139.934197
691 107.871006 51.496977 142.275847 140.688707
692 109.662864 50.352425 139.501187 143.031745
693 111.816754 49.325164 136.489593 145.659002
694 113.522336 48.245849 133.325827 147.768011
695 114.205425 48.119486 132.507881 148.402810
696 114.491952 48.215169 132.883581 148.406247
697 115.014829 48.371271 132.330907 148.376712
698 115.094220 48.464107 132.467474 148.429877
699 115.105327 48.530360 132.467474 148.429877
700 115.220986 48.623062 132.420139 148.407352
701 117.989707 49.247977 131.648934 147.938757
702 119.897550 49.591154 131.400290 147.689491
703 119.990752 49.786677 131.444889 147.919802
704 120.022860 49.859909 131.464196 147.925878
705 120.035645 49.928057 131.467720 147.930113
706 120.046668 49.994088 131.467720 147.930113
707 121.846251 49.828007 131.759219 147.685525
708 122.461992 49.939183 131.934861 147.873952
709 126.218681 49.389445 131.646779 147.599561
710 126.390156 49.620752 131.967597 147.930113
711 126.401221 49.686782 131.967597 147.930113
712 126.412286 49.752813 131.967597 147.930113
713 126.423351 49.818844 131.967597 147.930113
714 126.434417 49.884874 131.967597 147.930113
715 126.436916 50.005902 131.969303 147.916273
716 126.449564 50.108845 131.967226 147.933204
717 126.473089 50.174431 131.945152 147.953034
718 126.850171 50.246679 131.504957 148.408357
719 127.453752 50.330943 131.499764 148.885697
720 127.684307 50.465097 131.154538 149.240727
721 127.893989 50.632138 131.394388 149.508890
722 128.160842 51.098564 131.128102 150.228353
723 128.341524 51.274755 131.469413 150.427195
724 128.351701 51.342770 131.467720 150.428932
725 128.362724 51.409916 131.467720 150.428932
726 128.373748 51.477062 131.467720 150.428932
727 133.104433 53.018297 130.418919 150.023710
728 133.148072 53.289870 130.464194 150.427404
729 138.489939 53.543958 129.317869 150.115158
730 139.815142 53.759558 128.976844 150.355309
731 140.156566 53.837731 128.832263 150.406420
732 140.278061 53.906402 128.949898 150.431602
733 141.221504 53.865335 128.739183 150.351506
734 145.227999 53.594225 128.034452 150.222072
735 145.455773 53.764801 128.468456 150.428932
736 145.548081 53.845567 128.417826 150.432635
737 145.591809 53.914077 128.460227 150.430855
738 145.606696 53.980261 128.468456 150.428932
739 145.617431 54.049639 128.468873 150.428494
740 145.627994 54.117004 128.468456 150.428932
741 145.637480 54.205270 128.464045 150.442173
742 145.676370 54.273898 128.322570 150.465022
743 145.760085 54.322999 128.468456 150.428932
744 145.739221 54.306533 128.156286 150.677401
745 145.912310 54.359282 128.035074 151.394199
746 146.159056 54.132957 126.201414 152.594420
747 146.385926 54.003235 124.363777 153.879376
748 146.551921 53.953750 123.691111 154.089280
749 146.799249 54.084334 123.429245 154.589083
750 146.864872 54.318898 122.236622 154.860724
751 146.979592 54.450213 122.365365 154.868951
752 147.042143 54.548295 122.469929 154.926807
753 147.052348 54.622083 122.461781 154.920473
754 147.066691 54.694404 122.469929 154.926807
755 147.076960 54.763557 122.469929 154.926807
756 147.087229 54.832711 122.469929 154.926807
757 147.097498 54.901865 122.469929 154.926807
758 147.107767 54.971018 122.469929 154.926807
759 147.118036 55.040172 122.469929 154.926807
760 147.128304 55.109326 122.469929 154.926807
761 147.138573 55.178479 122.469929 154.926807
762 147.148842 55.247633 122.469929 154.926807
763 147.161693 55.370763 122.398129 154.884109
764 146.047374 56.217584 121.702476 154.493607
765 144.979529 56.899080 121.262887 154.142716
766 144.538960 57.566715 121.187344 154.218657
767 142.372714 58.778370 121.042157 153.753658
768 141.549488 59.309130 120.841897 153.690032
769 141.560746 59.488119 120.705640 153.901960
770 141.737697 59.549219 120.561108 153.900315
771 142.087533 59.575835 119.969405 153.965171
772 142.034115 59.308220 118.522608 154.362795
773 142.496290 58.696857 118.489217 155.256288
774 142.593039 58.540072 118.204930 155.839562
775 142.938981 58.121120 117.895581 156.687563
776 142.980371 58.304072 117.960619 156.935430
777 142.706703 57.991035 116.983107 157.408986
778 142.629579 57.923678 116.764477 157.610505
779 142.682691 57.914284 116.547956 158.046184
780 141.116020 57.593715 115.851681 158.816403
781 139.183967 57.433915 113.998224 158.810146
782 138.422127 57.349405 113.007495 158.945874
783 137.867870 57.238057 112.473059 158.998635
784 133.420811 57.410692 110.242111 158.393691
785 133.398745 57.376720 110.105127 158.430619
786 127.576628 58.018753 108.483166 157.418613
787 127.613268 58.098620 108.075887 157.344659
788 125.067161 58.889630 106.767013 156.795792
789 124.097645 59.161075 106.021921 156.743832
790 122.207250 59.283447 105.457589 156.750473
791 122.219763 59.480102 105.402899 156.869835
792 122.021858 59.503201 105.212112 156.899443
793 120.085701 59.358505 104.582528 156.668415
794 119.910981 59.475913 104.649720 156.852541
795 119.635350 59.651225 104.663554 156.757555
796 119.162990 59.765118 104.594475 156.769982
797 119.203492 59.873824 104.793620 156.899653
798 118.858970 59.884978 104.638415 156.859122
799 117.870166 59.944637 104.286482 156.726000
800 117.874720 60.111201 104.323878 156.878190
801 117.890553 60.235874 104.324037 156.857265
802 117.403522 60.452282 104.159256 156.723993
803 116.239052 60.550608 103.807719 156.616190
804 116.299839 60.773821 103.890369 156.898994
805 116.326651 60.861119 103.899186 156.896636
806 116.268403 60.942357 103.831609 156.880817
807 116.248646 61.033855 103.848886 156.888214
808 115.875583 61.052706 103.663564 156.808544
809 115.369198 61.187250 103.651786 156.746715
810 115.536516 61.359208 103.936479 156.899286
811 115.563556 61.452649 103.955309 156.909962
812 115.581810 61.534343 103.969030 156.920817
813 115.430510 62.383703 104.054996 156.523165
814 114.944013 63.267121 104.536301 156.619207
815 114.791597 63.896973 105.004932 156.714928
816 114.998740 64.085775 105.498989 156.908712
817 114.939728 64.177752 105.511948 156.901607
818 115.123813 64.265578 106.013106 156.904280
819 115.332443 64.351267 106.496262 156.914469
820 115.291273 64.433156 106.502270 156.911422
821 115.493785 64.517063 107.004546 156.910269
822 115.737329 64.594906 107.473611 156.925863
823 115.746341 64.664952 107.473611 156.925863
824 115.722377 64.740164 107.497698 156.913735
825 115.719345 64.816274 107.473611 156.925863
826 115.725911 64.906952 107.482372 156.913256
827 115.714770 64.987599 107.491424 156.915457
828 115.712640 65.063200 107.475241 156.925032
829 115.713798 65.134762 107.478753 156.923280
830 115.699305 65.219402 107.517428 156.910209
831 115.819286 65.355182 108.160958 156.853612
832 115.869796 65.503509 108.689962 156.867656
833 115.949139 65.681100 109.273390 156.825321
834 115.976574 65.853424 109.698516 156.861832
835 116.042711 65.989908 110.150989 156.876423
836 116.212917 66.084674 110.472875 156.925863
837 116.222180 66.154720 110.472875 156.925863
838 116.231443 66.224766 110.472875 156.925863
839 116.242734 66.307336 110.487865 156.918549
840 116.318906 66.760582 110.718439 156.593259
841 116.969371 68.859532 111.501936 154.745570
842 117.214045 69.019304 111.972507 154.926807
843 117.343426 69.822020 112.274217 154.015182
844 118.874616 72.847850 113.393594 150.737487
845 118.923051 73.013106 113.473205 150.925420
846 118.932032 73.082113 113.472139 150.928696
847 118.941547 73.149482 113.472139 150.928696
848 118.951061 73.216851 113.472139 150.928696
849 118.960576 73.284220 113.472139 150.928696
850 118.728970 73.323753 113.496709 150.899017
851 118.415723 73.368484 113.529371 150.884393
852 117.206343 73.316650 113.909040 150.739214
853 116.933549 73.396151 113.853817 150.930705
854 117.002204 73.462516 113.972016 150.928696
855 117.011761 73.529885 113.972016 150.928696
856 117.021317 73.597254 113.972016 150.928696
857 117.030874 73.664623 113.972016 150.928696
858 117.040430 73.731992 113.972016 150.928696
859 117.049986 73.799361 113.972016 150.928696
860 117.059543 73.866730 113.972016 150.928696
861 117.070882 73.934596 113.973049 150.927839
862 117.131748 74.003639 113.971440 150.914749
863 117.141593 74.077982 113.972016 150.928696
864 117.151149 74.145351 113.972016 150.928696
865 117.160706 74.212720 113.972016 150.928696
866 117.168838 74.276712 113.966504 150.928487
867 117.170376 74.328323 113.943749 150.930604
868 114.270431 74.212313 113.256635 150.552930
869 113.787793 74.299641 113.150925 150.872736
870 113.798068 74.252786 113.325671 150.968110
871 113.796371 74.222375 113.379186 150.946963
872 113.662630 74.090762 113.301977 150.997350
873 113.113315 73.663810 113.135895 151.094561
874 113.290951 73.898351 113.472139 151.428460
875 113.288851 73.930177 113.466488 151.450082
876 113.301191 73.986958 113.472139 151.428460
877 113.305461 74.032279 113.477621 151.450631
878 113.312234 74.088785 113.472139 151.428460
879 113.321749 74.156377 113.472139 151.428460
880 113.331263 74.223970 113.472139 151.428460
881 113.340778 74.291562 113.472139 151.428460
882 113.350292 74.359154 113.472139 151.428460
883 113.359806 74.426746 113.472139 151.428460
884 113.369321 74.494338 113.472139 151.428460
885 113.378835 74.561930 113.472139 151.428460
886 113.388350 74.629522 113.472139 151.428460
887 113.397864 74.697115 113.472139 151.428460
888 113.407379 74.764707 113.472139 151.428460
889 113.385703 74.734434 113.446848 151.473892
890 113.407863 74.779310 113.472139 151.428460
891 113.413162 74.841491 113.469449 151.428510
892 113.406535 74.875690 113.448839 151.437584
893 113.359355 74.838486 113.414283 151.463576
894 113.374140 74.836738 113.447411 151.446347
895 113.380854 74.862965 113.454701 151.438472
896 113.389048 74.902896 113.461341 151.437302
897 113.397369 74.955339 113.466759 151.430678
898 113.407360 75.018984 113.470726 151.428482
899 113.417445 75.086391 113.472057 151.428460
900 113.423109 75.146644 113.468431 151.430714
901 113.415914 75.145737 113.466986 151.475359
902 113.388799 75.060923 113.447643 151.509868
903 113.397588 75.310207 113.458679 151.937726
904 113.404648 75.358674 113.464838 151.930935
905 113.409950 75.414922 113.467078 151.928391
906 113.415327 75.474072 113.467895 151.928296
907 113.422010 75.535480 113.468983 151.928275
908 113.428253 75.597029 113.469054 151.928275
909 113.431538 75.654817 113.467192 151.928311
910 113.432670 75.704715 113.463165 151.931993
911 113.437416 75.757411 113.465557 151.929572
912 113.424416 75.766511 113.448011 151.948127
913 113.389037 75.700965 113.429004 151.978677
914 113.353626 75.598319 113.420475 151.988599
915 113.351147 75.548095 113.442193 151.960803
916 113.338063 75.516530 113.444385 151.958810
917 113.343134 75.527688 113.454836 151.941016
918 113.361300 75.589107 113.472139 151.928224
919 113.370815 75.656923 113.472139 151.928224
920 113.380329 75.724738 113.472139 151.928224
921 113.389844 75.792553 113.472139 151.928224
922 113.399358 75.860368 113.472139 151.928224
923 113.408873 75.928183 113.472139 151.928224
924 113.418387 75.995999 113.472139 151.928224
925 113.427902 76.063814 113.472139 151.928224
926 113.409138 76.088845 113.472847 151.940277
927 111.130018 72.436963 113.124855 153.444048
928 111.313174 72.497182 113.472139 153.427515
929 111.301446 72.545838 113.436511 153.431285
930 111.328775 72.612437 113.472139 153.427515
931 111.338289 72.680922 113.472139 153.427515
932 111.347804 72.749406 113.472139 153.427515
933 110.560332 72.727203 113.777100 153.284069
934 107.773777 72.890057 115.008058 152.784516
935 107.673907 73.032321 115.641305 152.808607
936 107.848741 73.160155 115.971525 152.927752
937 107.858465 73.228416 115.971525 152.927752
938 107.854040 73.296969 115.978815 152.919245
939 107.832020 73.367332 115.988495 152.918596
940 107.024758 73.348925 116.038022 152.791433
941 106.640314 73.392378 116.494323 152.839745
942 104.315160 73.267864 116.182406 152.481953
943 104.331128 73.227890 116.369471 152.433071
944 104.352041 73.260038 116.408862 152.433878
945 104.368562 73.301651 116.425222 152.431267
946 104.401418 73.368049 116.471402 152.427988
947 104.411184 73.436088 116.471402 152.427988
948 104.420950 73.504126 116.471402 152.427988
949 104.430716 73.572164 116.471402 152.427988
950 104.440481 73.640203 116.471402 152.427988
951 104.450247 73.708241 116.471402 152.427988
952 104.451803 73.775610 116.476902 152.425777
953 104.456441 73.844557 116.472991 152.427355
954 104.463680 73.912774 116.472569 152.427515
955 104.410634 73.968025 116.499056 152.419080
956 103.712490 73.861697 116.540542 152.362331
957 103.908260 73.950834 116.959413 152.429958
958 103.873126 73.985841 116.930703 152.433551
959 103.892454 74.036852 116.945348 152.431136
960 103.914586 74.099840 116.966409 152.428482
961 103.926829 74.167631 116.971279 152.427988
962 103.936637 74.235669 116.971279 152.427988
963 103.946445 74.303708 116.971279 152.427988
964 104.155563 74.310343 116.853434 152.347227
965 104.550173 74.290095 116.812066 152.314650
966 105.002033 74.328203 116.768237 152.285308
967 105.463354 74.383730 116.771786 152.248964
968 105.648309 74.543585 116.894663 152.342901
969 105.751808 74.636118 116.946737 152.370628
970 106.093541 74.513375 116.901665 152.278887
971 106.454987 74.399408 116.858427 152.232777
972 108.160207 73.067431 116.421380 152.235097
973 108.541803 73.248160 116.098440 152.296747
974 109.394769 72.797445 115.680726 152.236478
975 109.709366 73.012366 115.663768 152.328415
976 110.062056 73.193665 115.593299 152.305437
977 110.340953 73.330425 115.782653 152.374918
978 110.449953 73.421261 115.955578 152.425515
979 110.509832 73.491437 115.867746 152.398348
980 110.592935 73.571852 115.916261 152.412979
981 110.673971 73.645947 115.863117 152.399417
982 110.777431 73.720272 115.860793 152.401620
983 110.894493 73.803901 115.846572 152.393163
984 111.027654 73.883112 115.790391 152.382728
985 111.125998 73.943093 115.932761 152.435434
986 111.152333 73.967043 115.920321 152.437594
987 111.185667 73.998922 115.931932 152.435594
988 111.212870 74.027664 115.926627 152.436547
989 111.241121 74.052155 115.920532 152.436685
990 111.270163 74.071320 115.906427 152.435907
991 111.309029 74.102785 115.928923 152.434772
992 111.337023 74.142773 115.938835 152.432736
993 111.359818 74.184411 115.937231 152.431565
994 111.382352 74.224184 115.923646 152.427879
995 110.897737 73.895216 115.561218 152.164117
996 111.035840 73.965905 115.797532 152.377863
997 110.909605 73.812405 115.650930 152.347853
998 111.037268 73.823128 115.826151 152.410681
999 110.222522 73.313686 115.449557 152.245655
1000 109.961575 73.228791 115.057266 152.369174
1001 108.167716 72.046988 113.559752 152.404863
1002 107.420660 71.339841 110.261718 152.684041
1003 105.805730 70.906190 107.214541 153.251377
1004 104.051379 70.024546 104.780329 153.572287
1005 104.136305 70.212121 104.895383 153.942421
1006 103.571231 69.747999 104.382648 154.116714
1007 103.136262 69.677033 104.189338 154.534066
1008 102.856447 69.611626 104.212190 154.999704
1009 101.264123 68.948781 104.401407 154.912498
1010 101.309353 69.025089 104.474348 154.926807
1011 101.302258 69.092787 104.484981 154.921951
1012 101.162999 69.116601 104.583275 154.953230
1013 101.366290 69.168766 104.982982 154.928071
1014 101.320450 69.151834 105.188140 155.029423
1015 101.460036 69.388968 105.574136 155.459434
1016 101.668843 69.441914 105.973980 155.426571
1017 101.677729 69.511290 105.973980 155.426571
1018 101.686614 69.580667 105.973980 155.426571
1019 101.695500 69.650044 105.973980 155.426571
1020 101.704386 69.719421 105.973980 155.426571
1021 101.713272 69.788797 105.973980 155.426571
1022 101.722158 69.858174 105.973980 155.426571
1023 101.731043 69.927551 105.973980 155.426571
1024 101.625602 70.202696 106.169653 155.132952
1025 101.535620 72.306792 107.127771 153.096635
1026 101.574424 74.796468 108.055238 150.530199
1027 101.476843 77.170928 109.069871 147.952016
1028 100.773809 81.705467 110.735088 143.842257
1029 100.308877 83.587105 111.797713 142.336622
1030 100.139873 84.433204 112.306645 141.713195
1031 99.821538 85.766740 113.039092 140.727625
1032 99.632159 86.722430 114.151352 139.979293
1033 97.939302 91.744460 116.715898 135.570299
1034 98.008781 92.017131 117.078173 135.878004
1035 97.071455 94.515471 119.104255 132.537614
1036 96.126775 98.202796 121.247679 128.693453
1037 95.265051 100.756797 122.882288 126.139729
1038 94.823690 102.814245 123.758985 124.144206
1039 93.423448 107.234969 126.065068 119.660673
1040 93.394574 107.694145 126.847038 119.514816
1041 93.051500 109.587163 127.797038 117.823008
1042 92.903769 110.004449 128.389545 117.472859
1043 92.803956 110.262785 128.754512 117.094030
1044 92.683420 111.629222 129.599963 115.898799
1045 92.794001 112.706467 130.415648 114.804296
1046 92.824839 112.851297 130.484144 114.918947
1047 92.818517 112.948157 130.490815 114.910140
1048 92.818031 113.017242 130.467965 114.945696
1049 92.828971 113.068550 130.467965 114.945696
1050 92.839910 113.119857 130.467965 114.945696
1051 92.850850 113.171165 130.467965 114.945696
1052 92.861790 113.222472 130.467965 114.945696
1053 92.872729 113.273780 130.467965 114.945696
1054 92.883669 113.325087 130.467965 114.945696
1055 92.874198 113.547868 130.555830 114.708595
1056 93.091185 113.717726 130.967843 114.945696
1057 93.102167 113.769034 130.967843 114.945696
1058 93.113148 113.820341 130.967843 114.945696
1059 93.124130 113.871649 130.967843 114.945696
1060 93.135111 113.922956 130.967843 114.945696
1061 93.146093 113.974264 130.967843 114.945696
1062 93.157074 114.025572 130.967843 114.945696
1063 93.565244 114.044718 131.243173 114.840054
1064 94.355135 114.142622 131.779196 114.765092
1065 97.903180 113.909952 132.199075 114.535630
1066 99.170877 114.067801 132.455249 114.782157
1067 104.264684 113.716882 131.673834 114.513355
1068 104.422631 113.984359 131.967597 114.945696
1069 107.501445 113.623386 131.468696 114.838480
1070 109.746886 113.462504 131.167361 114.807930
1071 112.010325 113.500084 131.246619 114.709302
1072 115.141676 114.060275 131.746346 114.269542
1073 115.584260 114.589595 132.332135 114.019583
1074 118.155803 115.934564 133.740178 112.792381
1075 118.344198 117.794753 134.507534 110.326615
1076 118.585178 117.904655 134.966861 110.447821
1077 118.596495 117.953955 134.966861 110.447821
1078 118.607811 118.003255 134.966861 110.447821
1079 118.619128 118.052555 134.966861 110.447821
1080 119.993524 117.877161 135.069195 110.407818
1081 120.257108 117.940082 135.459999 110.445160
1082 120.659240 117.906544 135.640924 110.436439
1083 121.139097 117.877161 136.166132 110.441197
1084 121.315690 117.912685 136.557004 110.448816
1085 122.073298 117.903185 137.195693 110.380034
1086 122.228789 117.986726 137.472823 110.446303
1087 122.255418 118.049030 137.494329 110.437809
1088 122.327773 119.001888 137.615178 109.325460
1089 122.826394 123.230746 138.220560 105.894176
1090 122.943276 124.561050 138.314066 104.416246
1091 122.392691 127.095616 137.652061 102.271626
1092 121.777973 129.567582 137.240792 100.176698
1093 121.413694 131.515104 137.182449 98.417692
1094 119.793230 135.639734 137.028062 93.914357
1095 119.573954 137.443671 137.285104 91.961612
1096 119.425416 139.038745 137.489490 90.155273
1097 119.432409 139.354595 137.455960 90.336257
1098 119.449078 139.455476 137.466247 90.457265
1099 119.460605 139.495852 137.466247 90.457265
1100 119.472131 139.536229 137.466247 90.457265
1101 119.483657 139.576606 137.466247 90.457265
1102 119.695393 136.899953 136.829059 91.168741
1103 119.492153 133.720673 136.538578 92.971272
1104 119.063142 126.639128 136.231497 99.154571
1105 119.208173 126.581676 136.422115 99.655412
1106 119.275669 126.569844 136.446751 100.116711
1107 119.296982 126.782599 136.466493 100.452543
1108 119.308425 126.827437 136.466493 100.452543
1109 118.791312 127.172048 135.749597 100.238417
1110 116.926640 133.000925 131.869499 96.970832
1111 116.986780 133.054694 131.918678 96.930343
1112 117.022154 133.116234 131.948412 96.945546
1113 117.114100 133.829160 131.844268 96.206485
1114 117.381228 135.912722 131.891657 94.166273
1115 117.535327 136.944646 132.038911 93.418880
1116 118.060598 139.156830 132.669881 91.062038
1117 118.248692 139.661264 132.985832 91.177024
1118 118.271523 140.183948 133.003786 90.993453
1119 118.550898 141.120244 133.480393 89.899032
1120 118.549708 141.698428 133.490585 89.339743
1121 118.562239 142.090593 133.475384 89.092060
1122 118.590748 142.515600 133.465033 89.216006
1123 118.609772 142.950382 133.501693 89.115349
1124 118.866395 143.201666 133.958410 89.406388
1125 118.891746 143.296270 133.960749 89.421765
1126 118.927710 143.435239 133.951471 89.353989
1127 118.969788 143.616946 133.950353 89.345061
1128 119.000721 143.749093 133.959388 89.411172
1129 119.015813 143.812306 133.967106 89.457737
1130 119.027046 143.852237 133.967106 89.457737
1131 119.038279 143.892168 133.967106 89.457737
1132 119.049512 143.932098 133.967106 89.457737
1133 119.060745 143.972029 133.967106 89.457737
1134 119.071978 144.011960 133.967106 89.457737
1135 119.083211 144.051890 133.967106 89.457737
1136 119.094443 144.091821 133.967106 89.457737
1137 119.112283 144.169564 133.919657 89.399184
1138 119.147241 144.238771 133.967106 89.457737
1139 119.173834 144.332632 133.932257 89.379463
1140 119.247366 144.580943 133.938487 89.214483
1141 119.358127 145.199567 133.971496 88.774501
1142 119.413445 145.722408 134.001565 88.372385
1143 119.667178 145.875253 134.481491 88.339568
1144 119.736154 146.523419 134.584850 87.591360
1145 119.958406 146.839236 135.029985 87.792764
1146 120.188142 146.961338 135.466738 87.958445
1147 120.199500 147.000599 135.466738 87.958445
1148 120.210859 147.039861 135.466738 87.958445
1149 120.222218 147.079122 135.466738 87.958445
1150 120.233576 147.118384 135.466738 87.958445
1151 120.244935 147.157645 135.466738 87.958445
1152 120.251881 147.186966 135.438018 87.959549
1153 120.262112 147.205102 135.421594 87.952357
1154 120.278953 147.223485 135.413983 87.951937
1155 120.285721 147.232670 135.351271 87.935429
1156 120.321745 147.255665 135.346858 87.927356
1157 120.280652 147.228881 135.234531 87.902141
1158 120.313827 147.234334 135.244572 87.901705
1159 120.260771 147.182992 135.159666 87.882398
1160 120.234778 147.122563 135.141316 87.884807
1161 120.175420 147.036974 135.098453 87.874665
1162 120.103093 146.944312 135.051558 87.861573
1163 120.097337 146.885685 135.086719 87.869600
1164 120.228982 146.906292 135.236818 87.934754
1165 120.307844 146.912039 135.285768 87.938589
1166 120.379437 146.927135 135.303685 87.940263
1167 120.305398 146.818861 135.056023 87.929072
1168 119.684337 146.357872 134.621892 87.904264
1169 117.023450 145.678935 133.751479 87.735855
1170 117.140892 145.825643 133.956199 87.958911
1171 116.859299 145.799631 133.782842 87.950280
1172 116.732305 145.798941 133.844975 87.949818
1173 115.865062 145.787215 133.824861 87.892108
1174 115.647949 145.856502 133.959630 87.932458
1175 115.264073 145.906222 133.940954 87.922501
1176 114.124482 145.976011 133.836036 87.830941
1177 112.012103 146.034902 133.699509 87.722289
1178 111.164002 146.186031 133.845914 87.846458
1179 110.852889 146.284227 133.916437 87.913391
1180 110.888300 146.346562 133.967138 87.958118
1181 110.439611 146.399372 133.938934 87.898214
1182 108.712699 146.508769 133.872431 87.749850
1183 108.141342 146.721707 133.920743 87.850042
1184 105.987377 146.998237 133.944385 87.664114
1185 104.807208 147.188222 133.989118 87.823908
1186 102.757920 147.421414 133.908430 87.713561
1187 101.934091 147.714462 133.886431 87.821478
1188 100.359357 148.119077 133.858936 87.720783
1189 97.651095 148.618423 133.650309 87.656468
1190 96.926934 148.907048 133.721898 87.831058
1191 93.360102 149.393134 133.482511 87.623637
1192 92.924184 149.682510 133.249889 87.888860
