48 503.435031 294.584765 46.990296 106.983918
49 503.491499 294.593419 46.961271 106.952856
50 503.510895 294.616756 46.990296 106.983918
51 503.515778 294.624562 46.990296 106.983918
52 503.520662 294.632368 46.990296 106.983918
53 503.413132 294.610501 46.718834 106.914212
54 503.553747 294.653160 46.990296 106.983918
55 503.583074 294.833873 46.988120 106.844563
56 503.382682 298.415034 48.644056 102.125047
57 502.531513 301.275079 50.922651 97.058901
58 503.141711 301.520539 51.602822 96.736096
59 501.908661 302.116683 52.027330 95.746441
60 504.054791 302.937877 53.683095 94.466588
61 503.334047 303.325026 54.630397 93.753441
62 505.696374 303.794574 56.336309 91.468329
63 499.633142 301.688165 57.327388 89.092368
64 505.869745 300.502006 59.755523 87.913763
65 512.254096 298.883439 62.364364 84.858300
66 516.712798 298.693916 62.828636 83.862339
67 519.370490 300.384478 61.899259 83.604115
68 520.336563 302.568210 61.645230 82.738633
69 520.787752 300.584498 60.883182 82.066747
70 522.237191 298.460048 59.960946 80.741560
71 524.465276 296.115008 58.993564 78.200326
72 524.679785 295.801216 57.707555 77.480630
73 524.395063 295.263425 56.597337 76.578674
74 525.796895 293.988797 56.195339 76.444245
75 525.220655 292.848549 55.177093 75.907038
76 524.167368 291.993008 54.658996 74.541214
77 520.205055 293.503417 53.205357 73.149962
78 522.729806 297.259855 50.792155 72.819801
79 522.727594 294.466507 48.984790 70.850475
80 519.707039 298.227765 47.818209 69.348386
81 519.748136 303.136928 46.574801 68.179914
82 518.360998 301.403448 45.476479 66.541731
83 518.464592 304.444225 44.829025 66.103454
84 518.625036 304.350446 43.029834 64.044872
85 518.696214 309.757639 42.086801 61.753182
86 517.579786 311.836251 41.438876 59.285289
87 517.405853 312.921305 40.938536 58.331609
88 515.911916 313.500368 41.049007 56.182815
89 515.857174 313.996355 41.232276 55.732526
90 516.254551 315.085516 40.534551 54.751875
91 516.446484 315.427514 40.788448 54.298188
92 517.112760 314.787336 40.175199 53.235822
93 517.164738 314.881003 39.940982 52.304516
94 518.353816 313.953555 38.285881 50.667805
95 518.762356 314.192022 37.958078 49.596566
96 518.810706 314.413321 37.974815 49.962957
97 519.185031 314.738496 37.829478 49.587140
98 519.262837 315.489436 37.943937 49.449291
99 519.398408 315.905255 38.041282 47.570468
100 519.970447 315.972987 38.164861 46.574451
101 520.569323 316.064062 38.191635 46.436872
102 519.442312 316.281503 38.774553 45.236855
103 519.553444 316.396079 38.773378 44.912040
104 518.209696 316.470357 39.078247 43.517318
105 518.492839 316.797267 39.363992 43.603773
106 518.454242 316.995030 39.453355 43.603527
107 517.683851 318.102983 39.777697 42.803173
108 516.271649 320.091881 40.381756 41.203214
109 515.122234 319.745005 40.418409 40.837350
110 515.442434 320.419299 40.198788 40.748790
111 515.089658 321.389529 40.391430 40.569220
112 515.166621 321.884770 40.396367 40.840731
113 515.203106 322.551000 40.477716 40.710784
114 515.380315 322.697371 40.413510 40.950600
115 515.592101 322.689027 40.406969 40.886213
116 516.367434 322.516228 40.493857 40.599981
117 516.847780 322.596224 40.440230 40.898149
118 517.225780 322.441464 40.480937 41.005662
119 518.828941 321.615834 40.434699 41.668196
120 519.251870 320.826028 40.232279 42.215356
121 519.525832 320.174203 40.356275 42.681158
122 519.707037 318.441995 40.141519 43.476861
123 519.995399 316.598626 40.175639 43.779626
124 520.348748 316.325597 40.525105 44.113062
125 520.711545 314.054993 40.525553 46.169382
126 521.209779 312.856215 40.971071 47.944353
127 521.673687 309.250173 40.895146 49.608311
128 521.275208 308.926796 41.970687 49.654272
129 520.070627 308.068274 42.493970 50.868247
130 519.823459 306.869812 42.805163 50.530931
131 519.670198 307.131388 43.397185 50.851063
132 519.722163 307.201052 43.492622 50.985618
133 519.788749 307.483686 43.927375 51.460888
134 519.159613 308.577658 45.176253 51.654580
135 518.279185 309.264766 46.398483 52.271873
136 517.396401 309.127206 46.477481 53.042573
137 515.347609 309.681240 47.245010 52.932791
138 515.068615 309.863161 47.454934 52.842768
139 511.885074 311.288771 47.348967 51.698238
140 511.697022 312.004244 47.368185 51.873907
141 511.581267 312.094794 47.374903 51.958274
142 510.226864 312.585909 47.563071 51.415118
143 507.566872 313.740856 47.842898 49.682106
144 504.740041 313.998091 47.967510 49.644706
145 504.550924 314.059554 47.906387 49.834025
146 501.953905 313.324347 47.730357 49.255257
147 501.065318 312.763769 47.115669 47.932507
148 500.970293 312.630020 47.343667 47.723442
149 499.892493 310.240001 46.687915 47.806023
150 499.589526 310.019627 46.926166 47.338371
151 498.828893 308.706151 46.861890 46.547312
152 498.793507 307.193372 46.438824 46.316635
153 498.835618 307.123547 46.428109 46.305543
154 498.826550 307.582438 46.507696 45.717571
155 498.947763 307.666246 46.908732 45.808424
156 498.957602 307.794569 46.945357 45.634758
157 498.999666 307.762908 46.760696 45.706323
158 498.983397 307.687881 46.888781 45.756253
159 497.762848 307.542112 46.464290 44.985329
160 496.928112 308.220424 46.273488 44.646472
161 497.031211 308.425813 46.427980 44.965560
162 497.056957 308.447442 46.447643 44.991380
163 498.164577 309.774712 45.724176 43.818918
164 497.909673 310.885301 44.560780 44.233330
165 497.984521 311.638104 44.765356 44.219428
166 498.184991 311.533340 44.570289 43.739865
167 498.586986 311.769468 44.694561 43.298252
168 499.963713 311.953089 44.027867 42.946590
169 499.892979 311.744941 43.933136 42.452925
170 497.660647 312.487092 43.432445 41.770763
171 500.257168 311.939050 41.995957 42.119492
172 500.161087 312.418007 41.537262 42.722601
173 499.567983 312.089735 41.040252 42.121414
174 499.738697 310.346725 40.156839 42.248306
175 499.424048 309.604160 39.874910 42.060079
176 499.762619 310.720325 39.593023 41.737431
177 502.016667 310.418855 38.502731 41.487140
178 502.670009 311.131566 37.982905 41.156018
179 502.404139 312.435877 37.436981 40.990392
180 501.661304 312.464503 37.569582 40.803838
181 501.174620 312.638789 37.802237 40.866379
182 501.120377 312.378900 37.213761 40.809738
183 498.650726 312.616635 37.326506 40.727222
184 496.860892 312.635425 36.790270 40.162757
185 496.783754 314.166815 35.484449 40.409232
186 496.309229 314.340836 35.188611 40.255225
187 495.195639 312.238805 34.926966 40.257068
188 494.568774 312.350287 34.844911 40.387180
189 493.443449 313.326486 34.500518 39.443428
190 491.816191 313.462975 36.074047 37.839169
191 491.488454 313.629386 38.900976 37.130780
192 488.226386 311.674133 38.324860 37.977444
193 491.761788 312.069015 36.648754 38.506757
194 491.059711 312.203686 37.612638 37.554786
195 487.813025 311.804335 38.528122 37.635556
196 493.419115 315.328629 37.980126 38.121627
197 488.514421 311.200953 37.124137 39.024067
198 491.242706 308.889116 37.228079 39.556903
199 487.268044 310.109383 38.865411 39.929890
200 487.761185 308.396144 39.535998 40.721348
201 486.942004 308.067511 39.995705 40.868088
202 485.422894 307.944236 39.610460 40.931339
203 486.235187 307.939991 39.429550 40.993148
204 486.277142 308.564770 39.342032 40.898280
205 486.393414 310.000774 38.962200 40.745603
206 487.998963 313.155954 38.384977 41.092199
207 491.407360 317.590670 38.258059 41.656016
208 488.588056 320.227953 39.849596 44.149399
209 485.185715 313.812063 39.980087 46.075044
210 485.327788 313.681074 40.187193 46.785024
211 485.585565 314.887970 40.244892 46.862643
212 486.702018 315.477899 40.232914 46.882024
213 488.926260 316.916914 40.016951 47.554358
214 489.356215 314.455567 40.011841 47.772892
215 489.070804 312.368873 39.972642 47.845347
216 485.830542 310.204350 39.745338 47.367112
217 485.889596 310.362490 40.248899 47.056635
218 485.736728 310.914806 41.033466 45.161867
219 484.850671 310.145215 40.767573 45.163938
220 481.800459 309.670940 42.237117 44.882488
221 482.161374 310.862742 42.699521 44.953772
222 483.373579 311.782129 42.521857 45.455763
223 482.020343 309.586633 41.792466 46.373571
224 482.775982 311.107811 41.124957 46.469898
225 481.451714 310.817042 41.286950 46.396530
226 480.015768 310.574668 41.851260 45.933488
227 482.881073 314.219068 41.159955 45.218776
228 482.665619 314.871617 40.387968 45.506144
229 476.678865 315.555715 41.086250 45.356470
230 476.208021 316.030422 40.821094 45.920898
231 477.562042 317.948793 40.021747 46.316601
232 476.038689 317.082722 40.205611 46.260175
233 475.062813 318.573770 40.219597 46.542078
234 471.489377 317.077555 40.102615 47.630126
235 464.050792 314.399668 40.486064 48.887849
236 453.724503 308.097058 40.217804 49.693850
237 451.255198 307.917399 40.254347 50.217054
238 443.940831 305.290324 40.881994 50.269118
239 443.560339 304.991639 40.833232 50.490356
