31 517.744983 418.387472 89.967118 271.947083
32 517.968984 418.398042 89.890210 271.963697
33 518.206119 418.060661 89.891686 272.061218
34 518.558165 418.332378 89.853680 272.399623
35 518.773786 418.378876 89.926263 272.431055
36 519.568694 417.415931 89.631795 272.938190
37 520.046484 417.667016 89.860276 272.771019
38 520.158986 417.800265 89.952716 272.920215
39 520.294491 417.909112 89.947463 272.890717
40 520.514536 418.197564 89.650768 272.878168
41 521.070987 419.341731 89.634404 272.587314
42 521.237339 419.854288 89.863332 272.756791
43 521.279697 419.948217 89.999910 272.882685
44 521.169278 420.031504 89.912041 272.927388
45 521.360393 421.838029 89.951235 271.516352
46 521.262840 425.782144 90.391452 267.592895
47 522.346318 427.817025 91.555804 265.750867
48 522.108918 422.676632 92.148124 270.972216
49 522.148750 420.798223 92.782455 272.195299
50 522.265083 417.929837 92.365531 276.016321
51 521.408033 419.498213 93.393745 274.696367
52 521.225489 419.658081 94.434718 275.006583
53 521.416970 423.750068 94.554704 275.028820
54 521.973312 425.765125 95.819387 275.378064
55 524.463070 433.108658 97.684094 271.991787
56 528.288396 437.249822 99.563690 265.185292
57 535.452447 436.217551 98.979130 267.677512
58 542.625223 442.237040 99.866728 264.515141
59 551.188296 449.386774 99.596462 263.493956
60 558.968829 445.548466 98.268700 266.012140
61 569.436741 457.744302 97.732517 257.349635
62 580.833764 452.687699 98.116568 257.951004
63 594.438306 450.695600 95.771372 258.505050
64 601.731984 452.840727 96.373911 263.214700
65 608.430351 448.221421 97.308655 264.523266
66 616.060191 462.463397 98.067249 257.536603
67 621.184607 470.111339 99.933341 248.806184
68 626.074184 485.977223 100.361590 234.022777
69 626.921721 490.007548 100.927897 227.667297
70 627.578374 490.291958 101.066582 224.288066
71 628.597136 489.957264 101.770545 222.329413
72 626.795385 501.041876 103.292996 212.390065
73 620.627331 498.831557 104.603012 212.290515
74 626.984387 483.845435 93.988236 214.432120
75 625.142413 489.256931 93.533589 212.860467
76 623.369521 491.807495 95.117085 210.485056
77 624.780389 492.832149 95.424758 211.046728
78 626.124166 498.271403 94.139627 210.141062
79 626.180129 494.587488 93.568452 212.493231
80 626.226970 493.708631 93.907786 212.862186
81 625.892067 490.156313 94.152083 213.989500
82 629.819318 486.648901 93.363955 215.291611
83 629.877206 486.874700 93.455670 215.483744
84 629.964433 485.601348 92.951957 215.374655
85 629.559617 485.151554 92.636439 215.622087
86 629.862524 485.856453 92.613375 216.101153
87 630.239601 486.106626 92.812421 216.638046
88 630.756033 486.508778 92.208302 216.774997
89 631.456594 487.237724 91.546688 216.690003
90 631.785676 487.510145 91.247269 216.908591
91 631.889157 487.456214 90.773694 217.404178
92 629.708699 488.501337 90.261296 215.594042
93 629.627817 489.214841 90.224489 215.386705
94 629.601166 489.434730 90.353588 215.317254
95 629.655980 489.545740 90.480296 215.426394
96 629.677565 489.536261 90.483114 215.463007
97 629.684217 489.554634 90.487490 215.448395
98 629.776314 489.763490 90.521732 215.410991
99 630.431288 487.884861 90.891437 216.561402
100 630.465678 488.155111 90.880099 216.735273
101 630.494014 486.890952 90.761048 218.361796
102 630.669782 486.335764 90.865714 218.746667
103 630.194184 480.983557 90.777528 223.948592
104 626.230430 461.130792 89.434866 240.433134
105 626.171737 462.973475 88.960572 242.856385
106 621.451918 462.481881 89.837668 241.135733
107 621.989480 462.403600 89.061948 241.217407
108 623.047825 459.203940 88.391407 240.657840
109 629.024499 460.250693 81.941423 242.894879
110 629.198878 457.444427 81.765541 241.265358
111 629.546528 455.123074 81.681236 241.765101
112 629.073336 446.086882 81.503848 243.895506
113 629.291903 445.842976 82.035883 243.799672
114 629.693343 444.750978 82.301098 244.366578
115 629.912145 443.406197 82.402097 244.471599
116 629.202416 443.423674 82.980302 243.228331
117 628.099005 441.857733 83.366139 242.911904
118 627.881507 441.676782 83.489106 242.900304
119 627.782735 441.506740 83.498252 243.118455
120 628.343532 438.839504 82.914300 244.639049
