121 150.908114 163.720125 41.226947 148.498730
122 155.745265 165.951314 41.434335 150.259750
123 155.477866 165.438531 41.277531 150.149856
124 159.409470 165.904046 42.739335 148.394617
125 159.158313 165.106723 42.862488 148.478920
126 158.869740 164.386558 42.899114 148.687322
127 166.571567 164.380757 44.777641 146.814164
128 166.142659 163.852233 45.133259 148.050858
129 172.057074 164.633918 46.452272 150.032413
130 173.733196 164.809590 47.262973 152.325540
131 173.293687 164.431085 47.620193 153.161069
132 178.634178 164.791522 48.621181 156.111792
133 178.383921 164.225944 48.936038 156.608505
134 178.006720 163.583131 49.045996 157.300352
135 186.690640 161.153284 49.650359 158.169037
136 186.753438 160.437253 49.950290 158.908918
137 193.076942 159.759438 50.070503 159.954355
138 193.368779 159.345073 50.005533 159.802086
139 193.693100 159.006843 50.005533 159.802086
140 202.629232 159.384365 50.695481 158.825012
141 202.668256 158.876255 50.701996 158.856872
142 202.704023 158.352214 50.701996 158.856872
143 202.735626 157.912096 50.739155 158.955139
144 202.748978 157.418584 50.739459 158.960401
145 218.727796 157.903210 51.256188 158.824825
146 218.582948 157.489874 51.240166 159.110405
147 224.267080 157.139095 51.361915 161.108970
148 224.028500 157.350436 51.208507 161.546475
149 223.851979 157.495362 51.216871 162.002256
150 223.659989 157.608680 51.205580 162.456298
151 223.473644 157.494977 51.205580 162.456298
152 240.122842 151.914161 51.597256 162.812710
153 240.480339 151.398213 51.490048 162.788030
154 240.635924 150.856039 50.984527 162.882838
155 247.669028 151.266509 51.488059 162.739483
156 247.553856 151.195788 51.161158 162.855153
157 251.907327 152.577480 51.736588 163.004135
158 251.682344 152.441110 51.773592 163.586157
159 256.974839 153.613724 52.234675 165.019370
160 256.833140 153.908018 52.297485 165.136952
161 256.660035 154.143521 52.297485 165.136952
162 267.971383 152.869468 52.586850 166.471376
163 267.865207 153.154456 52.985241 166.428919
164 274.342563 150.226289 53.067864 167.508709
165 276.443942 148.313455 53.573810 169.353147
166 276.513233 147.979432 53.926424 169.555817
167 282.166747 145.362292 54.087207 170.385557
168 282.304749 145.294278 54.478919 170.231301
169 288.298220 144.825384 54.949900 171.837535
170 289.593817 145.947727 54.917000 172.544914
171 289.316909 146.727642 54.917118 173.084324
172 293.197599 146.382860 55.063942 173.237667
173 293.175702 146.717851 55.249588 173.010736
174 296.809862 147.853317 55.248582 173.366935
175 297.706777 148.762029 55.328526 172.541583
176 297.324705 148.807130 55.331678 171.501171
177 296.985379 148.584616 55.110313 170.582001
178 296.752167 148.356182 55.129331 169.622877
179 307.592872 152.964877 55.776591 170.013100
180 308.407351 154.565172 55.703120 169.368895
181 308.290704 155.351568 55.605254 167.992982
182 308.174839 156.036946 55.613617 166.497867
183 308.086032 156.666062 55.643703 164.949495
184 315.743887 160.400941 55.913819 166.553988
185 316.608101 160.805166 55.451464 166.098321
186 317.590063 160.674887 54.948012 165.634199
187 321.927644 166.254565 54.730942 165.923133
188 322.364324 165.193980 54.435359 164.579247
189 324.461902 169.358302 54.173325 164.377365
190 326.076227 171.691006 54.098107 163.689726
191 328.439422 172.158753 53.974026 163.101850
192 329.337211 181.242149 53.867667 162.184127
193 329.094395 181.492930 53.386497 161.139516
194 328.690786 182.069376 52.898300 160.325448
195 330.191805 186.064288 53.141722 161.585749
196 329.957241 187.141376 53.193881 161.182149
197 329.600949 187.896407 53.173072 160.680199
198 329.237771 188.678435 53.164214 160.257020
199 329.067432 189.910647 53.155140 160.089136
200 340.885154 204.997062 55.286036 164.665810
201 341.873694 212.587557 56.297951 166.264995
202 344.462036 221.529269 57.378992 167.413373
203 346.503358 226.454986 57.960932 167.507380
204 347.287994 228.957596 57.929968 167.611225
205 349.149935 232.108152 58.288292 168.355298
206 351.300380 235.287058 58.776595 168.420746
207 352.924848 238.583666 59.405171 168.340608
208 353.468046 241.202185 59.615340 167.836655
209 353.595087 241.397043 59.925505 167.104473
210 353.957896 241.971770 60.164835 166.493643
211 354.357229 242.188302 60.688546 165.436740
212 354.868824 243.806912 61.334594 164.550429
213 356.568493 247.819247 62.431201 164.021244
214 357.508993 250.609822 63.726446 163.032385
215 357.824432 252.916803 65.527039 162.266191
216 358.455418 255.431218 67.878072 160.989270
217 358.454719 257.392618 70.123609 160.183643
218 359.135529 260.554639 72.831814 159.837758
219 358.900352 262.832430 75.557558 159.674347
220 358.101145 263.564112 77.565827 159.566902
221 357.455570 263.900298 79.265762 159.807838
222 356.954457 264.252535 81.016937 159.757515
223 356.115421 263.925696 82.899868 159.826027
224 355.453535 263.475970 84.023046 159.811600
225 355.208060 264.552500 85.662756 160.199936
226 354.798096 265.145861 86.901721 160.613765
227 354.347422 265.672709 87.736667 161.254687
228 354.107619 266.009359 88.397192 161.983002
229 354.196589 266.850695 88.845357 162.570026
230 354.276105 267.393291 89.144592 163.494638
231 354.470786 268.047391 89.737617 164.041320
232 354.519640 268.575053 90.361673 164.881452
233 354.461806 268.764381 90.830303 165.389976
234 354.202034 268.587931 91.282665 166.023564
235 353.996836 268.415193 91.643252 166.728812
236 353.635664 267.977582 92.226294 167.491551
237 353.343652 267.711094 92.849128 167.739068
238 353.173541 267.578724 93.179038 168.261170
239 353.004914 267.226815 93.715320 168.863032
240 353.015749 267.261662 94.110555 169.721337
241 353.039334 267.014764 94.603384 170.422951
242 352.540826 266.006802 95.093924 170.781333
243 352.215601 265.239223 95.554268 171.325822
244 351.879456 265.106354 96.156509 172.004412
245 351.568396 264.756965 96.597303 172.961217
246 351.251907 264.955259 97.254555 173.646191
247 351.010410 265.033927 97.763891 174.638783
248 350.700001 265.496910 98.159195 175.553025
249 350.558157 265.774990 98.598436 176.791053
250 350.357043 266.086716 99.302318 177.972560
251 349.916114 266.069685 99.653272 178.928529
252 349.496502 266.084688 100.064106 180.203105
253 349.074142 266.062435 100.669644 181.914589
254 348.978140 266.053382 101.198118 183.779132
255 348.780154 267.917401 101.899224 185.982687
256 348.732270 267.641260 101.760232 187.332141
257 349.091834 267.669874 101.856670 189.312592
258 349.060227 268.876125 101.849209 191.469383
259 348.980635 270.071543 101.819789 193.788739
260 349.006310 271.343883 101.770329 196.461947
261 349.621070 273.631313 101.939359 198.561611
262 350.717726 275.676411 102.208353 200.461391
263 353.623992 285.202016 102.880650 204.527396
264 358.238550 296.512461 103.804029 209.404356
265 366.652099 310.107048 105.869519 212.597258
266 377.568613 329.693082 109.001807 214.154667
267 386.085686 346.247502 113.932726 212.086717
268 395.522739 363.951090 118.971806 204.814188
269 404.261026 376.802967 122.835171 197.452754
270 407.867132 384.155550 125.727059 191.844450
271 409.467350 389.746356 128.647497 186.253644
272 410.030272 393.858167 130.641724 182.141833
273 410.991911 398.045711 132.767347 177.954289
274 411.467185 401.021675 134.540538 174.978325
275 412.965798 404.791902 136.763988 171.208098
276 414.917021 408.763826 139.051800 167.236174
277 416.680545 413.218834 141.969743 162.781166
278 420.574708 419.106505 145.247211 156.893495
279 423.763916 424.695482 149.274817 151.304518
280 426.400329 430.339548 152.908852 145.660452
281 427.988757 435.816793 156.087407 140.183207
282 428.839105 440.885279 159.335146 135.114721
283 429.466325 446.502597 162.313347 129.497403
284 429.231994 450.860418 165.307412 125.139582
285 428.463331 454.185087 167.442389 121.814913
286 428.124166 456.720747 168.697231 119.279253
287 428.172748 458.656654 169.565202 117.343346
288 428.016539 460.350077 170.411561 115.649923
289 427.879270 461.859085 170.694008 114.140915
290 427.825989 463.423289 171.149510 112.576711
291 427.734794 464.550270 171.241689 111.449730
292 427.587909 465.520948 171.278849 110.479052
293 427.534202 466.200771 170.988375 109.799229
294 427.405312 467.019147 170.450752 108.980853
295 427.194676 467.716998 170.006692 108.283002
296 427.198477 468.496404 169.878253 107.503596
297 427.142280 469.583026 169.323648 106.416974
298 427.029342 470.165385 168.756832 105.834615
299 427.193313 470.888575 168.281435 105.111425
300 427.158847 471.467293 167.710839 104.532707
301 427.056645 472.021875 167.126848 103.978125
302 427.138159 472.367973 166.829106 103.632027
303 427.094459 472.833122 166.332877 103.166878
304 427.046744 473.315480 165.808857 102.684520
305 427.074543 473.768799 165.511376 102.231201
306 427.263138 474.435334 165.412694 101.564666
307 427.186238 475.004664 164.928660 100.995336
308 427.179265 475.383535 164.667994 100.616465
309 427.264622 475.911516 164.513014 100.088484
310 427.084103 476.448114 164.606625 99.551886
311 427.054166 476.851137 164.557514 99.148863
312 426.827345 476.862934 164.528348 99.137066
313 426.614580 476.891888 164.480960 99.108112
314 426.316898 476.947537 164.006348 99.052463
315 426.220182 477.113716 163.933814 98.886284
316 426.112137 477.181206 163.543101 98.818794
317 426.282608 477.273951 163.561244 98.726049
318 426.430518 477.457714 163.646256 98.542286
319 426.365654 477.472138 163.483778 98.527862
320 426.197187 477.487865 162.924720 98.512135
321 426.078889 477.389240 162.420308 98.610760
322 425.867425 476.970133 161.905488 99.029867
323 425.855439 476.648145 161.607806 99.351855
324 426.168512 476.904340 161.864067 99.095660
325 425.933923 476.837107 161.524456 99.162893
326 425.922664 476.778364 161.546294 99.221636
327 426.157404 476.705247 161.651312 99.294753
328 426.440242 476.530174 161.675228 99.469826
329 426.798297 476.708135 161.888655 99.291865
330 426.855019 476.465691 161.564153 99.534309
331 427.014505 476.768341 161.799736 99.231659
332 426.842262 476.855090 161.552690 99.144910
333 426.884014 477.011697 161.620900 98.988303
334 426.989380 477.122133 161.743136 98.877867
335 427.204105 477.160223 161.829445 98.839777
336 427.330888 477.210231 161.841248 98.789769
337 427.580672 477.338530 161.784958 98.661470
338 427.701874 477.330368 161.497867 98.669632
339 427.840879 477.492530 161.287054 98.507470
340 427.857751 477.635214 161.154390 98.364786
341 428.029293 477.713060 161.342547 98.286940
342 427.951137 477.651598 161.362077 98.348402
343 427.901219 477.575450 161.392888 98.424550
344 427.937656 477.541177 161.432070 98.458823
345 427.661667 477.571234 161.420365 98.428766
346 427.523208 477.365410 161.211493 98.634590
347 427.628795 477.390543 160.990284 98.609457
348 427.670181 477.411635 160.619785 98.588365
349 427.898114 477.445624 160.625812 98.554376
350 427.669839 477.363167 160.598021 98.636833
351 427.522152 477.241872 160.538408 98.758128
352 427.874499 477.252008 161.072495 98.747992
353 428.029778 477.410619 161.535232 98.589381
354 428.053988 477.361860 161.635538 98.638140
355 427.926031 477.405522 161.618250 98.594478
356 427.847721 477.406875 161.595663 98.593125
357 427.764800 477.533781 161.757010 98.466219
358 428.094099 477.355433 161.701940 98.644567
359 428.055927 477.384222 161.550867 98.615778
360 427.896913 477.278599 161.502881 98.721401
361 427.877021 477.515645 161.789562 98.484355
362 428.025762 477.284027 161.723932 98.715973
363 427.828270 477.369987 161.845991 98.630013
364 427.648589 477.176188 161.486558 98.823812
365 427.418984 477.213648 161.331581 98.786352
366 427.402342 477.311493 161.323202 98.688507
367 427.477249 477.502875 161.380405 98.497125
368 427.441594 477.252708 161.218216 98.747292
369 427.696444 477.354859 161.264490 98.645141
370 427.777673 477.392164 161.014557 98.607836
371 428.007457 477.416361 161.068887 98.583639
372 428.032986 477.625490 161.260625 98.374510
373 428.058684 477.644019 161.249081 98.355981
374 428.204682 477.539629 161.172534 98.460371
375 428.204601 477.497911 161.215590 98.502089
376 428.144487 477.558289 161.013040 98.441711
377 428.343656 477.600674 161.297897 98.399326
378 428.315817 477.560587 161.248388 98.439413
379 428.306133 477.549435 161.353051 98.450565
380 428.121843 477.514836 161.214034 98.485164
381 428.139971 477.478292 161.274479 98.521708
382 427.974759 477.532095 161.302564 98.467905
383 427.851960 477.465365 161.321731 98.534635
384 427.592343 477.558301 161.054586 98.441699
385 427.874108 477.648304 161.251699 98.351696
386 428.076330 477.796017 161.308139 98.203983
387 427.966654 477.814727 161.232185 98.185273
388 427.984416 477.890135 161.256497 98.109865
389 427.983530 477.995065 161.258322 98.004935
390 428.244934 478.130470 161.265946 97.869530
391 428.134792 477.953629 161.119028 98.046371
392 428.254437 478.053535 161.361545 97.946465
393 428.115925 477.864040 161.145450 98.135960
394 428.342208 477.954979 161.370886 98.045021
395 428.476574 478.091523 161.319021 97.908477
396 428.420307 477.959453 161.155299 98.040547
397 428.415336 478.100485 161.283065 97.899515
398 428.239701 478.053271 161.181736 97.946729
399 428.071175 477.950269 161.225354 98.049731
400 428.094863 478.138021 161.300038 97.861979
401 427.849604 478.033779 161.055541 97.966221
402 427.696737 477.643534 161.097719 98.356466
403 427.635399 477.456185 161.287793 98.543815
404 427.424817 477.251258 160.985833 98.748742
405 427.244004 477.197784 160.797087 98.802216
406 427.205784 477.065490 160.805478 98.934510
407 427.295045 476.775001 160.756038 99.224999
408 427.332341 476.515184 160.593829 99.484816
409 427.693781 476.767594 160.964770 99.232406
410 427.490412 476.724753 160.733229 99.275247
411 427.541860 476.603110 160.759853 99.396890
412 427.873705 476.956317 160.993390 99.043683
413 427.838709 477.086838 160.750318 98.913162
414 427.643032 477.091642 160.940272 98.908358
415 427.417310 477.155383 160.940902 98.844617
416 427.274310 477.139171 160.873159 98.860829
417 426.939489 476.894028 160.761519 99.105972
418 426.539851 476.764836 160.580647 99.235164
419 426.384337 476.634388 160.626502 99.365612
420 426.537107 476.994159 160.958421 99.005841
421 426.402543 476.912096 160.615179 99.087904
422 426.556307 476.769630 160.574843 99.230370
423 426.565174 476.585261 160.592831 99.414739
424 426.711480 476.749741 160.825876 99.250259
425 426.426618 476.547243 160.816549 99.452757
426 426.550795 476.811821 161.034370 99.188179
427 426.597702 476.823967 161.301570 99.176033
428 426.392414 476.663731 161.217815 99.336269
429 426.611509 477.055570 161.495741 98.944430
430 426.653075 476.739444 161.272107 99.260556
431 426.653279 476.645054 161.211169 99.354946
432 426.599296 476.881904 161.293330 99.118096
433 426.376019 476.709600 160.945195 99.290400
434 426.143169 476.487378 160.565431 99.512622
435 426.071711 476.623298 160.846328 99.376702
436 426.014505 476.708356 160.927237 99.291644
437 426.018528 476.469623 160.591817 99.530377
438 426.092746 476.601256 160.689777 99.398744
439 426.015119 476.645626 160.752691 99.354374
440 426.039079 476.752201 160.892935 99.247799
441 425.848726 476.577651 160.602696 99.422349
442 426.085080 476.685471 160.945884 99.314529
443 425.912434 476.478959 160.628130 99.521041
444 425.951637 476.668495 160.761082 99.331505
445 425.831610 476.496220 160.562890 99.503780
446 425.972956 476.775864 160.735701 99.224136
447 426.109244 476.524569 160.759961 99.475431
448 426.313727 476.561198 161.003071 99.438802
449 426.578494 476.606505 161.432809 99.393495
450 426.511069 476.589917 161.370578 99.410083
451 426.454613 476.546058 161.390416 99.453942
452 426.513340 476.671531 161.398248 99.328469
453 426.475132 476.325346 161.149208 99.674654
454 426.613410 476.334930 161.283312 99.665070
455 426.818116 476.294065 161.319760 99.705935
456 426.935489 476.440129 161.415883 99.559871
457 426.809799 476.789454 161.353644 99.210546
458 426.623333 476.736149 161.218316 99.263851
459 426.650717 476.690044 161.207973 99.309956
460 426.474971 476.458842 161.261087 99.541158
461 426.433832 476.643102 161.291012 99.356898
462 426.501477 476.990903 161.497759 99.009097
463 426.254743 476.895840 161.189614 99.104160
464 426.214025 476.665273 161.220395 99.334727
465 426.334506 476.865749 161.415806 99.134251
466 426.223462 476.686416 161.173620 99.313584
467 426.379129 476.687448 161.200165 99.312552
468 426.420171 476.579135 161.134576 99.420865
469 426.656851 476.899171 161.385780 99.100829
470 426.440393 476.778695 161.042950 99.221305
471 426.446724 476.647277 161.046531 99.352723
472 426.537698 476.925988 161.176892 99.074012
473 426.263750 476.947730 161.000318 99.052270
474 426.370061 476.825196 161.145758 99.174804
475 426.176614 476.545362 161.114215 99.454638
476 426.356646 476.634832 161.337064 99.365168
477 426.531549 476.962149 161.266762 99.037851
478 426.471255 476.978144 161.101223 99.021856
479 426.484520 477.002968 161.097265 98.997032
480 426.681220 476.828483 161.313930 99.171517
481 426.748750 476.805435 161.268726 99.194565
482 426.921397 476.673409 161.108262 99.326591
483 427.077568 476.514395 161.137695 99.485605
484 427.438783 476.801339 161.325605 99.198661
485 427.432014 476.804482 161.331488 99.195518
486 427.488115 476.842816 161.271868 99.157184
487 427.404106 476.803310 161.190569 99.196690
488 427.383987 476.708027 161.175183 99.291973
489 427.436296 476.645584 161.198563 99.354416
490 427.661975 476.909656 161.458600 99.090344
491 427.528834 476.800590 161.188028 99.199410
492 427.545110 476.608435 161.076757 99.391565
493 427.694900 476.861197 161.456390 99.138803
494 427.707226 476.890122 161.135446 99.109878
495 427.568559 477.022621 161.313052 98.977379
496 427.581912 476.957485 161.336201 99.042515
497 427.403667 477.018081 161.119598 98.981919
498 427.406243 477.024186 161.300500 98.975814
