31 125.826825 210.521328 65.617816 90.985737
32 123.567782 209.963276 68.412690 91.124787
33 122.054781 209.954968 69.774994 91.368702
34 121.240797 209.841256 70.597754 91.524350
35 120.789922 209.634907 71.164080 91.905480
36 120.322809 209.296725 71.642090 91.943611
37 119.727145 208.795201 72.496884 92.022628
38 119.037331 208.510610 72.853084 92.417726
39 117.893465 207.932492 74.112868 92.523311
40 117.504194 207.956353 74.603990 92.835876
41 117.174765 207.728721 74.885827 92.723548
42 116.982524 207.705786 74.589168 92.628240
43 116.812692 207.646575 74.745280 92.687096
44 116.518345 207.570056 74.780824 92.709521
45 116.293665 207.534812 74.678292 92.650036
46 116.241154 207.540655 74.546717 92.600963
47 116.124805 207.583823 74.679111 92.674515
48 115.941670 207.578943 74.782662 92.709894
49 115.618224 207.602520 74.791839 92.716590
50 115.313403 207.512575 74.799939 92.733441
51 115.128308 207.203651 74.625510 92.585903
52 115.100947 207.004447 74.589887 92.643539
53 115.252252 206.449113 75.073929 92.380892
54 115.417518 205.415857 75.581107 91.818121
55 115.629853 204.675057 76.042861 91.511641
56 115.980511 203.840164 76.626663 91.421078
57 116.213538 206.065862 78.207208 90.906244
58 116.583528 207.583931 78.877162 90.462141
59 116.649524 207.542617 78.785638 89.903002
60 117.919823 206.374707 78.982740 89.453095
61 120.043153 202.529794 79.097999 88.608948
62 121.015229 200.316833 79.528833 88.812659
63 121.853462 199.619488 80.015598 88.787311
64 122.453231 199.472784 80.406324 88.358623
65 122.221433 199.319736 80.735775 87.834665
66 122.065311 198.687356 80.722032 87.180191
67 121.931681 196.980892 80.918133 86.494824
68 121.900318 195.243954 80.770173 85.443077
69 122.092796 193.714516 80.538538 84.648589
70 122.321519 192.947645 80.547422 84.209667
71 122.635511 192.048170 80.458359 83.838429
72 122.665609 191.828155 80.040285 83.632301
73 122.766066 193.015077 79.957733 83.593136
74 123.011335 194.482996 80.195465 83.559094
75 123.497939 197.575732 81.458667 83.273835
76 124.281390 197.440363 81.546670 83.299073
77 124.181533 197.793140 81.904227 83.187971
78 123.780795 197.939547 81.936188 83.212963
79 123.366805 198.624148 82.166287 83.317492
80 123.051348 198.773868 82.425570 83.340370
81 123.029149 198.900132 82.577164 83.294789
82 122.931056 199.064225 82.997776 83.192784
83 122.694679 199.230482 82.895183 83.155875
84 122.455236 199.436958 82.768218 83.116394
85 122.268461 199.647435 82.746760 83.164559
86 122.226854 199.717642 82.759591 83.189926
87 122.111010 199.729836 82.794751 83.198140
88 121.979324 200.003594 82.832868 83.239003
89 121.824582 200.118532 82.854905 83.276235
90 121.664184 200.272684 82.882463 83.297871
91 121.503405 200.404275 82.859187 83.297922
92 121.365673 200.545014 82.861693 83.297516
93 121.335044 200.403634 82.778239 83.194899
94 121.355260 200.258481 82.816614 83.200115
95 121.337047 200.108081 82.833862 83.226795
96 121.269282 199.912232 82.760639 83.204841
97 121.320703 199.768909 82.777175 83.197041
98 121.337668 199.683018 82.749292 83.150795
99 121.436873 199.403978 82.662266 83.135306
100 121.520134 199.508545 82.651655 83.122079
101 121.565787 199.498844 82.533093 83.109561
102 121.671825 199.511443 82.520701 83.101952
103 121.764480 199.595642 82.572662 83.104250
104 121.738467 199.652410 82.599634 83.155465
105 121.669690 199.573486 82.591869 83.154971
106 121.594809 199.718038 82.546193 83.097903
107 121.526374 199.743455 82.553135 83.137130
108 121.409333 199.770368 82.539124 83.185458
109 121.224113 199.665415 82.548025 83.217940
110 121.193112 200.077225 82.695186 83.307387
111 121.046780 199.660588 82.607138 83.365745
112 120.873323 199.315852 82.705761 83.410980
113 121.050352 198.392612 82.489106 83.429876
114 120.702156 198.125308 81.800150 83.113423
115 120.719856 197.826014 81.834757 83.241766
116 120.451839 197.424855 81.893185 83.255076
117 119.992340 197.247503 82.022131 83.152901
118 119.934382 196.605093 82.427294 83.055985
119 120.060079 195.604582 82.380012 82.983138
120 119.926100 195.521379 82.184162 82.440117
121 119.965824 195.616485 82.365771 82.026133
122 119.938906 196.459299 82.452175 82.044906
123 119.766804 197.197766 82.306637 82.029371
124 119.577156 197.384584 82.144127 81.991700
125 119.327705 197.352046 81.977554 81.477189
126 119.035863 197.271313 81.552935 80.941966
127 119.026184 197.274861 81.593306 80.442334
128 118.982809 197.372738 81.691852 79.945174
129 119.001693 197.496262 81.705646 79.440548
130 119.180960 197.575217 81.775582 78.959181
131 119.350021 197.494414 81.805615 78.409950
132 119.762455 197.367863 81.713381 77.961758
133 120.874608 197.011637 81.428802 77.526648
134 121.345289 197.158565 80.940287 77.475403
135 122.480212 197.226713 80.221800 77.076900
136 122.961383 198.036153 80.200567 76.909775
137 123.392200 198.463351 80.239943 76.497711
138 123.379204 198.813835 80.124384 76.024811
139 123.367593 199.904628 80.292435 76.021029
140 123.157172 200.351251 80.068084 76.094488
141 122.903366 200.987610 80.253324 76.168805
142 122.719064 201.418651 80.278712 76.324818
143 122.224059 201.558275 80.387788 76.443700
144 121.617219 201.323156 80.255439 76.437484
145 121.210411 201.236863 80.247585 76.361555
146 120.805928 201.214548 80.213795 76.362186
147 120.481716 201.257522 80.350508 76.357688
148 120.304112 201.388127 80.649016 76.411566
149 120.678733 201.875989 81.231357 76.604466
150 120.282146 202.863065 81.132103 76.918526
151 120.111792 203.256989 81.194889 76.759224
152 119.963387 203.946856 81.138849 76.854992
153 119.740012 204.169167 81.130140 76.930463
154 119.474517 204.388689 81.231481 76.882673
155 119.302060 204.640368 81.041807 76.784214
156 119.322533 205.107260 81.074144 76.848669
157 119.337800 205.519409 81.067308 76.844175
158 119.326367 205.802585 81.050558 76.849584
159 119.331236 206.177462 81.081749 76.865475
160 119.301608 206.572015 81.014891 76.881318
161 119.230645 206.950275 81.128283 76.868717
162 119.098498 207.407256 81.066224 76.837456
163 118.969680 207.864222 81.132282 76.888466
164 118.616346 208.094711 80.998498 76.837482
165 118.114844 208.147830 80.481247 76.780516
166 117.897712 208.405415 80.071047 76.777998
167 117.943420 208.652638 80.176031 76.861340
168 117.904338 208.895155 80.116165 76.842571
169 117.949254 209.061431 80.038270 76.843316
170 118.038293 209.225029 80.054023 76.853751
171 117.806257 209.224666 80.080329 76.879390
172 117.926359 209.330418 80.023480 76.864480
173 118.026344 209.372227 80.011335 76.824194
174 117.887248 209.412747 80.098738 76.868750
175 117.956152 209.531736 80.048999 76.855668
176 117.963724 209.518324 80.045218 76.731507
177 117.980748 209.628282 80.062437 76.744729
178 117.996896 209.800851 79.906781 76.797164
179 117.713409 209.878018 79.535206 76.780344
180 117.821901 210.033749 79.589413 76.739357
181 117.683521 210.169178 79.499207 76.755692
182 117.624871 210.190439 79.086122 76.727134
183 117.615989 210.341320 79.057471 76.754422
184 117.619465 210.467193 79.034836 76.737668
185 117.589345 210.674186 79.080667 76.747391
186 117.553565 210.878413 79.049938 76.747402
187 117.536936 211.114991 79.070913 76.774998
188 117.523070 211.280092 79.024706 76.741076
189 117.542079 211.470323 79.035336 76.774778
190 117.471514 211.655097 78.966293 76.757598
191 117.515332 211.807103 78.586698 76.757804
192 117.596002 212.140885 78.540044 76.794946
193 117.767290 212.540782 78.609700 76.861105
194 118.092108 212.769678 78.508925 76.843812
195 118.467680 213.122052 78.523906 76.923586
196 118.644852 213.475642 78.548004 76.964653
197 118.799024 213.645502 78.501123 76.917274
198 118.868177 213.660561 78.554276 76.815536
199 118.820745 213.757276 78.686573 76.890721
200 118.732343 213.848188 78.660988 76.938225
201 118.581434 213.854027 78.708674 76.909751
202 118.362186 213.961871 78.704734 76.961631
203 118.220780 214.084137 78.699155 76.971012
204 118.145404 214.245203 78.622315 76.930231
205 118.130248 214.329739 78.733393 76.983892
206 118.037722 214.404774 78.676553 76.997529
207 118.125646 214.473135 78.591223 77.064731
208 118.359858 214.886723 78.600730 77.613766
209 118.349252 215.095141 78.511934 77.707958
210 118.757602 215.064390 78.451048 77.878140
211 120.194852 214.482188 77.389285 77.937508
212 123.391434 213.542302 75.641170 79.267362
213 126.325586 213.829093 74.696029 79.906270
214 127.340102 214.072865 74.380285 79.827782
215 128.386872 214.631851 74.557930 79.803688
216 129.361072 215.388432 75.216751 79.685623
217 129.896456 216.373375 75.398592 79.758312
218 130.520983 217.241472 75.506437 79.598274
219 131.154014 217.794054 75.847837 79.351894
220 131.117463 218.163229 75.634871 78.650920
221 131.148857 218.584444 75.488855 78.276052
222 131.291893 219.069777 75.097114 77.746485
223 131.747681 219.457974 75.132107 77.177678
224 131.938133 219.675524 75.016039 76.806871
225 132.040403 219.807821 74.943432 76.311831
226 132.186268 220.045429 74.541357 75.812079
227 132.515422 220.359034 74.572924 75.280161
228 132.669836 220.533082 74.485524 74.898776
229 132.770727 220.679739 74.040986 74.376926
230 133.150385 220.723087 73.988552 73.890579
231 133.177164 220.791665 73.511914 73.451607
232 133.536148 220.830210 73.573111 72.992217
233 133.826745 220.957527 73.615041 72.541975
234 133.914284 221.252305 73.446208 72.545390
235 133.908838 221.656284 73.054728 72.602894
236 134.145269 222.113708 73.048146 72.579711
