21 108.384257 87.088390 136.047968 106.219125
22 107.978292 87.434464 135.659086 105.679715
23 107.497014 87.682241 135.045624 105.178729
24 107.097387 87.865388 134.367988 104.632181
25 106.493116 88.662294 133.473455 103.887356
26 105.762618 89.109508 132.451283 102.940462
27 104.912445 89.632290 131.621235 101.908402
28 104.315826 89.863344 130.982409 101.064970
29 103.662205 90.607222 130.445074 100.419866
30 103.190481 91.384854 130.108267 99.468423
31 102.806781 91.907126 129.710156 98.526826
32 102.316473 93.074330 130.066161 97.618651
33 101.704103 93.428873 130.023277 97.168659
34 100.985720 94.318000 129.637207 96.383783
35 99.706127 95.988600 129.609346 94.605456
36 99.241365 96.387160 128.997845 94.153583
37 98.567601 96.710796 127.872331 93.618240
38 98.029806 97.145342 126.959650 93.182604
39 97.438481 97.329033 125.897772 92.737083
40 96.821603 97.571321 125.172384 92.283965
41 96.419553 98.152770 124.466193 91.594536
42 95.735775 98.544806 123.612445 91.166813
43 95.307067 98.761260 123.658844 91.028344
44 94.647242 99.269875 123.478280 90.792032
45 93.799394 99.384729 123.265273 90.493383
46 92.959964 99.568264 123.169130 89.821657
47 92.445021 99.921640 123.005759 89.470965
48 92.064681 100.176044 123.277004 89.286701
49 91.384906 100.355262 123.457505 89.423156
50 91.227330 101.278756 123.522437 89.158154
51 90.920634 101.911367 123.531590 89.220202
52 90.190003 102.139134 123.476400 89.133691
53 89.555410 102.986682 123.477328 88.914404
54 88.807732 103.577391 123.478128 88.397980
55 88.051846 103.850500 122.898304 87.927446
56 86.931200 104.513663 123.573935 87.575277
57 85.815618 105.154156 123.764175 87.612152
58 84.314387 105.379127 123.573984 87.275309
59 82.516890 105.950124 123.988914 86.855413
60 79.697005 106.710534 124.258276 86.248502
61 77.386737 106.958096 124.273589 86.073755
62 74.829596 107.171874 124.398585 85.876944
63 73.981339 107.027431 124.102798 85.653913
64 73.459429 106.981910 123.473896 85.482143
65 72.057346 107.220751 122.841098 84.891233
66 69.952939 107.470272 122.718135 84.538460
67 66.219482 108.263841 123.493466 83.718453
68 63.899251 108.587847 122.698521 83.291127
69 62.532156 108.818719 122.144875 83.171101
70 60.122358 110.407005 122.631767 82.658360
71 59.235373 111.076937 122.178188 82.563445
72 58.486492 112.168939 121.437569 82.386806
73 57.451360 112.837361 120.524310 81.962235
74 56.454886 113.033213 119.971338 81.684466
75 55.834894 113.440720 119.006516 81.678385
76 54.472817 113.856241 118.746789 81.874741
77 53.210219 114.308105 117.727439 81.923453
78 52.189446 114.361898 116.827226 81.810593
79 51.365018 114.696351 116.323748 81.859769
80 50.560392 114.855409 115.549686 81.781846
81 50.469087 115.128701 115.013386 81.431735
82 50.834483 115.494406 114.546943 81.003745
83 51.564178 116.172159 114.222180 80.974765
84 53.038737 116.888406 113.626806 80.623630
85 53.411581 117.213184 113.373692 80.468679
86 53.898383 117.585852 113.126489 79.871171
87 54.925384 118.094171 113.443319 79.809284
88 54.979772 118.324108 112.927069 79.324467
89 56.430160 119.433370 114.134584 79.084117
90 57.080067 120.412997 114.989661 78.892489
91 57.465269 120.789585 115.507175 78.583624
92 57.493039 121.070917 116.061254 78.547819
93 58.617064 121.778361 117.651922 78.398125
94 59.342286 122.246254 118.895739 78.199158
95 59.667768 122.671626 118.903882 77.938764
96 61.877867 123.271138 120.356280 77.173654
97 63.585173 123.974151 121.744048 76.664439
98 66.330810 124.582235 123.480706 76.252350
99 67.453255 124.825274 124.196544 75.932931
100 68.086057 125.020354 125.063047 75.525895
101 69.066533 125.449401 125.947177 75.535578
102 69.104366 125.881089 126.221082 75.313998
103 69.021365 126.008478 126.882682 74.740648
104 69.070148 126.274832 127.323654 74.482033
105 69.418026 126.600355 127.609343 73.786717
106 68.861041 126.807939 128.504865 73.515781
107 67.989060 127.283582 129.239054 73.809706
108 67.409934 127.531743 129.297940 73.700578
109 66.876503 127.839605 129.207389 73.714473
110 66.645507 128.142479 129.579677 73.580919
111 66.612233 128.621057 130.093547 73.673912
112 66.685186 128.759383 130.335316 73.537934
113 67.000563 129.064721 130.224140 73.375961
114 67.211399 129.198795 130.028255 72.877994
115 67.282518 129.498832 129.952637 72.433704
116 67.062336 129.834996 129.460152 71.970401
117 66.771939 130.038588 129.116579 71.335176
118 66.627369 130.252401 129.093151 70.868940
119 66.296430 130.466073 129.165881 70.588213
120 66.302754 130.931245 129.295717 70.536973
121 66.001060 131.469593 128.957560 70.723994
122 65.323602 131.764926 128.667072 70.609291
123 64.528252 131.922092 128.537479 70.545897
124 62.741593 132.274564 129.658172 70.767786
125 61.242770 132.024396 130.680718 70.761813
126 58.068043 131.902168 131.617486 70.524507
127 55.578283 131.533008 132.770297 70.752578
128 53.292345 131.613371 133.450239 70.809590
129 51.618187 131.709188 132.943504 70.838960
130 49.724277 131.729998 132.523651 70.794223
131 46.388404 132.408933 133.100583 70.893393
132 43.755597 132.963818 133.831606 70.801770
133 41.282650 133.637376 135.578165 71.087723
134 39.128447 133.620592 135.927439 71.087966
135 37.689575 133.946960 136.178908 71.180909
136 36.247804 134.116178 136.793145 71.103458
137 35.020939 134.428718 137.554774 71.182027
138 34.232796 134.808459 138.627766 71.238279
139 33.387518 135.371828 140.542298 70.923337
140 32.884144 135.809281 142.786940 70.500449
141 32.326662 136.761259 144.526859 70.151122
142 32.355186 137.976188 146.857691 69.308596
143 31.882241 138.804487 148.613441 68.195271
144 31.319541 139.090664 149.844478 67.605465
145 30.729525 139.735029 150.880609 67.304404
146 30.073135 141.043631 152.645449 66.698588
147 28.945977 142.130784 155.556855 66.208131
148 28.374589 142.772797 156.457165 66.112945
149 27.757514 143.413367 156.900229 66.131477
150 26.859240 144.392517 157.972326 65.997633
151 26.024639 145.347015 159.117718 65.261924
152 25.292520 146.247421 160.128348 65.019286
153 24.788460 146.956358 160.777116 65.164809
154 23.872778 147.832804 161.382556 65.026788
155 22.770986 148.704124 162.673759 65.104592
156 21.999944 149.208281 164.290700 65.376065
157 21.694598 149.501106 165.735276 65.342309
158 21.883286 149.731631 167.409307 65.426066
159 22.793140 150.350032 168.657647 65.028194
160 25.893768 151.859066 171.691595 64.451776
161 30.717617 152.812074 174.095558 63.615547
162 36.788213 154.141575 177.028852 62.848285
163 41.915339 155.307650 180.146073 62.184145
164 48.092231 155.767466 182.208971 61.984947
165 53.276313 155.911046 183.063385 61.414570
166 54.299074 156.142599 183.584490 60.953138
167 53.879485 156.202895 183.328418 60.650949
168 53.193967 156.517125 182.850753 60.630129
169 52.321169 156.712745 182.682465 60.650836
170 51.532420 157.222843 182.744220 60.404119
171 51.137824 157.400002 182.734621 60.061835
172 50.710471 157.832974 182.924798 60.020293
173 50.259034 158.267299 182.538938 59.980923
174 49.957752 158.251349 182.588782 59.672936
175 49.513518 158.495667 182.550614 59.581504
176 49.562843 159.002190 182.749988 59.469277
177 49.479966 159.153449 183.166084 59.092992
178 49.340999 159.415439 183.844792 59.209149
179 48.899133 159.710886 183.851995 59.087255
180 48.795966 160.234342 183.899496 59.054585
181 48.430743 160.720254 184.019811 59.078764
182 48.385873 160.998071 183.834696 59.009800
183 48.102929 161.584373 183.542472 58.943904
184 48.452754 161.884620 184.173669 58.583280
185 48.677767 162.426890 184.489126 58.500497
186 48.563706 162.940409 184.119687 58.448405
187 48.215227 163.863967 184.207997 57.608895
188 48.032627 164.788911 183.960097 57.047320
189 48.196118 165.469454 183.774057 56.622674
190 48.475914 166.005803 183.760282 56.208779
191 48.501253 166.405216 183.220211 55.724139
192 48.890452 166.854163 182.930832 55.208497
193 48.904154 167.547456 183.263380 54.560742
194 48.631200 168.683410 183.839026 53.902668
195 48.762102 169.660237 183.730416 52.946548
196 48.697246 170.831253 183.589816 51.658490
197 48.979907 172.090820 183.183150 51.001062
198 48.490082 173.614439 182.655681 50.446230
199 48.128840 174.665779 181.426393 49.696728
200 47.385259 176.452034 179.913440 48.594248
201 46.251869 179.910213 179.179184 47.475432
202 44.396648 183.927449 180.016241 45.806629
203 42.656553 187.891066 180.880641 44.271999
204 42.695468 190.874739 181.957461 43.006018
205 42.371682 193.058345 183.587303 42.151208
206 45.307307 194.464591 184.390864 41.546652
207 48.005426 196.455237 185.436034 40.875331
208 48.562008 198.003302 187.242459 39.618809
209 54.307449 199.881421 188.764626 38.787720
210 56.429445 201.282699 191.162582 37.725267
211 59.079146 202.550638 193.891613 36.897484
212 60.735902 203.296566 195.193425 36.235627
213 66.451036 204.494955 197.181868 35.505045
214 64.315266 205.348935 197.760988 34.651065
215 69.775022 205.772288 198.066902 34.227712
216 67.997297 206.606344 200.201382 33.393656
217 73.434145 207.322170 200.794256 32.677830
218 77.765484 208.320185 201.288328 31.679815
219 79.139534 208.876084 201.450786 31.123916
220 80.104224 209.412461 201.782320 30.587539
221 80.243395 209.830173 202.743185 30.169827
222 81.505442 210.525688 204.477756 29.474312
223 82.351492 211.075927 206.153785 28.924073
224 81.495493 211.769005 209.383002 28.230995
225 80.066809 212.294918 212.180237 27.705082
226 78.104338 212.967804 214.971955 27.032196
227 77.770069 213.789333 215.948177 26.210667
228 78.073434 215.113651 218.394244 24.886349
229 78.876941 216.810143 221.093919 23.189857
230 80.147203 218.075457 223.514564 21.924543
231 80.991376 218.702319 223.480811 21.297681
232 81.068549 219.307672 223.196256 20.692328
233 79.230392 220.401671 224.846434 19.598329
234 79.751982 221.190721 224.443141 18.809279
235 79.599422 221.929277 224.008523 18.070723
236 77.798526 222.795659 224.509410 17.204341
237 79.151885 223.243752 223.480893 16.756248
238 78.106162 224.013122 223.575187 15.986878
239 79.780647 224.377339 223.176270 15.622661
240 79.077245 224.935024 222.178302 15.064976
241 80.858153 225.340987 220.802513 14.659013
242 82.106698 225.633647 219.211589 14.366353
243 81.289423 225.921078 218.377878 14.078922
244 81.247670 226.444042 217.511664 13.555958
245 82.968715 226.931715 216.342291 13.068285
246 84.119492 227.349808 214.909754 12.650192
247 83.526889 227.683709 213.319359 12.316291
248 84.471036 227.937659 211.760860 12.062341
249 86.793396 228.330817 209.907478 11.669183
250 86.939653 228.593008 208.096418 11.406992
251 87.570741 228.741776 206.414197 11.258224
252 85.114337 228.925120 204.776574 11.074880
253 85.693850 229.216704 203.836658 10.783296
254 86.313587 229.410038 203.044509 10.589962
255 84.874277 229.678331 202.707514 10.321669
256 84.301254 229.890296 202.283928 10.109704
257 82.950121 230.235359 202.656465 9.764641
258 81.012622 230.400029 201.706663 9.599971
259 78.869661 230.679366 201.342319 9.320634
260 78.310157 230.824742 200.287600 9.175258
261 77.133078 231.058743 198.761369 8.941257
262 77.727748 231.207965 197.390798 8.792035
263 75.857979 231.438253 195.997950 8.561747
264 75.987278 231.677576 193.995291 8.322424
265 75.782825 231.836038 192.028725 8.163962
266 75.397615 232.078591 190.162272 7.921409
267 75.149907 232.195943 188.221006 7.804057
268 74.236604 232.383485 186.346105 7.616515
269 73.107232 232.659965 184.256791 7.340035
270 70.599520 232.879345 182.220794 7.120655
271 69.208966 233.127275 180.574099 6.872725
272 66.811269 233.281285 178.398329 6.718715
273 64.019335 233.513944 175.436866 6.486056
274 63.129364 233.591084 173.074259 6.408916
275 65.010435 233.718172 171.441274 6.281828
276 66.407446 233.943803 169.812847 6.056197
277 69.901636 234.337565 169.185340 5.662435
278 69.484785 234.663900 168.334673 5.336100
279 64.966968 235.030244 166.427544 4.969756
280 64.810358 235.195013 164.384873 4.804987
281 64.170514 235.487026 163.221260 4.512974
282 66.739573 235.822143 164.005769 4.177857
283 69.609941 236.176566 164.122148 3.823434
284 67.764525 236.418234 165.039908 3.581766
285 66.936623 236.783869 166.038676 3.216131
286 66.242138 237.016160 167.264836 2.983840
287 62.687239 237.443525 167.181605 2.556475
288 65.297390 237.737371 168.386807 2.262629
289 60.996428 238.020620 168.754523 1.979380
290 61.811524 238.098840 169.142378 1.901160
291 62.598034 238.213579 169.768933 1.786421
292 64.478447 238.370061 170.746511 1.629939
293 65.070267 238.588095 170.661392 1.411905
294 63.676799 238.783408 171.255112 1.216592
295 67.461415 238.948969 171.230093 1.051031
296 67.186221 239.204372 170.350812 0.795628
297 65.109159 239.321948 168.039336 0.678052
298 66.314237 239.677611 164.947254 0.322389
299 68.505014 239.590775 154.947059 0.409225
300 70.883766 239.558638 143.806707 0.441362
301 75.762075 239.616884 128.778360 0.383116
302 71.320706 239.654324 124.371758 0.345676
303 91.684586 239.665472 123.255375 0.334528
304 94.917606 239.655917 115.830452 0.344083
305 90.146675 239.668213 110.859565 0.331787
306 111.094405 239.644459 108.530342 0.355541
307 100.496407 239.681783 104.465409 0.318217
308 101.770845 239.657164 101.423054 0.342836
309 116.856650 239.669135 98.218671 0.330865
310 116.464956 239.677436 94.452437 0.322564
311 115.633969 239.636503 90.023643 0.363497
312 117.136212 239.615705 88.876473 0.384295
313 117.654669 239.615507 87.589527 0.384493
314 116.106277 239.607330 86.455072 0.392670
315 122.967871 239.588798 86.351773 0.411202
316 119.573103 239.569517 83.644445 0.430483
317 119.300898 239.543992 82.872787 0.456008
318 117.983393 239.539742 83.699049 0.460258
319 116.087317 239.507740 81.783282 0.492260
320 120.265725 239.512978 80.539661 0.487022
321 120.405561 239.511742 79.169177 0.488258
322 116.839899 239.494961 77.293290 0.501328
323 113.958257 239.756989 78.824533 0.243011
324 114.252257 239.643281 80.324693 0.356719
325 107.980664 239.607811 84.627842 0.392189
326 113.181825 239.591390 85.390915 0.408610
327 111.535787 239.574563 86.308428 0.425437
328 112.205917 239.555856 86.302096 0.444144
329 107.992985 239.547612 86.294321 0.452388
330 108.487530 239.548048 86.429201 0.451952
331 107.307196 239.551996 86.610041 0.448004
332 108.627468 239.559975 91.159178 0.440025
333 115.699358 239.547043 92.142923 0.452957
334 117.504531 239.541930 92.977229 0.458070
335 122.530638 239.532686 92.441637 0.467314
336 134.430935 239.527714 93.212048 0.472286
337 140.850424 239.526026 93.578736 0.473974
338 140.115329 239.523085 94.700888 0.476915
339 141.145725 239.523518 92.681289 0.476482
340 139.905286 239.523223 93.362563 0.476777
341 145.870823 239.506343 89.945416 0.493657
342 150.805605 239.497502 88.327117 0.499376
343 154.238737 239.491689 87.231672 0.499914
344 160.094707 239.487913 86.739807 0.496897
345 165.738868 239.479887 84.603886 0.506429
346 162.937680 239.733573 83.728347 0.266427
347 167.926047 239.608024 81.255294 0.391976
348 171.471331 239.545294 79.021414 0.454706
349 172.773372 239.515256 77.341946 0.484744
350 175.726842 239.497948 76.812429 0.496033
351 177.921569 239.486992 75.053378 0.503690
352 177.817608 239.741591 74.913641 0.258409
353 185.582302 239.602795 74.144855 0.397205
354 191.527377 239.537358 71.564124 0.462642
355 197.968355 239.502861 68.484979 0.497139
356 206.031329 239.486604 65.533793 0.513396
357 209.597267 239.714534 65.354163 0.285466
358 213.817975 239.604199 63.963632 0.395801
359 219.643544 239.544437 60.616718 0.455563
360 222.541809 239.533657 59.138884 0.466343
361 223.503594 239.528992 58.119567 0.471008
362 223.796065 239.530568 57.001094 0.469432
363 226.819723 239.528005 55.676436 0.471995
364 230.913224 239.549793 54.541166 0.450207
365 232.462671 239.594942 54.275327 0.405058
366 231.639191 239.590033 53.548138 0.409967
367 230.109590 239.612315 52.703170 0.387685
368 229.664506 239.627223 53.383081 0.372777
369 229.537956 239.635649 53.022224 0.364351
370 229.261455 239.607131 50.474028 0.392869
371 233.147041 239.619313 49.178937 0.380687
372 231.415032 239.632041 48.741175 0.367959
373 234.556181 239.631777 46.992968 0.368223
374 237.675520 239.627842 46.427067 0.372158
375 239.787905 239.600955 44.220539 0.399045
376 240.736318 239.638338 43.220462 0.361662
377 241.746847 239.619768 41.821551 0.380232
378 243.443766 239.599363 39.429212 0.400637
379 247.095787 239.576482 37.866619 0.423518
380 246.474845 239.564768 36.541395 0.435232
381 246.636948 239.575587 35.248869 0.424413
382 247.419930 239.587095 33.144083 0.412905
383 248.590359 239.561904 31.775155 0.438096
384 248.454861 239.554524 30.656111 0.445476
385 247.640152 239.555986 30.143392 0.444014
386 247.814599 239.549038 29.649811 0.450962
387 247.915905 239.544054 29.441566 0.455946
388 248.288968 239.534431 28.402657 0.465569
389 248.821235 239.534107 27.738862 0.465893
390 249.587736 239.534264 27.271732 0.465736
391 250.350850 239.535590 26.863679 0.464410
392 250.911404 239.538502 26.391040 0.461498
393 251.281206 239.526922 25.687151 0.473078
394 251.013256 239.518901 25.374388 0.481099
395 250.936282 239.515146 25.002178 0.484854
396 251.090678 239.513740 25.014229 0.486260
397 250.952629 239.512931 24.892637 0.487069
398 250.838873 239.516661 24.573613 0.483339
399 250.776498 239.514807 24.599507 0.485193
400 250.721388 239.514351 24.630804 0.485649
401 250.702998 239.512732 24.614037 0.487268
402 250.774221 239.513869 24.689028 0.486131
403 248.414165 239.532524 25.747699 0.467476
404 248.496089 239.536822 26.504831 0.463178
405 247.502452 239.531299 27.118077 0.468701
406 246.884512 239.524057 28.026804 0.475943
407 246.240171 239.520233 28.769744 0.479767
408 245.087879 239.518663 29.471713 0.481337
409 244.889166 239.517333 29.836383 0.482667
410 244.345244 239.517325 30.503313 0.482675
411 243.944190 239.519543 31.395030 0.480457
412 243.606997 239.520644 31.720801 0.479356
413 243.664512 239.522621 32.173167 0.477379
414 242.976279 239.524631 32.738905 0.475369
415 245.261066 239.520639 32.570915 0.479361
416 244.892320 239.522876 32.933246 0.477124
417 244.018006 239.521205 32.984094 0.478795
418 244.034035 239.518036 33.386007 0.481964
419 244.571356 239.516811 33.433131 0.483189
420 244.842586 239.516451 33.576260 0.483549
421 244.736185 239.520541 33.775725 0.479459
422 245.007559 239.518999 33.989749 0.481001
423 244.617028 239.519370 34.069329 0.480630
424 245.886332 239.513449 34.149386 0.486551
425 245.908545 239.513508 34.384872 0.486492
426 245.719759 239.513622 34.505217 0.486378
427 245.395524 239.516700 34.673435 0.483300
428 245.047757 239.517396 35.348192 0.482604
429 244.967115 239.523174 35.353607 0.476826
430 246.116442 239.519335 35.696942 0.480665
431 249.376133 239.512605 37.176402 0.487395
432 249.392458 239.500381 38.233657 0.483050
433 253.114314 239.490841 39.836652 0.486829
434 253.086978 239.496143 43.409082 0.467651
435 251.355289 239.509920 46.801599 0.463778
436 252.974787 239.509664 48.376279 0.480900
437 254.612469 239.512593 49.320724 0.485175
438 256.660194 239.518507 50.407668 0.481493
439 257.864229 239.524868 51.187470 0.475132
440 259.838487 239.529745 52.397592 0.470255
441 261.268043 239.532271 53.526590 0.467729
442 261.334960 239.536836 54.314416 0.463164
443 265.960332 239.529660 52.692108 0.470340
444 266.669832 239.534146 53.200958 0.465854
445 264.149430 239.552045 54.142561 0.447955
446 267.425563 239.563666 52.573896 0.436334
447 270.301835 239.643028 49.698165 0.356972
448 274.507692 239.779060 45.492308 0.220940
449 276.075003 239.790808 43.924997 0.209192
450 271.730060 239.723621 47.374090 0.276379
451 271.139653 239.656574 48.052797 0.343426
452 276.415649 239.604556 43.584351 0.395444
453 275.911462 239.686802 44.088538 0.313198
454 274.784153 239.643584 45.215847 0.356416
455 273.245390 239.611348 46.083547 0.388652
456 272.922506 239.591641 46.925297 0.408359
457 272.232349 239.584688 46.445709 0.415312
458 271.986451 239.564964 45.760016 0.435036
459 275.068702 239.501412 44.245656 0.498588
460 278.138476 239.635280 41.861524 0.364720
461 281.263896 239.704736 38.736104 0.295264
462 286.326844 239.699890 33.673156 0.300110
463 289.594127 239.689573 30.405873 0.310427
464 290.077854 239.732908 29.922146 0.267092
465 295.666678 239.755387 24.333322 0.244613
466 294.164951 239.783539 23.225450 0.216461
467 294.888137 239.772550 22.804318 0.227450
468 295.138343 239.794444 22.609097 0.205556
469 296.016232 239.773923 21.990054 0.226077
470 296.942345 239.762594 21.113797 0.237406
471 297.938234 239.726770 20.453929 0.273230
472 298.852780 239.712577 19.649859 0.287423
473 300.531372 239.701967 18.879848 0.298033
474 301.569029 239.723153 18.157288 0.276847
475 302.502983 239.741747 17.497017 0.258253
476 303.279314 239.720213 16.682246 0.279787
477 304.405800 239.722514 15.594200 0.277486
478 304.092540 239.724003 15.907460 0.275997
479 303.819979 239.675486 15.791751 0.324514
480 303.894397 239.625263 15.738958 0.374737
481 303.737082 239.618100 15.614877 0.381900
482 303.654596 239.600325 15.912518 0.399675
483 303.424068 239.585559 15.856625 0.414441
484 303.156144 239.572687 15.826414 0.427313
485 302.986322 239.574403 15.849567 0.425597
486 302.943765 239.576498 15.713139 0.423502
487 303.079408 239.579752 15.616328 0.420248
488 303.014048 239.589230 15.815740 0.410770
489 302.933659 239.588263 15.800368 0.411737
490 302.885180 239.583934 15.772466 0.416066
491 303.243697 239.582844 15.781049 0.417156
492 303.161560 239.577413 15.858817 0.422587
493 303.112530 239.571640 15.806110 0.428360
494 303.018826 239.569814 15.824814 0.430186
495 302.931649 239.571396 15.821333 0.428604
496 302.761062 239.574217 15.850666 0.425783
497 302.610140 239.570816 15.975877 0.429184
498 302.469781 239.567810 15.925503 0.432190
499 302.403365 239.563994 15.887370 0.436006
500 302.326936 239.562917 15.897686 0.437083
501 302.202664 239.561982 15.918980 0.438018
502 301.971582 239.561289 15.947226 0.438711
503 302.657667 239.555073 16.080350 0.444927
504 302.726177 239.558942 16.332118 0.441058
505 302.668802 239.560877 16.332118 0.439123
506 302.611428 239.561844 16.332118 0.438156
507 302.554053 239.562328 16.332118 0.437672
508 302.465488 239.563729 16.347158 0.436271
509 302.489701 239.561847 16.249826 0.438153
510 302.433375 239.560302 16.339144 0.439698
511 302.364245 239.562462 16.346353 0.437538
512 302.387144 239.564478 16.176887 0.435522
513 302.625265 239.575629 16.080588 0.424371
514 302.903875 239.579686 16.029646 0.420314
515 303.671939 239.582471 15.982111 0.417529
516 303.589024 239.577137 15.583109 0.422863
517 303.769428 239.578351 15.510001 0.421649
518 304.163019 239.595868 15.288287 0.404132
519 304.234885 239.621688 15.271951 0.378312
520 304.303521 239.615088 15.136675 0.384912
521 304.511582 239.612773 15.185760 0.387227
522 305.058325 239.599244 14.645523 0.400756
523 305.695264 239.644671 14.304736 0.355329
524 305.592771 239.624803 14.214586 0.375197
525 305.509839 239.639815 14.209928 0.360185
526 305.906482 239.641524 13.987127 0.358476
527 305.843702 239.621707 13.833605 0.378293
528 306.253187 239.597697 13.337877 0.402303
529 306.653281 239.622181 12.957485 0.377819
530 306.440594 239.632007 12.785452 0.367993
531 306.889622 239.629523 12.390505 0.370477
532 307.153628 239.627923 12.033617 0.372077
533 307.556968 239.648310 12.050445 0.351690
534 307.955999 239.658270 12.044001 0.341730
535 308.245872 239.662097 11.754128 0.337903
536 308.468174 239.647238 11.436150 0.352762
537 308.314870 239.629475 11.274031 0.370525
538 308.389651 239.610245 11.204303 0.389755
539 308.500916 239.600704 11.205012 0.399296
540 308.611826 239.595933 11.205012 0.404067
541 308.300953 239.603761 11.195095 0.396239
542 308.416821 239.597462 11.205012 0.402538
543 308.858011 239.592928 11.032016 0.407072
544 309.206999 239.606311 10.793001 0.393689
545 309.646872 239.597471 10.353128 0.402529
546 310.211623 239.603995 9.788377 0.396005
547 310.641030 239.613919 9.358970 0.386081
548 312.381231 239.625864 7.618769 0.374136
549 314.019253 239.697217 5.980747 0.302783
550 311.645508 239.605904 5.608645 0.394096
551 312.086086 239.714287 6.515477 0.285713
552 312.863721 239.629886 7.072693 0.370114
553 313.082621 239.592626 6.917379 0.407374
554 313.312458 239.574001 6.687542 0.425999
555 313.642647 239.560347 6.357353 0.439653
556 313.809115 239.558441 6.190885 0.441559
557 313.930148 239.565093 6.069852 0.434907
558 314.473695 239.534217 5.526305 0.465783
559 315.208811 239.531867 4.791189 0.468133
560 315.763302 239.510510 4.236698 0.489490
561 316.168889 239.505801 3.831111 0.491848
562 316.185896 239.473879 3.814104 0.502111
563 316.121762 239.746015 3.819596 0.253985
564 315.990032 239.643007 3.874002 0.356993
565 316.675700 239.594169 3.324300 0.405831
566 316.737957 239.518960 3.262043 0.481040
567 316.821794 239.544146 3.178206 0.455854
568 317.061785 239.516971 2.938215 0.483029
569 316.768442 239.510080 3.084290 0.489920
570 316.795001 239.496047 3.204999 0.495553
571 316.761206 239.484831 3.238794 0.495553
572 316.710513 239.473615 3.289487 0.495553
573 316.646676 239.458235 3.353324 0.497094
574 316.683729 239.467545 3.316271 0.491924
575 316.563615 239.451824 3.410990 0.495824
576 316.653330 239.448128 3.346670 0.497081
577 316.718607 239.442982 3.281393 0.493694
578 316.703457 239.435912 3.296543 0.496271
579 316.680731 239.430130 3.319269 0.496271
580 316.646642 239.424348 3.352894 0.496271
581 316.708808 239.418797 3.291192 0.493694
582 316.688757 239.411727 3.311243 0.496271
583 316.623480 239.409156 3.373321 0.494481
584 316.796081 239.402568 3.203919 0.494620
585 316.639113 239.400341 3.360887 0.492940
586 316.782356 239.393172 3.217644 0.496842
587 316.609151 239.417934 3.390849 0.488303
588 316.780507 239.431060 3.219493 0.494507
589 316.654229 239.440772 3.345771 0.492357
590 316.751206 239.449532 3.248794 0.497149
591 316.776687 239.458858 3.223313 0.495855
592 316.627443 239.472254 3.372557 0.490215
593 316.851904 239.475711 3.148096 0.495311
594 316.678816 239.495091 3.321184 0.486582
595 316.549134 239.497937 3.355256 0.493421
596 316.619675 239.510208 3.380325 0.489792
597 316.912686 239.526866 3.087314 0.473134
598 316.748570 239.513132 3.251430 0.486868
599 316.659891 239.517860 3.340109 0.482140
600 316.857619 239.556138 3.142381 0.443862
601 316.949373 239.538485 3.050627 0.461515
602 317.024119 239.530155 2.975881 0.469845
603 317.087215 239.536844 2.912785 0.463156
604 317.436272 239.542899 2.563728 0.457101
605 317.536845 239.512803 2.463155 0.487197
606 318.359578 239.513421 1.640422 0.486579
607 318.858376 239.450050 1.141624 0.512480
608 318.963331 239.752612 1.036669 0.247388
609 319.494913 239.638175 0.505087 0.361825
610 319.766438 239.645673 0.233562 0.354327
611 319.684857 239.613016 0.315143 0.386984
612 319.712035 239.606509 0.287965 0.393491
613 319.682868 239.590556 0.317132 0.409444
614 319.661078 239.583081 0.338922 0.416919
615 319.648067 239.582647 0.351933 0.417353
616 319.621434 239.578248 0.378566 0.421752
617 319.619007 239.573995 0.380993 0.426005
618 319.645820 239.585328 0.354180 0.414672
619 319.612336 239.594648 0.387664 0.405352
620 319.573358 239.593090 0.426642 0.406910
621 319.539154 239.583149 0.460846 0.416851
622 319.470025 239.573113 0.517377 0.426887
623 319.891161 239.569176 0.108839 0.430824
624 319.664056 239.572115 0.335944 0.427885
625 319.550504 239.573585 0.449496 0.426415
626 319.493728 239.574319 0.506272 0.425681
627 319.775281 239.545955 0.224719 0.454045
628 319.605940 239.560591 0.394060 0.439409
629 319.521154 239.568141 0.478846 0.431859
630 319.478969 239.571885 0.521031 0.428115
631 319.757022 239.543012 0.242978 0.456988
632 319.597019 239.558887 0.402981 0.441113
633 319.517018 239.566824 0.482982 0.433176
634 319.476807 239.570834 0.522407 0.429166
635 319.743407 239.546413 0.256593 0.453587
636 319.589980 239.560762 0.410020 0.439238
637 319.513459 239.567759 0.486541 0.432241
638 319.475163 239.571320 0.522165 0.428680
639 319.755285 239.544698 0.244715 0.455302
640 319.596077 239.559789 0.403923 0.440211
641 319.515913 239.567708 0.484087 0.432292
642 319.475724 239.571851 0.522232 0.428149
643 319.756772 239.545141 0.243228 0.454859
644 319.596975 239.559853 0.403025 0.440147
645 319.517077 239.567209 0.482923 0.432791
646 319.476918 239.571313 0.522057 0.428687
647 319.751868 239.543284 0.248132 0.456716
648 319.594524 239.558924 0.405476 0.441076
649 319.515851 239.566745 0.484149 0.433255
650 319.476515 239.570655 0.522149 0.429345
651 319.756681 239.544215 0.243319 0.455785
652 319.596930 239.559390 0.403070 0.440610
653 319.517111 239.567188 0.482889 0.432812
654 319.477032 239.571121 0.522338 0.428879
655 319.750552 239.544356 0.249448 0.455644
656 319.593752 239.559705 0.406248 0.440295
657 319.515352 239.567380 0.484648 0.432620
658 319.476152 239.571217 0.522338 0.428783
659 319.749672 239.544404 0.250328 0.455596
660 319.593312 239.559729 0.406688 0.440271
661 319.515132 239.567392 0.484868 0.432608
662 319.476042 239.571223 0.522338 0.428777
663 319.749562 239.544407 0.250438 0.455593
664 319.593257 239.559731 0.406743 0.440269
665 319.515104 239.567393 0.484896 0.432607
666 319.476028 239.571223 0.522338 0.428777
667 319.749548 239.544407 0.250452 0.455593
668 319.593250 239.559731 0.406750 0.440269
669 319.515101 239.567393 0.484899 0.432607
670 319.476026 239.571223 0.522338 0.428777
671 319.749547 239.544407 0.250453 0.455593
672 319.593249 239.559731 0.406751 0.440269
673 319.515101 239.567393 0.484899 0.432607
674 319.476026 239.571223 0.522338 0.428777
675 319.749546 239.544407 0.250454 0.455593
676 319.593249 239.559731 0.406751 0.440269
677 319.515101 239.567393 0.484899 0.432607
678 319.476026 239.571223 0.522338 0.428777
679 319.749546 239.544407 0.250454 0.455593
680 319.593249 239.559731 0.406751 0.440269
681 319.515101 239.567393 0.484899 0.432607
682 319.476026 239.571223 0.522338 0.428777
683 319.749546 239.544407 0.250454 0.455593
684 319.593249 239.559731 0.406751 0.440269
685 319.515101 239.567393 0.484899 0.432607
686 319.476026 239.571223 0.522338 0.428777
687 319.749546 239.544407 0.250454 0.455593
688 319.593249 239.559731 0.406751 0.440269
689 319.515101 239.567393 0.484899 0.432607
690 319.476026 239.571223 0.522338 0.428777
691 319.749546 239.544407 0.250454 0.455593
692 319.593249 239.559731 0.406751 0.440269
693 319.515101 239.567393 0.484899 0.432607
694 319.476026 239.571223 0.522338 0.428777
695 319.749546 239.544407 0.250454 0.455593
696 319.593249 239.559731 0.406751 0.440269
697 319.515101 239.567393 0.484899 0.432607
698 319.476026 239.571223 0.522338 0.428777
699 319.749546 239.544407 0.250454 0.455593
700 319.593249 239.559731 0.406751 0.440269
701 319.515101 239.567393 0.484899 0.432607
702 319.476026 239.571223 0.522338 0.428777
703 319.749546 239.544407 0.250454 0.455593
704 319.593249 239.559731 0.406751 0.440269
705 319.515101 239.567393 0.484899 0.432607
706 319.476026 239.571223 0.522338 0.428777
707 319.749546 239.544407 0.250454 0.455593
708 319.593249 239.559731 0.406751 0.440269
709 319.515101 239.567393 0.484899 0.432607
710 319.476026 239.571223 0.522338 0.428777
711 319.749546 239.544407 0.250454 0.455593
712 319.593249 239.559731 0.406751 0.440269
713 319.515101 239.567393 0.484899 0.432607
714 319.476026 239.571223 0.522338 0.428777
715 319.749546 239.544407 0.250454 0.455593
716 319.593249 239.559731 0.406751 0.440269
717 319.515101 239.567393 0.484899 0.432607
718 319.476026 239.571223 0.522338 0.428777
719 319.749546 239.544407 0.250454 0.455593
720 319.593249 239.559731 0.406751 0.440269
721 319.515101 239.567393 0.484899 0.432607
722 319.476026 239.571223 0.522338 0.428777
723 319.749546 239.544407 0.250454 0.455593
724 319.593249 239.559731 0.406751 0.440269
725 319.515101 239.567393 0.484899 0.432607
726 319.476026 239.571223 0.522338 0.428777
727 319.749546 239.544407 0.250454 0.455593
728 319.593249 239.559731 0.406751 0.440269
729 319.515101 239.567393 0.484899 0.432607
730 319.476026 239.571223 0.522338 0.428777
731 319.749546 239.544407 0.250454 0.455593
732 319.593249 239.559731 0.406751 0.440269
733 319.515101 239.567393 0.484899 0.432607
734 319.476026 239.571223 0.522338 0.428777
735 319.749546 239.544407 0.250454 0.455593
736 319.593249 239.559731 0.406751 0.440269
737 319.515101 239.567393 0.484899 0.432607
738 319.476026 239.571223 0.522338 0.428777
739 319.749546 239.544407 0.250454 0.455593
740 319.593249 239.559731 0.406751 0.440269
741 319.515101 239.567393 0.484899 0.432607
742 319.476026 239.571223 0.522338 0.428777
743 319.749546 239.544407 0.250454 0.455593
744 319.593249 239.559731 0.406751 0.440269
745 319.515101 239.567393 0.484899 0.432607
746 319.476026 239.571223 0.522338 0.428777
747 319.749546 239.544407 0.250454 0.455593
748 319.593249 239.559731 0.406751 0.440269
749 319.515101 239.567393 0.484899 0.432607
750 319.476026 239.571223 0.522338 0.428777
751 319.749546 239.544407 0.250454 0.455593
752 319.593249 239.559731 0.406751 0.440269
753 319.515101 239.567393 0.484899 0.432607
754 319.476026 239.571223 0.522338 0.428777
755 319.749546 239.544407 0.250454 0.455593
756 319.593249 239.559731 0.406751 0.440269
757 319.515101 239.567393 0.484899 0.432607
758 319.476026 239.571223 0.522338 0.428777
759 319.749546 239.544407 0.250454 0.455593
760 319.593249 239.559731 0.406751 0.440269
761 319.515101 239.567393 0.484899 0.432607
762 319.476026 239.571223 0.522338 0.428777
763 319.749546 239.544407 0.250454 0.455593
764 319.593249 239.559731 0.406751 0.440269
765 319.515101 239.567393 0.484899 0.432607
766 319.476026 239.571223 0.522338 0.428777
767 319.749546 239.544407 0.250454 0.455593
768 319.593249 239.559731 0.406751 0.440269
769 319.515101 239.567393 0.484899 0.432607
770 319.476026 239.571223 0.522338 0.428777
771 319.749546 239.544407 0.250454 0.455593
772 319.593249 239.559731 0.406751 0.440269
773 319.515101 239.567393 0.484899 0.432607
774 319.476026 239.571223 0.522338 0.428777
775 319.749546 239.544407 0.250454 0.455593
776 319.593249 239.559731 0.406751 0.440269
777 319.515101 239.567393 0.484899 0.432607
778 319.476026 239.571223 0.522338 0.428777
779 319.749546 239.544407 0.250454 0.455593
780 319.593249 239.559731 0.406751 0.440269
781 319.515101 239.567393 0.484899 0.432607
782 319.476026 239.571223 0.522338 0.428777
783 319.749546 239.544407 0.250454 0.455593
784 319.593249 239.559731 0.406751 0.440269
785 319.515101 239.567393 0.484899 0.432607
786 319.476026 239.571223 0.522338 0.428777
787 319.706449 239.541839 0.293551 0.458161
788 319.561706 239.568663 0.438294 0.431337
789 319.488401 239.583160 0.511599 0.416840
790 319.772300 239.558787 0.227700 0.441213
791 319.592869 239.579438 0.407131 0.420562
792 319.502470 239.590887 0.497530 0.409113
793 319.457359 239.597311 0.524522 0.402689
794 319.743120 239.571693 0.256880 0.428307
795 319.577947 239.587211 0.422053 0.412789
796 319.495822 239.594928 0.504178 0.405072
797 319.807165 239.566226 0.192835 0.433774
798 319.613672 239.579594 0.386328 0.420406
799 319.521817 239.581701 0.478183 0.418299
800 319.476809 239.580457 0.522544 0.419543
801 319.748611 239.548708 0.251389 0.451292
802 319.584344 239.568126 0.415656 0.431874
803 319.501278 239.581465 0.498722 0.418535
804 319.459745 239.588135 0.523493 0.411865
805 319.733039 239.558203 0.266961 0.441797
806 319.575388 239.576635 0.424612 0.423365
807 319.496526 239.586187 0.503474 0.413813
808 319.780653 239.557495 0.219347 0.442505
809 319.599158 239.576617 0.400842 0.423383
810 319.508411 239.586178 0.491589 0.413822
811 319.463037 239.590958 0.523595 0.409042
812 319.737104 239.559881 0.262896 0.440119
813 319.580262 239.557254 0.419738 0.442746
814 319.538260 239.590476 0.461740 0.409524
815 319.517259 239.607087 0.482741 0.392913
816 319.506759 239.615393 0.493241 0.384607
817 319.501508 239.619545 0.498492 0.380455
818 319.498883 239.621622 0.501117 0.378378
819 319.878613 239.605901 0.121387 0.394099
820 319.669291 239.616206 0.330709 0.383794
821 319.562517 239.620117 0.437483 0.379883
822 319.509131 239.622072 0.490869 0.377928
823 319.483153 239.621436 0.516847 0.378564
824 319.789417 239.603132 0.210583 0.396868
825 319.620010 239.602759 0.379990 0.397241
826 319.535306 239.602573 0.464694 0.397427
827 319.492954 239.602480 0.507046 0.397520
828 319.793749 239.592445 0.206251 0.407555
829 319.620944 239.597952 0.379056 0.402048
830 319.532292 239.615595 0.467708 0.384405
831 319.481150 239.609640 0.518850 0.390360
832 319.798137 239.564117 0.201863 0.435883
833 319.613986 239.577228 0.386014 0.422772
834 319.522679 239.587152 0.477321 0.412848
835 319.474581 239.574752 0.525149 0.425248
836 319.774743 239.582195 0.225257 0.417805
837 319.617785 239.597272 0.382215 0.402728
838 319.539725 239.607328 0.460275 0.392672
839 319.497946 239.608401 0.502054 0.391599
840 319.812410 239.597983 0.187590 0.402017
841 319.634288 239.603728 0.365712 0.396272
842 319.545227 239.606601 0.454773 0.393399
843 319.500696 239.608037 0.499304 0.391963
844 319.478431 239.608756 0.521326 0.391244
845 319.783259 239.598160 0.216741 0.401840
846 319.619713 239.603817 0.380287 0.396183
847 319.537939 239.606645 0.462061 0.393355
848 319.497053 239.608059 0.502947 0.391941
849 319.811070 239.597812 0.188930 0.402188
850 319.633618 239.603643 0.366382 0.396357
851 319.544892 239.606558 0.455108 0.393442
852 319.500529 239.608016 0.499471 0.391984
853 319.479832 239.612417 0.520168 0.387583
854 319.787750 239.607397 0.212250 0.392603
855 319.624749 239.616768 0.375251 0.383232
856 319.543252 239.619439 0.456748 0.380561
857 319.503479 239.617305 0.496521 0.382695
858 319.485780 239.615880 0.514220 0.384120
859 319.790049 239.603309 0.209951 0.396691
860 319.629065 239.608882 0.370935 0.391118
861 319.548210 239.614533 0.451790 0.385467
862 319.506138 239.616030 0.493862 0.383970
863 319.485103 239.616778 0.514897 0.383222
864 319.855811 239.594598 0.144189 0.405402
865 319.648055 239.589640 0.351945 0.410360
866 319.544178 239.587161 0.455822 0.412839
867 319.492239 239.585921 0.507761 0.414079
868 319.793161 239.573961 0.206839 0.426039
869 319.616731 239.579321 0.383269 0.420679
870 319.528515 239.582002 0.471485 0.417998
871 319.484408 239.583342 0.515592 0.416658
872 319.781414 239.572671 0.218586 0.427329
873 319.611255 239.587622 0.388745 0.412378
874 319.523446 239.590050 0.476554 0.409950
875 319.480439 239.590908 0.519547 0.409092
876 319.774512 239.573719 0.225488 0.426281
877 319.605972 239.582743 0.394028 0.417257
878 319.521701 239.587255 0.478299 0.412745
879 319.479566 239.589511 0.519547 0.410489
880 319.773639 239.573020 0.226361 0.426980
881 319.607842 239.577175 0.392158 0.422825
882 319.527617 239.585053 0.472383 0.414947
883 319.487505 239.588993 0.512495 0.411007
884 319.794592 239.581807 0.205408 0.418193
885 319.619015 239.598894 0.380985 0.401106
886 319.526800 239.593593 0.473200 0.406407
887 319.480295 239.591200 0.519705 0.408800
888 319.789226 239.545279 0.210774 0.454721
889 319.611343 239.565007 0.388657 0.434993
890 319.522402 239.574871 0.477598 0.425129
891 319.477931 239.579803 0.521119 0.420197
892 319.792835 239.538508 0.207165 0.461492
893 319.613248 239.560870 0.386752 0.439130
894 319.523043 239.566677 0.476957 0.433323
895 319.479895 239.571183 0.518346 0.428817
896 319.772932 239.540584 0.227068 0.459416
897 319.604840 239.558137 0.395160 0.441863
898 319.520794 239.566913 0.479206 0.433087
899 319.478771 239.571301 0.518346 0.428699
900 319.771807 239.540643 0.228193 0.459357
901 319.604277 239.558166 0.395723 0.441834
902 319.520512 239.566928 0.479488 0.433072
903 319.478630 239.571308 0.518346 0.428692
904 319.758172 239.541941 0.241828 0.458059
905 319.597607 239.558743 0.402393 0.441257
906 319.517705 239.569780 0.482295 0.430220
907 319.477451 239.574813 0.519356 0.425187
908 319.778732 239.526285 0.221268 0.473715
909 319.607585 239.550766 0.392415 0.449234
910 319.522011 239.563007 0.477989 0.436993
911 319.479157 239.568946 0.519747 0.431054
912 319.778528 239.525191 0.221472 0.474809
913 319.607427 239.550461 0.392573 0.449539
914 319.521877 239.563096 0.478123 0.436904
915 319.479102 239.569413 0.519688 0.430587
916 319.778502 239.525424 0.221498 0.474576
917 319.607414 239.550577 0.392586 0.449423
918 319.522016 239.554695 0.477984 0.445305
919 319.479180 239.566155 0.515304 0.433845
920 319.768531 239.554836 0.231469 0.445164
921 319.601817 239.567936 0.398183 0.432064
922 319.518460 239.574486 0.481540 0.425514
923 319.476781 239.577761 0.517367 0.422239
924 319.765101 239.560639 0.234899 0.439361
925 319.600102 239.570837 0.399898 0.429163
926 319.517602 239.575936 0.482398 0.424064
927 319.476352 239.578486 0.517367 0.421514
928 319.764672 239.561002 0.235328 0.438998
929 319.599887 239.571019 0.400113 0.428981
930 319.517495 239.576027 0.482505 0.423973
931 319.476299 239.578531 0.517367 0.421469
932 319.764618 239.561025 0.235382 0.438975
933 319.599860 239.571030 0.400140 0.428970
934 319.517835 239.578975 0.482165 0.421025
935 319.475979 239.581350 0.519516 0.418650
936 319.763491 239.549261 0.236509 0.450739
937 319.598823 239.565596 0.401177 0.434404
938 319.516490 239.573764 0.483510 0.426236
939 319.475323 239.577847 0.519321 0.422153
940 319.762932 239.547510 0.237068 0.452490
941 319.597411 239.566641 0.402589 0.433359
942 319.514211 239.577919 0.485789 0.422081
943 319.472611 239.583558 0.520447 0.416442
944 319.757891 239.552099 0.242109 0.447901
945 319.594451 239.570648 0.405549 0.429352
946 319.508467 239.582681 0.491533 0.417319
947 319.464806 239.587779 0.521756 0.412221
948 319.802949 239.551644 0.197051 0.448356
949 319.613698 239.572094 0.386302 0.427906
950 319.519073 239.582319 0.480927 0.417681
951 319.471760 239.587432 0.522171 0.412568
952 319.747476 239.555965 0.252524 0.444035
953 319.586747 239.568283 0.413253 0.431717
954 319.510496 239.579114 0.489504 0.420886
955 319.472370 239.584529 0.517759 0.415471
956 319.757232 239.571110 0.242768 0.428890
957 319.595738 239.580527 0.404262 0.419473
958 319.514991 239.585236 0.485009 0.414764
959 319.474618 239.587590 0.517759 0.412410
960 319.759480 239.572641 0.240520 0.427359
961 319.596862 239.581293 0.403138 0.418707
962 319.515553 239.585619 0.484447 0.414381
963 319.474899 239.587782 0.517759 0.412218
964 319.759761 239.572736 0.240239 0.427264
965 319.597003 239.581340 0.402997 0.418660
966 319.518556 239.593225 0.481444 0.406775
967 319.476122 239.592683 0.520366 0.407317
968 319.767152 239.568630 0.232848 0.431370
969 319.600421 239.580385 0.399579 0.419615
970 319.517055 239.586263 0.482945 0.413737
971 319.474597 239.590965 0.520447 0.409035
972 319.765888 239.573570 0.234112 0.426430
973 319.598808 239.587201 0.401192 0.412799
974 319.515268 239.594016 0.484732 0.405984
975 319.473498 239.597424 0.521882 0.402576
976 319.728341 239.565180 0.271659 0.434820
977 319.578579 239.579526 0.421421 0.420474
978 319.503697 239.586698 0.496303 0.413302
979 319.465513 239.587129 0.520164 0.412871
980 319.736343 239.566547 0.263657 0.433453
981 319.584959 239.587850 0.415041 0.412150
982 319.506281 239.587073 0.493719 0.412927
983 319.467457 239.585792 0.520874 0.414208
984 319.811727 239.542320 0.188273 0.457680
985 319.618183 239.565092 0.381817 0.434908
986 319.521411 239.576477 0.478589 0.423523
987 319.474436 239.580702 0.521923 0.419298
988 319.737607 239.532790 0.262393 0.467210
989 319.583680 239.557369 0.416320 0.442631
990 319.507127 239.570928 0.492873 0.429072
991 319.467881 239.576133 0.519953 0.423867
992 319.742969 239.553722 0.257031 0.446278
993 319.586919 239.571767 0.413081 0.428233
994 319.508098 239.578389 0.491902 0.421611
995 319.469898 239.584616 0.518854 0.415384
996 319.793490 239.559280 0.206510 0.440720
997 319.611570 239.575466 0.388430 0.424534
998 319.519293 239.581308 0.480707 0.418692
999 319.473155 239.584230 0.520897 0.415770
1000 319.769782 239.541325 0.230218 0.458675
1001 319.598399 239.564238 0.401601 0.435762
1002 319.512708 239.575695 0.487292 0.424305
1003 319.469862 239.581423 0.520897 0.418577
1004 319.766490 239.539922 0.233510 0.460078
1005 319.596753 239.563536 0.403247 0.436464
1006 319.511885 239.575344 0.488115 0.424656
1007 319.469192 239.582169 0.520997 0.417831
1008 319.756254 239.537091 0.243746 0.462909
1009 319.592298 239.558979 0.407702 0.441021
1010 319.511677 239.572051 0.488323 0.427949
1011 319.471367 239.578587 0.520397 0.421413
1012 319.725981 239.546302 0.274019 0.453698
1013 319.578739 239.566291 0.421261 0.433709
1014 319.505118 239.576285 0.494882 0.423715
1015 319.468308 239.581282 0.519791 0.418718
1016 319.744605 239.553039 0.255395 0.446961
1017 319.588051 239.569659 0.411949 0.430341
1018 319.509774 239.577969 0.490226 0.422031
1019 319.470636 239.582124 0.519791 0.417876
1020 319.746933 239.553460 0.253067 0.446540
1021 319.589215 239.569870 0.410785 0.430130
1022 319.510356 239.578075 0.489644 0.421925
1023 319.470575 239.581266 0.519582 0.418734
1024 319.744892 239.555520 0.255108 0.444480
1025 319.587868 239.568562 0.412132 0.431438
1026 319.511260 239.581164 0.488740 0.418836
1027 319.472005 239.584479 0.518607 0.415521
1028 319.748396 239.563858 0.251604 0.436142
1029 319.590573 239.575827 0.409427 0.424173
1030 319.511662 239.581811 0.488338 0.418189
1031 319.472206 239.584803 0.518607 0.415197
1032 319.730433 239.564929 0.269567 0.435071
1033 319.583087 239.565232 0.416913 0.434768
1034 319.512215 239.592203 0.487785 0.407797
1035 319.471138 239.587087 0.516956 0.412913
1036 319.751822 239.570602 0.248178 0.429398
1037 319.596401 239.580726 0.403599 0.419274
1038 319.517430 239.582170 0.482570 0.417830
1039 319.477944 239.582892 0.516918 0.417108
1040 319.781914 239.577128 0.218086 0.422872
1041 319.611445 239.583572 0.388555 0.416428
1042 319.526102 239.590952 0.473898 0.409048
1043 319.481497 239.595123 0.518503 0.404877
1044 319.749722 239.564506 0.250278 0.435494
1045 319.592369 239.575650 0.407631 0.424350
1046 319.513753 239.583842 0.486247 0.416158
1047 319.473380 239.586204 0.520172 0.413796
1048 319.768499 239.559578 0.231501 0.440422
1049 319.600753 239.574073 0.399247 0.425927
1050 319.517011 239.580176 0.482989 0.419824
1051 319.475595 239.585212 0.519932 0.414788
1052 319.770211 239.560161 0.229789 0.439839
1053 319.601992 239.573194 0.398008 0.426806
1054 319.517957 239.582374 0.482043 0.417626
1055 319.475092 239.584761 0.520397 0.415239
1056 319.774148 239.553709 0.225852 0.446291
1057 319.603502 239.571223 0.396498 0.428777
1058 319.517920 239.579047 0.482080 0.420953
1059 319.475129 239.582959 0.520707 0.417041
1060 319.776652 239.548725 0.223348 0.451275
1061 319.604495 239.567798 0.395505 0.432202
1062 319.518416 239.577334 0.481584 0.422666
1063 319.475501 239.579992 0.521544 0.420008
1064 319.772617 239.541985 0.227383 0.458015
1065 319.602744 239.559762 0.397256 0.440238
1066 319.518301 239.571342 0.481699 0.428658
1067 319.476080 239.577132 0.518790 0.422868
1068 319.778522 239.553860 0.221478 0.446140
1069 319.606041 239.568439 0.393959 0.431561
1070 319.519801 239.575729 0.480199 0.424271
1071 319.476681 239.579374 0.519089 0.420626
1072 319.784686 239.544187 0.215314 0.455813
1073 319.610136 239.562624 0.389864 0.437376
1074 319.521295 239.571264 0.478705 0.428736
1075 319.477893 239.578404 0.519364 0.421596
1076 319.771335 239.549030 0.228665 0.450970
1077 319.602738 239.568533 0.397262 0.431467
1078 319.517903 239.574580 0.482097 0.425420
1079 319.475486 239.577603 0.520552 0.422397
1080 319.782262 239.532253 0.217738 0.467747
1081 319.607665 239.556440 0.392335 0.443560
1082 319.520367 239.568533 0.479633 0.431467
1083 319.476273 239.575218 0.520765 0.424782
1084 319.783443 239.523879 0.216557 0.476121
1085 319.608346 239.550726 0.391654 0.449274
1086 319.521147 239.563793 0.478853 0.436207
1087 319.477548 239.570327 0.520394 0.429673
1088 319.784888 239.519148 0.215112 0.480852
1089 319.609418 239.548004 0.390582 0.451996
1090 319.521683 239.562432 0.478317 0.437568
1091 319.477864 239.569590 0.520369 0.430410
1092 319.785031 239.520046 0.214969 0.479954
1093 319.609927 239.548114 0.390073 0.451886
1094 319.521865 239.563828 0.478135 0.436172
1095 319.479136 239.567921 0.520807 0.432079
1096 319.778267 239.530457 0.221733 0.469543
1097 319.607281 239.553730 0.392719 0.446270
1098 319.521497 239.562028 0.478503 0.437972
1099 319.480400 239.551456 0.519514 0.448544
1100 319.769590 239.553679 0.230410 0.446321
1101 319.609070 239.537238 0.390930 0.462762
1102 319.582683 239.570312 0.417317 0.429688
1103 319.569490 239.586849 0.430510 0.413151
1104 319.562893 239.595118 0.437107 0.404882
1105 319.517553 239.559106 0.482447 0.440894
1106 319.513288 239.526934 0.486712 0.473066
1107 319.525753 239.506579 0.474247 0.493421
1108 319.531985 239.496402 0.468015 0.501902
1109 319.649182 239.877795 0.350818 0.122205
1110 319.593699 239.682010 0.406301 0.317990
1111 319.663616 239.585566 0.336384 0.414434
1112 319.681551 239.530310 0.318449 0.469690
1113 319.690519 239.502683 0.309481 0.493346
1114 319.703816 239.488956 0.296184 0.489117
1115 319.708522 239.470120 0.291478 0.491242
1116 319.710875 239.452346 0.289125 0.491242
1117 319.712052 239.434572 0.287948 0.491242
1118 319.735998 239.455453 0.264002 0.485745
1119 319.641793 239.467850 0.358207 0.494436
1120 319.598705 239.486359 0.401295 0.495000
1121 319.574861 239.505444 0.425139 0.494556
1122 319.550644 239.500829 0.449356 0.499171
1123 319.566821 239.490171 0.433179 0.500374
1124 319.593151 239.882899 0.406849 0.117101
1125 319.596134 239.686901 0.403866 0.313099
1126 319.533663 239.597867 0.466337 0.402133
1127 319.544021 239.693117 0.455979 0.306883
1128 319.497564 239.633291 0.502436 0.366709
1129 319.779753 239.592923 0.220247 0.407077
1130 319.615430 239.583194 0.384570 0.416806
1131 319.533269 239.578330 0.466731 0.421670
1132 319.492188 239.575898 0.507812 0.424102
1133 319.771689 239.564226 0.228311 0.435774
1134 319.611373 239.570228 0.388627 0.429772
1135 319.530138 239.567775 0.469862 0.432225
1136 319.493186 239.573731 0.506814 0.426269
1137 319.771139 239.566134 0.228861 0.433866
1138 319.611927 239.572082 0.388073 0.427918
1139 319.532321 239.575056 0.467679 0.424944
1140 319.492518 239.576542 0.507482 0.423458
1141 319.794236 239.564239 0.205764 0.435761
1142 319.621997 239.555922 0.378003 0.444078
1143 319.547985 239.572524 0.452015 0.427476
1144 319.506679 239.576914 0.493321 0.423086
1145 319.486863 239.577042 0.506603 0.422958
1146 319.752323 239.578857 0.247677 0.421143
1147 319.619807 239.594381 0.380193 0.405619
1148 319.553549 239.602144 0.446451 0.397856
1149 319.520420 239.606025 0.479580 0.393975
1150 319.503856 239.607965 0.496144 0.392035
1151 319.503739 239.596280 0.496261 0.403720
1152 319.512665 239.583740 0.487335 0.416260
1153 319.512250 239.566207 0.487750 0.433793
1154 319.512643 239.652624 0.487357 0.347376
1155 319.476368 239.613701 0.514833 0.386299
1156 319.763701 239.580389 0.236299 0.419611
1157 319.603404 239.592483 0.396596 0.407517
1158 319.518904 239.585711 0.481096 0.414289
1159 319.476742 239.583829 0.519656 0.416171
1160 319.779555 239.528926 0.220445 0.471074
1161 319.606649 239.552920 0.393351 0.447080
1162 319.520196 239.564917 0.479804 0.435083
1163 319.476969 239.570916 0.519949 0.429084
1164 319.779637 239.522470 0.220363 0.477530
1165 319.606689 239.549692 0.393311 0.450308
1166 319.520216 239.563303 0.479784 0.436697
1167 319.476979 239.570109 0.519949 0.429891
1168 319.779647 239.522066 0.220353 0.477934
1169 319.606695 239.549490 0.393305 0.450510
1170 319.520218 239.563202 0.479782 0.436798
1171 319.476980 239.570058 0.519949 0.429942
1172 319.750156 239.527251 0.249844 0.472749
1173 319.592708 239.553924 0.407292 0.446076
1174 319.513710 239.565919 0.486290 0.434081
1175 319.474439 239.573480 0.518684 0.426520
1176 319.757367 239.547860 0.242633 0.452140
1177 319.594722 239.566761 0.405278 0.433239
1178 319.516098 239.574483 0.483902 0.425517
1179 319.478076 239.571205 0.518697 0.428795
1180 319.799101 239.563859 0.200899 0.436141
1181 319.619304 239.572106 0.380696 0.427894
1182 319.529061 239.574839 0.470939 0.425161
1183 319.482277 239.554171 0.517723 0.445829
1184 319.772102 239.564523 0.227898 0.435477
1185 319.638585 239.545375 0.361415 0.454625
1186 319.574063 239.556785 0.425937 0.443215
1187 319.573919 239.573503 0.426081 0.426497
1188 319.576294 239.578709 0.423706 0.421291
1189 319.565007 239.572575 0.434993 0.427425
1190 319.554377 239.567440 0.445623 0.432560
1191 319.547099 239.565313 0.452901 0.434687
1192 319.552295 239.571425 0.447705 0.428575
