17 504.020209 309.601079 40.238631 130.625729
18 503.714086 309.452092 40.321948 129.992260
19 503.326048 309.290118 40.407830 129.164701
20 503.040209 309.215699 40.191417 128.635908
21 502.789916 309.273946 40.319341 128.175038
22 502.388816 309.299175 40.201419 127.610688
23 502.051099 309.725783 40.253039 126.934503
24 501.817471 309.739552 40.198139 126.114722
25 501.647486 310.146152 40.209617 125.448703
26 501.369722 310.364178 40.236298 124.511159
27 501.014198 310.591999 40.317599 123.662645
28 500.731988 310.813335 40.186058 122.930508
29 500.447556 310.760985 40.181757 121.958171
30 500.168996 310.769060 40.264167 120.923005
31 499.845615 310.808885 40.230303 119.703565
32 499.639766 311.150284 40.215431 119.340288
33 499.453959 311.444182 40.161059 118.771091
34 499.124464 311.197474 40.285232 118.380564
35 498.884876 311.079365 40.242018 117.944209
36 498.647602 311.004292 40.185007 117.255185
37 498.496302 311.146584 40.211470 116.819799
38 498.305338 311.207423 40.263095 116.363364
39 498.212470 311.370328 40.172163 115.689342
40 498.164882 311.631322 40.193707 115.107042
41 498.143074 311.885310 40.144441 114.603087
42 498.166687 312.383025 40.180658 114.208707
43 498.213599 312.839196 40.144630 113.609231
44 498.264577 313.603126 40.232354 112.976347
45 498.238505 313.997196 40.199642 111.868282
46 498.195434 314.350987 40.159199 110.929204
47 498.115604 314.605712 40.084259 109.967886
48 498.011854 314.690843 40.120857 108.859267
49 498.025559 314.966564 40.080576 107.676918
50 497.948949 315.102145 40.032092 106.642888
51 497.801226 315.399096 40.097687 105.907052
52 497.325887 315.220793 40.104307 104.583357
53 496.958356 315.082764 40.047462 102.893023
54 496.226118 314.633957 39.910249 101.319905
55 495.298808 314.625498 39.429781 99.354295
56 494.626670 313.935468 39.057257 97.880256
57 493.936957 313.660655 39.109197 95.611156
58 493.195052 312.307488 39.174679 93.167404
59 492.617235 310.198147 39.305287 88.597268
60 492.227185 307.920374 39.144417 84.400005
61 491.992820 307.021296 39.379712 81.033515
62 491.336509 306.342769 39.095460 79.669255
63 491.405989 302.973080 39.999504 74.909000
64 490.422728 304.290859 39.835793 71.590616
65 490.120135 304.012071 39.866249 70.395872
66 481.959817 307.474043 40.765260 70.022853
67 476.259288 309.533684 39.959896 68.214231
68 475.423905 306.215495 40.354530 68.935990
69 477.957823 305.741925 39.734785 65.728479
70 478.199643 309.329714 38.597353 66.873393
71 477.243173 309.388071 39.059297 64.086174
72 476.509434 314.608359 39.583417 65.336065
73 476.578018 315.239106 39.575811 64.968323
74 476.532107 316.018334 39.585890 64.468914
75 476.348760 317.358040 39.400343 63.981583
76 476.332167 317.419125 38.749974 63.557834
77 476.294896 317.840773 38.394923 63.482803
78 475.887409 319.802253 38.018230 62.905775
79 475.801926 321.206600 38.026095 62.425897
80 475.285756 325.475521 38.159156 61.874229
81 474.425239 327.235298 38.287140 61.386094
82 473.628851 329.420106 38.271168 60.927018
83 472.664040 332.181383 38.335648 60.371891
84 471.829830 335.045083 38.476716 59.950266
85 470.789876 336.446429 38.388771 59.453201
86 469.814812 337.782966 38.377576 58.851301
87 468.759788 338.448125 38.420549 58.457523
88 467.931547 338.006566 38.389237 57.750013
89 466.992893 338.507274 38.539973 57.406042
90 465.990964 339.477668 39.020222 56.878760
91 465.398269 338.358276 39.492261 56.540070
92 464.362029 338.455935 39.537260 56.696174
93 463.652941 338.510871 39.885798 56.709188
94 462.652121 340.103135 40.027163 56.788857
95 461.923829 341.602458 40.319828 56.773520
96 460.814316 344.991433 40.427698 57.148616
97 459.840356 347.549591 40.414504 57.497286
98 458.948724 350.076306 40.555197 57.654150
99 457.691178 352.858337 41.016297 58.083266
100 456.802392 353.787519 41.447421 58.624314
