5 347.759965 268.362945 48.901262 58.166669
6 347.813121 268.521515 48.984156 58.491542
7 347.996891 267.987304 48.936702 58.633678
8 348.865134 266.076904 48.645880 59.375207
9 349.312677 265.136048 48.828150 59.770539
10 349.755911 264.097412 49.085995 60.403436
11 350.010286 263.726852 49.491309 60.606365
12 350.428404 261.130209 49.669973 61.263939
13 351.656316 255.549432 49.725895 62.339715
14 352.874175 252.285864 49.902480 62.695459
15 352.936344 252.270568 49.958682 63.139828
16 352.960686 252.370448 49.967225 63.540510
17 352.951659 252.273731 49.963660 64.108145
18 352.979136 252.392073 49.984293 64.528738
19 353.006552 252.430316 49.988763 65.057870
20 353.037481 250.531012 49.942222 65.867170
21 352.871246 247.462953 49.989145 66.691203
22 352.814854 247.215787 50.017478 67.104965
23 352.792079 244.346786 50.500814 68.004536
24 350.973304 237.777138 51.221037 69.041254
25 341.817561 210.618319 51.524188 74.374893
26 336.430107 208.138081 50.860653 78.066952
27 336.499574 208.326835 50.981987 78.517537
28 336.503853 208.190318 50.931981 79.443310
29 336.512809 207.629003 50.914136 80.183567
30 336.500113 206.770195 50.862660 81.438319
31 336.544204 205.811027 50.885685 82.244282
32 336.579878 205.602644 50.954052 82.795574
33 336.484386 203.526346 50.631144 83.917620
34 336.605476 203.160099 50.923904 84.312732
35 336.500123 202.212182 50.808293 85.033685
36 336.548407 201.779148 50.856376 85.903798
37 336.605730 201.465952 50.916193 86.253922
38 336.639691 201.087192 50.862502 86.732931
39 336.720818 201.008299 50.931587 87.092146
40 336.814413 200.623786 50.886249 87.778561
41 336.877974 200.619577 50.973033 88.075921
42 336.898359 200.723407 50.954179 88.520383
43 337.105272 199.235446 50.656379 89.252097
44 337.339888 198.655813 50.813242 89.730929
45 337.451958 198.609005 50.950083 90.085427
46 337.481287 198.039369 50.942479 90.903997
47 334.278003 198.416257 51.057745 95.355820
48 333.388807 196.030199 52.557294 97.195988
49 332.668241 191.735468 53.632631 97.985912
50 332.073584 190.678936 54.503860 98.735250
51 332.102989 188.869630 55.183260 99.408354
52 331.843962 185.768787 55.733321 99.531418
53 330.519377 185.803116 56.682355 100.297656
54 330.256892 185.213155 57.241008 100.565289
55 330.326414 185.437652 57.497839 101.015734
56 330.210479 185.602545 57.534037 101.427494
57 329.939879 185.240436 58.115527 101.327274
58 329.256903 185.437260 58.537650 101.233104
59 329.078737 185.787860 59.028561 101.323416
60 328.163327 185.431980 59.733352 101.397486
61 328.009181 185.053658 60.012909 101.438543
62 326.133955 184.847744 60.523465 101.745209
63 326.361867 184.885078 60.965829 102.013497
64 326.308667 185.248422 60.951948 102.781705
65 326.112532 185.144659 60.955607 103.779207
66 325.805777 185.446279 61.050257 104.879379
67 326.500804 182.665582 61.170126 105.812767
68 325.701753 183.847998 61.436927 106.708127
69 326.243812 183.271305 61.220862 107.542890
70 326.344888 183.679399 61.381208 108.774325
71 326.612600 183.287760 61.349425 109.466317
72 327.026585 182.884443 61.286205 109.894051
73 327.568444 182.756788 61.219695 110.616779
74 328.037382 183.233008 61.260452 111.631590
75 328.238725 183.841463 61.374120 112.811816
76 328.512019 183.408142 61.349458 113.301969
77 329.043530 183.312506 61.228346 114.173233
78 329.220958 182.598332 61.474176 114.645323
79 329.714031 181.631698 61.231153 115.202127
80 330.247841 179.664054 61.203305 115.233003
81 330.388526 179.825024 61.493405 115.462252
82 330.392328 179.866688 61.482305 115.486066
83 330.380800 179.959202 61.488305 115.547810
84 330.400179 180.209320 61.466563 116.030273
85 330.461627 180.510867 61.437950 116.675387
86 330.634499 180.604742 61.388106 117.030818
87 330.890529 180.763655 61.322686 117.639270
88 330.982162 181.110046 61.439493 118.106890
89 330.976926 183.415935 60.989326 119.274025
90 331.065141 186.147703 60.282181 120.436238
91 331.023489 189.413812 60.128147 121.003311
92 330.071273 188.308048 60.041191 121.635975
93 330.123097 187.078320 60.159459 122.162451
94 330.481847 187.230318 60.074309 122.940676
95 330.998824 185.052041 60.091379 122.915859
96 331.169090 185.503712 60.302222 122.989284
97 330.860223 184.248010 60.027104 122.393449
98 330.885496 184.774801 60.370490 122.562934
99 330.764143 185.207093 60.353478 122.995589
100 330.802699 185.236553 60.394876 122.947337
101 330.822933 185.168193 60.381784 122.974352
102 330.805347 185.165996 60.293856 123.050751
103 330.817719 184.382859 60.183825 123.198439
104 330.948721 183.222991 59.935314 123.244249
105 331.307632 181.162566 59.356133 123.172710
106 331.819392 180.112495 58.654452 122.600694
107 332.032692 180.060787 58.691289 122.622094
108 332.194621 178.897905 58.523910 122.290441
109 332.301798 178.370387 58.391838 121.712021
110 331.678965 177.640554 57.343801 121.167016
111 331.727012 177.810696 57.175388 121.073454
112 331.829406 178.108283 57.086855 121.014470
113 331.943094 178.268751 57.003570 120.742485
114 332.096094 178.454594 56.971633 119.458455
115 332.067347 177.901135 56.686784 118.239295
116 331.965553 177.376864 56.673110 117.172727
117 332.042903 177.398850 56.924843 117.307565
