2 780.228050 310.516120 199.245767 335.583291
3 782.778778 312.387354 199.218390 335.154774
4 785.839721 315.651543 199.517922 332.970942
5 786.641835 317.496470 200.595026 330.664183
6 788.329017 321.356632 201.473404 326.643712
7 788.981947 322.336047 201.519880 325.624860
8 790.202469 323.966478 202.059941 324.123592
9 791.160291 325.659839 202.433586 322.846300
10 793.893234 328.854114 201.856634 319.561601
11 794.445993 330.686488 201.923627 317.367691
12 794.782660 332.102048 201.823964 315.303625
13 795.488308 333.583671 201.861683 313.837163
14 796.440327 335.862885 201.879040 311.679907
15 797.390005 338.422495 201.814274 309.411495
16 797.561167 339.833805 202.057879 308.107203
17 797.412810 342.522150 202.977719 306.155393
18 796.863113 346.412495 203.580662 303.047894
19 796.218875 350.907530 204.300433 299.144678
20 797.258345 354.779799 204.379678 295.856833
21 799.367960 357.388753 204.065891 293.271860
22 801.614849 358.861544 204.095496 291.733767
23 803.306108 360.109888 204.156578 290.404434
24 803.382042 360.613960 204.184662 289.552377
25 803.213675 360.695590 204.166008 289.290526
26 802.316890 360.677329 204.308045 288.540122
27 802.170986 360.794736 204.206924 288.303033
28 802.300069 360.841370 204.262068 287.861700
29 803.407468 361.039760 203.985501 287.045522
30 804.528446 361.015356 203.537079 286.620975
31 805.833577 360.412973 203.493714 286.454247
32 806.377407 359.575838 203.093359 286.122509
33 807.351448 359.120040 203.032595 286.172400
34 807.933880 358.703709 203.060289 286.039270
35 808.628340 359.079008 203.107837 285.852819
36 808.895752 358.704441 203.145808 285.581137
37 809.731629 359.003621 203.156744 285.488960
38 810.271034 358.302345 202.997323 285.014998
39 811.138811 359.010407 202.669900 284.863750
40 812.207432 358.958180 202.630000 284.471980
41 813.127574 358.269824 202.626631 284.242653
42 813.969570 357.661551 202.649640 284.223565
43 814.661061 357.631644 202.605713 284.202050
44 814.884156 357.053088 202.625131 284.364028
45 815.246418 357.411875 202.630029 284.122268
46 815.555905 356.784067 202.669880 284.444244
47 815.492744 356.572206 202.750658 284.227106
48 815.647684 356.443112 202.621607 284.226726
49 816.225969 356.625426 202.695358 284.053909
50 816.756374 356.622027 202.661759 284.223932
51 816.868441 356.245489 202.621268 284.284151
52 816.828261 356.030461 202.761490 284.343719
53 816.585578 356.315049 202.548873 284.110465
54 816.605775 355.742631 202.123804 284.602912
55 817.135230 354.939888 201.615611 285.278361
56 817.897251 354.458062 201.291414 285.536035
57 818.794995 354.481731 200.762162 285.874739
58 819.886906 354.666690 200.190806 285.823530
59 824.274423 355.624577 197.966149 285.344948
60 827.082021 355.936518 195.361353 285.496338
61 832.387074 352.105370 191.482584 288.158279
62 846.815016 347.241617 183.405744 290.652657
63 851.967230 344.904878 179.271450 293.428043
64 873.896467 338.943156 170.052676 298.468328
65 895.064898 335.918327 162.072797 297.624663
66 902.031268 338.066571 152.719557 294.245160
67 908.239327 352.624906 142.594719 283.872536
68 915.508131 362.989155 135.280530 274.241468
69 920.479062 371.696284 133.419589 267.536687
70 921.163624 380.012315 133.975243 261.048811
71 920.772313 393.119810 135.535904 250.436147
72 919.963929 406.330665 137.896229 239.192100
73 919.611919 409.781538 139.598177 235.940274
74 919.935504 410.286698 140.435511 235.623170
75 920.146700 411.084640 140.600862 235.593641
76 921.241961 413.201666 140.784636 234.393482
77 922.217500 417.876589 140.305190 231.184934
78 923.476663 418.644213 139.567756 231.359454
79 929.933495 426.505613 133.577884 234.379289
80 930.795579 426.822513 131.666614 235.117025
81 936.343082 426.285273 127.924668 236.211861
82 947.236589 426.728887 124.078314 237.830687
83 950.103400 427.152087 121.616802 237.618649
84 952.415039 425.499412 118.034583 239.324305
85 957.708183 424.131246 113.642315 242.146848
86 963.229960 422.445691 109.437058 244.855838
87 962.882793 423.186935 104.091922 249.453969
88 966.740146 421.438070 101.416347 251.472109
89 969.538250 418.263893 98.017534 256.145517
90 972.226765 411.733320 94.657755 263.671462
91 971.868291 411.906376 94.104392 264.359779
92 971.732575 413.032909 94.262433 264.238937
93 972.932284 414.491810 94.251659 264.533057
94 972.025993 415.173714 94.038119 265.115318
95 971.398194 416.009691 93.926093 265.242647
96 971.149574 416.339675 93.360972 265.295857
97 971.181468 416.659321 93.036306 264.833424
98 970.955060 419.576059 93.042904 260.668152
99 968.667022 424.773616 93.475193 255.191373
100 967.589580 426.048613 94.721832 252.360368
101 968.124464 423.254381 95.593759 251.867062
102 971.371402 415.776490 96.870255 251.805336
103 975.254056 402.739097 97.714570 252.413721
104 978.255873 383.588535 99.591616 252.815777
105 987.698494 359.060017 103.004117 252.940332
106 1002.028518 365.808825 106.751634 247.284026
107 1000.489673 379.658652 113.924648 242.657129
108 995.799758 405.982477 122.871900 242.878312
109 993.856883 439.096145 139.591755 243.747707
110 1011.630292 434.175918 136.432929 246.168499
111 1019.275192 430.559020 130.300609 249.634296
112 1023.208409 428.797378 125.459157 250.391102
113 1028.630325 426.670533 118.911422 252.469179
114 1037.602412 431.063244 112.616530 256.440797
115 1043.517761 434.881309 109.082660 254.987775
116 1041.169695 436.306807 104.315423 251.875461
117 1039.796160 434.375705 99.479998 253.302891
118 1038.879236 434.490723 98.244318 253.717267
119 1037.828723 434.691219 98.047093 253.921080
120 1037.100876 436.494706 98.024393 253.092945
121 1036.720988 439.906595 97.812664 251.270969
122 1039.696952 448.910973 97.074899 242.534705
123 1041.030122 449.869636 95.748740 239.926290
124 1046.249884 451.107594 95.872375 236.874023
125 1050.039210 457.893696 97.705000 230.488759
126 1050.281413 460.715390 97.891455 227.638842
127 1051.661057 469.683248 100.198120 215.617627
128 1046.427293 471.673799 99.744239 213.936922
129 1035.256932 474.295438 97.762971 212.437046
130 1033.818177 474.155995 96.518387 212.888674
131 1033.608149 472.710884 94.196663 215.097883
132 1032.105976 466.245172 91.254861 222.200496
133 1024.771291 456.522232 88.622134 229.082732
134 1023.738207 455.628974 86.464987 236.576448
135 1027.685494 451.750530 81.862092 250.342879
136 1030.217105 423.706310 79.516761 270.701653
137 1031.115745 423.941636 79.587898 271.578854
138 1042.195205 423.567873 80.447086 274.219875
139 1048.790377 423.698852 80.368446 274.793826
140 1054.559621 417.523017 80.042273 277.893506
141 1055.631262 414.552872 80.209964 278.480559
142 1056.101213 411.590680 80.089138 278.288584
143 1054.166090 389.632487 81.324242 279.120424
144 1055.324153 386.479793 82.046671 279.986990
145 1054.838812 383.225529 84.569589 280.881222
146 1046.342964 361.717728 90.292648 288.580648
147 1062.529629 317.555146 100.017739 289.627003
148 1119.672437 279.660476 108.013721 286.239621
149 1104.069693 224.244992 112.069686 277.255355
150 1104.311779 224.635387 112.419266 276.446595
151 1104.378673 225.778121 112.277790 272.579456
152 1103.311146 224.750336 112.212784 264.658443
153 1100.645355 223.932270 111.740077 259.165406
154 1100.634539 224.063509 111.887570 259.360744
155 1096.010332 224.181062 111.208692 258.090796
156 1096.114924 224.395944 111.477983 258.442017
157 1092.731618 224.580369 111.011174 257.832731
158 1092.193019 224.759581 111.229022 257.759550
159 1087.432636 225.174719 111.022749 257.068339
160 1086.845956 225.170862 111.112463 257.440154
161 1079.712812 224.987911 110.752706 256.312897
162 1079.836480 225.081365 110.992855 256.455504
163 1076.413302 224.198528 110.256608 256.158000
164 1076.364829 224.334352 110.402333 256.414849
165 1068.826145 222.801481 109.730782 254.374458
166 1068.960775 222.864155 109.992919 254.455851
167 1068.942664 222.867116 109.979638 254.444553
168 1065.230189 222.026908 109.465592 253.512194
169 1064.493427 222.140805 109.273831 253.676715
170 1063.191218 221.794351 109.084954 253.506002
171 1060.713988 221.292946 108.686438 253.595277
172 1058.353478 221.167191 108.139804 253.876037
173 1055.796076 220.813839 107.782783 253.507879
174 1055.037472 220.812058 107.671935 253.671980
175 1047.035124 219.832618 107.196275 250.257847
176 1046.907589 219.861302 107.373900 250.237896
177 1035.338700 220.252153 107.320652 244.500787
178 1031.322377 219.098842 106.978963 244.618040
179 1020.841364 220.025247 106.578281 240.804238
180 1014.062671 218.169963 106.528209 241.689805
181 1004.342237 217.379517 106.619348 241.666533
182 994.978369 216.426981 106.656946 241.597146
183 989.046144 215.131013 106.738821 242.157825
184 979.581137 213.792940 106.501366 242.153876
185 979.789147 213.943257 106.967326 242.482250
186 970.976149 211.954560 106.706432 242.918881
187 971.122954 211.995027 106.993112 242.957846
188 971.113530 211.999940 106.983306 242.976884
189 966.793809 209.216610 106.020947 243.615880
190 967.021655 209.392544 106.482256 243.961349
191 965.619359 208.396195 105.970895 244.083236
192 964.759230 207.910304 105.614935 244.571468
193 963.888453 207.165635 105.693658 245.027209
194 959.957523 204.524234 105.455618 244.988432
195 959.827245 204.325224 105.494003 244.821515
196 959.706349 204.301415 105.491428 244.854588
197 959.464421 203.854366 105.481462 244.645693
198 958.654854 202.339436 105.439763 244.408222
199 958.335937 201.597852 105.473821 243.901561
200 958.119560 201.184157 105.490512 243.658809
201 957.766927 200.009767 105.483117 243.365250
202 957.775349 200.076340 105.493178 243.454706
203 957.783815 199.962117 105.475838 243.347943
204 957.914800 198.290135 105.405253 243.147258
205 958.073884 197.846956 105.524700 243.125139
206 960.716599 194.505959 106.211980 242.938458
207 966.750958 193.401688 106.711522 242.441001
208 970.076208 192.928473 107.315568 241.982600
209 980.093389 191.974078 107.589700 240.519776
210 980.298560 192.214098 107.993048 240.958193
211 986.625928 190.737439 107.802431 241.315173
212 986.724733 190.829760 107.993048 241.458106
213 986.728230 190.850615 107.993048 241.458106
214 986.731726 190.871470 107.993048 241.458106
215 986.735223 190.892325 107.993048 241.458106
216 986.744771 190.865862 107.993012 241.475391
217 986.844480 190.432097 107.976975 241.565501
218 987.686038 187.646330 107.870033 242.093158
219 987.837771 187.410750 107.977645 242.572259
220 988.535036 184.334080 107.857056 243.026164
221 988.606529 184.570906 107.993048 243.457759
222 988.743442 183.857085 107.979622 243.626595
223 989.411101 181.181516 107.900309 243.885432
224 989.487226 181.046139 107.993547 244.033962
225 989.691889 180.562849 107.983567 244.614232
226 990.064920 179.831822 108.049675 245.034405
227 990.445184 179.403164 108.483553 245.585808
228 990.558025 179.146214 108.485633 246.060669
229 990.772813 178.719842 108.534896 246.556925
230 991.226623 178.253010 109.009356 247.085884
231 992.185764 177.258311 109.440325 247.720397
232 992.228514 177.335236 109.493928 247.985537
233 992.879913 176.009963 109.445442 248.278185
234 993.306627 175.234902 109.465372 248.742451
235 995.104463 173.137693 109.336587 249.866189
236 995.207384 173.155222 109.492664 249.980450
237 996.193724 171.975050 109.413565 250.538468
238 996.748766 171.821037 109.499337 251.179541
239 997.578042 171.425836 109.409524 251.766005
240 998.550907 171.098038 109.459158 252.190602
241 999.366548 170.791732 109.555634 252.628288
242 999.872434 170.864356 110.021159 253.017710
243 1001.726707 170.615968 110.422635 253.550189
244 1001.864480 170.827406 110.516482 253.967056
245 1003.661540 170.616481 110.914514 254.094750
246 1003.919174 170.806425 111.006807 254.473314
247 1005.740550 170.664033 111.328328 254.565398
248 1006.551807 170.819199 111.398403 255.008074
249 1010.925350 170.718295 111.030825 255.543969
250 1011.159958 170.946213 111.492822 255.955591
251 1011.620031 171.044504 111.458944 256.050916
252 1014.708145 171.172960 111.196531 256.483366
253 1014.859900 171.181179 111.492822 256.455504
254 1015.240712 171.380763 111.487580 256.414470
255 1017.005405 171.758752 111.456355 256.400783
256 1017.501799 171.950691 111.480838 256.469044
257 1020.255134 172.789282 111.461390 256.360886
258 1020.319280 172.887398 111.492993 256.443359
259 1021.416202 173.222983 111.405617 256.401370
260 1023.313271 173.602470 111.372510 256.378413
261 1024.127909 173.876766 111.470907 256.444203
262 1025.019536 174.244634 111.404533 256.481262
263 1025.529167 174.404589 111.447067 256.480088
264 1027.559574 175.109442 111.467483 256.523055
265 1027.638294 175.399237 111.484869 256.936079
266 1027.737052 175.515081 111.484135 256.936067
267 1027.947116 175.671507 111.476415 256.939462
268 1027.958930 175.701678 111.492822 256.955417
269 1027.962540 175.723871 111.492822 256.955417
270 1027.966150 175.746064 111.492822 256.955417
271 1027.969760 175.768258 111.492822 256.955417
272 1028.103567 175.911724 111.473076 256.934021
273 1028.325790 176.127713 111.460364 256.964008
274 1030.455873 177.286353 111.477744 257.342495
275 1030.473849 177.370423 111.491387 257.452445
276 1030.529803 177.437470 111.489898 257.438632
277 1030.615019 177.542353 111.490993 257.427716
278 1030.807841 177.750235 111.468450 257.411287
279 1030.883748 177.842785 111.482008 257.436704
280 1032.526896 178.616021 111.371994 257.209772
281 1033.215046 178.939162 111.421988 257.393852
282 1033.825755 179.134041 111.395372 257.422756
283 1034.444062 179.325114 111.407792 257.409458
284 1035.769745 179.637517 111.334852 257.289889
285 1036.137769 179.870822 111.442170 257.406793
286 1038.060569 180.173973 111.393070 257.397990
287 1038.356535 180.293971 111.483619 257.449302
288 1039.640811 180.649331 111.379050 257.358711
289 1040.456358 180.975198 111.396260 257.402828
290 1041.359081 181.334518 111.408611 257.369614
291 1041.477376 181.456315 111.483290 257.435562
292 1043.219986 182.278168 111.397525 257.247135
293 1043.287200 182.416486 111.489117 257.449609
294 1045.360309 183.321550 111.401045 257.345916
295 1045.844488 183.627109 111.425869 257.410624
296 1048.055960 184.734628 111.274198 257.366434
297 1048.242381 184.855633 111.476277 257.437969
298 1049.786302 185.531187 111.344113 257.291007
299 1049.981118 185.741022 111.467515 257.418728
300 1051.588786 186.449194 111.396845 257.350766
301 1053.812851 187.529608 111.327084 257.283836
302 1053.998514 187.720951 111.466563 257.433855
303 1055.300664 188.277544 111.346873 257.346530
304 1058.694020 189.797795 111.369517 257.465939
305 1058.759282 189.814728 111.492822 257.455331
306 1060.094330 190.323661 111.387966 257.420803
307 1063.888985 191.770714 111.331103 257.457209
308 1063.973454 191.792011 111.492822 257.455331
309 1064.570901 192.061255 111.372515 257.450702
310 1069.197933 193.695918 111.350993 257.435562
311 1069.273329 193.728468 111.492557 257.455073
312 1071.075011 194.459835 111.360181 257.283664
313 1072.481782 195.096668 111.368985 257.394355
314 1073.674474 195.523495 111.436130 257.425592
315 1074.840139 195.925471 111.406340 257.434997
316 1074.887139 195.957960 111.492780 257.455269
317 1075.222875 196.092834 111.478116 257.432898
318 1075.926991 196.353575 111.380544 257.441714
319 1077.409860 196.933350 111.349590 257.334743
320 1077.604554 197.066320 111.479616 257.432910
321 1078.783492 197.377570 111.358213 257.363229
322 1078.854406 197.445857 111.492822 257.455331
323 1078.915070 197.505715 111.486554 257.438484
324 1080.024734 197.735778 111.348946 257.346297
325 1081.009635 197.883268 111.409849 257.347144
326 1081.980587 198.018154 111.420387 257.346604
327 1082.904859 198.177659 111.409525 257.353394
328 1084.169373 198.365263 111.411476 257.323815
329 1086.565550 198.590679 111.256563 257.323140
330 1088.402171 198.742847 111.321464 257.372094
331 1089.516420 198.745923 111.437209 257.358256
332 1091.229073 198.661041 111.323357 257.356255
333 1092.728201 198.704968 111.394250 257.379523
334 1094.122674 198.634918 111.333294 257.397756
335 1098.411729 199.020852 111.215305 257.489219
336 1099.007153 199.031645 111.444541 257.439958
337 1101.823759 199.157217 111.260657 257.362505
338 1104.071193 199.379116 111.295843 257.389063
339 1106.449754 199.766240 111.305296 257.343338
340 1108.283562 200.036067 111.323219 257.403491
341 1110.054141 200.272074 111.320406 257.408414
342 1111.723327 200.566397 111.320954 257.416297
343 1112.787025 200.827261 111.300474 257.449719
344 1115.549047 201.287467 111.182155 257.426488
345 1117.558454 201.697528 111.286985 257.382777
346 1122.162908 202.187031 111.077532 257.514378
347 1122.374163 202.429744 111.492822 257.955244
348 1122.501265 202.488783 111.466127 257.940456
349 1125.073955 202.982724 111.162887 257.791696
350 1125.242533 203.086778 111.492822 257.955244
351 1126.233796 203.208166 111.367491 257.836969
352 1126.502400 203.304715 111.456302 257.943778
353 1127.186719 203.389688 111.442670 257.888540
354 1127.307332 203.483420 111.493301 257.936138
355 1127.911058 203.744446 111.469556 257.834730
356 1127.927859 203.827758 111.492339 257.954789
357 1127.931711 203.850265 111.492822 257.955244
358 1127.935321 203.872544 111.492822 257.955244
359 1127.938931 203.894824 111.492822 257.955244
360 1127.942541 203.917104 111.492822 257.955244
361 1127.946151 203.939383 111.492822 257.955244
362 1127.949761 203.961663 111.492822 257.955244
363 1127.953371 203.983943 111.492822 257.955244
364 1127.956981 204.006222 111.492822 257.955244
365 1127.960591 204.028502 111.492822 257.955244
366 1127.964201 204.050782 111.492822 257.955244
367 1127.967811 204.073061 111.492822 257.955244
368 1127.971421 204.095341 111.492822 257.955244
369 1127.975031 204.117620 111.492822 257.955244
370 1127.978641 204.139900 111.492822 257.955244
371 1127.982251 204.162180 111.492822 257.955244
372 1127.985862 204.184459 111.492822 257.955244
373 1127.989472 204.206739 111.492822 257.955244
374 1127.993082 204.229019 111.492822 257.955244
375 1127.996692 204.251298 111.492822 257.955244
376 1128.000302 204.273578 111.492822 257.955244
377 1128.003912 204.295858 111.492822 257.955244
378 1128.007522 204.318137 111.492822 257.955244
379 1128.011132 204.340417 111.492822 257.955244
380 1128.014742 204.362697 111.492822 257.955244
381 1129.341778 203.992862 111.354082 257.864489
382 1134.114804 202.777514 111.096619 257.427163
383 1134.437253 202.801543 111.476271 257.459125
384 1144.505083 201.994676 111.662341 257.849202
385 1145.309975 202.041521 111.873994 257.986972
386 1158.220054 201.901206 111.960181 258.629378
387 1165.258891 202.623770 112.292599 258.576046
388 1179.941883 204.154230 114.335999 258.860950
389 1198.712183 206.298383 114.943073 258.951081
390 1216.564519 207.584552 116.016906 258.570143
391 1234.649751 208.164005 117.238946 258.507528
392 1248.344913 209.098561 118.519548 258.281596
393 1261.091422 209.884338 118.467733 258.709805
394 1271.810929 210.330259 117.367251 259.374232
395 1277.718456 210.978813 116.316193 259.287973
396 1283.628238 211.386923 115.275378 259.384428
397 1286.835840 211.977493 114.792824 259.525428
398 1293.727166 213.837436 114.284710 259.974622
399 1296.414363 214.704616 113.896290 259.838618
400 1303.023249 217.424705 113.598838 259.791308
401 1303.584413 217.659748 113.858617 259.955467
402 1313.073882 220.858868 113.657334 259.549589
403 1313.254114 221.088611 113.990014 259.952169
404 1318.186072 222.808032 113.427573 259.856223
405 1321.027751 224.120230 113.059265 259.672091
406 1321.734439 224.453935 113.330742 259.926233
407 1325.703766 226.214864 112.925224 259.411044
408 1326.166320 226.507946 112.829591 259.408025
409 1327.602426 227.389124 112.718614 259.163578
410 1327.743141 227.557236 112.992726 259.454984
411 1327.746799 227.579646 112.992726 259.454984
412 1327.750458 227.602055 112.992726 259.454984
413 1325.908605 229.760822 112.358991 259.110271
414 1323.626850 231.883086 111.703325 258.825361
415 1317.292433 236.172595 110.971864 257.456487
416 1316.307663 236.299444 110.688466 257.482896
417 1310.489671 237.371675 110.176606 257.066014
418 1310.651389 237.588570 110.492887 257.455331
419 1310.654967 237.610806 110.492887 257.455331
420 1310.658544 237.633042 110.492887 257.455331
421 1310.662122 237.655279 110.492887 257.455331
422 1310.605264 237.710385 110.475720 257.447067
423 1307.427863 239.003053 109.909471 256.985541
424 1306.303068 239.032966 109.726399 256.956287
425 1303.569439 239.331142 109.436507 256.792062
426 1303.601206 239.435013 109.492951 256.955417
427 1303.604751 239.457206 109.492951 256.955417
428 1303.608296 239.479399 109.492951 256.955417
429 1298.972730 239.499914 109.238065 256.936925
430 1291.306260 239.532187 109.536325 256.828360
431 1291.465200 239.620396 109.977907 256.970699
432 1281.906940 239.461642 110.113832 256.139057
433 1282.100045 239.642016 110.492887 256.455504
434 1282.103623 239.664166 110.492887 256.455504
435 1282.107200 239.686316 110.492887 256.455504
436 1282.110778 239.708466 110.492887 256.455504
437 1282.114356 239.730616 110.492887 256.455504
438 1282.117933 239.752766 110.492887 256.455504
439 1282.121511 239.774916 110.492887 256.455504
440 1282.125089 239.797067 110.492887 256.455504
441 1282.128666 239.819217 110.492887 256.455504
442 1282.132244 239.841367 110.492887 256.455504
443 1282.135822 239.863517 110.492887 256.455504
444 1282.139399 239.885667 110.492887 256.455504
445 1282.142977 239.907817 110.492887 256.455504
446 1282.203123 239.926225 110.483835 256.459173
447 1283.410563 239.679662 110.385035 256.424266
448 1284.311552 239.523523 110.448242 256.437598
449 1285.535218 239.275395 110.395372 256.427202
450 1287.952071 238.877134 110.204575 256.403449
451 1289.460890 238.716738 110.387669 256.411436
452 1290.093780 238.666390 110.463017 256.417283
453 1292.099109 238.351108 110.289654 256.357669
454 1292.627044 238.351188 110.464197 256.436791
455 1292.981385 238.331288 110.512825 256.416793
456 1293.654105 238.285318 110.982835 256.423777
457 1293.943539 238.273442 110.994686 256.426333
458 1294.161648 238.273448 110.974996 256.442552
459 1295.128098 238.030635 110.965988 256.431348
460 1296.825476 237.782795 110.855531 256.351346
461 1298.287132 237.684275 110.905951 256.364898
462 1301.138580 237.451607 110.717206 256.284908
463 1302.281848 237.363410 110.916902 256.405822
464 1306.747953 236.777368 110.613614 256.154539
465 1306.941168 236.950001 110.992855 256.455504
