5 299.286920 217.615234 26.524816 55.607583
6 299.411504 217.971932 26.926725 55.759466
7 299.418425 218.047664 26.945081 55.839275
8 299.160609 218.330047 26.820858 55.714752
9 294.949126 219.449479 26.697218 54.930560
10 294.199463 221.318419 26.782050 54.009067
11 294.014609 222.077560 26.870118 54.168265
12 290.870174 226.709299 26.748098 52.970449
13 291.046961 226.793614 26.886675 52.930521
14 291.259400 224.259528 26.788708 53.258966
15 291.709757 223.927859 26.875553 53.474456
16 291.874321 223.545157 26.891992 53.486296
17 291.993838 223.393207 26.885756 53.449777
18 292.111835 223.339144 26.899572 53.439575
19 292.221316 223.257002 26.871560 53.450162
20 292.586960 223.008187 26.570095 53.608337
21 293.093632 222.803619 26.598146 54.186558
22 293.492203 222.955202 26.742332 54.491333
23 293.710062 223.051508 26.793148 54.372076
24 293.857431 223.371505 26.880900 54.241771
25 294.371581 223.635269 26.563708 54.409030
26 295.393643 223.836225 26.312512 54.388287
27 296.520814 224.097948 25.744840 54.410091
28 297.318375 224.160171 25.428271 54.469405
29 297.399764 224.170152 25.378149 54.437604
30 297.574987 224.171425 25.286340 54.456567
31 297.740405 224.185993 25.359739 54.442497
32 297.859779 224.202597 25.346510 54.445941
33 298.029747 224.219401 25.255159 54.436198
34 298.436023 223.242738 24.817324 54.752792
35 298.620876 223.104572 24.195278 55.174983
36 298.866454 223.282086 24.261294 55.413599
37 299.083776 223.343801 24.263774 55.421565
38 299.292610 223.393552 24.255785 55.412260
39 299.194404 223.351346 23.768142 55.375800
40 299.423329 222.891141 23.417397 55.364351
41 299.677479 222.543807 23.066169 55.436845
42 299.789452 222.491132 22.991039 55.491193
43 299.608649 220.428468 22.283560 55.386830
44 299.748761 220.471702 22.391513 55.448979
45 299.765085 220.078494 22.076352 55.320198
46 299.699567 219.907318 22.127068 55.318475
47 298.808691 217.932833 21.696803 55.698486
48 298.965260 218.108777 21.935711 55.926225
49 298.988744 218.184148 21.952304 55.916879
50 298.165182 218.747178 21.657595 55.650294
51 298.430940 218.929220 21.954496 55.938268
52 300.702443 219.271658 21.593843 55.904892
53 301.119848 219.088197 21.924594 55.956359
54 301.192274 219.092569 21.960305 55.886086
55 302.210473 217.047281 22.073494 56.073660
56 302.419663 217.296030 22.452015 56.407063
57 302.142981 216.783792 22.697693 55.773994
58 302.375167 216.062608 22.982093 55.507999
59 302.529622 214.208707 23.076105 55.255980
60 302.165296 214.166330 23.421697 55.165685
61 300.405427 213.318586 23.319883 55.209108
62 300.491241 213.498981 23.449883 55.408708
63 300.282809 212.528259 23.622499 55.272141
64 300.035552 209.772171 23.900625 56.056415
65 300.114062 207.934875 24.047179 55.994681
66 300.336048 207.972798 24.447750 55.907886
67 300.550828 206.493656 24.382557 55.727844
68 300.619211 206.662942 24.454550 55.898016
69 300.677325 206.640215 24.440232 55.838653
70 300.737010 206.381834 24.438948 55.769023
71 300.747093 206.131338 24.449950 55.766718
72 300.756747 206.117274 24.446924 55.799776
73 300.764365 205.975695 24.452521 55.761765
74 300.806650 205.640199 24.441145 55.695333
75 300.842709 205.654654 24.435195 55.789095
76 300.871239 205.792118 24.447392 55.900927
77 300.876589 205.620643 24.450095 55.753524
78 300.891524 205.759368 24.445666 55.897610
79 300.816716 205.872516 24.382948 55.840640
80 300.870818 205.987460 24.447750 55.907886
81 300.892519 206.068781 24.447750 55.907886
82 300.974959 205.996905 24.390134 55.968525
83 301.041200 206.046750 24.425525 55.927579
84 301.155590 206.259012 24.426873 55.996961
85 301.627024 207.309306 24.194218 55.939916
86 301.807264 207.574654 24.415655 55.923945
87 302.010422 208.463895 24.257970 55.989100
88 302.190452 208.802506 24.359063 55.996358
89 302.229701 209.226139 24.194261 56.002353
90 302.273046 210.931356 23.881218 56.105973
91 302.452159 211.563425 23.637210 56.521399
92 302.687113 211.872116 23.830703 56.830893
93 302.797850 212.086602 23.863139 56.899470
94 302.963895 212.702221 23.742120 56.860949
95 302.801802 214.056752 23.430907 57.101258
96 302.879374 214.428605 23.343428 57.570147
97 302.972409 214.683783 23.423669 57.932098
98 303.024635 214.621124 23.457376 58.149273
99 303.048167 214.824606 23.451209 58.462649
100 303.206920 214.887595 23.476553 58.485099
101 303.344117 215.346164 23.485824 58.440489
102 303.405137 215.523032 23.493045 58.390535
103 303.431115 215.809527 23.441747 58.373731
104 303.155781 216.532626 23.412051 58.222147
105 301.232045 217.352804 23.253816 57.576554
106 301.342997 217.606623 23.463759 57.931686
107 301.311203 217.516602 23.545376 58.195737
108 300.885374 215.382060 24.150277 58.460635
109 300.981010 213.988801 24.576496 59.071813
110 300.885939 208.908039 25.327177 60.705603
111 300.972623 208.972950 25.465844 61.032740
112 303.777226 204.577599 26.290119 61.155050
113 306.567002 201.349479 26.958845 61.464821
114 306.582704 201.405796 26.942418 61.398839
115 306.668436 201.343321 26.944650 61.285443
116 307.018033 198.806924 26.783109 61.243138
117 307.269794 198.368585 26.862862 61.285012
118 311.988045 196.411207 26.170918 60.304863
119 316.618131 194.949514 25.886348 60.689025
120 318.294193 194.558735 25.795432 61.206559
121 318.847968 194.778412 25.878708 61.809976
122 321.558042 193.129824 25.691065 63.155727
123 321.714533 193.346038 25.948262 63.411697
124 322.232769 193.382272 26.242761 63.772255
125 322.318244 194.090926 26.522336 63.860773
126 322.862096 196.825728 27.017383 63.029532
127 324.182114 197.800055 27.255902 63.473999
128 324.951189 199.274270 27.305429 63.588654
129 324.679563 204.126333 27.167008 64.148245
130 320.075187 204.233307 27.095202 65.144151
131 320.019920 204.986166 27.206580 64.939046
132 316.422962 207.360007 26.633064 63.813459
133 315.330011 205.122369 26.202390 65.302979
134 315.467374 205.174893 26.413557 65.631559
135 315.445493 205.248665 26.299500 66.622901
136 315.268139 206.537190 26.162825 67.424766
137 315.433433 206.655277 26.428809 67.602775
138 315.670575 207.098720 26.419801 68.178600
139 316.759321 207.093870 26.290677 68.734464
140 318.567036 206.396645 26.196215 69.955494
141 318.952068 206.029610 26.462282 70.287490
142 319.815402 205.975613 26.457430 70.324667
143 321.576851 204.803300 26.416467 69.835936
144 321.877021 203.791171 26.580602 69.392066
145 325.761067 201.240830 26.409846 68.274330
146 327.671733 197.891135 27.049262 68.362860
147 327.890868 197.975495 27.439809 68.348534
148 325.547063 197.574977 27.590493 66.020199
149 323.148148 196.862804 27.979285 64.812224
150 320.507305 194.430790 27.694329 64.510319
151 320.522674 194.518144 27.895552 65.053097
152 318.312283 193.017787 27.479190 66.519377
153 315.313935 193.034245 26.971859 67.148361
154 313.813166 192.302720 26.581646 67.780222
155 312.500952 192.810440 26.480444 68.410289
156 311.299556 193.580082 26.207562 68.973168
157 308.905169 195.585404 26.012347 69.538872
158 307.687762 199.859642 25.995114 69.311623
159 306.685624 200.552624 25.638667 69.250491
160 304.905847 202.925340 25.414942 69.423609
161 303.708483 203.591443 25.368882 69.268801
162 303.408693 203.980363 25.313972 69.334538
163 303.486105 204.147231 25.427415 69.484616
164 303.374745 204.530742 25.402767 69.392238
165 303.154626 207.646103 25.494488 69.187193
166 303.127099 207.742480 25.512593 69.640339
167 303.299141 208.446892 26.025480 70.022367
168 303.486934 208.386675 26.669223 70.702035
169 303.840976 208.230633 27.054883 71.073074
170 304.438123 208.257501 27.736527 71.382103
171 305.477816 209.756253 28.414698 70.711655
172 305.360055 208.813010 28.934329 71.529005
173 305.364534 207.941453 29.382958 71.898950
174 305.348475 206.754358 29.556510 72.144329
175 304.156783 205.128166 30.430578 72.172536
176 303.579492 200.848067 30.610564 73.762110
177 303.385939 198.691926 30.852482 74.823352
178 303.421006 198.148997 30.962216 75.111090
179 303.455357 197.220830 30.978956 75.142864
180 304.269386 193.546398 30.728563 74.960990
181 306.525974 190.924571 30.897215 75.076125
182 306.585239 191.208644 30.938676 75.344018
183 303.697314 187.663056 31.432490 72.509135
184 293.947127 188.239850 30.784523 71.913754
185 285.734866 187.967330 30.572079 70.078196
186 279.166579 186.172465 30.982224 69.916308
187 275.099382 183.385425 31.666152 69.683648
188 273.200439 182.568672 31.571155 70.671704
189 271.661426 181.522170 31.524103 71.277188
190 271.143233 181.042286 31.695369 71.724147
191 269.531144 179.405811 31.579916 72.229436
192 268.461179 179.926563 31.351628 72.217716
193 265.320785 178.974445 30.226725 73.160027
194 262.730869 176.367675 29.881904 72.797343
195 262.470812 176.438890 29.821233 72.899050
196 260.148640 178.371644 29.340101 72.408569
197 260.185660 175.766423 29.249769 72.918983
198 260.598539 174.828594 29.344052 72.615540
199 261.601416 174.181433 29.155455 72.968968
