2 442.323845 220.037814 23.754989 60.457532
3 442.479217 219.982091 23.746663 60.915582
4 442.632447 219.893996 23.815203 61.273069
5 442.791782 219.454778 23.765721 62.150178
6 442.951450 219.366290 23.869865 62.699813
7 442.960833 218.656750 23.747873 63.409696
8 442.976437 218.647321 23.704432 63.908599
9 443.128041 218.477802 23.840543 64.244339
10 443.202542 218.169064 23.815079 64.924839
11 443.307958 218.035558 23.825884 65.225382
12 443.438401 217.442241 23.852108 65.905568
13 443.540885 217.143028 23.878840 66.270099
14 443.699642 215.945769 23.804921 66.965257
15 443.848457 215.239356 23.797622 67.857704
16 444.002755 214.915086 23.851306 68.551571
17 444.072328 214.745091 23.769681 69.586757
18 444.201041 214.957003 23.886986 69.973280
19 444.281965 214.973424 23.875218 69.977987
20 444.359406 215.005566 23.916475 70.006495
21 444.445089 214.754813 23.861882 70.436706
22 444.536524 214.624604 23.896756 70.587092
23 444.651848 214.384322 23.830682 70.956015
24 444.757467 214.618561 23.915418 70.755069
25 444.876927 214.678787 23.922124 70.850244
26 445.024146 214.863251 23.937055 70.736723
27 445.064845 215.047075 23.925742 70.873936
28 445.122751 215.196709 23.893921 70.852302
29 445.181070 215.303127 23.934249 70.897262
30 445.223426 215.454735 23.945043 70.836086
31 445.321304 215.609732 23.950406 70.711064
32 445.605484 215.768158 23.885092 70.771093
33 446.155455 215.801206 23.835681 70.726147
34 446.234532 215.983601 23.949560 70.883422
35 446.277064 216.072004 23.957688 70.878476
36 446.389818 216.110828 23.935117 70.943522
37 446.453712 216.166838 23.947670 70.913862
38 446.579103 216.223927 23.944312 70.924289
39 446.891706 216.271570 23.895117 70.952673
40 447.232517 216.332251 23.893525 70.980614
41 447.292459 216.385972 23.950860 70.911715
42 447.342351 216.468917 23.950416 70.926821
43 447.365406 216.551790 23.950362 70.883649
44 447.455762 216.640892 23.954138 70.918229
45 447.757964 216.541206 23.917984 71.078663
46 447.990989 216.522791 23.942531 71.580898
47 448.019063 216.779941 23.951002 71.882199
48 448.048695 216.888245 23.953444 71.883971
49 448.190021 216.954256 23.947810 71.955694
50 448.463207 216.842719 23.924409 72.129700
51 449.574108 216.261450 23.827652 72.763456
52 449.725189 216.415746 23.957600 72.892631
53 449.943166 216.384736 23.939679 73.054055
54 450.238922 216.364567 23.931410 73.520030
55 450.318827 216.582099 23.953420 73.855698
56 450.383556 216.623305 23.954709 73.881785
57 450.671875 216.388233 23.928608 73.952491
58 450.874807 216.191464 23.949720 73.969703
59 451.113174 216.130416 23.963474 73.880882
60 451.150745 216.228857 23.954663 73.867533
61 451.273759 216.174522 23.959880 73.980928
62 451.537625 215.731350 23.966047 74.182884
63 452.081722 215.700489 23.993565 74.468891
64 452.103481 215.752395 23.956114 74.394851
65 452.203056 215.766376 23.963663 74.478685
66 452.346850 215.657106 23.962096 74.538704
67 453.074034 214.840269 23.948529 75.416136
68 453.114601 214.919819 23.958412 75.387896
69 453.222919 214.872929 23.967057 75.491936
70 453.510714 214.493826 23.953260 75.624676
71 454.154335 214.141829 23.960522 76.280487
72 454.274229 213.973320 23.964570 76.624292
73 454.805637 213.517263 23.969057 77.022566
74 455.702976 212.342290 23.911937 77.729907
75 455.759029 212.529485 23.954227 77.877787
76 455.865523 212.629510 23.979512 77.919305
77 456.186363 212.640066 24.007833 78.039425
78 456.427841 212.872816 24.450728 78.424687
79 456.494589 212.772155 24.458243 78.546580
80 456.816746 211.934070 24.496967 79.116382
81 457.199433 211.526852 24.541350 79.682966
82 457.527625 211.590642 24.990885 80.003990
83 457.562895 211.711553 24.949375 80.433578
84 457.760805 211.291521 24.962101 80.582594
85 458.852709 208.519806 25.201994 81.238854
86 458.996797 208.702533 25.445801 81.365980
87 459.014700 208.825123 25.449051 81.374794
88 459.036325 208.933767 25.452211 81.380075
89 459.190575 208.920283 25.460660 81.566217
90 459.671895 208.907153 25.570876 82.300473
91 459.978621 209.017499 25.973259 82.470787
92 460.251538 208.959561 26.083002 82.717423
93 460.458711 209.118821 26.450857 82.904021
94 460.524171 209.164832 26.455243 82.940270
95 460.689584 209.123608 26.460489 83.020287
96 461.620304 208.575898 26.592062 83.989704
97 461.880315 208.485444 26.975975 84.076880
98 462.062034 208.299307 27.010646 84.809102
99 462.349325 208.428340 27.453954 84.902563
100 462.637855 208.481926 27.447669 84.991039
101 463.352392 207.864550 27.352633 85.677288
102 463.541493 207.562733 27.466808 86.461344
103 464.140577 207.083210 27.430538 87.054591
104 464.405437 206.995494 27.523312 87.813842
105 465.111726 206.190056 27.985034 88.544394
106 465.117171 206.475872 27.942084 88.854147
107 465.190373 206.478711 27.946049 88.936576
108 465.558306 206.007684 27.919070 89.078023
109 466.816003 205.360115 27.824615 89.707683
110 467.137322 205.536911 27.933663 89.891506
111 467.165974 205.648188 27.940606 89.852058
112 467.285192 205.748956 27.942017 89.903131
113 467.445865 205.805608 27.936916 89.909934
114 468.056654 205.748477 27.844360 89.963900
115 468.220371 205.775437 27.941100 89.923525
116 468.302621 205.835716 27.945463 89.906299
117 468.583608 205.514129 27.947690 90.364643
118 469.568984 204.175560 27.825668 91.611464
119 469.730063 204.385112 27.948070 91.891354
120 470.125723 204.135015 27.959792 92.283214
121 470.147467 204.302825 27.942620 92.353753
122 470.197552 204.426584 27.943975 92.376411
123 470.336802 204.218684 27.980303 92.735944
124 471.019228 203.718628 27.938766 93.573600
125 471.132218 203.809700 27.954341 94.067113
126 471.315739 203.788153 27.952948 94.597300
127 471.739372 202.971137 27.953407 95.748244
128 472.108176 202.400812 27.964093 96.450201
129 472.182023 202.272993 27.950350 96.541657
130 472.424725 202.056075 27.976953 97.323592
131 472.806028 201.750895 28.022535 97.894677
132 473.821924 201.046137 28.477414 98.596313
133 474.024641 201.118620 28.496056 99.117776
134 474.153716 201.151127 28.485163 99.603568
135 474.300168 201.058667 28.473346 100.078959
136 474.321419 201.310626 28.436629 100.329622
137 474.438191 201.093886 28.451511 100.557420
138 474.495578 201.361034 28.445551 100.842891
139 474.598902 201.404552 28.444677 100.912247
140 474.679876 201.480697 28.447956 100.858475
141 475.595988 199.793517 28.351525 102.167532
142 475.775336 199.996637 28.447362 102.401422
143 476.244671 200.001249 28.424103 102.595332
144 476.366686 200.250187 28.453191 102.879007
145 476.575059 200.315320 28.452721 102.956396
146 477.018334 199.753654 28.470839 103.631137
147 477.567226 199.611028 28.494389 104.437894
148 477.700944 199.548630 28.482465 104.582328
149 477.768042 199.338723 28.455866 105.462692
150 477.888931 198.900777 28.474213 106.084891
151 477.966328 198.967058 28.500287 106.689812
152 478.308529 198.688101 28.990855 107.480327
153 478.668838 198.262355 29.021037 108.121738
154 478.943632 198.428355 29.453732 108.453070
155 479.148927 198.091478 29.507993 108.867575
156 479.433482 198.053907 29.959713 109.080375
157 479.539584 197.907314 29.984154 109.850818
158 479.611194 197.878108 29.986532 110.107008
159 479.715591 197.579092 30.072022 111.035314
160 479.941615 196.975644 30.472543 112.329963
161 479.952405 196.892472 30.475259 112.644458
162 479.959818 195.652780 30.591367 114.492467
163 480.170065 195.690992 30.978055 114.413457
164 480.212826 195.452162 31.023827 114.850546
165 480.491949 194.931855 31.497140 115.708600
166 480.650437 194.481789 31.509141 116.650316
167 481.030503 194.274598 32.010756 117.415272
168 481.264137 194.253706 32.454575 117.482620
169 481.274929 194.141996 32.457253 117.562981
170 481.278670 193.888264 32.458607 118.535947
171 481.258603 193.500582 32.515131 119.733423
172 481.356295 192.872839 33.000777 120.852242
173 481.540040 192.485913 33.479427 121.539677
174 481.403473 191.867953 33.544866 122.961188
175 481.365188 191.035788 34.090978 123.871477
176 480.676360 189.655717 34.841079 125.431265
177 480.738560 189.657506 34.937272 125.433048
178 480.744406 189.589943 34.950763 125.542453
179 480.752137 189.713436 34.941335 126.025288
180 480.772392 189.829446 34.951773 126.545089
181 480.789134 189.542368 34.987508 127.583231
182 480.827764 189.200649 35.001939 128.671503
183 481.068323 189.102278 35.458087 129.220201
184 481.171146 188.728278 35.514700 130.143699
185 481.567999 188.385531 35.952161 131.136417
186 481.675045 188.330439 35.982060 131.768223
187 482.241982 187.321010 36.037293 133.275511
188 482.464696 187.368833 36.433348 133.448310
189 482.506098 187.302368 36.436261 133.506640
190 482.708008 187.104612 36.518882 134.563948
191 483.050241 186.914178 36.945637 135.481871
192 483.524309 185.319490 37.010254 137.360544
193 483.762126 185.407543 37.427659 137.351410
194 483.809969 185.461317 37.436099 137.428455
195 483.882380 185.020831 37.523920 138.197462
196 484.235999 184.701934 37.973585 139.169665
197 484.265399 184.164117 38.078125 140.475644
198 484.508621 183.813145 38.508841 141.009629
199 484.822638 183.718722 39.006477 141.954650
200 485.089447 183.574381 39.472297 142.229391
201 485.110184 183.514882 39.488699 142.749517
202 485.109900 183.390741 39.513552 143.341532
203 485.368974 183.278204 39.955284 143.732991
204 485.452865 182.832694 40.066187 144.910554
205 485.829019 182.570872 40.461262 145.481777
206 485.950570 182.362665 40.463248 145.952127
207 486.402440 181.606536 40.509795 147.301088
208 486.801632 181.654121 40.927822 147.614341
209 487.044783 181.783422 40.958749 148.247086
210 487.849894 180.753624 41.000643 150.450222
211 488.131985 180.790038 41.448745 150.466859
212 488.915830 180.315399 41.430454 151.601936
213 489.135043 180.306850 41.537102 152.412276
214 489.730098 180.017621 41.977954 153.110072
215 490.806590 179.470993 41.975098 155.004689
216 491.095463 179.702232 41.956737 155.674456
217 491.244477 179.851317 41.993485 156.131263
218 491.947738 179.494968 42.038907 157.591107
219 492.741891 178.950396 42.572145 159.326878
220 493.038076 179.072346 42.955519 159.485146
221 493.351000 179.081325 43.023389 159.731224
222 494.948693 178.553748 43.495843 161.306862
223 495.014672 178.625536 43.472539 161.579520
224 495.718907 178.476443 43.460405 162.800618
225 498.334285 177.228812 43.217233 165.236910
226 498.707388 177.386281 43.425400 165.541676
227 499.007681 177.610369 43.482012 166.163162
228 499.150774 177.725174 43.503053 166.688869
229 499.647688 177.755646 44.019015 167.322549
230 500.731357 177.221272 44.617211 168.821325
231 501.167912 177.153266 45.051320 169.456799
232 501.749706 176.926228 45.597214 170.167921
233 502.870842 176.646903 46.071123 171.717576
234 503.412930 176.485968 46.633822 172.881360
235 503.883558 176.302363 47.031454 173.569085
236 504.269474 176.276884 47.586832 174.632171
237 504.837924 176.246659 48.033385 175.650516
238 505.600003 176.166912 48.541873 176.778741
239 505.958128 176.228344 49.029882 177.279795
240 506.641775 176.064497 49.616417 178.436636
241 507.528238 175.936587 50.089297 179.372348
242 508.052458 175.990348 50.486763 179.788994
243 509.503594 175.661384 50.503665 181.425708
244 510.144681 175.624283 50.947245 181.859884
245 510.641671 175.655930 50.982819 182.533863
246 511.464972 175.686047 50.922876 183.816468
247 512.320754 175.592615 50.974689 184.965259
248 515.011662 174.921310 50.986479 187.412359
249 515.230333 175.029727 50.876595 187.444648
250 516.065212 175.085628 50.878696 188.102719
251 517.879157 174.912959 50.738718 190.016070
252 518.904388 174.804064 50.745001 191.392778
253 520.390281 174.100296 50.703837 192.787514
254 521.279090 173.673614 50.756949 193.864636
255 521.792329 173.828021 50.832991 194.060693
256 522.856845 173.905608 50.703030 194.652732
257 524.814993 173.561288 50.571050 195.205288
258 527.308809 172.980759 50.520827 195.281516
259 528.175786 172.863780 50.821518 195.303069
260 529.362180 172.355736 50.788442 195.180278
261 531.006206 172.021103 50.698344 195.051333
262 532.875396 170.870687 50.619254 194.420148
263 533.898341 168.698241 50.719370 192.385436
264 534.274015 170.080977 50.571541 185.252565
265 528.226197 183.333127 50.528964 177.332329
266 528.243180 225.395759 51.733697 175.180513
267 505.830468 324.556003 52.400750 155.443997
268 485.711503 328.488322 56.152316 140.260014
269 482.287090 335.455080 63.421950 129.215003
270 465.428365 340.848913 70.401806 119.178598
271 440.071717 336.167685 81.319898 110.010957
272 417.777624 330.177492 94.319085 105.495092
273 403.679705 323.579253 113.497776 105.946177
274 398.973587 318.848894 123.966821 106.953810
275 397.788570 316.106089 126.307605 106.387394
276 396.975548 315.434137 128.060868 106.205249
277 396.707627 314.928852 129.214432 106.154801
278 396.563581 314.757888 129.787115 106.225065
279 396.205727 314.428622 130.785398 106.259872
280 395.996077 314.211004 131.442682 106.184692
281 395.876102 314.095886 131.559268 106.149743
282 395.927783 313.970718 132.174892 106.259679
283 396.096869 313.962291 132.693991 106.396346
284 396.265862 313.894884 133.054915 106.364231
285 396.591861 313.871704 133.523362 106.345182
286 396.902856 313.924447 134.071819 106.364302
287 397.184448 313.927837 134.641346 106.361926
288 397.364277 313.993959 135.005497 106.412226
289 397.658429 314.028588 135.573728 106.401232
290 397.912051 314.124855 136.036504 106.391923
