5 254.235958 107.675165 109.506945 217.312218
6 252.718265 107.426775 112.983732 218.859634
7 251.899533 107.329686 114.409369 220.072469
8 251.441991 107.363795 115.322549 221.272893
9 250.787015 107.280072 116.381652 222.371973
10 250.160816 107.147182 117.191828 223.220723
11 248.671652 107.189647 118.567727 224.267838
12 248.134642 107.412810 119.447299 224.668593
13 248.100387 107.657521 119.539660 224.889085
14 248.268747 107.829322 120.038921 224.847307
15 248.447143 108.044413 120.509199 224.812717
16 248.591561 108.222920 121.151767 224.863851
17 248.593979 108.232576 121.935225 225.027090
18 248.575081 108.322020 122.242668 225.641054
19 248.625083 108.151547 123.043792 226.419950
20 249.243223 107.622674 124.357170 227.083479
21 250.662329 106.167126 125.983687 228.625528
22 252.099704 104.969641 127.263838 229.815528
23 253.275465 100.118716 128.788514 229.715619
24 253.435259 99.703254 129.477844 229.985951
25 253.551529 98.804032 130.002852 229.413844
26 253.790283 97.527772 130.867551 228.934423
27 253.686739 96.250529 131.115574 228.947531
28 251.719291 93.983326 130.783775 230.325134
29 246.026304 92.002719 129.716855 230.690674
30 244.659323 91.491925 129.752733 230.619654
31 241.595782 90.918091 129.545541 230.773522
32 238.998931 90.945557 129.470299 230.538926
33 232.387394 91.654682 129.250479 230.841660
34 232.367813 91.803742 129.538711 230.852697
35 224.463099 91.481703 129.526808 230.627948
36 224.582691 91.797265 129.988241 230.858172
37 224.339065 91.925093 130.045252 231.079715
38 224.269136 92.167436 130.521375 231.611238
39 224.317635 92.395768 131.042171 232.076564
40 224.481005 92.671089 131.567413 232.463271
41 224.680644 92.775407 131.978172 232.332805
42 224.695114 92.928572 131.949199 232.312472
43 224.735193 93.105008 131.920327 232.277129
44 224.817698 93.246332 131.975635 232.286053
45 225.408165 93.279170 131.933035 232.078592
46 226.737690 93.586726 131.652199 231.730555
47 230.456525 93.489222 131.138065 231.217054
48 232.060944 93.617095 131.036184 230.935764
49 235.052459 93.408107 130.810079 230.487552
50 238.442752 93.333920 130.253816 229.744428
51 240.900902 93.365644 129.809645 229.647523
52 245.605885 92.594520 128.844262 230.370924
53 245.867356 92.383038 129.006963 230.675275
54 251.389570 86.255574 128.650339 232.109259
55 251.588673 86.536897 128.897792 232.298592
56 251.852172 86.597114 128.771464 233.368602
57 252.000136 86.719541 128.906477 233.310887
58 252.162583 86.795704 128.903223 233.266227
59 252.503283 86.776542 128.871151 233.191395
60 252.854574 86.858595 128.841385 233.179014
61 254.184212 86.776598 128.474195 233.190460
62 256.701935 86.764890 127.733841 232.866779
63 257.087754 86.909973 127.791913 232.647126
64 257.591664 87.084688 127.667651 232.712499
65 259.710054 87.095148 127.008319 233.086049
66 261.340692 87.491404 126.478524 233.609983
67 263.596096 88.184026 125.153509 234.431714
68 266.540608 88.793899 124.516066 234.410612
69 268.195914 87.703011 124.621528 235.144454
70 270.354559 84.758844 124.769104 235.966227
71 271.694776 83.142317 124.834263 236.885020
72 271.795680 83.233326 124.947405 236.829038
73 271.824273 82.892520 124.965674 237.036920
74 271.275442 81.181956 124.764490 239.256738
75 265.393513 77.933082 123.504949 241.215436
76 259.382987 73.702274 123.436737 240.379542
77 258.902981 73.802114 123.153407 239.291876
78 251.526293 73.784755 121.970654 236.051541
79 250.504443 76.132504 121.900755 235.301888
80 248.567803 79.101476 121.608907 233.862838
81 246.011916 82.957581 120.566630 231.683903
82 245.170987 82.946902 119.745834 230.234118
83 244.022483 83.637235 118.360628 228.515876
84 244.083467 84.125435 118.228662 228.564844
85 243.955714 85.059020 117.063056 228.790049
86 242.587816 86.614649 115.345491 228.283927
87 242.668733 86.476115 115.362803 228.127410
88 242.591081 84.335965 115.019093 228.238383
89 240.172572 77.245869 113.554266 226.552432
90 240.395335 77.602607 113.883448 226.564012
91 239.604332 78.310656 113.431237 224.974900
92 238.255646 79.353893 112.959661 222.022780
93 235.276834 79.625807 112.425735 218.985232
94 234.501187 79.760540 112.150063 217.874263
95 231.620138 80.838267 111.856619 216.489589
96 231.704448 80.926928 111.925611 216.285787
97 231.759133 81.117366 111.923785 216.279448
98 240.164006 84.335012 110.921690 213.676609
99 243.265285 85.297461 110.955460 212.324839
100 248.024249 85.981994 110.681516 210.359438
101 250.943337 86.289700 111.073672 209.266100
102 253.127867 86.151982 111.514945 208.834414
103 253.730424 85.992644 112.109578 208.718443
104 253.989820 85.974605 112.626906 209.024197
105 254.182704 86.204465 112.998071 209.413619
106 254.196400 86.328413 112.924947 209.292713
107 254.246659 86.512813 112.924947 209.292713
108 254.296918 86.697214 112.924947 209.292713
109 254.347177 86.881614 112.924947 209.292713
