45 1166.335862 255.170225 351.547130 251.987679
46 1074.206827 292.981613 367.375108 247.843960
47 1072.741569 293.116999 365.293180 247.613647
48 1064.719633 293.964838 364.118050 247.535870
49 1054.025675 294.297941 366.174858 246.810159
50 1054.976347 294.203979 367.373000 244.945973
51 1055.771412 291.146202 369.086584 234.973182
52 1057.445476 287.664439 370.632452 219.899134
53 1059.769962 290.705931 371.261150 207.722404
54 1084.657978 291.056354 362.466526 190.865861
55 1138.861098 288.825196 352.099199 180.183316
56 1174.096635 289.065571 341.865306 178.439067
57 1205.418983 290.690947 330.918209 177.213242
58 1205.497175 290.902748 330.780154 177.324375
59 1232.495260 292.404533 320.959637 175.937250
60 1320.137896 299.075545 319.092446 171.699642
61 1340.250976 308.139197 300.295313 168.209852
62 1351.563636 317.428811 286.789166 166.093397
63 1373.394857 319.605237 266.539314 165.406618
64 1371.180755 290.034594 267.080858 164.443955
65 1375.741394 183.477622 265.517225 167.416138
66 1251.103007 196.655489 274.388895 172.048673
67 1245.260863 195.691968 260.807644 172.503175
68 1250.580297 192.854315 257.134468 174.500487
69 1367.409500 198.264379 257.859271 184.579300
70 1366.561564 201.978897 253.244828 191.597670
71 1325.962347 200.437228 251.091169 208.092627
72 1295.299995 185.506870 245.230477 229.975703
73 1334.699747 177.131010 241.573865 237.622209
74 1374.259578 167.589611 236.141070 235.361819
75 1387.042700 164.218461 227.633336 232.482169
76 1400.191214 137.583550 217.334244 238.140765
77 1406.636382 111.892000 209.324740 247.790283
78 1391.543406 84.991663 196.445769 282.409439
79 1380.574533 86.536698 194.013823 281.121131
80 1381.396155 91.700926 195.386038 277.938055
81 1376.228864 111.770282 220.702496 267.161967
82 1361.751069 118.335516 233.189274 263.453504
83 1362.725771 115.350006 240.444012 266.774627
84 1371.722974 104.784358 240.029035 273.795619
85 1383.902745 115.253215 237.184643 278.460637
86 1387.478001 103.027261 233.184427 288.268851
87 1391.503122 98.076691 230.054538 290.779714
88 1261.686784 102.823806 250.421428 295.801374
89 1268.354187 94.522480 257.629607 279.311792
90 1284.688939 82.849141 262.008737 267.041947
91 1301.411604 49.395572 268.124991 252.788273
92 1328.643818 67.117356 267.888448 232.270487
93 1334.482518 45.802288 274.907420 216.047732
94 1304.929596 32.419591 297.152405 195.433785
95 1272.706524 14.944103 313.837602 193.694762
96 1273.479820 14.627372 313.264063 193.971517
97 1277.898617 13.238042 309.941592 193.953886
98 1323.490674 22.437929 299.440276 189.258760
99 1331.607136 21.222142 295.979952 189.030423
100 1340.937986 28.953855 289.296488 186.945333
101 1354.771483 44.178158 281.775838 182.655610
102 1345.880469 52.774968 272.082845 180.283367
103 1345.898375 52.881089 271.370136 179.529201
104 1241.463618 60.350145 316.069262 177.964886
105 1237.327420 59.026645 315.908700 172.160529
106 1237.325229 56.151380 315.568888 168.713723
107 1256.889011 52.423297 306.070665 163.609194
108 1275.088692 50.747976 291.059556 161.807212
109 1293.787035 52.786816 277.249477 157.734271
110 1309.946267 51.808577 265.174283 153.628486
111 1311.686730 52.615503 263.171099 152.565532
112 1367.740970 40.609653 248.188380 150.705626
113 1377.119846 41.729909 242.454825 149.239555
114 1390.755133 52.272155 235.320173 141.330884
115 1400.109419 55.451526 231.218927 138.641894
116 1409.400011 56.849091 227.075337 137.852859
117 1423.460535 34.736837 215.618819 142.948485
118 1433.392039 17.180533 205.058472 146.584297
119 1437.874282 16.827217 200.210860 147.028234
120 1445.394910 15.800818 192.619697 148.064377
121 1453.506700 12.738129 187.250683 149.101406
122 1460.651442 7.991851 183.518198 148.476302
123 1461.328059 7.933910 183.185063 148.084273
124 1463.854720 4.979547 181.842110 146.102851
125 1466.164604 4.550320 180.393682 145.122818
126 1467.632197 4.615394 179.107824 144.675664
127 1468.020123 4.316036 178.104632 143.755559
128 1457.726377 4.915146 178.676734 143.403072
129 1463.240533 4.657178 176.269377 142.346438
130 1466.361253 4.808397 174.098318 141.992276
131 1467.390397 4.908686 173.402868 141.668616
132 1468.383084 6.202685 172.183622 141.679497
133 1470.619373 8.839116 170.633294 142.054947
134 1470.754161 9.822382 170.426503 142.637101
135 1469.895350 10.554441 169.917692 143.493781
